Crym 10.3570889598152 6.94905318667954 4.81258402594136
Meis2 11.8618312335871 7.51273941553367 4.83412851336556
Itpr1 10.7961709851349 6.53121303839609 6.26546315804111
Rasgrp2 9.46337005007532 5.94767861815439 5.29890785753632
Arpp21 11.6202739535057 7.11066592456078 4.69484904763195
Pde10a 9.54032419456484 5.27432474730567 4.92684679134095
Plcb1 10.0918187087707 6.66746973063142 5.95745620300583
Slc4a4 9.53341669048397 5.84318583676407 4.94092643062296
Pde7b 8.96516334197237 5.19039791604106 4.26127752870348
Pou3f1 10.6216267375105 6.33865385239412 4.12983254196286
Gpr88 11.0790035641802 6.97214228183429 3.94317835357683
Tiam2 9.55892702983633 6.13545615788649 4.90250121814939
Tpbg 8.01410870686692 4.5498761107478 4.09433457997249
Camkv 11.9063277165259 8.0430820327922 6.19539521837496
Lamp5 10.6160915964366 6.98026366046616 5.01195692716795
Itpka 11.054127371991 7.10147120428923 5.05525537373935
Ccsap 10.844799090758 7.30580801927796 6.28641688971993
Baiap2 10.5627461645314 6.7284254423044 5.80884608085663
Hpca 11.7123638945926 7.72197667349798 5.22729401979732
Ppp3ca 12.7391840252913 9.05525645445711 8.79522653976928
Plk2 11.7440929605795 7.93969993675092 6.96659564615163
Kalrn 12.4624772903143 8.17387582121746 4.82723813103697
Kcnab1 11.8936826380781 8.46974379303021 5.89072823181218
Ngef 12.2191201365806 8.54684867616569 5.56889705993544
Bcl11b 10.9727601583721 7.63018406235298 4.93981170783784
Rerg 8.77018987980655 5.24342386719487 4.55382926700432
Ppp1r1b 12.4622021591969 8.35829214578843 6.83316636339932
Rarb 9.99451316036697 6.14092246606378 4.85880905076434
