Fstl1 9.10612695285229 5.71055317631943 4.56717343083637
Lynx1 10.9863018366413 7.65030471758949 5.8228900746129
S100b 8.73586075058874 5.29891434495549 5.15560107628334
Tgfb2 8.97359046538035 5.06652615532248 4.71983204286992
Sox5 8.2059058661018 4.66277171108155 4.52510310331633
Parm1 9.62319771358638 6.26194157380179 4.72547948406631
Pcdh20 10.2895447949588 5.92804046198452 5.08998187832188
Etl4 9.419959570191 5.66618737832511 5.01797242071939
Prss23 9.19374724170401 5.68281041735641 4.04454231811541
Rspo2 10.9461591024356 5.82953712875235 4.87303343440625
