Golm1 13.1709345745481 7.06057125374712 6.65454521272411
Dusp6 12.2043335698759 6.62419719841836 4.75118865034788
Tgfbi 10.1729708775644 4.84992428721718 4.47145574091784
Sgpl1 9.54910293773426 5.42780863849111 5.03445531419418
Junb 11.5780026398467 6.02681103509833 5.48769639534713
Lcp1 11.8463632704423 4.7919881099827 4.40345899634537
Txnip 13.6993914736524 6.96049101583012 6.39476488587245
Klf10 10.1153774463127 5.97368144865074 4.54129716426806
Cd9 11.8962881279299 7.37538686538261 5.33037475967055
Ifrd1 11.3040305700896 7.66338374282762 6.52667101561564
Cd34 10.5911587485583 5.02944731004292 4.69584382769396
Cd83 13.2264749464343 8.75779935578231 8.33785063261351
Sipa1 11.1257432146877 6.78427145663124 6.78137928833815
Btg2 11.4968904593275 5.96288836085798 5.3234927735653
Tnfaip2 9.08145533726492 4.45311351539165 3.99412492507305
Litaf 12.5127367018525 7.81801611577903 7.73213047002042
Cyfip1 12.6066769077138 8.26626142630543 7.81032983875286
Lamp2 11.6172171151883 7.75680906795967 5.59904368120053
Snx18 11.9105809619856 7.7268121651078 6.89088698089618
Ctsc 12.6065842886925 5.65780581851272 4.84361434704855
Ier2 13.4150634942812 7.52550079195088 7.4261525116402
Rab32 7.60118101811754 3.91588252407819 3.84341688725041
Nfe2l2 11.3735710823378 5.8832365344619 5.03412848526022
Socs3 12.8363611039744 4.41193269671427 4.07834668519486
Sparc 11.723215805215 7.78195572594909 5.30779422153395
Scamp2 12.0782300087712 8.13450329566195 6.85339578243116
4632428N05Rik 12.9592128362635 5.35192306448806 4.97476926381968
Spint1 10.3415667614487 6.18036757961912 5.77303199381612
Afp 8.20241684612463 3.90301757638822 3.75804031758562
Clic1 11.3846871257571 6.66629243234722 5.36171596970359
Irf8 12.5606886061131 5.54163557888388 5.32604190683382
Dnajb1 11.4072973894197 8.03047714183459 6.72526629766672
Tbxas1 9.77227819439976 6.32750255433199 5.8763862183877
Slc39a8 8.3702572354114 4.06597425514961 4.05505896852643
Parvg 10.3224146114506 6.38975412599871 5.92692708104132
Mcl1 12.1472433486191 7.52840917195104 6.62848394215736
Rgs10 13.3912666623373 9.51080069817177 7.13675175364693
Numb 12.2270194543794 8.87537398737078 7.92131323931489
Rps6ka1 12.439882687873 8.58051049821787 7.564636831988
Parp9 9.82908871348782 5.96338621736919 5.69708342664814
Tnfaip8 9.91373565516323 5.5055344575858 4.5032596023589
Mfng 10.1100884876208 5.78549232742893 5.7515634285918
Slc40a1 11.6365802495677 6.07261812654473 5.70946290939828
C1qb 13.3846079047961 6.31274894662953 3.77295035248997
Egr1 14.0125449996656 9.75812888406478 9.23457946392234
Cyp4v3 11.0721852303594 6.6349080157348 5.92241885059019
Syngr2 11.4559121689701 7.29875808691325 4.70219310587863
Plekho1 10.6038456884602 6.86218922470623 5.92305650981574
Pmp22 12.2653168767854 7.96299942687346 7.3321817868409
Usp2 11.7287066241903 7.95738447765424 6.50313524653648
Ccl6 10.223717633042 4.7656239445725 4.66218384904441
Cd14 13.3052539164274 7.44380668314819 5.80242247009549
Tob2 11.2284375997777 6.55014204455452 6.51431367401399
Pycard 11.8185468367102 6.51048819750454 4.94390901788671
C1qa 13.2380236204344 7.28978657380402 6.21953764329348
Il16 10.7022595486227 6.04249184742646 5.50484190966306
Slc7a7 11.052383619296 5.11839813022518 5.09077656880619
Klf4 12.698526861476 5.714774815508 5.28382934903457
Jun 13.1567215574815 7.74862822150328 6.29582188432002
Srgn 13.2509970787582 6.91121772502444 5.63692260842698
Myh9 12.5865032254667 7.72686291945687 7.26206028823253
Nfkbiz 12.6860754101133 5.0507080033359 4.60635791472755
Tgm2 11.7718766956168 6.73618086543087 6.45464922539027
Plek 13.0669588958399 7.62870851469165 6.284951345552
Itgb5 13.3318370523038 6.18946158333714 3.76926585224014
Elf1 9.08676867890006 4.85753195860154 4.28444116240497
Rgs1 11.2541972267774 4.47511526105641 4.13083644630517
Ier5 13.0591463203827 7.42986284505818 6.08943010787812
Cd79b 8.31573716498709 4.84140220403266 4.77733712324133
Snx5 12.5628056055199 9.19358708557972 6.60117756074002
Laptm5 13.2497958585741 6.8610379648072 3.76681691124084
Tjp1 11.9606953410398 7.89296606304677 7.67833702138114
Slc25a37 10.6378478547555 7.1616845337053 7.14491429579319
Ptgr1 10.0953671914278 6.73605128710692 5.44308700738852
Serinc3 10.8737843005988 6.90420044358268 6.81447298124673
Ctsz 13.0341451754765 8.38899888018635 5.3408269731071
Fcgr1 12.3056772228307 6.64157581253997 4.45014632257166
Slc16a6 11.601886645942 7.17336288831694 6.24127563644471
Pdlim4 9.4700059993897 6.06101582175162 4.51448514063572
Ccl9 11.5606702750711 5.1539147584003 5.1118110314604
Trim30a 9.82440837349698 6.3455284222786 5.22966509731673
B4galt1 11.050190662426 7.3074035080655 5.79178107033096
Tnfrsf1b 11.5849644137814 7.08880597487678 6.21351805755171
Inpp5d 12.5199395399242 7.15339506144521 6.36495896082947
Tlr4 9.52419084436795 4.36892164707793 4.33979478040795
Pmaip1 7.94812896443572 4.11201390163063 4.08099638794577
Aif1 11.8782125697407 5.33122562130096 4.86387340668621
Lims1 11.3895886323577 7.51553542014472 6.47152842213376
Syk 11.2305153374971 6.61232505110622 6.41891130288622
Klf6 12.1614928848338 6.74391761244715 4.85816214578708
Crybb1 12.3010895138039 6.52828521817958 6.45251782806374
Fcer1g 12.6409109862305 6.25225114227493 6.17520335869653
Ctsh 12.8519091129382 5.98927367406728 5.31328149711351
Gbp3 8.5913202656342 5.1624674683547 4.60400743035439
Gpsm3 9.66649074936397 5.86295042814883 5.45852466237494
Ncf4 10.7081144474155 5.43227239709424 5.09566186413785
Ggta1 10.3145780373454 4.49435310078212 4.47936847608362
Calcrl 7.84138491604448 4.11294338381852 3.93106950002152
Lcp2 10.3889718130272 4.96209184978072 4.91926975095086
Ngp 12.4329204009581 6.5048701620184 5.05028670889768
Spi1 10.2850028049619 5.92271879861129 5.80328699501944
Atp7a 10.1404314445784 6.16684849268269 5.59084340202155
Csf3r 10.4703586336665 6.7951002481538 5.38256922279163
Ms4a6b 11.1222234312687 5.26507619018112 4.8170251182504
Hcls1 8.83239317939796 4.89113447253544 4.78572460975098
Abcb1b 8.00305280287427 4.5127343683813 4.44529485118015
Pabpc1 11.1513836653323 4.56900098798162 3.97380128043841
Skap2 11.9890479352489 7.11418791294166 6.99643111487379
Cebpb 11.6879517821222 7.27613693876729 6.79240529546178
Plxdc2 12.0633823649962 8.40593576631892 6.48650261533485
Cxcl10 9.83264446685726 5.53511277214885 5.05855599879951
Cysltr1 9.33333349087416 4.38936940765559 4.06272813237523
Cebpa 9.88957255483431 5.97243441402077 5.11856283547746
Cttnbp2nl 11.7204560544011 6.15031387559955 5.59661816977406
Lyl1 9.97533629065994 5.194580620915 5.13108370732709
Ptpn18 10.4025712369028 6.82925524964404 6.30169675256361
Tlr2 11.9268402473875 6.75058580034747 6.08373172990984
Cd163 7.66769719158114 3.95629835738244 3.9444528791111
Serpine1 9.52331793271942 5.60873984907401 5.36342911645418
Mlxipl 10.549742788076 6.63925278547469 4.93248143066407
Cd37 10.9048574016166 6.17673230229671 5.75293604469921
Map3k8 10.2849700718244 5.32180009379889 4.74309403321583
Myd88 10.7278217724093 6.20338654253296 6.1672802030073
Ccl12 10.5112043294489 4.84324126432514 4.64485927129258
Arhgap4 9.36525554969312 5.68802872503563 5.46865411963473
H2-Oa 8.7917936065526 5.26560665424124 4.93760428916205
Pon3 9.20297150005047 4.45389524300587 4.44064420938721
Slamf9 11.1882832385642 7.63339823219211 6.40108258340326
S100a8 13.0395448654869 4.75779838561225 4.54948753169166
Il10rb 10.7116513838826 6.77980167915255 5.24205175033473
C3ar1 11.7072754362155 6.95462834414582 5.5726071802101
Ripk1 10.1243899929041 6.53508296467554 5.36419313987377
Fgd2 12.1304825880125 6.3734809063815 6.20107515625609
Rela 11.8428094359349 8.1405489319733 7.92112860913899
Ccl3 13.4953964323281 5.14566000312147 4.62477279505248
Ms4a6d 11.3799791784438 4.6607526175405 4.55486706027685
Ier3 13.4963591841383 7.54756230024799 7.43465635665161
Nupr1 9.93831898336817 6.41196788075128 5.09134306494632
Camp 12.113738407204 5.53576739691444 5.53065503306389
Klk8 10.2464469222101 5.94754829393078 5.66590602493191
Chil3 11.1159878878753 4.65664211659927 4.13145447552392
Arap3 9.86775374576886 4.59001813508099 4.09466666322108
Tlr7 11.2112407400947 5.54351473286317 4.84077604115273
Tnpo1 10.0306104853679 6.66094396674097 6.49911437381919
Csf1r 14.0460007158016 8.55923521871044 8.16865322552684
Trim25 10.8969751411857 7.50692076638012 5.10097789925837
Hpgd 12.0107499612859 6.11572203058455 4.30905014582743
Mcm3 8.92535440058905 5.0132556131009 4.74643156245029
Slc11a1 11.4154854568916 6.27706749984699 5.91289188931812
Ccl2 9.49866288250659 5.37775657990579 5.20677273221707
Cd86 11.6419705628058 5.17885084302756 4.89826338976437
Prkd3 9.70383275414416 6.2056303531732 5.94617659100695
Gpr84 11.5935377294956 6.19466018044723 5.27911443336668
Vamp8 11.9027573726861 7.4338411974869 5.99741956236631
Tcirg1 11.3257053795282 6.85490161195235 6.35437942640278
Sqrdl 11.0518617676912 7.4002634900939 6.03647737013612
Trim12a 8.5835260320544 4.12268295379084 3.88310046399269
Slc15a3 11.5219827541908 5.38187238723815 5.09650087405191
Clec7a 9.36335652990378 5.97863510558642 4.80329866442814
Rel 9.30153835661437 5.44207081073404 4.62202996030702
Tsc22d3 11.4721491337919 7.33563788102526 5.07807678998821
Sla 12.3378861062474 6.25254325372345 5.71589310970121
Itga9 7.35656542889308 3.91483733703262 3.86864843182133
Tgfbr1 13.4953964323281 7.7624948156793 6.62301352189078
Snap23 8.47917138557207 4.82056063047301 4.19094189842422
Asph 11.1131392793095 6.84209238895563 5.38524856415216
Adcy7 11.9646243532397 7.34330327874333 6.73916005182373
Rbm39 10.4094928984617 5.36916933892111 5.14177118779851
Mrc2 8.85958477054983 5.33110557271421 5.09160689245356
Bmp2k 11.3162621163235 7.57838688563669 5.74493767042921
Itgav 11.507195343065 7.74054448509957 7.59012170891442
Lgals9 9.80576100376818 5.65517829231116 5.20761140060677
Trem2 11.528689695107 6.90212397351726 6.2554814086042
Birc3 10.7521481640029 6.05791407447903 5.78918245242294
Igsf6 8.68495551282954 4.57632996360535 4.24908238108703
Samsn1 8.95535277925432 4.5695107179812 4.39628195584551
Il1a 10.5450729398403 4.60367673702319 4.03914711069618
Hpgds 9.14123713383759 5.16551213110563 4.95383986826229
Naip5 11.1347547074536 4.59160112214206 4.42796987794492
Ccl4 12.7516225784521 7.68376333010604 5.81691003754129
Klf3 8.44575749935971 4.83923696391614 4.79267264084423
Itpr2 10.8613975316724 6.08974327133153 5.88524782149739
Stat6 10.5031698578152 5.5044700656322 5.09261221321768
Msn 10.7217422633417 7.05675376433439 6.12180243401247
Abca1 12.0785728549459 7.08850778622301 6.12243803841119
Adam17 10.581995677351 6.14252896988382 5.94737579253189
Dapp1 10.626591308075 5.06258925596487 5.00225580633252
Clec4a2 10.1190075949126 5.15122976760053 4.89358154163397
Fli1 10.0832277034328 4.11069951467945 3.83353552123245
Mitf 10.3277193773821 6.76425415130866 6.67824190920375
Ets1 9.75745818736726 6.10372445775617 3.87961026874077
Itgam 7.64683147867138 4.29454631828666 4.22686541742208
Ptprc 12.4215732421658 4.77497072865756 4.42933905646668
Fosb 11.9818678393755 5.61596536719119 5.33048322236987
Ccr5 11.7087776692335 4.77903414698785 4.42150020873062
Il6ra 12.6405285425734 5.6890394124099 5.47397335749492
Tgif1 8.50458243562559 4.65573832069014 4.64530378993521
Pla2g15 12.3512186582331 8.26524325710549 7.36572164005407
Itga6 11.5906633280243 6.23858438592185 6.23791024058212
Ifi30 11.4062018650154 7.97325095115832 6.32028312400698
H2-DMa 11.3395300052483 7.6683409899641 6.17383109990348
Zfp36l1 12.7019764996359 6.5085332742922 5.24930033151973
Gpr34 12.142699851518 4.29875627403057 4.25271197037087
Rnase4 13.0771643703574 6.74904930493107 5.69954339571671
Hk2 12.3164140648536 8.58307904190114 6.59688915028494
Fam111a 8.33832002390926 4.93651390442436 4.76812674240539
Hfe 11.3196450739578 7.44227955073444 6.49516589757659
Naalad2 9.64837692903074 6.29746869574647 5.71494754705908
Pik3cg 10.1537853547168 5.49130402701303 4.95056091145883
Zeb2 11.4350095719432 7.60493124616166 7.03589816557297
Tlr3 9.63659550839082 5.9239294756218 4.81485189993663
Mertk 13.0985151577591 5.98525115869172 5.20815521392721
Cd84 9.96224237530016 4.66677613080729 4.64576472846645
Ly86 13.8305038298173 6.46506716675668 6.236968706916
Vav1 10.4997459843954 4.24100930384257 4.02486518055733
Pag1 12.6736213180298 7.66210648487717 7.4659360588726
Cfh 10.8438396260437 3.99178307542272 3.61118422815803
Tnfrsf13b 9.66545251361214 4.95203470634291 4.39825312980503
Cebpd 10.5744174492867 6.28700150254245 4.17204514468295
Hhex 10.060418644213 5.87854217800577 5.17278303670999
Entpd1 9.58873000960094 4.82409709206428 4.23405960083029
Ptgs1 12.1626150793908 5.10270845712448 4.62911116410164
Adrb1 10.5218876655346 6.9976443862498 5.09790003842162
Stk17b 9.80355004387352 5.83716442168844 5.52469974420379
Frrs1 10.6966078261321 5.47080617341273 5.45828563911567
Lyz2 12.5660138290276 7.0044378834778 6.44863960639104
Galnt4 9.11869231898454 4.99733666459436 4.55118863072325
Ctc1 11.7422487728519 7.61449228374286 7.33961435851257
Unc93b1 11.3066168079527 7.3566950624565 6.14773077650783
Mob1a 11.6304802850351 7.90678223906682 6.66897659309052
Cmtm6 12.2803328178186 6.6227213878199 5.14544956771659
Tspan14 11.2007785813707 7.22202360332986 5.9769453942349
Lpcat3 11.4786154330381 7.38729371725331 6.78286487792067
Pxn 11.8612215849744 8.46536354512411 7.52332417643698
Hvcn1 10.2856187487951 5.61704258403915 5.58429233725142
Edem1 10.5644676490564 6.27559607426571 4.38946008833198
Icam1 12.144222640413 4.87709254471929 4.55306738716355
Ptbp3 11.2952745829932 6.86596534494294 6.41690527127529
Rcsd1 12.3223507478265 7.78286426610337 7.04123864853524
Npl 10.119227368812 5.50264573153396 4.78340444961583
Tmem140 8.46080936763924 4.69746262544433 4.63286508257367
0610040J01Rik 10.8106638816197 5.89840986619889 5.57502011454994
Tm6sf1 11.273380881778 7.0763830610187 4.57232339353684
Cklf 11.3324839569912 6.29004476115574 5.94741700646439
Cd177 8.01898297885642 4.66071660031918 4.5077993917799
Casp8 9.83591177234681 5.23921512363584 5.07872597176215
F11r 12.1638127271072 6.66097032747733 6.13659986753584
Eva1a 8.63294613398656 5.30396920773478 4.29683506732125
Zbtb1 9.31186634548201 5.92549573429767 5.74499738656326
Reep3 10.7593284719606 6.1060011095345 5.48620273921546
Tor4a 10.4213155961976 6.56465481333376 5.68348817635117
Plxdc1 10.9642741564864 7.46651925063806 7.20798932841787
Lpxn 10.730982217212 4.85570508213978 4.82006179231173
Siglec5 8.337886172674 4.06081188799913 3.72477535498058
Mylip 12.3804927223987 7.8394848729921 7.73255444631485
Fcrl1 9.27554865404005 5.72281532319793 5.24439237778981
Lifr 10.914871574386 7.488955976528 5.31922713126933
Sppl2a 11.1847931951435 7.74915104556177 5.54188338112955
P2ry6 11.5909433501351 5.02266477786945 4.58456148412946
Ighm 11.6041085325057 7.30630353110798 6.75297887765417
H2-K1 12.7949568117272 8.78300487304048 8.66268703985263
Tgfbr2 12.4312251246194 6.68679244511105 5.36917649527724
H2-Ab1 8.4512011309411 4.74113849453575 4.48671271930195
Ceacam1 8.73427463823456 4.62503769406912 4.44593392586651
Mlph 9.52478746573067 5.72955643810668 5.22495775088607
Ncf1 9.01873662127703 5.46124528955728 5.13858642213168
Il13ra1 9.69650941211153 6.29389634854033 4.22992038247795
Adap2 10.4876327911899 5.43327693574292 5.38278866648962
Pld1 10.7880824610021 6.5118617122569 6.4961201687981
Pon2 9.26937417743214 5.48678524448112 4.0656488206926
Ggnbp2 8.88683207954564 5.55926830449402 4.97406855640951
Capn3 10.437566906065 5.58251031991171 4.75008389826064
Btg1 12.8272407508816 9.22327414859904 7.39669977422774
Rrbp1 12.1135184174842 8.43308399893031 8.12819845211622
Arrb2 11.5161791808491 7.61070071721204 6.72235496621827
Pros1 11.4244912078995 6.38761092624574 4.68831466437556
Ifih1 8.66416697609045 5.18257894808841 5.06064761464038
Rin2 10.1302854085197 5.81075858864167 5.52535439318238
Tifa 10.6649959627868 6.43676061707692 6.40601789122995
Arhgap17 11.0358082941061 5.58569896945095 4.85525794972825
Parp12 9.52345845288495 5.50032526727979 5.31922476638997
Trim47 10.122871565472 5.28226700218462 4.9569378614455
Jmjd1c 12.7042728123964 9.05006492084001 8.26880597685673
Mlxip 11.0131464704826 6.9862885115341 6.43541089622445
Sash3 11.2528818012755 7.06439318364007 5.71624686383261
Themis2 9.94919523666928 5.24167108445162 5.17842681910316
Mpeg1 13.5339312443488 6.74339127074883 6.61332059908517
Hspa1b 12.7328150924375 7.48240288328477 7.45670250685167
Xist 12.7732517233129 4.32296323020331 4.03650683432142
Cd48 9.99176185857167 4.67146880604758 4.51930272854305
Akna 10.5978331936346 4.87364628810526 4.73583771374137
Sult1a1 9.92143049281146 6.26010552220496 5.57433573809667
Fes 10.5840546362038 6.9253830709477 6.22557431816625
Cep152 9.68353142517718 6.12308111536013 5.6872131201701
Egr2 11.2144151601674 5.10079703084287 4.09903381369991
Ccrl2 11.4107831106411 6.61971586383559 5.44652463883588
Lcn2 11.7182561949748 4.51470293462973 4.27316832132728
Tmem173 11.1696407087511 7.55033092544151 6.00577241455678
BC028528 9.01173787915138 5.64608800663861 5.18519637410314
AF251705 12.0057126252299 7.31193401842424 6.63379320934374
Hmha1 10.4487011332694 5.65351180167212 5.45263683171835
Gmip 10.2055870255081 6.1015555824027 6.01319695007709
Nckap1l 11.1526856630168 5.96715019458358 5.28213522993225
Abcc3 9.7509259850256 5.95844386352915 4.86951768323556
Rhoh 10.7637079698635 5.18472526401331 5.03668748509105
1700017B05Rik 11.7522974287947 7.02971871632224 6.13909604814326
Gusb 11.4803411718158 6.52272940317991 5.5541634111025
Lair1 10.6612900224916 5.03474522805459 4.96506720179608
P2ry12 12.4385715566921 5.19630399416846 4.8863240446656
Nfkbie 8.36904693020926 5.02953895655613 4.96104070675195
Epb4.1l2 12.5432840929574 7.03214237698393 6.78741183475506
Pld4 12.1700437011819 5.79983240543362 5.66475486668872
Lrrfip1 10.7224886700699 5.16217114549757 4.79836260649547
AU020206 9.79768698851007 5.98373775623279 5.3041418195365
Fermt3 11.4207362066657 4.91158401840739 3.93237082596466
Ankrd44 11.5679366187782 6.66946715300466 5.70541984286896
Kctd12 12.099676793357 6.94623879804005 5.49040422266825
H2-Aa 11.2644036954394 5.60470946485365 5.60367767658625
Fam105a 11.8820924454901 6.87472821123202 6.56730143679237
Herpud1 12.5116726598182 9.02152696376595 8.92463940329055
Cd300a 10.0530239896872 5.2550230002493 4.77946256522253
Wipf1 10.3652831365882 6.40744001032647 5.5708667365845
Lyz1 12.2502412289951 5.57147943652074 4.5280028737906
Zfp110 10.6738601357144 6.67142025844502 5.74236247425157
Clcf1 8.68466038510135 3.90160205008838 3.80839279938772
Adrb2 8.29734945321406 4.23141745356855 4.14813749405473
Hmgb2 9.04290768492065 5.69105774735779 4.30023796705856
Lrrk1 9.1635528470806 4.81720493442671 4.50343464874926
Zfp36l2 12.4004422821899 6.91798753891956 6.22247144860119
Il10ra 11.9867649941734 5.22327330853832 5.05035608106132
Hexb 13.9214339669789 9.75637874056473 8.51330373420568
D530037H12Rik 10.4018822600769 4.5310298635495 4.10809855988565
Rab20 9.64744268247702 4.0297473723665 3.8219752919054
Grn 13.6303783372944 9.34386023273327 8.06829784701451
Slc4a7 10.0530988721735 6.68002491165901 6.32689004989393
Bach1 11.7684659473826 7.6771835331028 6.24751692061253
Ifitm6 9.1396048659572 5.73258960356998 5.45927138879411
D9Ertd306e 8.20712585253381 4.23845472690846 4.07559259596444
Usp24 8.70392300506957 5.10795566058581 4.84179636941399
Fam46c 12.2421510197398 7.6801561418906 4.62559720581348
Pald1 11.0128320429645 6.15073238775792 5.63696011071076
Ifngr1 12.016051864462 7.50796226789888 7.27607188092482
Tcn2 12.1195930224409 7.45089587616773 7.35283617619952
Anxa1 9.64055143138413 4.92018011810165 4.5424328245132
Cmtm3 10.0110497819572 6.11213126124042 5.47133499593675
Ppp1r15a 12.6593601245383 8.56214919161209 7.99914947441344
Dhrs3 10.8328899765314 7.16841452239255 6.55359895055735
Lrmp 8.89491220593798 4.48989461492275 4.43453360598027
Olfml3 13.5644607358692 6.64206068378742 6.13417391306533
Pla2g4a 9.55730250855793 5.26178191048328 4.85765877320113
Ncf2 11.109264808914 6.10802279995921 5.72343230296435
Il7r 9.22711297999003 5.78769942829788 5.07949078314287
Ctss 14.1223387589978 8.73832650697375 4.88126320168988
Cd53 12.6270729328698 5.62191748497271 5.30842174496216
Fcgr3 13.3874319809845 6.5542914680258 5.17204462025525
S100a9 12.2965410503709 5.03587090153498 4.88822541259635
Dusp1 14.1813580097059 9.55556780233197 9.29063990588373
Lgmn 13.4068999504885 9.60572712754239 9.34691787936961
Klf2 12.9915058739807 5.7919268066252 5.54627081180842
Fcrls 13.5200887013828 6.20655049812446 6.0070405904514
Tlr1 9.55990391864875 4.5600691397631 4.26452517990445
St3gal6 9.54566709615045 6.14466955168349 5.80452769842196
Selplg 13.492313873689 7.48212247612145 6.92727317957253
Cd68 12.2825968841945 5.77125354187601 4.84413194566416
Gpr65 7.85611733273235 3.80892455517316 3.71519143827794
Csf2rb2 9.46516272602394 4.98450211005319 4.38008308827565
Atf3 13.3007390383143 5.55109616164196 5.01006624517651
C1qc 13.5695399365939 6.58042505567148 5.53498463523439
Chst7 11.0545300964632 5.93370379540278 5.88882464874495
Hck 11.7192724128215 5.8207062717814 5.30334898521317
Gcnt1 7.89240442650036 4.35043103636023 4.29605840544652
Casp4 9.17977855891737 4.57206457080667 3.79618012823664
Lag3 9.94342037341401 6.17869167015757 5.63754956456206
Cxcl2 10.9236295592129 4.8491653723689 4.38759873208565
Cx3cr1 12.8322911670036 6.144264818955 5.89560603629966
H2-D1 12.6856010965553 9.02792548754894 8.8120627062417
Stab1 10.7835801182221 5.29605407997201 4.91286289332191
Evi2a 12.5801879760248 7.60380455017062 4.75438159337759
Il6 8.3523884587654 4.12190268871037 3.83704163892063
Mrc1 8.47267687587698 4.56798099928817 4.56629165074068
Hps3 10.6281605531013 6.90275928359942 6.3492225220542
Itgb2 11.8281947861841 4.98236753860574 4.86499303176879
Adamts1 11.3973807177838 5.51229433113155 5.2543423771976
Ang 8.67340897437916 4.14685580043146 4.05988602394861
Sh2b2 9.32069277757714 5.03056710855469 4.83937289989801
Tyrobp 12.9035612805634 6.49058711797753 6.4225958222245
Ptplad2 9.63817330010533 6.00576975226027 4.98853296134761
Slc29a3 11.6835560124248 6.21393470343956 5.81364963552826
Vasp 10.5290974508756 6.97284514992592 6.39291982894819
Emr1 12.777781853873 6.71979754585765 5.91166916628684
Nrros 12.3519497751025 6.30100202954865 5.38012755137376
Tmem119 13.699678559052 6.91751186839213 6.07737184657761
Pnpla7 10.5843197435089 6.96058238159414 5.89112934564321
Parp14 9.10437062254361 5.75683629256516 5.15787975354012
Havcr2 10.710530075929 4.20208689617427 3.9829346749111
Alas2 9.97256535353661 5.40125465423107 5.30108243230589
Cmtm7 10.4036329494645 5.40559115836177 5.1720039682219
Mafb 10.9849900615298 6.02126130513559 5.72820435478645
Blnk 11.8079240962002 6.74053420454184 5.67377755484284
Tmcc3 9.16895367720384 5.04996844154336 4.75766239882894
Notch2 11.035203297165 6.19881034877955 4.73113301006159
Vrk2 8.87003271247097 5.27703615708174 4.54749913115534
Daglb 9.94097644340737 6.5266349390405 5.78979429204626
Alox5ap 12.5749967599795 7.48118566104653 7.08882473441456
Fyb 11.7159427823204 6.30577087211618 6.06895496780269
Sepp1 13.725757445204 10.3538336206206 5.96452621961878
Ctla2b 9.94438247489242 5.43032160379305 4.07991138029236
Sall3 9.56740794423544 6.15151099089116 5.73896710984785
Hspa1a 11.9245276178108 6.99186349067069 6.67592868708458
Zfp36 13.4960506681509 7.31342085616409 5.90341610614685
Abhd15 9.92497435981129 4.94272585840203 4.91580314717985
Cyba 11.7749627835735 6.10069114928451 5.31999944500084
Spata13 11.8360921296241 6.22938645861502 4.91392667990579
Wasf2 12.4660305697947 7.20616359327447 6.7835172998749
Ptpn6 11.3292345329635 6.77604685476538 6.55673273705899
4833441D16Rik 9.33372525445037 5.04638462752501 4.67662165990587
Tec 10.1967601761071 6.6488457718528 5.56677137422207
Irf5 10.4417221455899 6.1417268594343 6.06432617814401
Naip2 10.8151812852359 4.75999983359183 4.55344385842248
Anxa3 12.9131833282778 5.96054509232519 4.9312683475276
