Junb 11.5780026398467 7.63094949348929 4.75293528312553
Sipa1 11.1257432146877 7.16763351455453 5.8610911800249
C1qb 13.3846079047961 9.82684017939656 3.83361045095872
Slc7a7 11.052383619296 6.51618735552467 4.84191797194577
Srgn 13.2509970787582 9.72518086984642 5.05069960088599
Tgm2 11.7718766956168 8.42176966550378 5.43507802859499
Snx5 12.5628056055199 9.2337451513482 4.9222138062941
Fcgr1 12.3056772228307 8.41948728377507 4.31727088388762
Ccl9 11.5606702750711 7.62210304833934 4.7088577094774
Pmaip1 7.94812896443572 4.61666384631317 3.92470565299544
Aif1 11.8782125697407 7.11808276193394 4.85540286932947
Crybb1 12.3010895138039 7.88511263218251 6.19245999700725
Fcer1g 12.6409109862305 7.70874442584053 5.76818109046832
Ctsh 12.8519091129382 7.93948074349541 5.33186450660887
Ncf4 10.7081144474155 6.95444874680259 4.96326486603239
Ggta1 10.3145780373454 6.33496031189266 3.98492772932026
Lcp2 10.3889718130272 6.67124485227208 4.64034460077797
Ms4a6b 11.1222234312687 6.31628119304595 4.61242632945944
Cxcl10 9.83264446685726 5.78360145180604 4.91751203012534
Cttnbp2nl 11.7204560544011 8.23066166667294 5.35367810986219
Tlr2 11.9268402473875 7.50107318726611 5.30886546921858
Cd37 10.9048574016166 7.06355432547475 5.49805032883379
Map3k8 10.2849700718244 5.25744136167599 4.65537049712956
Myd88 10.7278217724093 6.63042371286635 5.41898168189788
Ccl12 10.5112043294489 5.63390949619235 4.31637067938563
S100a8 13.0395448654869 9.48434744715832 4.57564722388281
C3ar1 11.7072754362155 7.16430904709488 5.17043311153381
Ccl3 13.4953964323281 9.79637270717056 4.46578135019015
Ms4a6d 11.3799791784438 6.69468001479522 4.5238940122943
Camp 12.113738407204 7.54685779038609 5.33937762043709
Arap3 9.86775374576886 6.44014709446293 4.04763699102234
Tlr7 11.2112407400947 6.40580862501261 4.7285060079967
Hpgd 12.0107499612859 6.44639373197636 4.33875519542729
Slc11a1 11.4154854568916 7.84282837122722 5.28384223943574
Ccl2 9.49866288250659 5.81098430290273 4.91296894718064
Cd86 11.6419705628058 7.12784707105203 4.71105149249163
Gpr84 11.5935377294956 7.18571837043467 5.35122022049006
Tcirg1 11.3257053795282 7.8999957905781 6.43218743179309
Trim12a 8.5835260320544 4.58727825823659 3.95559498460864
Lgals9 9.80576100376818 6.20791407777098 5.20061428663347
Trem2 11.528689695107 8.17360963449951 6.29423430717748
Igsf6 8.68495551282954 4.59143420319254 4.02522598179701
Naip5 11.1347547074536 6.57203558617211 4.14062337473441
Ccl4 12.7516225784521 9.41884563846622 5.69424593078203
Dapp1 10.626591308075 7.12956981903299 4.83753386546888
Fli1 10.0832277034328 6.03620819844267 3.79891381750575
Il6ra 12.6405285425734 8.27214586096156 5.53867487631454
Cd84 9.96224237530016 5.76332987288284 4.49485577569785
Cfh 10.8438396260437 5.4242810857933 3.4912580351594
Tnfrsf13b 9.66545251361214 6.24102114833877 4.25909738756217
Entpd1 9.58873000960094 6.24774441632334 4.16051426119613
Ptgs1 12.1626150793908 8.79671819691338 4.57350386851489
Unc93b1 11.3066168079527 7.89226914931018 6.1203258435433
Edem1 10.5644676490564 6.93007732153501 4.41041067101899
Tmem140 8.46080936763924 4.99752588335753 4.23397748479676
F11r 12.1638127271072 8.2606470947784 5.62628837954104
Siglec5 8.337886172674 4.27843057800862 3.78306167449385
Fcrl1 9.27554865404005 5.89260978535975 5.12573849667197
P2ry6 11.5909433501351 6.38347738901593 4.3829601154912
Arrb2 11.5161791808491 7.84183190976568 6.0040495821733
Pros1 11.4244912078995 7.46011673559665 4.74695463143713
Trim47 10.122871565472 6.74714041601005 4.86746833218285
Sash3 11.2528818012755 7.69812331110833 5.24512969549145
Cd48 9.99176185857167 5.78745781343913 4.37397305551219
Lcn2 11.7182561949748 7.86409310511359 4.11702419339101
Tmem173 11.1696407087511 7.53665369690732 5.83620574324113
Rhoh 10.7637079698635 6.22339317843939 4.73886217409957
1700017B05Rik 11.7522974287947 6.88365491024111 5.4769748571047
Gusb 11.4803411718158 8.11154135497631 4.66674856390318
Lair1 10.6612900224916 6.70651507882054 4.57198453344223
Pld4 12.1700437011819 8.07566530651332 5.1798233474227
Fermt3 11.4207362066657 6.51111776816614 3.87740724795563
H2-Aa 11.2644036954394 6.46420028396629 4.40365105987275
Cd300a 10.0530239896872 6.69734555300981 4.67270326845335
Clcf1 8.68466038510135 4.91977550816482 3.77218444927818
Il10ra 11.9867649941734 8.04857145901766 4.74863123296938
Rab20 9.64744268247702 5.72268449866913 3.80548502831093
Olfml3 13.5644607358692 9.78724568307741 6.10243579944962
Ncf2 11.109264808914 7.18399478874221 5.37189384319663
Fcrls 13.5200887013828 9.54965424145219 5.47938764509871
Tlr1 9.55990391864875 5.68460262506168 3.89858322706903
Cd68 12.2825968841945 7.78225941579537 4.56760020282917
Hck 11.7192724128215 8.21473747034521 4.7070156253872
Lag3 9.94342037341401 6.51802717096757 5.37082728129548
Ltf 11.9771261319803 8.53512868980648 6.16941108396982
Stab1 10.7835801182221 6.83536063924988 4.96431324455489
Mrc1 8.47267687587698 5.01955962794135 3.48901948967623
Itgb2 11.8281947861841 8.17697505613979 4.50848683910261
Ang 8.67340897437916 4.37010933932755 3.95667254620836
Emr1 12.777781853873 7.61162411448246 5.45148150609886
Nrros 12.3519497751025 8.62184591957144 5.51452921504576
Fyb 11.7159427823204 7.42856391337901 5.96479804265947
Ctla2b 9.94438247489242 6.10729286647974 4.0518934906627
Abhd15 9.92497435981129 6.52865125879171 4.68113298640264
Irf5 10.4417221455899 7.07125053368884 5.58786312760487
Naip2 10.8151812852359 5.5222353270713 4.3566643782307
Anxa3 12.9131833282778 8.03042668726479 5.11439206901178
