Ddr1 11.3806252809032 7.21249379042965 4.59180683344434
Gja1 11.2121089105517 6.92728608276655 4.63534119943753
Ehd1 11.9164344513689 8.23935914384266 7.47402222697768
Dmd 9.30343272820544 5.51916784139157 4.02971559073028
Npy2r 8.58807490474929 4.38182696574236 3.73235920096101
Grb14 9.72529966821467 6.14479837286503 5.35603632630792
Cdhr1 9.61656154218477 6.18161687363928 4.97729099663009
Apcdd1 11.0213329543662 6.56177129444066 4.96590922308251
Tdo2 8.2728508428465 4.18775074108516 4.06472199044863
Mbp 12.3526092986937 6.71381807963564 4.32282715881603
Ogn 9.25841425150619 4.30844826578962 4.1713478699097
Cyp7b1 9.92410784687969 6.17001438449564 4.54851527851229
Zbtb20 12.606016745962 8.52502754996043 7.40192597112426
Sema5a 9.87963404222364 4.39606013189391 4.31522507962891
Igfbp5 11.1573189049267 6.3517157903768 5.04628009282288
Cald1 11.034660569559 6.61834518493201 5.13243788608362
Stxbp6 8.24989652305541 4.84498743488673 4.61830904504328
Trib2 9.86637131024554 5.7474765896302 5.01571212807584
Rpgr 9.57200870731656 6.05109230705442 5.1857511602227
Epha7 12.4006567256755 8.58148962772571 4.14001864093055
B3galnt2 9.7328609962439 6.10592586519688 3.98743633375557
Dsp 12.8559494830127 4.99495665858197 4.27258502169961
Ccdc71l 11.6427712816572 7.87990229729277 6.48376077881882
Lct 10.7752795088143 5.22868441628422 4.87982495319253
Rai2 7.92720552349606 3.91231481647218 3.75617549206348
Fam131b 9.00972362565845 5.15161577145094 4.60837660475607
