Pdzrn3 9.67835330398492 6.20680204195171 4.78334824444805
Meis2 11.2590079611119 7.49916329243253 4.71966209044129
Pcbp3 10.7083029849782 7.11111472890924 4.43579580888539
Amy1 9.84844051367849 5.77419219054356 4.73542950202961
Dpysl4 10.4743607640575 6.49234189542698 5.09928023568317
Cdhr1 11.9592697896081 7.06181441768102 4.97729099663009
Lmo1 12.8068968261219 8.08550656111996 5.84690647701353
Zfpm2 10.076931171395 6.6695380821638 4.74574800262945
Vstm2b 11.6136558755149 8.2642884531813 5.81928680879918
Sptbn1 12.4829885602153 8.72070670764106 7.43734728126587
Pclo 10.7682307164179 7.31310041461458 4.49171238455711
Igf1 11.876012743947 7.20615582721421 6.31081428236578
Uncx 8.61501274422442 5.22080692660497 4.25165481195586
Pcdhb21 9.46209146778359 4.95439219985323 4.79230094586314
Gabrr2 11.3900422464153 5.34544364473724 5.30905231330573
Ptprt 10.0883491389803 6.47554521289742 5.14026182325592
Syne1 11.1671748848144 7.17996226421597 5.61775579304668
Gad2 10.2319053865141 6.87787775707706 5.9410461746866
Kcnc1 11.8869611675475 8.50176136643661 6.74335033987083
Parm1 11.4488552300347 8.00366750152815 4.72547948406631
Spon1 12.1637059910301 8.7690767472262 6.62064911705529
Cplx3 12.1789460434468 6.21901843836657 5.63523217337539
Pcdh20 11.5004920523971 7.85800873633606 5.08998187832188
Otx2 11.532431364904 5.92210790444897 4.69973862268684
Meg3 12.9350316624143 9.56894924355623 7.24259809391319
Apba2 10.9246059772394 7.59296461598058 5.25703485022929
Ryr3 10.4402049998606 7.02294074155859 5.76610270427863
Rian 9.98763820094976 5.09434394885917 4.60648127277677
Fmn2 11.2562018937241 6.51353945284272 5.70347865895474
Frmd5 11.9916097346698 8.49275367793652 5.88874287915674
Rpp25 10.0156936848964 6.52184840282053 4.61921769954192
Reln 13.4483567875156 8.19098835965396 5.84157656088717
Chrna6 11.2758979961949 6.08875008634172 5.30768641218028
Cacna2d2 12.810701861179 8.50429691505408 6.29168425274532
Scgn 10.1060232544293 6.71933111863808 6.28171514585933
Chrna3 8.98881926733504 5.03653285119823 5.00204717998761
