Derl1 12.8574795144131 10.7162234989514 3.77231322884464
Golm1 13.1709345745481 10.7162234989514 3.77231322884464
Lbr 9.44263213579448 10.7162234989514 3.77231322884464
Dusp6 12.2043335698759 10.7162234989514 3.77231322884464
Tgfbi 10.1729708775644 10.7162234989514 3.77231322884464
Sgpl1 9.54910293773426 10.7162234989514 3.77231322884464
Junb 11.5780026398467 10.7162234989514 3.77231322884464
Plod3 11.0096799388708 10.7162234989514 3.77231322884464
Creg1 11.4502595824185 10.7162234989514 3.77231322884464
Lcp1 11.8463632704423 10.7162234989514 3.77231322884464
Txnip 13.6993914736524 10.7162234989514 3.77231322884464
Hspa5 12.2419509834827 10.7162234989514 3.77231322884464
Cd9 11.8962881279299 10.7162234989514 3.77231322884464
Tpst2 11.1246231388186 10.7162234989514 3.77231322884464
Hist1h1c 11.8476499855546 10.7162234989514 3.77231322884464
Fuca1 10.9869256730054 10.7162234989514 3.77231322884464
Cd83 13.2264749464343 10.7162234989514 3.77231322884464
Mmp2 8.84546583079709 10.7162234989514 3.77231322884464
Serpinf1 9.41188678958694 10.7162234989514 3.77231322884464
Sipa1 11.1257432146877 10.7162234989514 3.77231322884464
Surf4 10.6008098693778 10.7162234989514 3.77231322884464
Btg2 11.4968904593275 10.7162234989514 3.77231322884464
Tnfaip2 9.08145533726492 10.7162234989514 3.77231322884464
Plod1 9.23012146683775 10.7162234989514 3.77231322884464
Litaf 12.5127367018525 10.7162234989514 3.77231322884464
Atp6v0e 11.6557896880976 10.7162234989514 3.77231322884464
Cyfip1 12.6066769077138 10.7162234989514 3.77231322884464
Cd81 13.1607213964626 10.7162234989514 3.77231322884464
Lamp2 11.6172171151883 10.7162234989514 3.77231322884464
Snx18 11.9105809619856 10.7162234989514 3.77231322884464
Ctsc 12.6065842886925 10.7162234989514 3.77231322884464
Cd82 9.38715719713112 10.7162234989514 3.77231322884464
Tubb6 9.94309885815544 10.7162234989514 3.77231322884464
Cd164 13.2504873032464 10.7162234989514 3.77231322884464
Ier2 13.4150634942812 10.7162234989514 3.77231322884464
Pnp 12.8627608953087 10.7162234989514 3.77231322884464
Nfe2l2 11.3735710823378 10.7162234989514 3.77231322884464
Socs3 12.8363611039744 10.7162234989514 3.77231322884464
Sparc 11.723215805215 10.7162234989514 3.77231322884464
Scamp2 12.0782300087712 10.7162234989514 3.77231322884464
4632428N05Rik 12.9592128362635 10.7162234989514 3.77231322884464
Spint1 10.3415667614487 10.7162234989514 3.77231322884464
Slc2a5 10.7506339487812 10.7162234989514 3.77231322884464
Afp 8.20241684612463 10.7162234989514 3.77231322884464
Clic1 11.3846871257571 10.7162234989514 3.77231322884464
Plxnb2 11.1751053377305 10.7162234989514 3.77231322884464
Irf8 12.5606886061131 10.7162234989514 3.77231322884464
Asah1 11.4104079360337 10.7162234989514 3.77231322884464
Mical1 8.88736256308852 10.7162234989514 3.77231322884464
Fkbp7 9.58447874704344 10.7162234989514 3.77231322884464
Tbxas1 9.77227819439976 10.7162234989514 3.77231322884464
Slc39a8 8.3702572354114 10.7162234989514 3.77231322884464
Lrp10 10.9021865013938 10.7162234989514 3.77231322884464
Parvg 10.3224146114506 10.7162234989514 3.77231322884464
Mcl1 12.1472433486191 10.7162234989514 3.77231322884464
Rgs10 13.3912666623373 10.7162234989514 3.77231322884464
Fam107b 10.6475155947746 10.7162234989514 3.77231322884464
Rps6ka1 12.439882687873 10.7162234989514 3.77231322884464
Parp9 9.82908871348782 10.7162234989514 3.77231322884464
Npc2 12.9151308001633 10.7162234989514 3.77231322884464
Nucb1 10.7738814089813 10.7162234989514 3.77231322884464
Erap1 8.15112431133349 10.7162234989514 3.77231322884464
Sirpa 12.4962163654576 10.7162234989514 3.77231322884464
Mfng 10.1100884876208 10.7162234989514 3.77231322884464
Slc40a1 11.6365802495677 10.7162234989514 3.77231322884464
C1qb 13.3846079047961 10.7162234989514 3.77231322884464
Cyp4v3 11.0721852303594 10.7162234989514 3.77231322884464
Syngr2 11.4559121689701 10.7162234989514 3.77231322884464
Man1a 10.4296468533452 10.7162234989514 3.77231322884464
Plekho1 10.6038456884602 10.7162234989514 3.77231322884464
Pmp22 12.2653168767854 10.7162234989514 3.77231322884464
Kdelr2 10.9360716068798 10.7162234989514 3.77231322884464
Tmem123 9.14930394547842 10.7162234989514 3.77231322884464
Ccl6 10.223717633042 10.7162234989514 3.77231322884464
Cd14 13.3052539164274 10.7162234989514 3.77231322884464
Tnfrsf1a 11.3244537624855 10.7162234989514 3.77231322884464
Tob2 11.2284375997777 10.7162234989514 3.77231322884464
Pycard 11.8185468367102 10.7162234989514 3.77231322884464
C1qa 13.2380236204344 10.7162234989514 3.77231322884464
Il16 10.7022595486227 10.7162234989514 3.77231322884464
Slc7a7 11.052383619296 10.7162234989514 3.77231322884464
Klf4 12.698526861476 10.7162234989514 3.77231322884464
Stard3 11.6778315024743 10.7162234989514 3.77231322884464
Jun 13.1567215574815 10.7162234989514 3.77231322884464
Srgn 13.2509970787582 10.7162234989514 3.77231322884464
Myh9 12.5865032254667 10.7162234989514 3.77231322884464
Nfkbiz 12.6860754101133 10.7162234989514 3.77231322884464
Tgm2 11.7718766956168 10.7162234989514 3.77231322884464
Plek 13.0669588958399 10.7162234989514 3.77231322884464
Itgb5 13.3318370523038 10.7162234989514 3.77231322884464
Elf1 9.08676867890006 10.7162234989514 3.77231322884464
Cln3 9.94836220653156 10.7162234989514 3.77231322884464
Slc15a2 8.84529439707958 10.7162234989514 3.77231322884464
Rgs1 11.2541972267774 10.7162234989514 3.77231322884464
Calr 12.6515426921455 10.7162234989514 3.77231322884464
Tmem37 9.67735583887507 10.7162234989514 3.77231322884464
Rac2 9.75239695917386 10.7162234989514 3.77231322884464
Nfatc1 10.1057640630075 10.7162234989514 3.77231322884464
Slc12a2 9.27545350413279 10.7162234989514 3.77231322884464
Cd79b 8.31573716498709 10.7162234989514 3.77231322884464
Snx5 12.5628056055199 10.7162234989514 3.77231322884464
Elk3 10.4901390004177 10.7162234989514 3.77231322884464
Ptpro 11.8468190825567 10.7162234989514 3.77231322884464
Soat1 9.02708526356189 10.7162234989514 3.77231322884464
Naglu 9.26626288253695 10.7162234989514 3.77231322884464
Laptm5 13.2497958585741 10.7162234989514 3.77231322884464
Slc25a37 10.6378478547555 10.7162234989514 3.77231322884464
Ptgr1 10.0953671914278 10.7162234989514 3.77231322884464
Dok1 9.09517514267858 10.7162234989514 3.77231322884464
Serinc3 10.8737843005988 10.7162234989514 3.77231322884464
D17H6S56E-5 9.99291673904863 10.7162234989514 3.77231322884464
Ctsz 13.0341451754765 10.7162234989514 3.77231322884464
Fcgr1 12.3056772228307 10.7162234989514 3.77231322884464
Slc16a6 11.601886645942 10.7162234989514 3.77231322884464
Pdlim4 9.4700059993897 10.7162234989514 3.77231322884464
Slc7a8 10.2500860624308 10.7162234989514 3.77231322884464
Ccl9 11.5606702750711 10.7162234989514 3.77231322884464
Trim30a 9.82440837349698 10.7162234989514 3.77231322884464
Tmem176b 13.0401808488191 10.7162234989514 3.77231322884464
B4galt1 11.050190662426 10.7162234989514 3.77231322884464
Myo9b 10.1613169450561 10.7162234989514 3.77231322884464
Tnfrsf1b 11.5849644137814 10.7162234989514 3.77231322884464
Inpp5d 12.5199395399242 10.7162234989514 3.77231322884464
Tlr4 9.52419084436795 10.7162234989514 3.77231322884464
Aif1 11.8782125697407 10.7162234989514 3.77231322884464
Il15 7.4967535230896 10.7162234989514 3.77231322884464
Lims1 11.3895886323577 10.7162234989514 3.77231322884464
Syk 11.2305153374971 10.7162234989514 3.77231322884464
Klf6 12.1614928848338 10.7162234989514 3.77231322884464
Crybb1 12.3010895138039 10.7162234989514 3.77231322884464
Fcer1g 12.6409109862305 10.7162234989514 3.77231322884464
Ctsh 12.8519091129382 10.7162234989514 3.77231322884464
Gpsm3 9.66649074936397 10.7162234989514 3.77231322884464
Ncf4 10.7081144474155 10.7162234989514 3.77231322884464
Ggta1 10.3145780373454 10.7162234989514 3.77231322884464
Calcrl 7.84138491604448 10.7162234989514 3.77231322884464
Ptpre 10.8354103326392 10.7162234989514 3.77231322884464
Lcp2 10.3889718130272 10.7162234989514 3.77231322884464
Ngp 12.4329204009581 10.7162234989514 3.77231322884464
Spi1 10.2850028049619 10.7162234989514 3.77231322884464
Atp7a 10.1404314445784 10.7162234989514 3.77231322884464
Csf3r 10.4703586336665 10.7162234989514 3.77231322884464
Ms4a6b 11.1222234312687 10.7162234989514 3.77231322884464
Hcls1 8.83239317939796 10.7162234989514 3.77231322884464
Abcb1b 8.00305280287427 10.7162234989514 3.77231322884464
Pabpc1 11.1513836653323 10.7162234989514 3.77231322884464
Skap2 11.9890479352489 10.7162234989514 3.77231322884464
Rpn2 10.7665052905877 10.7162234989514 3.77231322884464
Cebpb 11.6879517821222 10.7162234989514 3.77231322884464
Plxdc2 12.0633823649962 10.7162234989514 3.77231322884464
Cxcl10 9.83264446685726 10.7162234989514 3.77231322884464
Maff 10.2395219098757 10.7162234989514 3.77231322884464
Cysltr1 9.33333349087416 10.7162234989514 3.77231322884464
Cebpa 9.88957255483431 10.7162234989514 3.77231322884464
Cttnbp2nl 11.7204560544011 10.7162234989514 3.77231322884464
Lyl1 9.97533629065994 10.7162234989514 3.77231322884464
Ptpn18 10.4025712369028 10.7162234989514 3.77231322884464
Tlr2 11.9268402473875 10.7162234989514 3.77231322884464
Serpine1 9.52331793271942 10.7162234989514 3.77231322884464
Mlxipl 10.549742788076 10.7162234989514 3.77231322884464
Cd37 10.9048574016166 10.7162234989514 3.77231322884464
Map3k8 10.2849700718244 10.7162234989514 3.77231322884464
Myd88 10.7278217724093 10.7162234989514 3.77231322884464
Ccl12 10.5112043294489 10.7162234989514 3.77231322884464
Arhgap4 9.36525554969312 10.7162234989514 3.77231322884464
H2-Oa 8.7917936065526 10.7162234989514 3.77231322884464
Pon3 9.20297150005047 10.7162234989514 3.77231322884464
Slamf9 11.1882832385642 10.7162234989514 3.77231322884464
S100a8 13.0395448654869 10.7162234989514 3.77231322884464
Il10rb 10.7116513838826 10.7162234989514 3.77231322884464
C3ar1 11.7072754362155 10.7162234989514 3.77231322884464
Ripk1 10.1243899929041 10.7162234989514 3.77231322884464
Fgd2 12.1304825880125 10.7162234989514 3.77231322884464
Rela 11.8428094359349 10.7162234989514 3.77231322884464
Ccl3 13.4953964323281 10.7162234989514 3.77231322884464
Ms4a6d 11.3799791784438 10.7162234989514 3.77231322884464
Tnf 10.0055468588953 10.7162234989514 3.77231322884464
Was 8.0303356973264 10.7162234989514 3.77231322884464
Ier3 13.4963591841383 10.7162234989514 3.77231322884464
Nupr1 9.93831898336817 10.7162234989514 3.77231322884464
Camp 12.113738407204 10.7162234989514 3.77231322884464
Ltc4s 9.78168546230716 10.7162234989514 3.77231322884464
Klk8 10.2464469222101 10.7162234989514 3.77231322884464
Chil3 11.1159878878753 10.7162234989514 3.77231322884464
Arap3 9.86775374576886 10.7162234989514 3.77231322884464
Tlr7 11.2112407400947 10.7162234989514 3.77231322884464
Csf1r 14.0460007158016 10.7162234989514 3.77231322884464
Trim25 10.8969751411857 10.7162234989514 3.77231322884464
Hpgd 12.0107499612859 10.7162234989514 3.77231322884464
Rab3il1 10.4710400563943 10.7162234989514 3.77231322884464
Mcm3 8.92535440058905 10.7162234989514 3.77231322884464
Pttg1ip 11.4910938890536 10.7162234989514 3.77231322884464
Gdap10 8.80480802896476 10.7162234989514 3.77231322884464
Slc11a1 11.4154854568916 10.7162234989514 3.77231322884464
Ccl2 9.49866288250659 10.7162234989514 3.77231322884464
Cd86 11.6419705628058 10.7162234989514 3.77231322884464
Sat1 12.159300186165 10.7162234989514 3.77231322884464
Gpr84 11.5935377294956 10.7162234989514 3.77231322884464
Vamp8 11.9027573726861 10.7162234989514 3.77231322884464
Tcirg1 11.3257053795282 10.7162234989514 3.77231322884464
Sqrdl 11.0518617676912 10.7162234989514 3.77231322884464
Trim12a 8.5835260320544 10.7162234989514 3.77231322884464
Zfhx3 11.2942984484453 10.7162234989514 3.77231322884464
Sgce 11.3057851240251 10.7162234989514 3.77231322884464
Slc15a3 11.5219827541908 10.7162234989514 3.77231322884464
Clec7a 9.36335652990378 10.7162234989514 3.77231322884464
Rel 9.30153835661437 10.7162234989514 3.77231322884464
Tsc22d3 11.4721491337919 10.7162234989514 3.77231322884464
Sla 12.3378861062474 10.7162234989514 3.77231322884464
Sema4d 9.93698943837868 10.7162234989514 3.77231322884464
Itga9 7.35656542889308 10.7162234989514 3.77231322884464
Tgfbr1 13.4953964323281 10.7162234989514 3.77231322884464
Snap23 8.47917138557207 10.7162234989514 3.77231322884464
Cd2ap 10.1956964097835 10.7162234989514 3.77231322884464
St6gal1 11.5108116293154 10.7162234989514 3.77231322884464
Asph 11.1131392793095 10.7162234989514 3.77231322884464
Adcy7 11.9646243532397 10.7162234989514 3.77231322884464
Rbm39 10.4094928984617 10.7162234989514 3.77231322884464
Mrc2 8.85958477054983 10.7162234989514 3.77231322884464
Bmp2k 11.3162621163235 10.7162234989514 3.77231322884464
Gpr56 11.0473777353108 10.7162234989514 3.77231322884464
Lgals9 9.80576100376818 10.7162234989514 3.77231322884464
Bco2 8.88551273021649 10.7162234989514 3.77231322884464
Trem2 11.528689695107 10.7162234989514 3.77231322884464
Gna15 8.93153578094543 10.7162234989514 3.77231322884464
H2-M3 10.536790243709 10.7162234989514 3.77231322884464
Birc3 10.7521481640029 10.7162234989514 3.77231322884464
Igsf6 8.68495551282954 10.7162234989514 3.77231322884464
Samsn1 8.95535277925432 10.7162234989514 3.77231322884464
Il1a 10.5450729398403 10.7162234989514 3.77231322884464
Hpgds 9.14123713383759 10.7162234989514 3.77231322884464
Naip5 11.1347547074536 10.7162234989514 3.77231322884464
Ccl4 12.7516225784521 10.7162234989514 3.77231322884464
Itpr2 10.8613975316724 10.7162234989514 3.77231322884464
Stat6 10.5031698578152 10.7162234989514 3.77231322884464
Phxr1 9.60550945602768 10.7162234989514 3.77231322884464
Tapbp 11.4240903434095 10.7162234989514 3.77231322884464
Msn 10.7217422633417 10.7162234989514 3.77231322884464
Abca1 12.0785728549459 10.7162234989514 3.77231322884464
Adam17 10.581995677351 10.7162234989514 3.77231322884464
Dapp1 10.626591308075 10.7162234989514 3.77231322884464
Clec4a2 10.1190075949126 10.7162234989514 3.77231322884464
Fli1 10.0832277034328 10.7162234989514 3.77231322884464
Ets1 9.75745818736726 10.7162234989514 3.77231322884464
Itgam 7.64683147867138 10.7162234989514 3.77231322884464
Ptprc 12.4215732421658 10.7162234989514 3.77231322884464
Fosb 11.9818678393755 10.7162234989514 3.77231322884464
Ccr5 11.7087776692335 10.7162234989514 3.77231322884464
Il6ra 12.6405285425734 10.7162234989514 3.77231322884464
Tgif1 8.50458243562559 10.7162234989514 3.77231322884464
Pla2g15 12.3512186582331 10.7162234989514 3.77231322884464
Itga6 11.5906633280243 10.7162234989514 3.77231322884464
Ifi30 11.4062018650154 10.7162234989514 3.77231322884464
H2-DMa 11.3395300052483 10.7162234989514 3.77231322884464
Zfp36l1 12.7019764996359 10.7162234989514 3.77231322884464
Gpr34 12.142699851518 10.7162234989514 3.77231322884464
Rrad 10.0026571297703 10.7162234989514 3.77231322884464
Cr1l 11.6955153199688 10.7162234989514 3.77231322884464
Ndel1 9.26249492481989 10.7162234989514 3.77231322884464
Rhog 11.2037880767617 10.7162234989514 3.77231322884464
Rnase4 13.0771643703574 10.7162234989514 3.77231322884464
Hk2 12.3164140648536 10.7162234989514 3.77231322884464
Hfe 11.3196450739578 10.7162234989514 3.77231322884464
Naalad2 9.64837692903074 10.7162234989514 3.77231322884464
Pik3cg 10.1537853547168 10.7162234989514 3.77231322884464
Btk 9.58917222158551 10.7162234989514 3.77231322884464
Tlr3 9.63659550839082 10.7162234989514 3.77231322884464
Dock2 8.86389566600281 10.7162234989514 3.77231322884464
Prkcd 11.3607793398998 10.7162234989514 3.77231322884464
Mertk 13.0985151577591 10.7162234989514 3.77231322884464
Cd84 9.96224237530016 10.7162234989514 3.77231322884464
Ly86 13.8305038298173 10.7162234989514 3.77231322884464
Vav1 10.4997459843954 10.7162234989514 3.77231322884464
Pag1 12.6736213180298 10.7162234989514 3.77231322884464
Stt3a 9.80513059719094 10.7162234989514 3.77231322884464
Npc1 8.50004282033047 10.7162234989514 3.77231322884464
Cfh 10.8438396260437 10.7162234989514 3.77231322884464
Tnfrsf13b 9.66545251361214 10.7162234989514 3.77231322884464
Luc7l2 10.6746402351895 10.7162234989514 3.77231322884464
Hhex 10.060418644213 10.7162234989514 3.77231322884464
Entpd1 9.58873000960094 10.7162234989514 3.77231322884464
Ptgs1 12.1626150793908 10.7162234989514 3.77231322884464
Adrb1 10.5218876655346 10.7162234989514 3.77231322884464
Pdia3 10.3989800834687 10.7162234989514 3.77231322884464
Frrs1 10.6966078261321 10.7162234989514 3.77231322884464
Brd2 11.6292324165978 10.7162234989514 3.77231322884464
Lyz2 12.5660138290276 10.7162234989514 3.77231322884464
Ssfa2 10.4026641404164 10.7162234989514 3.77231322884464
Ccnl1 12.9368942943523 10.7162234989514 3.77231322884464
Galnt4 9.11869231898454 10.7162234989514 3.77231322884464
Ctc1 11.7422487728519 10.7162234989514 3.77231322884464
Edem2 10.0791389484194 10.7162234989514 3.77231322884464
Tram1 11.2818540120361 10.7162234989514 3.77231322884464
Unc93b1 11.3066168079527 10.7162234989514 3.77231322884464
Mob1a 11.6304802850351 10.7162234989514 3.77231322884464
Cmtm6 12.2803328178186 10.7162234989514 3.77231322884464
Sfpq 11.5708095722532 10.7162234989514 3.77231322884464
Tmem63a 11.3727165126659 10.7162234989514 3.77231322884464
Tmem176a 10.8465428280293 10.7162234989514 3.77231322884464
Tspan14 11.2007785813707 10.7162234989514 3.77231322884464
Cers2 11.023565356534 10.7162234989514 3.77231322884464
Lpcat3 11.4786154330381 10.7162234989514 3.77231322884464
Numa1 11.0896148678668 10.7162234989514 3.77231322884464
Abl1 11.1504066132485 10.7162234989514 3.77231322884464
Pxn 11.8612215849744 10.7162234989514 3.77231322884464
Hvcn1 10.2856187487951 10.7162234989514 3.77231322884464
Srsf7 12.1714156611169 10.7162234989514 3.77231322884464
Edem1 10.5644676490564 10.7162234989514 3.77231322884464
Icam1 12.144222640413 10.7162234989514 3.77231322884464
Ptbp3 11.2952745829932 10.7162234989514 3.77231322884464
Prkab1 10.8728158992286 10.7162234989514 3.77231322884464
Mfsd1 10.2960629557507 10.7162234989514 3.77231322884464
Rbl1 8.51194870241016 10.7162234989514 3.77231322884464
Rcsd1 12.3223507478265 10.7162234989514 3.77231322884464
Npl 10.119227368812 10.7162234989514 3.77231322884464
Tmem140 8.46080936763924 10.7162234989514 3.77231322884464
0610040J01Rik 10.8106638816197 10.7162234989514 3.77231322884464
Leprot 11.7196070074919 10.7162234989514 3.77231322884464
Tm6sf1 11.273380881778 10.7162234989514 3.77231322884464
Cklf 11.3324839569912 10.7162234989514 3.77231322884464
Cd177 8.01898297885642 10.7162234989514 3.77231322884464
Casp8 9.83591177234681 10.7162234989514 3.77231322884464
Tmed5 10.4601759587631 10.7162234989514 3.77231322884464
F11r 12.1638127271072 10.7162234989514 3.77231322884464
Eva1a 8.63294613398656 10.7162234989514 3.77231322884464
Acp2 10.6226786664195 10.7162234989514 3.77231322884464
Mfap3 11.4258563297422 10.7162234989514 3.77231322884464
Reep3 10.7593284719606 10.7162234989514 3.77231322884464
Tor4a 10.4213155961976 10.7162234989514 3.77231322884464
Ptbp1 9.02225932629817 10.7162234989514 3.77231322884464
Lpxn 10.730982217212 10.7162234989514 3.77231322884464
Siglec5 8.337886172674 10.7162234989514 3.77231322884464
Orai1 9.77379747001131 10.7162234989514 3.77231322884464
Fcrl1 9.27554865404005 10.7162234989514 3.77231322884464
Csf1 9.80595405056766 10.7162234989514 3.77231322884464
Sppl2a 11.1847931951435 10.7162234989514 3.77231322884464
Clcc1 8.84964031540294 10.7162234989514 3.77231322884464
P2ry6 11.5909433501351 10.7162234989514 3.77231322884464
Wsb1 12.1955534450875 10.7162234989514 3.77231322884464
H2-K1 12.7949568117272 10.7162234989514 3.77231322884464
Slc3a2 12.5439222171533 10.7162234989514 3.77231322884464
Tgfbr2 12.4312251246194 10.7162234989514 3.77231322884464
H2-Ab1 8.4512011309411 10.7162234989514 3.77231322884464
Ceacam1 8.73427463823456 10.7162234989514 3.77231322884464
Mlph 9.52478746573067 10.7162234989514 3.77231322884464
Ncf1 9.01873662127703 10.7162234989514 3.77231322884464
Il13ra1 9.69650941211153 10.7162234989514 3.77231322884464
Adap2 10.4876327911899 10.7162234989514 3.77231322884464
Elovl1 10.5746736199238 10.7162234989514 3.77231322884464
Akr1b10 8.35430474274704 10.7162234989514 3.77231322884464
Lrba 12.293139019726 10.7162234989514 3.77231322884464
Pld1 10.7880824610021 10.7162234989514 3.77231322884464
Pon2 9.26937417743214 10.7162234989514 3.77231322884464
Ggnbp2 8.88683207954564 10.7162234989514 3.77231322884464
Capn3 10.437566906065 10.7162234989514 3.77231322884464
Gem 8.28009388336886 10.7162234989514 3.77231322884464
Btg1 12.8272407508816 10.7162234989514 3.77231322884464
Tor1aip1 9.84392113236668 10.7162234989514 3.77231322884464
ND5 11.9712888648361 10.7162234989514 3.77231322884464
Rrbp1 12.1135184174842 10.7162234989514 3.77231322884464
Clk1 11.9971319270739 10.7162234989514 3.77231322884464
Cst3 14.3934651708334 10.7162234989514 3.77231322884464
Vwa5a 10.3690918760756 10.7162234989514 3.77231322884464
Arrb2 11.5161791808491 10.7162234989514 3.77231322884464
Pros1 11.4244912078995 10.7162234989514 3.77231322884464
Snx20 9.44398648759649 10.7162234989514 3.77231322884464
Rin2 10.1302854085197 10.7162234989514 3.77231322884464
Arhgdib 10.7800288131728 10.7162234989514 3.77231322884464
Tifa 10.6649959627868 10.7162234989514 3.77231322884464
P4ha1 10.0522266916555 10.7162234989514 3.77231322884464
Scpep1 11.1953957844899 10.7162234989514 3.77231322884464
Arhgap17 11.0358082941061 10.7162234989514 3.77231322884464
Slc46a1 9.39593470371558 10.7162234989514 3.77231322884464
Parp12 9.52345845288495 10.7162234989514 3.77231322884464
Trim47 10.122871565472 10.7162234989514 3.77231322884464
Lgals3 8.71732817427299 10.7162234989514 3.77231322884464
Ddx26b 12.2655895521916 10.7162234989514 3.77231322884464
Slc25a45 10.8783954265567 10.7162234989514 3.77231322884464
Cln5 10.8301910413553 10.7162234989514 3.77231322884464
Jmjd1c 12.7042728123964 10.7162234989514 3.77231322884464
Plcg2 11.2395812321787 10.7162234989514 3.77231322884464
Mlxip 11.0131464704826 10.7162234989514 3.77231322884464
Arsg 8.21968836256545 10.7162234989514 3.77231322884464
Sash3 11.2528818012755 10.7162234989514 3.77231322884464
Themis2 9.94919523666928 10.7162234989514 3.77231322884464
Smo 8.91822177549275 10.7162234989514 3.77231322884464
Mpeg1 13.5339312443488 10.7162234989514 3.77231322884464
Xist 12.7732517233129 10.7162234989514 3.77231322884464
Cd48 9.99176185857167 10.7162234989514 3.77231322884464
Akna 10.5978331936346 10.7162234989514 3.77231322884464
2810474O19Rik 10.2420219780856 10.7162234989514 3.77231322884464
Fes 10.5840546362038 10.7162234989514 3.77231322884464
Cep152 9.68353142517718 10.7162234989514 3.77231322884464
B2m 13.2088860971046 10.7162234989514 3.77231322884464
Gsap 7.5615053421719 10.7162234989514 3.77231322884464
Ifnar2 10.7729811608627 10.7162234989514 3.77231322884464
Ccrl2 11.4107831106411 10.7162234989514 3.77231322884464
Lcn2 11.7182561949748 10.7162234989514 3.77231322884464
Hbb-b2 7.86146929235822 10.7162234989514 3.77231322884464
Myo1g 9.04216166021584 10.7162234989514 3.77231322884464
Tmem173 11.1696407087511 10.7162234989514 3.77231322884464
AF251705 12.0057126252299 10.7162234989514 3.77231322884464
Arap1 9.17388595229217 10.7162234989514 3.77231322884464
Slc44a2 11.9413160808351 10.7162234989514 3.77231322884464
Hmha1 10.4487011332694 10.7162234989514 3.77231322884464
Ebf3 7.92178463883767 10.7162234989514 3.77231322884464
Snhg5 10.2509022883748 10.7162234989514 3.77231322884464
Rreb1 9.66195512280759 10.7162234989514 3.77231322884464
Gmip 10.2055870255081 10.7162234989514 3.77231322884464
Nckap1l 11.1526856630168 10.7162234989514 3.77231322884464
Macf1 10.1063783420102 10.7162234989514 3.77231322884464
Abcc3 9.7509259850256 10.7162234989514 3.77231322884464
Rnf130 12.3284705937932 10.7162234989514 3.77231322884464
Rhoh 10.7637079698635 10.7162234989514 3.77231322884464
1700017B05Rik 11.7522974287947 10.7162234989514 3.77231322884464
2810043O03Rik 8.32709215618797 10.7162234989514 3.77231322884464
Gusb 11.4803411718158 10.7162234989514 3.77231322884464
Lair1 10.6612900224916 10.7162234989514 3.77231322884464
P2ry12 12.4385715566921 10.7162234989514 3.77231322884464
Rffl 9.95681769336364 10.7162234989514 3.77231322884464
Nfkbie 8.36904693020926 10.7162234989514 3.77231322884464
Fubp1 7.89113026849548 10.7162234989514 3.77231322884464
Gns 13.1945394087721 10.7162234989514 3.77231322884464
Epb4.1l2 12.5432840929574 10.7162234989514 3.77231322884464
Wnk1 11.4737635469995 10.7162234989514 3.77231322884464
Pld4 12.1700437011819 10.7162234989514 3.77231322884464
Lrrfip1 10.7224886700699 10.7162234989514 3.77231322884464
AU020206 9.79768698851007 10.7162234989514 3.77231322884464
Fermt3 11.4207362066657 10.7162234989514 3.77231322884464
Tgif2 9.9426138283241 10.7162234989514 3.77231322884464
Lrrc8a 10.9446334559641 10.7162234989514 3.77231322884464
Tpp1 10.3096347618013 10.7162234989514 3.77231322884464
Ankrd44 11.5679366187782 10.7162234989514 3.77231322884464
Kctd12 12.099676793357 10.7162234989514 3.77231322884464
Mtdh 11.7398869929798 10.7162234989514 3.77231322884464
Derl2 10.680099364936 10.7162234989514 3.77231322884464
H2-Aa 11.2644036954394 10.7162234989514 3.77231322884464
Fam105a 11.8820924454901 10.7162234989514 3.77231322884464
Herpud1 12.5116726598182 10.7162234989514 3.77231322884464
2610528A11Rik 7.85521558302243 10.7162234989514 3.77231322884464
Cytip 8.69693750599179 10.7162234989514 3.77231322884464
Cd300a 10.0530239896872 10.7162234989514 3.77231322884464
Ppp1r14b 10.60262239368 10.7162234989514 3.77231322884464
Wipf1 10.3652831365882 10.7162234989514 3.77231322884464
Tmem179b 9.57494076147868 10.7162234989514 3.77231322884464
Lyz1 12.2502412289951 10.7162234989514 3.77231322884464
Gba 11.2287870793047 10.7162234989514 3.77231322884464
Zfp110 10.6738601357144 10.7162234989514 3.77231322884464
Clcf1 8.68466038510135 10.7162234989514 3.77231322884464
Adrb2 8.29734945321406 10.7162234989514 3.77231322884464
Hmgb2 9.04290768492065 10.7162234989514 3.77231322884464
Lrrk1 9.1635528470806 10.7162234989514 3.77231322884464
P4hb 12.784702527291 10.7162234989514 3.77231322884464
Zfp36l2 12.4004422821899 10.7162234989514 3.77231322884464
Ppib 12.5061263632931 10.7162234989514 3.77231322884464
Il10ra 11.9867649941734 10.7162234989514 3.77231322884464
Hexb 13.9214339669789 10.7162234989514 3.77231322884464
D530037H12Rik 10.4018822600769 10.7162234989514 3.77231322884464
Rbm5 8.25606928937062 10.7162234989514 3.77231322884464
Rab20 9.64744268247702 10.7162234989514 3.77231322884464
Grn 13.6303783372944 10.7162234989514 3.77231322884464
2510039O18Rik 8.62794223880257 10.7162234989514 3.77231322884464
Ninj1 12.3180331814826 10.7162234989514 3.77231322884464
Mavs 9.23385264584594 10.7162234989514 3.77231322884464
Bach1 11.7684659473826 10.7162234989514 3.77231322884464
Ifitm6 9.1396048659572 10.7162234989514 3.77231322884464
D9Ertd306e 8.20712585253381 10.7162234989514 3.77231322884464
C79242 8.41316050528701 10.7162234989514 3.77231322884464
Fam46c 12.2421510197398 10.7162234989514 3.77231322884464
Cox7c 7.74136635370398 10.7162234989514 3.77231322884464
Ctsd 13.8681659233396 10.7162234989514 3.77231322884464
Ctsa 12.9644748360344 10.7162234989514 3.77231322884464
Pald1 11.0128320429645 10.7162234989514 3.77231322884464
Ifngr1 12.016051864462 10.7162234989514 3.77231322884464
Ucp2 10.8156159051053 10.7162234989514 3.77231322884464
Tcn2 12.1195930224409 10.7162234989514 3.77231322884464
Anxa1 9.64055143138413 10.7162234989514 3.77231322884464
Tspan4 10.5961076445175 10.7162234989514 3.77231322884464
Cmtm3 10.0110497819572 10.7162234989514 3.77231322884464
Ppp1r15a 12.6593601245383 10.7162234989514 3.77231322884464
Lgals3bp 9.38516852690337 10.7162234989514 3.77231322884464
Slc15a4 11.356384012252 10.7162234989514 3.77231322884464
Dhrs3 10.8328899765314 10.7162234989514 3.77231322884464
Lrmp 8.89491220593798 10.7162234989514 3.77231322884464
Olfml3 13.5644607358692 10.7162234989514 3.77231322884464
Pla2g4a 9.55730250855793 10.7162234989514 3.77231322884464
Ncf2 11.109264808914 10.7162234989514 3.77231322884464
Il7r 9.22711297999003 10.7162234989514 3.77231322884464
Ctss 14.1223387589978 10.7162234989514 3.77231322884464
Cd53 12.6270729328698 10.7162234989514 3.77231322884464
Fcgr3 13.3874319809845 10.7162234989514 3.77231322884464
Hps4 12.4456398299555 10.7162234989514 3.77231322884464
Lrp1 11.092810317946 10.7162234989514 3.77231322884464
S100a9 12.2965410503709 10.7162234989514 3.77231322884464
Dusp1 14.1813580097059 10.7162234989514 3.77231322884464
Lgmn 13.4068999504885 10.7162234989514 3.77231322884464
Klf2 12.9915058739807 10.7162234989514 3.77231322884464
Fcrls 13.5200887013828 10.7162234989514 3.77231322884464
Hexa 13.3956986892364 10.7162234989514 3.77231322884464
Trip6 9.31751803635675 10.7162234989514 3.77231322884464
Tlr1 9.55990391864875 10.7162234989514 3.77231322884464
Rhob 13.3993450977518 10.7162234989514 3.77231322884464
Selplg 13.492313873689 10.7162234989514 3.77231322884464
Cd1d1 7.73376427805144 10.7162234989514 3.77231322884464
Cd68 12.2825968841945 10.7162234989514 3.77231322884464
Gpr65 7.85611733273235 10.7162234989514 3.77231322884464
Ebi3 9.38512048892932 10.7162234989514 3.77231322884464
Casp1 8.72506021576845 10.7162234989514 3.77231322884464
Csf2rb2 9.46516272602394 10.7162234989514 3.77231322884464
Atf3 13.3007390383143 10.7162234989514 3.77231322884464
C1qc 13.5695399365939 10.7162234989514 3.77231322884464
Chst7 11.0545300964632 10.7162234989514 3.77231322884464
Hck 11.7192724128215 10.7162234989514 3.77231322884464
Gcnt1 7.89240442650036 10.7162234989514 3.77231322884464
Casp4 9.17977855891737 10.7162234989514 3.77231322884464
Ly96 8.98885773803667 10.7162234989514 3.77231322884464
Lag3 9.94342037341401 10.7162234989514 3.77231322884464
Cxcl2 10.9236295592129 10.7162234989514 3.77231322884464
Ltf 11.9771261319803 10.7162234989514 3.77231322884464
Cx3cr1 12.8322911670036 10.7162234989514 3.77231322884464
H2-D1 12.6856010965553 10.7162234989514 3.77231322884464
Stab1 10.7835801182221 10.7162234989514 3.77231322884464
Evi2a 12.5801879760248 10.7162234989514 3.77231322884464
Il6 8.3523884587654 10.7162234989514 3.77231322884464
Mrc1 8.47267687587698 10.7162234989514 3.77231322884464
Cd33 8.91751905662005 10.7162234989514 3.77231322884464
Manba 9.70793053676914 10.7162234989514 3.77231322884464
Itgb2 11.8281947861841 10.7162234989514 3.77231322884464
Rgl2 11.0627483576315 10.7162234989514 3.77231322884464
Adamts1 11.3973807177838 10.7162234989514 3.77231322884464
Ang 8.67340897437916 10.7162234989514 3.77231322884464
Sh2b2 9.32069277757714 10.7162234989514 3.77231322884464
Tyrobp 12.9035612805634 10.7162234989514 3.77231322884464
Ptplad2 9.63817330010533 10.7162234989514 3.77231322884464
Slc29a3 11.6835560124248 10.7162234989514 3.77231322884464
Ctsf 10.775962901349 10.7162234989514 3.77231322884464
Vasp 10.5290974508756 10.7162234989514 3.77231322884464
Pbxip1 10.3716503756831 10.7162234989514 3.77231322884464
Emr1 12.777781853873 10.7162234989514 3.77231322884464
Nrros 12.3519497751025 10.7162234989514 3.77231322884464
Ctsl 13.139162122907 10.7162234989514 3.77231322884464
Tmem119 13.699678559052 10.7162234989514 3.77231322884464
Pnpla7 10.5843197435089 10.7162234989514 3.77231322884464
Slc46a3 9.85031592896195 10.7162234989514 3.77231322884464
Parp14 9.10437062254361 10.7162234989514 3.77231322884464
Ttr 13.1109777518357 10.7162234989514 3.77231322884464
Havcr2 10.710530075929 10.7162234989514 3.77231322884464
Alas2 9.97256535353661 10.7162234989514 3.77231322884464
Cmtm7 10.4036329494645 10.7162234989514 3.77231322884464
Mafb 10.9849900615298 10.7162234989514 3.77231322884464
Apobec1 9.7227717478305 10.7162234989514 3.77231322884464
Blnk 11.8079240962002 10.7162234989514 3.77231322884464
Tmcc3 9.16895367720384 10.7162234989514 3.77231322884464
Notch2 11.035203297165 10.7162234989514 3.77231322884464
Daglb 9.94097644340737 10.7162234989514 3.77231322884464
Alox5ap 12.5749967599795 10.7162234989514 3.77231322884464
Fyb 11.7159427823204 10.7162234989514 3.77231322884464
Sepp1 13.725757445204 10.7162234989514 3.77231322884464
H6pd 9.22358453514667 10.7162234989514 3.77231322884464
Gpr155 11.0049335254738 10.7162234989514 3.77231322884464
Sall3 9.56740794423544 10.7162234989514 3.77231322884464
Hspa1a 11.9245276178108 10.7162234989514 3.77231322884464
Slc37a2 8.79282849614854 10.7162234989514 3.77231322884464
Zfp36 13.4960506681509 10.7162234989514 3.77231322884464
Abhd15 9.92497435981129 10.7162234989514 3.77231322884464
Lmo2 12.1717394598769 10.7162234989514 3.77231322884464
Cyba 11.7749627835735 10.7162234989514 3.77231322884464
Spata13 11.8360921296241 10.7162234989514 3.77231322884464
Wasf2 12.4660305697947 10.7162234989514 3.77231322884464
Scarb2 11.7293389223241 10.7162234989514 3.77231322884464
Ptpn6 11.3292345329635 10.7162234989514 3.77231322884464
4833441D16Rik 9.33372525445037 10.7162234989514 3.77231322884464
Tec 10.1967601761071 10.7162234989514 3.77231322884464
Cd52 8.83934325002235 10.7162234989514 3.77231322884464
Irf5 10.4417221455899 10.7162234989514 3.77231322884464
Wdr81 11.507769957771 10.7162234989514 3.77231322884464
Klrd1 7.52307482814316 10.7162234989514 3.77231322884464
Naip2 10.8151812852359 10.7162234989514 3.77231322884464
Anxa3 12.9131833282778 10.7162234989514 3.77231322884464
