Ppp1r14a 11.5073499645355 7.42916710209161 4.22563202132497
Mobp 12.7060248787538 8.97097262771053 5.00560385847125
Gamt 10.8172793888553 7.4631542840734 5.9682733258641
Pdlim2 11.994992330034 8.38313546985625 5.62367969838163
Lims2 10.8383776207006 7.47585674846633 6.81712472704641
Tspan2 12.5434507357769 8.21416700250461 4.98636577100943
Ddc 10.4619845303191 6.23853273051212 5.13898006844343
Nkx6-2 9.3521037988187 5.49438272100893 4.95526510138348
Mog 11.216784015958 6.39188032606407 4.112839415524
Pllp 10.8932105342883 7.43313940844313 6.59549525089967
Josd2 11.0253119052429 7.59690380363836 6.67582661125281
S1pr5 10.627997190366 6.7450541636312 4.18161982504653
