Golm1 13.2088860971046 10.3489109611002 3.69861115642867
Ncl 8.89803829102399 10.3489109611002 3.69861115642867
Lbr 9.26026700746368 10.3489109611002 3.69861115642867
Dusp6 12.1106891877544 10.3489109611002 3.69861115642867
Sgpl1 9.65202662527855 10.3489109611002 3.69861115642867
Junb 11.5348729987463 10.3489109611002 3.69861115642867
Marcksl1 12.2032928390954 10.3489109611002 3.69861115642867
Marcks 10.1821516513047 10.3489109611002 3.69861115642867
Txnip 13.6791294028158 10.3489109611002 3.69861115642867
Klf10 10.2322983288757 10.3489109611002 3.69861115642867
Sgk1 13.2260804623238 10.3489109611002 3.69861115642867
Ankrd10 10.6161101925317 10.3489109611002 3.69861115642867
Cd9 11.7732224133317 10.3489109611002 3.69861115642867
Ifrd1 11.2428543666426 10.3489109611002 3.69861115642867
Cd34 10.3774455408259 10.3489109611002 3.69861115642867
Tpst2 11.0906169506107 10.3489109611002 3.69861115642867
Cd83 13.1517119399809 10.3489109611002 3.69861115642867
Sipa1 11.0491157826369 10.3489109611002 3.69861115642867
Coro1a 12.5292545103329 10.3489109611002 3.69861115642867
Btg2 11.4551013031419 10.3489109611002 3.69861115642867
Stk38 9.71788384478907 10.3489109611002 3.69861115642867
Tnfaip2 9.10265124910753 10.3489109611002 3.69861115642867
Litaf 12.4983539473891 10.3489109611002 3.69861115642867
Cyfip1 12.6467245474294 10.3489109611002 3.69861115642867
Lamp2 11.6194145923605 10.3489109611002 3.69861115642867
Snx18 11.9053155899221 10.3489109611002 3.69861115642867
Ctsc 12.6316085285889 10.3489109611002 3.69861115642867
Rcbtb2 9.72307900109777 10.3489109611002 3.69861115642867
Cd82 9.3157369854898 10.3489109611002 3.69861115642867
Ier2 13.4110457696294 10.3489109611002 3.69861115642867
Nr4a1 12.062949010541 10.3489109611002 3.69861115642867
Rab32 7.66476517985337 10.3489109611002 3.69861115642867
Pnp 12.8858417164647 10.3489109611002 3.69861115642867
Nfe2l2 11.3582431578503 10.3489109611002 3.69861115642867
Socs3 12.872389729541 10.3489109611002 3.69861115642867
Sparc 11.7641395212327 10.3489109611002 3.69861115642867
Scamp2 12.177112436192 10.3489109611002 3.69861115642867
Acss1 9.88171693983298 10.3489109611002 3.69861115642867
4632428N05Rik 13.023417651154 10.3489109611002 3.69861115642867
Spint1 10.3486258835977 10.3489109611002 3.69861115642867
Slc2a5 10.7420519945533 10.3489109611002 3.69861115642867
Afp 8.25927872186671 10.3489109611002 3.69861115642867
Stxbp3a 9.14589985302713 10.3489109611002 3.69861115642867
Clic1 11.3149596683149 10.3489109611002 3.69861115642867
Serpine2 12.4292988458714 10.3489109611002 3.69861115642867
Plxnb2 11.1948611499116 10.3489109611002 3.69861115642867
Irf8 12.5830920544812 10.3489109611002 3.69861115642867
Tbxas1 9.82110086955256 10.3489109611002 3.69861115642867
Slc39a8 8.53981315614105 10.3489109611002 3.69861115642867
Parvg 10.3515058485033 10.3489109611002 3.69861115642867
Mcl1 12.2087835671601 10.3489109611002 3.69861115642867
Rgs10 13.3720136026536 10.3489109611002 3.69861115642867
Numb 12.2370666835434 10.3489109611002 3.69861115642867
Rps6ka1 12.4350911117328 10.3489109611002 3.69861115642867
Parp9 9.59737310164525 10.3489109611002 3.69861115642867
Erap1 8.29621561532572 10.3489109611002 3.69861115642867
Tnfaip8 10.0379616559435 10.3489109611002 3.69861115642867
Sirpa 12.5100346647181 10.3489109611002 3.69861115642867
Mfng 10.0773132550699 10.3489109611002 3.69861115642867
Slc40a1 11.6104164701375 10.3489109611002 3.69861115642867
C1qb 13.334449855087 10.3489109611002 3.69861115642867
Egr1 14.0292728577336 10.3489109611002 3.69861115642867
Cyp4v3 11.0641916928349 10.3489109611002 3.69861115642867
Syngr2 11.4772980236412 10.3489109611002 3.69861115642867
Igtp 10.5922785032095 10.3489109611002 3.69861115642867
Usp2 11.7719760326918 10.3489109611002 3.69861115642867
Calhm2 8.56712683094756 10.3489109611002 3.69861115642867
Tmem123 9.29418178130993 10.3489109611002 3.69861115642867
Ccl6 10.2968696260595 10.3489109611002 3.69861115642867
Cd14 13.2858211222074 10.3489109611002 3.69861115642867
Plekha2 10.4311418193647 10.3489109611002 3.69861115642867
Tob2 11.2110342965434 10.3489109611002 3.69861115642867
Pycard 11.7476509071618 10.3489109611002 3.69861115642867
C1qa 13.2023340640432 10.3489109611002 3.69861115642867
Il16 10.5721616851226 10.3489109611002 3.69861115642867
Slc7a7 10.8083190565862 10.3489109611002 3.69861115642867
Klf4 12.6915189251281 10.3489109611002 3.69861115642867
Sertad1 10.5663023888607 10.3489109611002 3.69861115642867
Jun 13.1617299805308 10.3489109611002 3.69861115642867
Srgn 13.2068622416084 10.3489109611002 3.69861115642867
Myh9 12.4734956086251 10.3489109611002 3.69861115642867
Nfkbiz 12.6004495355117 10.3489109611002 3.69861115642867
Tgm2 11.642946111078 10.3489109611002 3.69861115642867
Plek 13.0477422121131 10.3489109611002 3.69861115642867
Itgb5 13.2913066952736 10.3489109611002 3.69861115642867
Elf1 9.02649072365098 10.3489109611002 3.69861115642867
Rgs1 11.0898478208524 10.3489109611002 3.69861115642867
Tmem37 9.69660450980894 10.3489109611002 3.69861115642867
Ier5 13.0763760033494 10.3489109611002 3.69861115642867
Rac2 9.65733636411487 10.3489109611002 3.69861115642867
Nfatc1 9.99637924524422 10.3489109611002 3.69861115642867
Mknk1 10.800314167277 10.3489109611002 3.69861115642867
Snx5 12.5389716579728 10.3489109611002 3.69861115642867
Elk3 10.437348137504 10.3489109611002 3.69861115642867
Naglu 9.15316717727129 10.3489109611002 3.69861115642867
Laptm5 13.2497958585741 10.3489109611002 3.69861115642867
Tjp1 12.0525883185267 10.3489109611002 3.69861115642867
Slc25a37 10.7966850520022 10.3489109611002 3.69861115642867
Serinc3 10.9280820038238 10.3489109611002 3.69861115642867
Ctsz 13.0485403305481 10.3489109611002 3.69861115642867
Fcgr1 12.2838802885119 10.3489109611002 3.69861115642867
Slc16a6 11.5411253999105 10.3489109611002 3.69861115642867
Pdlim4 9.52654344568754 10.3489109611002 3.69861115642867
Slc7a8 10.3858843005765 10.3489109611002 3.69861115642867
Il18 11.3508101963647 10.3489109611002 3.69861115642867
Ccl9 11.3508771596472 10.3489109611002 3.69861115642867
Trim30a 9.8600658104235 10.3489109611002 3.69861115642867
Tmem176b 13.0534256974988 10.3489109611002 3.69861115642867
B4galt1 10.9185743862039 10.3489109611002 3.69861115642867
Tnfrsf1b 11.7294024065306 10.3489109611002 3.69861115642867
Inpp5d 12.4783900860876 10.3489109611002 3.69861115642867
Tlr4 9.37755048286687 10.3489109611002 3.69861115642867
Pmaip1 7.91264692829158 10.3489109611002 3.69861115642867
Aif1 11.8099905233592 10.3489109611002 3.69861115642867
Il15 7.680079358248 10.3489109611002 3.69861115642867
Syk 11.1736838971837 10.3489109611002 3.69861115642867
Klf6 12.1197284009329 10.3489109611002 3.69861115642867
Crybb1 12.2532048432707 10.3489109611002 3.69861115642867
Fem1b 8.70991737467351 10.3489109611002 3.69861115642867
Fcer1g 12.6825054501545 10.3489109611002 3.69861115642867
Ctsh 12.8742742032151 10.3489109611002 3.69861115642867
Gpsm3 9.5878408034758 10.3489109611002 3.69861115642867
Ncf4 10.7305401881173 10.3489109611002 3.69861115642867
Nrip1 11.7630520200561 10.3489109611002 3.69861115642867
Ggta1 10.3021085784473 10.3489109611002 3.69861115642867
Calcrl 7.87647545215041 10.3489109611002 3.69861115642867
Ptpre 10.843721694117 10.3489109611002 3.69861115642867
Sf3b1 11.1793132126553 10.3489109611002 3.69861115642867
Lcp2 10.4299333406719 10.3489109611002 3.69861115642867
Ngp 12.2995043542679 10.3489109611002 3.69861115642867
Spi1 10.3859436109085 10.3489109611002 3.69861115642867
Atp7a 10.1676606708827 10.3489109611002 3.69861115642867
Csf3r 10.5303261448833 10.3489109611002 3.69861115642867
Ms4a6b 11.2757685053458 10.3489109611002 3.69861115642867
Hcls1 8.63630419546985 10.3489109611002 3.69861115642867
Pabpc1 11.2298634617249 10.3489109611002 3.69861115642867
Cebpb 11.6743509032076 10.3489109611002 3.69861115642867
Plxdc2 12.0529683323577 10.3489109611002 3.69861115642867
Cxcl10 9.7662958946731 10.3489109611002 3.69861115642867
Maff 10.1052633096456 10.3489109611002 3.69861115642867
Cysltr1 9.23363767777187 10.3489109611002 3.69861115642867
Cebpa 9.78114583046527 10.3489109611002 3.69861115642867
Cttnbp2nl 11.7692220388043 10.3489109611002 3.69861115642867
Lyl1 10.013448973115 10.3489109611002 3.69861115642867
Ptpn18 10.350655093353 10.3489109611002 3.69861115642867
Tlr2 11.864186632689 10.3489109611002 3.69861115642867
Serpine1 9.57269546409715 10.3489109611002 3.69861115642867
Sox4 10.0789976366356 10.3489109611002 3.69861115642867
Mlxipl 10.5927739153422 10.3489109611002 3.69861115642867
Cd37 10.9462016903761 10.3489109611002 3.69861115642867
Map3k8 10.1917146557049 10.3489109611002 3.69861115642867
Rgs2 12.7232804969309 10.3489109611002 3.69861115642867
Myd88 10.7885966963584 10.3489109611002 3.69861115642867
Ccl12 10.4751595691536 10.3489109611002 3.69861115642867
Arhgap4 9.38418443524174 10.3489109611002 3.69861115642867
H2-Oa 8.62773488286702 10.3489109611002 3.69861115642867
Pon3 9.10935515291671 10.3489109611002 3.69861115642867
Slamf9 11.2066876411094 10.3489109611002 3.69861115642867
S100a8 12.9638824039872 10.3489109611002 3.69861115642867
C3ar1 11.6182149621142 10.3489109611002 3.69861115642867
Ripk1 10.1083880816926 10.3489109611002 3.69861115642867
Fgd2 12.1293203269256 10.3489109611002 3.69861115642867
Rela 11.9778670098948 10.3489109611002 3.69861115642867
Ccl3 13.5496556060224 10.3489109611002 3.69861115642867
Ms4a6d 11.498084859003 10.3489109611002 3.69861115642867
Tnf 9.85321288324176 10.3489109611002 3.69861115642867
Was 7.77846383705685 10.3489109611002 3.69861115642867
Ier3 13.5855914649438 10.3489109611002 3.69861115642867
Camp 11.8351935968853 10.3489109611002 3.69861115642867
Ltc4s 9.75785052472813 10.3489109611002 3.69861115642867
Klk8 10.1637978906065 10.3489109611002 3.69861115642867
Actb 12.509862566558 10.3489109611002 3.69861115642867
Chil3 10.6986949112657 10.3489109611002 3.69861115642867
Arap3 10.0084235335535 10.3489109611002 3.69861115642867
Tlr7 11.1690114771889 10.3489109611002 3.69861115642867
Tnpo1 10.129800738575 10.3489109611002 3.69861115642867
Csf1r 14.0292728577336 10.3489109611002 3.69861115642867
Trim25 10.7654788423984 10.3489109611002 3.69861115642867
Hpgd 11.9284845304822 10.3489109611002 3.69861115642867
Nfatc3 8.96048800585521 10.3489109611002 3.69861115642867
Rab3il1 10.4344246472987 10.3489109611002 3.69861115642867
Mcm3 8.86157244294894 10.3489109611002 3.69861115642867
Hnrnpdl 8.89871286714872 10.3489109611002 3.69861115642867
Pttg1ip 11.4936932253989 10.3489109611002 3.69861115642867
Slc6a6 9.27401350917773 10.3489109611002 3.69861115642867
Gdap10 8.70005361056442 10.3489109611002 3.69861115642867
Slc11a1 11.348119903574 10.3489109611002 3.69861115642867
Hnrnpa2b1 10.3678589554357 10.3489109611002 3.69861115642867
Ccl2 9.39365889899599 10.3489109611002 3.69861115642867
Cd86 11.7078926817195 10.3489109611002 3.69861115642867
Prkd3 9.75622982659752 10.3489109611002 3.69861115642867
Gpr84 11.5922078227709 10.3489109611002 3.69861115642867
Vamp8 11.7887532870376 10.3489109611002 3.69861115642867
Tcirg1 11.327613036728 10.3489109611002 3.69861115642867
Sqrdl 11.0525062877998 10.3489109611002 3.69861115642867
Trim12a 8.60607054794922 10.3489109611002 3.69861115642867
Zfhx3 11.2458196415341 10.3489109611002 3.69861115642867
Slc15a3 11.5031029092383 10.3489109611002 3.69861115642867
Clec7a 9.10343532556032 10.3489109611002 3.69861115642867
Rel 9.37584581713377 10.3489109611002 3.69861115642867
Sla 12.412369723073 10.3489109611002 3.69861115642867
Itga9 7.48681708147096 10.3489109611002 3.69861115642867
Tgfbr1 13.4953964323281 10.3489109611002 3.69861115642867
Snap23 8.30473877019984 10.3489109611002 3.69861115642867
Mapk8 7.73026697192113 10.3489109611002 3.69861115642867
Asph 11.1601915655921 10.3489109611002 3.69861115642867
Ivns1abp 12.7570757853562 10.3489109611002 3.69861115642867
Adcy7 12.0401852065097 10.3489109611002 3.69861115642867
Rbm39 10.3141735206265 10.3489109611002 3.69861115642867
Mef2c 11.6250445182649 10.3489109611002 3.69861115642867
Vamp3 10.8922604019769 10.3489109611002 3.69861115642867
Bmp2k 11.469593488735 10.3489109611002 3.69861115642867
Gpr56 11.1072648016331 10.3489109611002 3.69861115642867
Lgals9 9.7144470271434 10.3489109611002 3.69861115642867
Bco2 8.71139937372906 10.3489109611002 3.69861115642867
Trem2 11.3744113100813 10.3489109611002 3.69861115642867
Gna15 8.98838653928669 10.3489109611002 3.69861115642867
Bach2 8.81323555007668 10.3489109611002 3.69861115642867
Clec5a 8.13171145547263 10.3489109611002 3.69861115642867
Myo7a 9.61175632860521 10.3489109611002 3.69861115642867
Birc3 10.6680989517335 10.3489109611002 3.69861115642867
Igsf6 8.76352354526292 10.3489109611002 3.69861115642867
Npnt 8.13299376102998 10.3489109611002 3.69861115642867
Samsn1 9.02117009275432 10.3489109611002 3.69861115642867
Il1a 10.5627537042988 10.3489109611002 3.69861115642867
Hpgds 9.22555193578103 10.3489109611002 3.69861115642867
Naip5 11.1748062850229 10.3489109611002 3.69861115642867
Ccl4 12.655502757357 10.3489109611002 3.69861115642867
Klf3 8.53631488900221 10.3489109611002 3.69861115642867
Itpr2 10.9235418495534 10.3489109611002 3.69861115642867
Stat6 10.5002673668222 10.3489109611002 3.69861115642867
Glrp1 7.89296047511651 10.3489109611002 3.69861115642867
Phxr1 9.55428321825257 10.3489109611002 3.69861115642867
Abca1 12.0522527378122 10.3489109611002 3.69861115642867
Adam17 10.5698610751329 10.3489109611002 3.69861115642867
Dapp1 10.6616079104408 10.3489109611002 3.69861115642867
Stag1 10.1321718453473 10.3489109611002 3.69861115642867
Igfbp4 8.23482853972127 10.3489109611002 3.69861115642867
Clec4a2 10.2600474435221 10.3489109611002 3.69861115642867
Fli1 10.0941254445629 10.3489109611002 3.69861115642867
Ets1 9.55277010530181 10.3489109611002 3.69861115642867
Ptprc 12.5235480291392 10.3489109611002 3.69861115642867
Fosb 11.9510983205342 10.3489109611002 3.69861115642867
Ccr5 11.7396919362898 10.3489109611002 3.69861115642867
Il6ra 12.6715970650916 10.3489109611002 3.69861115642867
Phxr4 9.18649240397513 10.3489109611002 3.69861115642867
Tgif1 8.50945088524124 10.3489109611002 3.69861115642867
Pla2g15 12.3259450180791 10.3489109611002 3.69861115642867
Ifi30 11.3781163789488 10.3489109611002 3.69861115642867
Bnip2 10.7697956275363 10.3489109611002 3.69861115642867
Zfp36l1 12.7051334383384 10.3489109611002 3.69861115642867
Gpr34 12.096128861767 10.3489109611002 3.69861115642867
Rrad 10.1172735062529 10.3489109611002 3.69861115642867
Ndel1 9.39722597598048 10.3489109611002 3.69861115642867
Rhog 11.2153941245626 10.3489109611002 3.69861115642867
Rnase4 13.1184612117893 10.3489109611002 3.69861115642867
Hk2 12.3862706589026 10.3489109611002 3.69861115642867
Fam111a 8.63296054191287 10.3489109611002 3.69861115642867
Hfe 11.337741662807 10.3489109611002 3.69861115642867
Naalad2 9.76797067590899 10.3489109611002 3.69861115642867
Pik3cg 10.1956130518895 10.3489109611002 3.69861115642867
Zeb2 11.4200634065622 10.3489109611002 3.69861115642867
Btk 9.78197374603171 10.3489109611002 3.69861115642867
Tlr3 9.64446847867037 10.3489109611002 3.69861115642867
Prkcd 11.3204144141644 10.3489109611002 3.69861115642867
Mertk 13.1217916703296 10.3489109611002 3.69861115642867
Cd84 9.78822716908046 10.3489109611002 3.69861115642867
Ly86 13.8305038298173 10.3489109611002 3.69861115642867
Vav1 10.4293295887311 10.3489109611002 3.69861115642867
Pag1 12.7340021971061 10.3489109611002 3.69861115642867
Fos 13.9437278525404 10.3489109611002 3.69861115642867
Srsf5 12.4801030161841 10.3489109611002 3.69861115642867
Cfh 11.031443374587 10.3489109611002 3.69861115642867
Tnfrsf13b 9.62154101704082 10.3489109611002 3.69861115642867
Arhgap5 9.78794387400341 10.3489109611002 3.69861115642867
Ncor1 9.35972983317006 10.3489109611002 3.69861115642867
Cebpd 10.4638830746908 10.3489109611002 3.69861115642867
Luc7l2 10.585512343916 10.3489109611002 3.69861115642867
Hhex 10.1791275378831 10.3489109611002 3.69861115642867
Entpd1 9.37032387449548 10.3489109611002 3.69861115642867
Ptgs1 12.2066936221392 10.3489109611002 3.69861115642867
Adrb1 10.605744756129 10.3489109611002 3.69861115642867
Phip 9.93381226911831 10.3489109611002 3.69861115642867
Rock1 9.89063984973382 10.3489109611002 3.69861115642867
Stk17b 9.76929078464475 10.3489109611002 3.69861115642867
Tab2 11.94933585117 10.3489109611002 3.69861115642867
Frrs1 10.4433587610755 10.3489109611002 3.69861115642867
Lyz2 12.4203041170638 10.3489109611002 3.69861115642867
Ssfa2 10.5053173268952 10.3489109611002 3.69861115642867
Ccnl1 12.9368942943523 10.3489109611002 3.69861115642867
Galnt4 9.34294526677315 10.3489109611002 3.69861115642867
Ctc1 11.684666568769 10.3489109611002 3.69861115642867
Pdk1 10.5414287781071 10.3489109611002 3.69861115642867
Unc93b1 11.4209147437175 10.3489109611002 3.69861115642867
Mob1a 11.6102028819568 10.3489109611002 3.69861115642867
Cmtm6 12.3089984078596 10.3489109611002 3.69861115642867
Sfpq 11.5973070285364 10.3489109611002 3.69861115642867
Tmem63a 11.3090792003542 10.3489109611002 3.69861115642867
Celf2 11.2253677506032 10.3489109611002 3.69861115642867
Tmem176a 10.8884133112011 10.3489109611002 3.69861115642867
Tspan14 11.1207155751017 10.3489109611002 3.69861115642867
Celf1 9.77048932805889 10.3489109611002 3.69861115642867
Lpcat3 11.5785330904885 10.3489109611002 3.69861115642867
Abl1 11.1804894374133 10.3489109611002 3.69861115642867
Pxn 11.8707334790657 10.3489109611002 3.69861115642867
Hvcn1 10.2816397991105 10.3489109611002 3.69861115642867
Srsf7 12.2179384855055 10.3489109611002 3.69861115642867
Edem1 10.6216568370496 10.3489109611002 3.69861115642867
Icam1 12.0685839298591 10.3489109611002 3.69861115642867
Ptbp3 11.2472405918636 10.3489109611002 3.69861115642867
Oaf 8.51310185570322 10.3489109611002 3.69861115642867
Rbl1 8.55134046564386 10.3489109611002 3.69861115642867
Rcsd1 12.2491457547791 10.3489109611002 3.69861115642867
Npl 10.001127646462 10.3489109611002 3.69861115642867
Tmem140 8.43942036859799 10.3489109611002 3.69861115642867
Vps37b 9.94260052778898 10.3489109611002 3.69861115642867
0610040J01Rik 10.7636422265407 10.3489109611002 3.69861115642867
Leprot 11.7722372620618 10.3489109611002 3.69861115642867
Trit1 10.1042982360427 10.3489109611002 3.69861115642867
Cklf 11.3887159381797 10.3489109611002 3.69861115642867
Cd177 7.89852531580111 10.3489109611002 3.69861115642867
Casp8 9.83466998065678 10.3489109611002 3.69861115642867
Tmed5 10.6438973211329 10.3489109611002 3.69861115642867
F11r 12.1660086110926 10.3489109611002 3.69861115642867
Ddx6 10.6508188377317 10.3489109611002 3.69861115642867
Ifi35 9.19995898169176 10.3489109611002 3.69861115642867
Eva1a 8.59272796994992 10.3489109611002 3.69861115642867
Mfap3 11.5292136076852 10.3489109611002 3.69861115642867
Reep3 10.7838089345004 10.3489109611002 3.69861115642867
Tor4a 10.3275630348071 10.3489109611002 3.69861115642867
Cep68 9.44244162444605 10.3489109611002 3.69861115642867
Trim34a 8.56320405975431 10.3489109611002 3.69861115642867
Rnf2 11.2489843698552 10.3489109611002 3.69861115642867
Ptbp1 9.13537300639005 10.3489109611002 3.69861115642867
Trib1 9.86087216117656 10.3489109611002 3.69861115642867
Lpxn 10.7589192457976 10.3489109611002 3.69861115642867
Siglec5 8.37803746411404 10.3489109611002 3.69861115642867
Mylip 12.4448215476567 10.3489109611002 3.69861115642867
Fgd4 7.47632743612288 10.3489109611002 3.69861115642867
Fcrl1 9.2345619860761 10.3489109611002 3.69861115642867
Snx6 8.78338560963754 10.3489109611002 3.69861115642867
Sppl2a 11.2656068290913 10.3489109611002 3.69861115642867
Clcc1 8.84342686585932 10.3489109611002 3.69861115642867
P2ry6 11.5687601975602 10.3489109611002 3.69861115642867
Wsb1 12.2689369964062 10.3489109611002 3.69861115642867
Rgs3 11.2662566739639 10.3489109611002 3.69861115642867
Rab43 9.80485998425089 10.3489109611002 3.69861115642867
Tgfbr2 12.4852370462276 10.3489109611002 3.69861115642867
Zfp62 8.95853031890982 10.3489109611002 3.69861115642867
Ceacam1 8.89348245863094 10.3489109611002 3.69861115642867
Mlph 9.42445206203504 10.3489109611002 3.69861115642867
Ptprj 8.46289822394071 10.3489109611002 3.69861115642867
Il13ra1 9.86451620775328 10.3489109611002 3.69861115642867
Adap2 10.5685173068896 10.3489109611002 3.69861115642867
Akr1b10 8.35011600348348 10.3489109611002 3.69861115642867
Lrba 12.2919124748407 10.3489109611002 3.69861115642867
Pld1 10.7972506121956 10.3489109611002 3.69861115642867
Suv420h1 9.71517409184197 10.3489109611002 3.69861115642867
Ggnbp2 9.14383515526131 10.3489109611002 3.69861115642867
Capn3 10.5561819143241 10.3489109611002 3.69861115642867
Btg1 12.8116682446636 10.3489109611002 3.69861115642867
ND5 12.0185280894261 10.3489109611002 3.69861115642867
Rrbp1 12.1145818395139 10.3489109611002 3.69861115642867
Clk1 11.9513540021191 10.3489109611002 3.69861115642867
Glul 11.7849610224289 10.3489109611002 3.69861115642867
Arrb2 11.4717203569511 10.3489109611002 3.69861115642867
Pros1 11.415313090188 10.3489109611002 3.69861115642867
Ifih1 8.88841546660143 10.3489109611002 3.69861115642867
Frmd4b 12.1904726516763 10.3489109611002 3.69861115642867
Rin2 10.0137972126995 10.3489109611002 3.69861115642867
Plcl2 12.1294202573106 10.3489109611002 3.69861115642867
Arhgdib 10.677726097009 10.3489109611002 3.69861115642867
Tifa 10.6723597482397 10.3489109611002 3.69861115642867
Rnasel 8.55347724571796 10.3489109611002 3.69861115642867
Arhgap17 11.1079285558079 10.3489109611002 3.69861115642867
Phgdh 10.9712292951051 10.3489109611002 3.69861115642867
Parp12 9.33903499881959 10.3489109611002 3.69861115642867
Trim47 10.0914805439239 10.3489109611002 3.69861115642867
Rab8b 12.1559979965629 10.3489109611002 3.69861115642867
Ddx26b 12.2468247856479 10.3489109611002 3.69861115642867
Slc25a45 10.8446724447982 10.3489109611002 3.69861115642867
Jmjd1c 12.6964155907754 10.3489109611002 3.69861115642867
Rps9 12.5848141252414 10.3489109611002 3.69861115642867
Sash3 11.2827116875116 10.3489109611002 3.69861115642867
Themis2 10.0072343518523 10.3489109611002 3.69861115642867
Stard8 9.0910710928602 10.3489109611002 3.69861115642867
Mpeg1 13.5781184656323 10.3489109611002 3.69861115642867
Hspa1b 12.6715792604311 10.3489109611002 3.69861115642867
Pcf11 9.47016745398787 10.3489109611002 3.69861115642867
Kdm6a 7.55932859873304 10.3489109611002 3.69861115642867
Xist 12.7814738520482 10.3489109611002 3.69861115642867
Cd48 10.0036336466823 10.3489109611002 3.69861115642867
Akna 10.6519382313125 10.3489109611002 3.69861115642867
2810474O19Rik 10.2582255456019 10.3489109611002 3.69861115642867
Sult1a1 9.83315975441973 10.3489109611002 3.69861115642867
Fes 10.6453727108248 10.3489109611002 3.69861115642867
Myo1b 8.29038298455648 10.3489109611002 3.69861115642867
Cep152 9.46016705782019 10.3489109611002 3.69861115642867
B2m 13.1977909317878 10.3489109611002 3.69861115642867
Diap2 10.2534156378815 10.3489109611002 3.69861115642867
Egr2 11.2779367742076 10.3489109611002 3.69861115642867
Ccrl2 11.412796081801 10.3489109611002 3.69861115642867
Hbb-b2 7.85273730267384 10.3489109611002 3.69861115642867
Gimap6 8.35675485784954 10.3489109611002 3.69861115642867
Myo1g 9.16480303343511 10.3489109611002 3.69861115642867
Tmem173 11.0209006256616 10.3489109611002 3.69861115642867
Dicer1 9.56712161734664 10.3489109611002 3.69861115642867
BC028528 8.86286621957845 10.3489109611002 3.69861115642867
Erbb2ip 11.0004376177812 10.3489109611002 3.69861115642867
AF251705 12.004730998868 10.3489109611002 3.69861115642867
Arap1 9.10079518529151 10.3489109611002 3.69861115642867
Hmha1 10.4033953674837 10.3489109611002 3.69861115642867
Chn2 8.39980303418484 10.3489109611002 3.69861115642867
Rreb1 9.70547877386974 10.3489109611002 3.69861115642867
Gmip 10.1713248884895 10.3489109611002 3.69861115642867
Nckap1l 11.1568327951404 10.3489109611002 3.69861115642867
Atad2b 10.0724034854329 10.3489109611002 3.69861115642867
Abcc3 9.76277744586897 10.3489109611002 3.69861115642867
Rhoh 10.549623104043 10.3489109611002 3.69861115642867
1700017B05Rik 11.7692217223209 10.3489109611002 3.69861115642867
2810043O03Rik 8.44135319965957 10.3489109611002 3.69861115642867
Gusb 11.5188785741544 10.3489109611002 3.69861115642867
Lair1 10.6130187631943 10.3489109611002 3.69861115642867
P2ry12 12.4746819840061 10.3489109611002 3.69861115642867
Rnf19b 9.48505322764021 10.3489109611002 3.69861115642867
Fubp1 7.87516806308546 10.3489109611002 3.69861115642867
Epb4.1l2 12.5141878325852 10.3489109611002 3.69861115642867
Pld4 12.0206051656766 10.3489109611002 3.69861115642867
Sesn1 11.2974237827995 10.3489109611002 3.69861115642867
D15Ertd621e 10.1076206667302 10.3489109611002 3.69861115642867
Nisch 8.62180777785386 10.3489109611002 3.69861115642867
Lrrfip1 10.9400431244598 10.3489109611002 3.69861115642867
AU020206 9.79188957346073 10.3489109611002 3.69861115642867
Fermt3 11.3312647513459 10.3489109611002 3.69861115642867
AW112010 8.18369323968373 10.3489109611002 3.69861115642867
Tgif2 9.99623865035626 10.3489109611002 3.69861115642867
Arhgap39 8.58839385400266 10.3489109611002 3.69861115642867
Plk3 11.1217064828555 10.3489109611002 3.69861115642867
Dennd4c 8.60705417353 10.3489109611002 3.69861115642867
Ankrd44 11.6744535697079 10.3489109611002 3.69861115642867
Kctd12 12.185543532286 10.3489109611002 3.69861115642867
H2-Aa 10.7894269702174 10.3489109611002 3.69861115642867
Fam105a 11.8900076562701 10.3489109611002 3.69861115642867
Herpud1 12.5159313960105 10.3489109611002 3.69861115642867
2610528A11Rik 7.86623713531595 10.3489109611002 3.69861115642867
Cytip 8.54441124322247 10.3489109611002 3.69861115642867
Cd300a 9.88309640091064 10.3489109611002 3.69861115642867
Osbpl11 9.85663628268376 10.3489109611002 3.69861115642867
Tmem71 7.88522201218847 10.3489109611002 3.69861115642867
Wipf1 10.4629969820139 10.3489109611002 3.69861115642867
Lyz1 12.1662559978148 10.3489109611002 3.69861115642867
Clcf1 8.65510766759181 10.3489109611002 3.69861115642867
Adrb2 8.04029829865073 10.3489109611002 3.69861115642867
Hmgb2 8.93163848816194 10.3489109611002 3.69861115642867
Lrrk1 9.2169215889832 10.3489109611002 3.69861115642867
Zfp36l2 12.439882687873 10.3489109611002 3.69861115642867
Il10ra 11.9839212283458 10.3489109611002 3.69861115642867
Hexb 13.9346832426844 10.3489109611002 3.69861115642867
D530037H12Rik 10.2564249540948 10.3489109611002 3.69861115642867
Rbm5 8.3025396995835 10.3489109611002 3.69861115642867
Rab20 9.52042754395053 10.3489109611002 3.69861115642867
Grn 13.5521140781199 10.3489109611002 3.69861115642867
Slc4a7 10.1146341740548 10.3489109611002 3.69861115642867
Mavs 9.49021897689434 10.3489109611002 3.69861115642867
Bach1 11.8613788138478 10.3489109611002 3.69861115642867
D9Ertd306e 8.19945017537725 10.3489109611002 3.69861115642867
C79242 8.62864714756362 10.3489109611002 3.69861115642867
Fam46c 12.3550028613422 10.3489109611002 3.69861115642867
Pald1 10.9785325599872 10.3489109611002 3.69861115642867
Ifngr1 12.0357079893049 10.3489109611002 3.69861115642867
Ucp2 10.7968250077029 10.3489109611002 3.69861115642867
Tcn2 12.2009774284341 10.3489109611002 3.69861115642867
Anxa1 9.44951730885527 10.3489109611002 3.69861115642867
Cmtm3 9.86902934165744 10.3489109611002 3.69861115642867
Ppp1r15a 12.6949179793628 10.3489109611002 3.69861115642867
Lrmp 8.81165282774176 10.3489109611002 3.69861115642867
Olfml3 13.5847807250187 10.3489109611002 3.69861115642867
Slc16a7 9.27113242542194 10.3489109611002 3.69861115642867
Pla2g4a 9.53408946100642 10.3489109611002 3.69861115642867
Ncf2 10.9263417405773 10.3489109611002 3.69861115642867
Il7r 9.24960705759555 10.3489109611002 3.69861115642867
Ctss 14.1436377001564 10.3489109611002 3.69861115642867
Cd53 12.7058528961117 10.3489109611002 3.69861115642867
Fcgr3 13.3678397073662 10.3489109611002 3.69861115642867
S100a9 12.1512954978643 10.3489109611002 3.69861115642867
Dusp1 14.0972400899769 10.3489109611002 3.69861115642867
Traf5 8.95498899555541 10.3489109611002 3.69861115642867
Klf2 12.9546948291203 10.3489109611002 3.69861115642867
Fcrls 13.538343734353 10.3489109611002 3.69861115642867
Cd302 10.5286231266122 10.3489109611002 3.69861115642867
Trip6 9.13109177292618 10.3489109611002 3.69861115642867
Tlr1 9.60520010506197 10.3489109611002 3.69861115642867
Rhob 13.4348557298283 10.3489109611002 3.69861115642867
Zfp90 10.0336253682636 10.3489109611002 3.69861115642867
Selplg 13.5701528797604 10.3489109611002 3.69861115642867
Cd68 12.2655547644002 10.3489109611002 3.69861115642867
Gpr65 7.70886230022633 10.3489109611002 3.69861115642867
Casp1 8.69693600519687 10.3489109611002 3.69861115642867
Csf2rb2 9.47900201616068 10.3489109611002 3.69861115642867
Atf3 13.284073086988 10.3489109611002 3.69861115642867
C1qc 13.5961558255427 10.3489109611002 3.69861115642867
Chst7 10.8148655259312 10.3489109611002 3.69861115642867
Hck 11.7859620796645 10.3489109611002 3.69861115642867
Gcnt1 7.991253437913 10.3489109611002 3.69861115642867
Casp4 9.26315299804554 10.3489109611002 3.69861115642867
Per1 12.1017921149289 10.3489109611002 3.69861115642867
Ly96 8.91937274322914 10.3489109611002 3.69861115642867
Lag3 9.80016274610109 10.3489109611002 3.69861115642867
Cxcl2 10.7266031675695 10.3489109611002 3.69861115642867
Ltf 11.851175722853 10.3489109611002 3.69861115642867
Cx3cr1 12.8730629616277 10.3489109611002 3.69861115642867
Stab1 10.7605924600716 10.3489109611002 3.69861115642867
Evi2a 12.5942263303086 10.3489109611002 3.69861115642867
Il6 8.13911235858362 10.3489109611002 3.69861115642867
Pdgfb 10.7325445782435 10.3489109611002 3.69861115642867
Mrc1 7.99313411604932 10.3489109611002 3.69861115642867
Cbl 10.680668532199 10.3489109611002 3.69861115642867
Cd33 8.96248766850356 10.3489109611002 3.69861115642867
Itgb2 11.9243168449721 10.3489109611002 3.69861115642867
Rgl2 11.1504283303664 10.3489109611002 3.69861115642867
Psmb9 9.4278289264293 10.3489109611002 3.69861115642867
Gtf2h2 10.9022121435934 10.3489109611002 3.69861115642867
Adamts1 11.4689263478583 10.3489109611002 3.69861115642867
Ang 8.34675454689537 10.3489109611002 3.69861115642867
Sh2b2 9.2750055292418 10.3489109611002 3.69861115642867
Tyrobp 12.872201384089 10.3489109611002 3.69861115642867
Ptplad2 9.63872914137264 10.3489109611002 3.69861115642867
Slc29a3 11.7903703089593 10.3489109611002 3.69861115642867
Pbxip1 10.4609020888979 10.3489109611002 3.69861115642867
Emr1 12.7903721087621 10.3489109611002 3.69861115642867
Nrros 12.3097176638707 10.3489109611002 3.69861115642867
Fus 10.8512520717717 10.3489109611002 3.69861115642867
Tmem119 13.7335005220805 10.3489109611002 3.69861115642867
Pnpla7 10.5591266313939 10.3489109611002 3.69861115642867
Slc46a3 9.89987469037992 10.3489109611002 3.69861115642867
Arhgap12 10.0809196205637 10.3489109611002 3.69861115642867
Parp14 9.22364341007536 10.3489109611002 3.69861115642867
Ttr 13.2899892726514 10.3489109611002 3.69861115642867
Havcr2 10.538253418377 10.3489109611002 3.69861115642867
Alas2 10.1462688588052 10.3489109611002 3.69861115642867
Cmtm7 10.4128713125775 10.3489109611002 3.69861115642867
Mafb 11.0489700121364 10.3489109611002 3.69861115642867
Apobec1 9.60585585332662 10.3489109611002 3.69861115642867
Blnk 11.8256575206264 10.3489109611002 3.69861115642867
Tmcc3 9.18215566840257 10.3489109611002 3.69861115642867
Notch2 10.9771741155417 10.3489109611002 3.69861115642867
Vrk2 8.89925651350072 10.3489109611002 3.69861115642867
Alox5ap 12.5974435879102 10.3489109611002 3.69861115642867
Fyb 11.6377216118874 10.3489109611002 3.69861115642867
Sepp1 13.7329438196343 10.3489109611002 3.69861115642867
Ctla2b 9.67840248028284 10.3489109611002 3.69861115642867
Sall3 9.65254474009787 10.3489109611002 3.69861115642867
Hspa1a 11.8173372899826 10.3489109611002 3.69861115642867
Slc37a2 8.79411898885638 10.3489109611002 3.69861115642867
Zfp36 13.4481818753213 10.3489109611002 3.69861115642867
Abhd15 9.85244350316464 10.3489109611002 3.69861115642867
Lmo2 12.173746157097 10.3489109611002 3.69861115642867
Cyba 11.683487063587 10.3489109611002 3.69861115642867
Spata13 11.8423721764084 10.3489109611002 3.69861115642867
Wasf2 12.4099034178626 10.3489109611002 3.69861115642867
Ptpn6 11.3447432428118 10.3489109611002 3.69861115642867
4833441D16Rik 9.44333514879099 10.3489109611002 3.69861115642867
D2Ertd93e 7.35421007678988 10.3489109611002 3.69861115642867
Tec 10.193963488774 10.3489109611002 3.69861115642867
Cd52 8.77120540091781 10.3489109611002 3.69861115642867
Irf5 10.3658986193304 10.3489109611002 3.69861115642867
Wdr81 11.5953862047792 10.3489109611002 3.69861115642867
Naip2 10.6301514409205 10.3489109611002 3.69861115642867
Anxa3 12.8961234593997 10.3489109611002 3.69861115642867
Plgrkt 9.47801734176167 10.3489109611002 3.69861115642867
