Tppp3 11.283828678629 7.79617218633461 6.05188372446234
Tac1 12.7281118478351 8.76159960695025 6.4031271941467
Pfdn1 10.8828547153213 7.50126817118405 6.33609715304883
C1qtnf4 9.73130455096657 5.96644916727823 4.67588264220828
Ceacam10 8.36799395119292 4.78030655881883 4.21887915148699
Slc6a4 13.2687666804024 7.18281309613967 5.89951939786371
Kcna5 8.79735423259167 5.20317220749778 4.48555011534656
Synj2bp 10.9301450019835 6.7494798724161 6.64999325967686
Tpd52l1 11.1331905508552 7.12192860345636 6.41839804832382
Slc22a3 10.4316004838709 5.91273234668634 4.6796342182836
Chn1 9.62735868834202 6.27479646739862 4.61619845551306
Cend1 9.26321194809325 5.63584820847127 4.50738061229579
2010204K13Rik 12.9782366771453 8.69992356671755 6.16402588034291
Klk1b27 8.73392053773961 4.82802748493612 4.27813552870855
Nedd4 9.66883939680077 6.06615114183274 5.83141212828336
Id4 11.6628008544354 6.14528206312083 5.19574794365202
Zwint 9.69869778151138 5.8850205430862 4.9796506866101
Tmem242 9.95656483451032 5.90964709659247 5.37479507062076
Pmm1 9.9052806052174 6.26277975045642 5.32946077055038
Flywch2 9.94548205810587 6.52086931117759 4.09237035554968
Fev 10.7744246565637 6.66335452393235 5.1509218563019
Ppp2r2b 9.94676912225785 6.27556738112927 6.25185734679137
Qpct 8.85748079556421 4.95355344127997 4.50485037441526
Mal2 10.7029590783133 4.85621965174472 3.99793190726517
Kcnj9 8.59444668898107 5.08058052756241 5.01403566359477
Mela 9.97123545516391 4.3437115127413 3.92980010889744
A530058N18Rik 7.58831341815115 4.20854783088297 3.62274452055293
Ykt6 9.79014950739908 6.46413282482676 6.22350472355651
Ctla2a 8.82355876215085 4.61194387345766 3.98642177383453
Myh7 10.3764151673618 6.91297724598861 5.53165443839626
Rpp25 8.5466279310723 4.61921769954192 4.61121417540409
Gata3 8.48575744117105 4.67438440510038 4.49906351445502
Cited1 9.1785020692238 5.37095521245952 5.0146932103569
Spock3 9.40437614049455 5.06550517336737 3.60042042850014
Chodl 8.57128440363271 5.15417752454479 4.62133348540124
Fam92a 11.4114648086121 7.38238115957653 7.31108535890193
