Tppp3 10.8220654510155 6.94695166051333 6.05188372446234
Hspb8 10.6245892800067 6.15881331925234 6.15775619772383
Shd 9.69600579109934 6.3341822462916 6.31525436356827
Trpc3 11.1871623402161 6.33117485037066 5.43349951394977
Sncg 10.4082123084923 5.15518231943494 4.65593975056404
Ufsp1 9.89591461587391 6.46127237319055 6.13675308426012
Resp18 11.4781239695593 6.62982417831489 4.35554039415347
Nrip3 11.8161104228755 8.3352112324103 5.64445471287862
Unc119 11.2873996986037 7.05854927859144 6.63624414133315
Cxcl14 11.0490041748792 5.91621443595816 4.90651041147964
Pcbd1 11.9790609288352 7.27335033940126 6.58859536357141
Hebp2 9.8229333557138 6.18506784207012 5.91950070568209
Mt3 12.0437011250815 8.42619886734156 7.14360435121843
Sln 9.13225109330097 4.78201117205293 4.71730193614404
Ngfr 9.84400802150276 6.22910319090468 5.83881274632405
Slc5a7 8.37888813372411 4.93645049397093 4.50344521610539
Elavl2 11.5573740854948 8.01160159967238 3.96490990519268
Slc18a3 11.7116029495767 5.19552381709578 4.81075064211953
Krt1 9.14312645417641 5.79952100418963 5.7718902952738
Ecel1 11.4559039842035 6.8732066220747 6.11461737384965
Ache 11.722689743721 6.78115836406485 6.34999102714592
Stmn2 11.2315985884398 7.52692769450896 4.53507066064454
Zic1 11.5183525515501 6.65804059501066 5.17668280074973
Dner 11.8150171929717 8.37788308326651 4.32410282743287
Tspan17 10.3788242341518 6.36278928153264 5.04258466820477
Uqcr10 10.3312514552298 6.9538006687047 6.41968725823121
Olfm1 11.5204163524481 8.06995495869456 5.26780558346577
Lhx8 11.9183169054492 6.38362471475783 4.19755371924047
Hopx 10.5418564598955 6.41744772785282 5.93809346369736
Mela 9.8949873858105 4.5974836218801 4.3437115127413
Tacr3 9.33286031052289 5.17198989652927 4.55878699822034
Arhgdig 12.1844740877458 8.64139488009009 5.50193212766277
Gpx3 10.7691080780923 6.64670614960687 6.42169502483474
Fkbp1b 11.8832806147728 7.67901486110291 6.53639820734365
Crabp2 10.3743010319329 5.75323062350466 5.17707605466351
Adcy2 11.6780399512791 8.1838014304032 6.6202486581885
