Tnfrsf19 12.1156697239951 8.03588247221216 5.68339683663098
Vcam1 11.9160797964727 8.28232648338617 4.04294712653645
Cyr61 10.1177044550445 5.94923261626416 5.24724644135505
Elovl2 9.83895831865411 5.54497780625136 4.26268778280067
Pdgfrb 9.71629560913977 5.17409182024775 4.03833272191559
Ntsr2 13.6055748398178 9.31919805005687 5.58918420367047
F3 11.9474319451514 7.3351496899198 4.58578539688169
Slc15a2 12.4237797743405 8.88983403286968 5.49765435564314
Prodh 11.3932900135866 7.32128974939284 6.23531513217022
Gpld1 12.3135701271047 8.32605796546298 5.48774260337228
Entpd2 11.4902850369583 7.67194360322272 6.02303731557629
Fzd2 11.0958067545779 6.7610538343235 5.67732830397279
Ptprz1 12.0564337659456 6.57411608590863 4.26755069094635
Slc38a3 11.8553876765167 7.79774399061813 6.6513632110678
Cyp2d22 10.8365481139835 6.31358519895291 5.49711348094178
Cyp4f14 9.67489580591138 6.0263596304588 4.76364203252385
Tmem47 10.6592460772236 6.43133201812493 4.79209737830817
Cyp7b1 10.6279033013097 6.94410923830011 4.44375775027275
Slc7a10 12.2900981803109 7.10910428714118 6.08796739355356
Fgfr3 13.0445492374123 8.585855690737 6.29729241365475
Phkg1 8.90994630130679 5.13972504345318 4.09901187264572
Acsbg1 12.1437391983005 7.50684228584878 5.61406420097953
Slco1c1 12.6736146753653 7.26087201924723 5.26747416131086
S1pr1 12.261631814222 8.48187934976983 7.08999522608612
Cbs 10.5584146556914 6.89532814563628 5.77851015661185
Ccdc80 11.5892608231095 7.24690198770899 6.16926162987248
Aldh1l1 11.6109010833616 7.2448918549792 5.07929748800235
Aldoc 11.7750983992992 7.77917546633914 4.96514237004062
Emp2 10.8755551545408 6.87123265441663 6.22358801651849
Aqp4 12.9483666417877 8.22312584231426 4.51198367836218
Col4a5 7.75846706425486 4.18898189728519 3.84340884865345
Cldn10 10.9023686731994 6.9597147700068 5.39992820386668
Slc1a3 12.472434147682 8.03205064638754 4.52844236325827
Tlcd1 11.8398312913122 7.87093565806854 5.80420336577983
Gabrg1 11.2282473533949 7.11548549918736 4.64252265230819
Atp1a2 12.6890236469513 8.40733061849813 4.53745391353738
Slc14a1 9.37407469070602 5.41372567659541 4.28907589919974
Tril 12.7808449547726 8.78031396935503 5.0842856135487
Pla2g7 12.3548768936651 7.69045396955657 5.60633655610335
Cd38 10.357064384044 6.13372832907425 5.22771104404104
Lrig1 11.1543627448314 6.92078095665377 4.47336382714762
AI464131 10.4927876247177 6.0525202372192 4.12114563277672
Mlc1 12.2348830805864 7.6499086537543 4.42727209763104
Gjb6 12.0328702999436 7.79413215071722 4.74807908865654
Grin2c 10.8357165985743 6.19164408974489 5.29118274338158
Cyp4f15 10.907872911598 6.12163259610825 5.31781258761767
Ezr 11.6214002183063 7.72374337445308 4.81564879075446
Slc1a2 11.0991054003123 6.67240554797528 5.4595288975824
Igfbp2 10.8035894005494 7.06013641522064 5.3815207279341
