Ddr1 11.0610154876642 9.97256535353661 3.64163963948181
Gja1 12.2571701068349 9.97256535353661 3.64163963948181
Uhrf1 8.50065212126841 9.97256535353661 3.64163963948181
Stmn1 13.6858302939512 9.97256535353661 3.64163963948181
Dpysl3 12.1945067191894 9.97256535353661 3.64163963948181
Chgb 9.02672192198754 9.97256535353661 3.64163963948181
Ndn 11.1898299515284 9.97256535353661 3.64163963948181
Scd1 10.0022278851259 9.97256535353661 3.64163963948181
Carhsp1 10.9239351970069 9.97256535353661 3.64163963948181
Tubb3 9.37533839761981 9.97256535353661 3.64163963948181
Sqle 9.84806040914678 9.97256535353661 3.64163963948181
Fabp5 9.94812042370993 9.97256535353661 3.64163963948181
Cd24a 12.2894855558827 9.97256535353661 3.64163963948181
Lrrn1 9.08696735127927 9.97256535353661 3.64163963948181
Nsg2 11.5707685144658 9.97256535353661 3.64163963948181
Sparcl1 11.3569071620492 9.97256535353661 3.64163963948181
Trim59 10.39659410198 9.97256535353661 3.64163963948181
Rrm2 10.7863205058682 9.97256535353661 3.64163963948181
Ccnd2 13.0193280116101 9.97256535353661 3.64163963948181
Prnp 12.8220187202518 9.97256535353661 3.64163963948181
Olig1 11.4394126488183 9.97256535353661 3.64163963948181
Hmgb3 11.6494991659936 9.97256535353661 3.64163963948181
Plekhb1 11.9212842864965 9.97256535353661 3.64163963948181
Il33 8.46209660168559 9.97256535353661 3.64163963948181
Ptn 10.5192264443812 9.97256535353661 3.64163963948181
Fstl1 8.43553245937368 9.97256535353661 3.64163963948181
Nfib 12.5490181621419 9.97256535353661 3.64163963948181
Shcbp1 8.9250796869778 9.97256535353661 3.64163963948181
Nusap1 9.77423811670984 9.97256535353661 3.64163963948181
Mllt11 11.2853052183104 9.97256535353661 3.64163963948181
Gstm1 10.9290716882787 9.97256535353661 3.64163963948181
Cryab 10.7497493386175 9.97256535353661 3.64163963948181
Igdcc4 10.3744366149656 9.97256535353661 3.64163963948181
Gad1 11.715233207183 9.97256535353661 3.64163963948181
Cdc20 11.6288470631536 9.97256535353661 3.64163963948181
Snap91 10.0655571733951 9.97256535353661 3.64163963948181
Rnd3 9.80143904219715 9.97256535353661 3.64163963948181
Efs 9.66048261131617 9.97256535353661 3.64163963948181
Bcan 9.38768133272033 9.97256535353661 3.64163963948181
Htra1 11.956108323517 9.97256535353661 3.64163963948181
Crym 11.0097035321719 9.97256535353661 3.64163963948181
Cdca5 9.03724982531464 9.97256535353661 3.64163963948181
Snap25 8.77304838817571 9.97256535353661 3.64163963948181
Tspan6 9.3164665170708 9.97256535353661 3.64163963948181
Pcsk1n 10.1015164445652 9.97256535353661 3.64163963948181
Sox2 9.71501458974751 9.97256535353661 3.64163963948181
C1qtnf4 8.13835183340822 9.97256535353661 3.64163963948181
Meis2 12.1396678272237 9.97256535353661 3.64163963948181
Ntsr2 11.3209658584301 9.97256535353661 3.64163963948181
Eif2s3y 7.14605225957317 9.97256535353661 3.64163963948181
Mal 11.3806850904046 9.97256535353661 3.64163963948181
Dkk3 9.75074309081217 9.97256535353661 3.64163963948181
Fxyd6 8.61837492556084 9.97256535353661 3.64163963948181
Sorbs1 11.5796499274478 9.97256535353661 3.64163963948181
Bex2 10.2428224758683 9.97256535353661 3.64163963948181
Elovl6 8.53321551610069 9.97256535353661 3.64163963948181
Nap1l5 9.99512850141883 9.97256535353661 3.64163963948181
Sept3 11.5475567844419 9.97256535353661 3.64163963948181
Cdr2 10.7323978390947 9.97256535353661 3.64163963948181
Cplx1 10.8441300521835 9.97256535353661 3.64163963948181
Rab15 12.0298411961779 9.97256535353661 3.64163963948181
Zfp704 11.9253063415958 9.97256535353661 3.64163963948181
Fhl1 10.1451463251203 9.97256535353661 3.64163963948181
Mapt 9.80948339529382 9.97256535353661 3.64163963948181
Pak3 9.47899175955943 9.97256535353661 3.64163963948181
Gpld1 9.96920324280578 9.97256535353661 3.64163963948181
Eef1a2 11.0334455061259 9.97256535353661 3.64163963948181
Stmn4 12.3731420939268 9.97256535353661 3.64163963948181
Dcx 12.1039576535511 9.97256535353661 3.64163963948181
Nr2f1 8.60072987334676 9.97256535353661 3.64163963948181
Jph3 10.3126902836166 9.97256535353661 3.64163963948181
Zcchc14 10.621952794815 9.97256535353661 3.64163963948181
Ina 9.95324078001046 9.97256535353661 3.64163963948181
Pfn2 12.7262287340569 9.97256535353661 3.64163963948181
Rbfox2 8.72163426253227 9.97256535353661 3.64163963948181
Rbfox1 10.1847132409186 9.97256535353661 3.64163963948181
Foxg1 10.7354351272108 9.97256535353661 3.64163963948181
Rnf112 7.46191510068778 9.97256535353661 3.64163963948181
Apcdd1 9.23667822250451 9.97256535353661 3.64163963948181
Fam220a 11.6305041393696 9.97256535353661 3.64163963948181
Snca 12.6302451584654 9.97256535353661 3.64163963948181
Wasf1 8.95224143752198 9.97256535353661 3.64163963948181
Nrsn1 11.6561001942254 9.97256535353661 3.64163963948181
Astn1 10.6714970991435 9.97256535353661 3.64163963948181
Clu 12.9504050668943 9.97256535353661 3.64163963948181
Mpdz 10.2684811177028 9.97256535353661 3.64163963948181
Ptprz1 10.7076722054123 9.97256535353661 3.64163963948181
Tesc 12.0521224914356 9.97256535353661 3.64163963948181
Psd3 10.8271183220278 9.97256535353661 3.64163963948181
Mapk8ip2 10.2907749843091 9.97256535353661 3.64163963948181
Cdh2 9.31565267439969 9.97256535353661 3.64163963948181
Eno2 9.39582857319084 9.97256535353661 3.64163963948181
Dio2 9.34415830563754 9.97256535353661 3.64163963948181
Arpp21 8.91797096664466 9.97256535353661 3.64163963948181
Rtn2 9.48222044833736 9.97256535353661 3.64163963948181
Ugt8a 9.62334771198382 9.97256535353661 3.64163963948181
Shank3 10.3949625127646 9.97256535353661 3.64163963948181
Dtna 9.99380443753785 9.97256535353661 3.64163963948181
Sptbn1 12.3033218044065 9.97256535353661 3.64163963948181
S100b 8.91751805418372 9.97256535353661 3.64163963948181
Bcl11a 10.5024561730093 9.97256535353661 3.64163963948181
St6galnac5 9.0341888628497 9.97256535353661 3.64163963948181
Isg20 12.0765678185315 9.97256535353661 3.64163963948181
Kcnj10 11.6692981823963 9.97256535353661 3.64163963948181
Mbp 13.9104208802985 9.97256535353661 3.64163963948181
Gabrb1 10.1015164445652 9.97256535353661 3.64163963948181
Mark1 9.3550786008914 9.97256535353661 3.64163963948181
Plk4 9.0262636120457 9.97256535353661 3.64163963948181
Dlx1as 9.52415375243097 9.97256535353661 3.64163963948181
Kif3a 9.72038203427645 9.97256535353661 3.64163963948181
St8sia2 10.1196069886613 9.97256535353661 3.64163963948181
Atp2b2 9.40492870210712 9.97256535353661 3.64163963948181
Csrp2 9.66761404106969 9.97256535353661 3.64163963948181
Kcnq2 9.77792945459132 9.97256535353661 3.64163963948181
Ntrk2 11.7956831316 9.97256535353661 3.64163963948181
Ptprf 10.1528071993639 9.97256535353661 3.64163963948181
Fgfr2 10.0916542716537 9.97256535353661 3.64163963948181
Pard6g 10.468803224411 9.97256535353661 3.64163963948181
Gucy1b3 8.41423904356213 9.97256535353661 3.64163963948181
Arx 11.6577007262445 9.97256535353661 3.64163963948181
B3gnt5 9.02339127712135 9.97256535353661 3.64163963948181
Rsad2 13.3109135616375 9.97256535353661 3.64163963948181
Mobp 11.866768285875 9.97256535353661 3.64163963948181
Epb4.1l1 9.30645603509945 9.97256535353661 3.64163963948181
Tro 9.58514884925411 9.97256535353661 3.64163963948181
Cttn 12.408422598633 9.97256535353661 3.64163963948181
Cplx2 11.2813038290373 9.97256535353661 3.64163963948181
Dzip1 7.94829061420127 9.97256535353661 3.64163963948181
Rapgef4 10.7168501604618 9.97256535353661 3.64163963948181
Enah 12.9785446051746 9.97256535353661 3.64163963948181
Vcan 8.69077982567465 9.97256535353661 3.64163963948181
Gpr19 9.92864170722438 9.97256535353661 3.64163963948181
Epdr1 9.96718340405782 9.97256535353661 3.64163963948181
Elavl2 10.0718626339353 9.97256535353661 3.64163963948181
Nedd4 11.0824660685268 9.97256535353661 3.64163963948181
Ncam1 12.8153138443185 9.97256535353661 3.64163963948181
Add2 9.22621721496153 9.97256535353661 3.64163963948181
Gad2 9.85808963011956 9.97256535353661 3.64163963948181
Atp1b2 9.72897957475723 9.97256535353661 3.64163963948181
Zbtb20 12.3463203126285 9.97256535353661 3.64163963948181
Pou3f4 8.83388240602401 9.97256535353661 3.64163963948181
Klf9 11.2538335387773 9.97256535353661 3.64163963948181
Igfbp5 11.1731393805138 9.97256535353661 3.64163963948181
Myo10 10.4123789663017 9.97256535353661 3.64163963948181
Arpp19 10.8955979363969 9.97256535353661 3.64163963948181
Rnd2 10.2809732629443 9.97256535353661 3.64163963948181
Tle1 11.4295667490085 9.97256535353661 3.64163963948181
Slc32a1 10.5607739229444 9.97256535353661 3.64163963948181
Rims2 9.49643424169515 9.97256535353661 3.64163963948181
Aspm 9.48903060806143 9.97256535353661 3.64163963948181
Kif5c 11.675895800825 9.97256535353661 3.64163963948181
Nsg1 11.2227129097688 9.97256535353661 3.64163963948181
Gpm6b 10.6687390333577 9.97256535353661 3.64163963948181
Irs1 9.03243697282705 9.97256535353661 3.64163963948181
Hes5 10.1492598544957 9.97256535353661 3.64163963948181
Napb 9.29290327022288 9.97256535353661 3.64163963948181
Kcnb1 8.87267598493456 9.97256535353661 3.64163963948181
Tiam2 11.7640225917533 9.97256535353661 3.64163963948181
Id4 12.5461926031922 9.97256535353661 3.64163963948181
Ints6 12.2988497496889 9.97256535353661 3.64163963948181
Stmn2 9.55119704817791 9.97256535353661 3.64163963948181
Gdap1 9.01807085647665 9.97256535353661 3.64163963948181
Timp4 8.64128511456636 9.97256535353661 3.64163963948181
Nfix 13.3454533413504 9.97256535353661 3.64163963948181
Kat6b 10.6410593333903 9.97256535353661 3.64163963948181
Scn8a 8.65143220630384 9.97256535353661 3.64163963948181
Gap43 10.0877516610113 9.97256535353661 3.64163963948181
Ncan 10.4028378597037 9.97256535353661 3.64163963948181
Synpr 8.74105726993924 9.97256535353661 3.64163963948181
Dner 9.87986550222457 9.97256535353661 3.64163963948181
Camkv 9.68185046214326 9.97256535353661 3.64163963948181
Kif22 11.3011306718508 9.97256535353661 3.64163963948181
Sbk1 11.8562292539396 9.97256535353661 3.64163963948181
Sez6l2 10.0055838857941 9.97256535353661 3.64163963948181
Tspyl4 10.9511631471377 9.97256535353661 3.64163963948181
Itpka 8.66378265737703 9.97256535353661 3.64163963948181
Gdpd1 10.1458291383041 9.97256535353661 3.64163963948181
Gpr37l1 10.7641757922174 9.97256535353661 3.64163963948181
Car11 10.0517699005886 9.97256535353661 3.64163963948181
Asrgl1 10.8646961645496 9.97256535353661 3.64163963948181
Cbx6 12.434164942173 9.97256535353661 3.64163963948181
Spon1 10.1387058092704 9.97256535353661 3.64163963948181
Rapgef3 9.05194371163129 9.97256535353661 3.64163963948181
Arhgef7 9.31410866047606 9.97256535353661 3.64163963948181
Mmd2 10.6505465754165 9.97256535353661 3.64163963948181
Samd4 9.8318179586668 9.97256535353661 3.64163963948181
Gprc5b 8.96303581894631 9.97256535353661 3.64163963948181
Tmem2 9.84492799067833 9.97256535353661 3.64163963948181
Aldoc 13.3174049896406 9.97256535353661 3.64163963948181
Slain1 8.98315649080089 9.97256535353661 3.64163963948181
Ptprd 10.4035769967562 9.97256535353661 3.64163963948181
Purg 11.8061985995105 9.97256535353661 3.64163963948181
Fam81a 10.7468730209356 9.97256535353661 3.64163963948181
Zcchc18 9.93837108630895 9.97256535353661 3.64163963948181
Slc12a5 9.37644151998721 9.97256535353661 3.64163963948181
Agfg2 9.17966103876969 9.97256535353661 3.64163963948181
Aqp4 8.25004549569421 9.97256535353661 3.64163963948181
Pbx1 10.7085686542805 9.97256535353661 3.64163963948181
Plp1 12.9467381083197 9.97256535353661 3.64163963948181
S100a16 11.5110807530225 9.97256535353661 3.64163963948181
Epha3 6.99063866766225 9.97256535353661 3.64163963948181
Edil3 7.77243557803228 9.97256535353661 3.64163963948181
Ppp1r3c 10.9138194745845 9.97256535353661 3.64163963948181
Tacc2 10.9036890579557 9.97256535353661 3.64163963948181
Csrp1 9.59409596915107 9.97256535353661 3.64163963948181
Dtx1 10.2052867146723 9.97256535353661 3.64163963948181
Caln1 11.2328573042307 9.97256535353661 3.64163963948181
Amot 9.59757249349555 9.97256535353661 3.64163963948181
Armcx1 9.17274409772691 9.97256535353661 3.64163963948181
Nefl 8.27442659871592 9.97256535353661 3.64163963948181
Scn3b 9.4756439672128 9.97256535353661 3.64163963948181
Cacng5 10.9860329790481 9.97256535353661 3.64163963948181
Ddx3y 8.32653481468315 9.97256535353661 3.64163963948181
Gpm6a 9.24166278681285 9.97256535353661 3.64163963948181
Ndrg4 12.1019781152183 9.97256535353661 3.64163963948181
Cnn3 11.5868471817492 9.97256535353661 3.64163963948181
Meg3 11.9308922997913 9.97256535353661 3.64163963948181
6330403K07Rik 12.4992888977001 9.97256535353661 3.64163963948181
Mki67 11.8414140963639 9.97256535353661 3.64163963948181
Celf4 11.4309997169821 9.97256535353661 3.64163963948181
Thra 11.512562968638 9.97256535353661 3.64163963948181
Fbxo2 9.93446533629815 9.97256535353661 3.64163963948181
Scara3 8.9803513897277 9.97256535353661 3.64163963948181
Amph 9.10616044721262 9.97256535353661 3.64163963948181
Zfp612 8.7154747710946 9.97256535353661 3.64163963948181
Copg2os2 10.9977723059518 9.97256535353661 3.64163963948181
Cenpf 9.36525893400998 9.97256535353661 3.64163963948181
Armcx4 8.39987821867336 9.97256535353661 3.64163963948181
Bcr 10.7546353323399 9.97256535353661 3.64163963948181
Adora1 8.97479777634304 9.97256535353661 3.64163963948181
Rasd2 12.4608251108097 9.97256535353661 3.64163963948181
Atp1a2 9.65697970099265 9.97256535353661 3.64163963948181
Arhgap20 9.09968259497845 9.97256535353661 3.64163963948181
Hbb-b2 11.6127918139473 9.97256535353661 3.64163963948181
Sptan1 12.3706925904256 9.97256535353661 3.64163963948181
Syne2 7.83060691725618 9.97256535353661 3.64163963948181
Cdca7 9.80824546516877 9.97256535353661 3.64163963948181
Tmem158 8.83525788979683 9.97256535353661 3.64163963948181
Tmcc2 10.5475260384944 9.97256535353661 3.64163963948181
Elavl4 9.45463518974786 9.97256535353661 3.64163963948181
Ngfrap1 12.2619243427685 9.97256535353661 3.64163963948181
Ppap2b 12.7482531484672 9.97256535353661 3.64163963948181
Rimklb 9.99703289935777 9.97256535353661 3.64163963948181
Bcat1 9.03859633928854 9.97256535353661 3.64163963948181
Fmn2 10.2258779129252 9.97256535353661 3.64163963948181
Sh3gl3 9.66222328257992 9.97256535353661 3.64163963948181
Kif2c 8.5191585229009 9.97256535353661 3.64163963948181
Reep1 9.44346024211108 9.97256535353661 3.64163963948181
Anln 8.06486975257959 9.97256535353661 3.64163963948181
Abat 9.30268671145697 9.97256535353661 3.64163963948181
Ppargc1a 8.99417797579035 9.97256535353661 3.64163963948181
Fermt2 9.95662935184573 9.97256535353661 3.64163963948181
Coro2b 11.0280567549713 9.97256535353661 3.64163963948181
Nrcam 7.76958895207893 9.97256535353661 3.64163963948181
Mis18bp1 9.05251165139017 9.97256535353661 3.64163963948181
Ccl27a 9.01480595777197 9.97256535353661 3.64163963948181
Limch1 10.3752951579556 9.97256535353661 3.64163963948181
Stmn3 10.9310350025268 9.97256535353661 3.64163963948181
Gria1 8.36802485314186 9.97256535353661 3.64163963948181
Elavl3 10.6836965844948 9.97256535353661 3.64163963948181
Kalrn 10.1302661536965 9.97256535353661 3.64163963948181
Nrep 13.076156412616 9.97256535353661 3.64163963948181
Sox11 11.2750923053776 9.97256535353661 3.64163963948181
Impad1 10.769994043383 9.97256535353661 3.64163963948181
Stx1a 11.1161043894714 9.97256535353661 3.64163963948181
Pkp4 11.7939422563192 9.97256535353661 3.64163963948181
Spint2 9.46159683413257 9.97256535353661 3.64163963948181
Phactr1 9.86964908883122 9.97256535353661 3.64163963948181
Cenpe 8.20964573013695 9.97256535353661 3.64163963948181
Slco5a1 9.46377817699809 9.97256535353661 3.64163963948181
Mlc1 8.23521894365582 9.97256535353661 3.64163963948181
Ndrg2 12.6119022257433 9.97256535353661 3.64163963948181
Atp6v0e2 11.6238191499027 9.97256535353661 3.64163963948181
Uchl1 9.91379837123568 9.97256535353661 3.64163963948181
Crmp1 10.3777180660293 9.97256535353661 3.64163963948181
Tnk2 12.1787694843498 9.97256535353661 3.64163963948181
Bex1 12.7073056126961 9.97256535353661 3.64163963948181
Pbk 10.0232629086312 9.97256535353661 3.64163963948181
Scg3 11.1402265788733 9.97256535353661 3.64163963948181
Cacnb3 9.07144425417412 9.97256535353661 3.64163963948181
Kcnk1 9.34040257914949 9.97256535353661 3.64163963948181
Dlx2 10.071096323942 9.97256535353661 3.64163963948181
Ctnna2 8.96354315937052 9.97256535353661 3.64163963948181
Cadps 9.71204973415289 9.97256535353661 3.64163963948181
Ngef 10.2563973604283 9.97256535353661 3.64163963948181
Itih3 8.99513387899007 9.97256535353661 3.64163963948181
Kcnk2 9.28468771263534 9.97256535353661 3.64163963948181
Cyfip2 10.6797036111389 9.97256535353661 3.64163963948181
Dlx1 11.7429896384459 9.97256535353661 3.64163963948181
Gdpd3 13.5902528646468 9.97256535353661 3.64163963948181
Cntn1 10.1987957846509 9.97256535353661 3.64163963948181
Bcl11b 10.7814909386285 9.97256535353661 3.64163963948181
Ccr6 11.4765667264666 9.97256535353661 3.64163963948181
Tagln3 9.66342025366949 9.97256535353661 3.64163963948181
Kif21a 9.13655644561193 9.97256535353661 3.64163963948181
Fabp7 9.65466785100991 9.97256535353661 3.64163963948181
Cacng4 10.4131838847153 9.97256535353661 3.64163963948181
Acsl6 9.37216536300497 9.97256535353661 3.64163963948181
Rhebl1 10.1655174417112 9.97256535353661 3.64163963948181
Fam20b 9.51151789671539 9.97256535353661 3.64163963948181
Alas2 13.4464550600504 9.97256535353661 3.64163963948181
Tenm4 8.64084455868212 9.97256535353661 3.64163963948181
Slc6a1 9.47135783266991 9.97256535353661 3.64163963948181
Nckap1 11.318321964985 9.97256535353661 3.64163963948181
2810459M11Rik 8.72940301664666 9.97256535353661 3.64163963948181
Zdhhc2 8.15660149470011 9.97256535353661 3.64163963948181
Fam213a 11.7378773640772 9.97256535353661 3.64163963948181
Pcp4l1 9.79574679550851 9.97256535353661 3.64163963948181
Ube2c 10.2016309337015 9.97256535353661 3.64163963948181
Rgs8 8.25510300590336 9.97256535353661 3.64163963948181
Fez1 10.8590169416821 9.97256535353661 3.64163963948181
Nlgn2 10.6173143216277 9.97256535353661 3.64163963948181
Frat2 9.89150306511761 9.97256535353661 3.64163963948181
D430019H16Rik 12.3487041509598 9.97256535353661 3.64163963948181
Gm1976 8.38168590723416 9.97256535353661 3.64163963948181
Pcp4 11.7260589903273 9.97256535353661 3.64163963948181
