Tnfrsf19 12.9614431656159 8.163665998085 5.68860091988845
Fkbp10 9.41016721018573 5.66015965009857 4.90681316303461
Vcam1 12.4816675192392 8.18118631825557 3.97170984406473
Cyr61 11.1016744501914 6.10272355470138 5.2520141648544
Gldc 10.6195560343143 6.80042019526752 4.76922810698914
Glud1 13.0704105392276 9.55849270724445 8.76385099822539
Elovl2 10.5345481554953 5.98137288871517 4.3649464617835
Aldh1a1 12.5583261661241 8.67088308845813 4.75982861380342
Ppic 9.03026818175481 5.20507793583656 4.61900803912946
Smpdl3a 12.2435887824058 8.89619561075724 5.58096257870431
Bcan 13.3287754905492 9.86972306286074 5.08573640475986
Lcat 10.9824809233372 6.62856896169032 5.42890744951668
Pdgfrb 9.84766669378371 6.30034607602735 3.99172983431771
Ntsr2 13.5684441880855 9.22297252857794 5.53528029183511
F3 12.2069413293603 7.80972984582482 4.49249834364732
Tspan7 12.2199587629975 8.54545650013446 6.74442668763496
Slc15a2 12.9496989006332 8.84529439707958 5.50490582170359
Prodh 11.9691636372262 7.65556560324929 6.26941710037983
Wwtr1 11.1517537438884 7.10850587582947 5.05040229529862
Gpld1 11.9747462478102 8.18687319110895 5.30772290056436
Entpd2 11.7608219101721 7.59754420325676 5.95452714229846
Lhx2 11.1802895014327 7.60964918794958 4.46972851436558
Fzd2 11.9098568848207 7.09393792523795 5.7142712851975
Ptprz1 12.3815607225295 8.75578826534881 5.79323210780622
Slc38a3 12.5975051169451 7.83559164470737 6.64726344868143
Dio2 13.7439646415243 8.72070661132084 5.46436298120136
Fads2 11.4848342910614 7.70745381145962 5.78480148620385
Cyp2d22 10.8552990705605 6.52963239792586 5.22990949532343
Cyp4f14 10.7067734949371 5.87674409724923 4.87351513954973
Tmem47 10.4965712579836 6.35133958280252 4.60544189527875
Cyp7b1 11.1316079477238 7.65323969683044 4.54851527851229
Slc7a10 12.650632377432 7.09741282544064 6.03905199026398
Chrdl1 8.98000609008049 5.17341249285628 4.53448226969812
Fxyd1 11.8095398028271 8.08932224778941 6.69961596620637
Hapln1 8.5826902579342 5.13275956870498 3.89384442984399
Fgfr3 13.136818632434 8.58277733139727 6.23989268588462
Papss2 9.54017106968766 6.08357855724558 4.62073109651405
Phkg1 9.28863227795836 5.09836087040617 4.08518989116341
Acsbg1 12.4363624086258 7.62213164050102 5.50149651369231
Tgfb2 9.57988228229853 5.94225198787886 4.71983204286992
Slco1c1 12.8658244149028 7.24155263899532 4.93079025090024
Slc1a4 12.2432069300497 8.9087630856217 7.05549750128552
S1pr1 13.0563040201157 8.42396300333168 7.04843799310694
Axl 10.7966551006585 5.96528874867018 5.55343194448637
Cbs 11.2303243966133 6.93548999637349 5.59911345633735
Ccdc80 12.3624872098242 7.86437886474062 6.10356876505124
Oplah 10.8194235565085 7.20165691385259 5.70405456927832
Tmem51 10.8131865914581 7.30216696721869 6.33678100550915
Adhfe1 10.71886486577 7.13706465063605 4.62805679694742
Aldh1l1 12.309294043204 7.84854454183277 5.06573469561095
Emp2 11.8167492498468 7.00188850581261 6.09956459039008
Aqp4 13.2344943030716 9.18449151840478 4.5351850304642
Col4a5 8.11286487078675 4.23741038253453 3.77835269366463
Cldn10 11.7580096064742 6.89110700151723 5.37518367141469
Cth 10.7498689130988 6.30056746693266 4.60712275119658
Slc1a3 13.0492534590685 7.88743489253179 4.5639103414874
Tlcd1 12.0693106988743 7.81550088559541 5.75304454834617
Scara3 11.972788703116 8.17703297025662 4.6591139148873
Gabrg1 11.5167053669387 8.11238233149921 4.79421069608055
Ttpa 10.2345638795306 6.06543297067592 4.65098847489035
Atp1a2 12.8994520696648 9.2302834457622 4.52890637839522
Slc14a1 9.72685423916001 5.36247044322454 4.25789364197422
Btbd17 9.50531007389581 5.62238196115232 4.57619181947948
Tril 12.7758945826597 8.71038916068478 5.16422119701935
Itih5 11.3275201319304 7.53749890217197 5.84384732015736
Pla2g7 13.1881702523631 8.00663694591571 5.56171541078121
Cd38 10.4409955141749 6.2087471434466 5.16232867369038
Lrig1 10.9058695770974 6.8136432404086 4.45486868808381
AI464131 11.3037115822094 6.02518455072024 4.04083004776513
Mlc1 12.8215284529148 7.61923431392168 4.42370448235774
Gjb6 12.2385652839836 7.86955869453233 4.76532291520519
Heph 7.58694224997363 4.24395319503273 3.85559856102256
Grin2c 12.003213684667 6.50152396446362 5.24953415910839
Cyp4f15 11.5842891990597 6.02472111560424 5.16604878986504
Slc1a2 12.272862056665 6.87529756606093 5.46310557072158
Igfbp2 11.8053293459635 7.59174443503132 5.38769151850273
Slc41a1 12.4045049889031 8.73291432129089 7.94466755605401
