Gja1 10.7501454396572 5.70995139444461 4.83355603751042
Syt4 9.51327807480019 4.53588058690996 3.86508265428686
Cldn11 8.93605876100143 4.54453902028363 4.09264549453944
Olig1 11.0966629325493 4.94267395664988 4.45571251673816
Il33 9.2311165032287 5.09771418353992 4.81267855643085
Pdyn 8.83743581573293 4.95936054833338 4.47009533305836
Cryab 11.2020615123885 5.98178316621349 4.54126802388311
Thbs3 9.47530496288299 5.79293967586583 5.30505553127977
Tppp3 11.614054553236 6.43255258106359 6.05188372446234
S100a10 11.5613522171225 7.37920687746477 5.38630922358288
Tac1 9.86505566547701 6.50261560641129 6.4031271941467
Sox2 8.84828221232423 4.76176481865446 4.02289048661535
Pcdh8 8.35759082295191 4.82460958568245 4.18943283002431
Rab27b 9.47488507130566 5.87212149500391 4.4779962917443
Mal 11.1321090455843 6.55012347748784 4.97646102442858
Dmd 8.06912452951233 4.3899933281271 4.02971559073028
Fxyd6 10.4315189466292 6.30701103515871 4.99726832207823
Calb1 12.4523500110088 4.78792537784882 4.67871936313774
Kcna5 9.32722565582299 4.85170128676631 4.48555011534656
Cidea 9.35583588097026 5.57796888067588 5.26497331101893
Ngb 11.7119940213767 7.13067139750453 6.09694205458789
Ppp1r14a 8.56480325390172 4.63310528987546 4.2336655891814
Lhx2 8.64556327527206 4.66055042700373 4.46972851436558
Foxg1 9.84268827652283 4.5078372292254 4.09641274833361
Tpd52l1 10.290996831811 6.52295040209058 6.41839804832382
Avpr1a 8.90331763559194 4.96499563726236 4.54410037046675
Slc17a6 10.6061522751798 4.74998893114005 4.67799739691097
Ccdc109b 9.25640040184716 5.48194245547816 4.60991581707664
Ugt8a 9.64700835440006 5.06322721784675 4.28212134295299
Lhx9 9.89650151753568 4.40856064572107 4.21298870009105
S100b 8.94423317446673 5.26406129555064 5.15560107628334
Cck 9.7895709817447 6.10547991264276 5.88011483120081
Mbp 12.5124529476143 6.71381807963564 4.9836699271136
Lor 9.26529931119843 5.43585824604675 5.37978930384244
Hcrt 13.8400493748251 6.80817407659467 6.32617431199587
Epha5 9.02332639743921 4.9744495137663 4.92728134098285
Mt3 11.7461151816438 7.4986410313945 7.14360435121843
Nptx2 10.0327709352716 5.85456584863225 4.46076987503009
Ndrg1 10.5220541421661 7.17237897974536 5.1946710010256
Mobp 9.5344288375858 5.00560385847125 4.85630673533637
Nkx2-2 8.37069892900947 4.60273339192519 4.53710415592198
Pvrl3 8.44987802571381 4.92982118003775 4.86299432218081
Cckar 9.57285395188322 4.45658205688018 4.08965293982878
2010204K13Rik 13.481734517258 7.07473777311069 6.16402588034291
Rit2 11.947317393039 6.57101740527757 5.76085122839262
Elavl2 10.9021050692905 5.70560622236284 3.96490990519268
Nptx1 8.00479599233836 4.62739533103655 4.62504867131148
Rprm 8.6856314740076 4.8670038589186 4.60013210565644
Nts 9.36761277338016 5.60827464352406 5.08174592298915
Igfbp3 8.70370116777851 4.38178781496626 4.35432729765126
Id4 10.4395125596805 5.64940942398735 5.19574794365202
Cbln1 12.4502487965846 4.44823340880057 4.4178371058257
Timp4 8.9947821794659 5.04055256512091 4.56855820664727
Zic1 9.63641667714679 5.43887510502259 5.17668280074973
Nnat 12.0742058276553 5.56930854206673 5.31247118866322
Zwint 10.6798356166938 6.83401318918551 5.8850205430862
Ptgds 10.7327815491146 6.01571134796179 5.08517596147743
Mmd2 10.3941488850137 5.59165052592536 5.20723195129449
Tspan2 9.42643248048363 5.19103455573539 4.98636577100943
Cdh22 10.2435028692537 6.03759077479275 5.77162362495849
Car8 8.94870278949264 5.04768305531926 4.73512015065282
Neto1 10.2857072366074 6.63935052569554 4.27921209180641
Aqp4 8.69091177470535 4.70953760114534 4.59203091952955
Plp1 11.677268838257 6.24825944861692 4.57038510555656
Tsc22d1 12.4087106754765 8.85646357385472 8.48384089920897
Rab40b 9.2552481630179 5.05033838538401 4.55347271326116
Hmx2 7.87318756926406 4.38114288383851 4.29506341156164
Ddc 10.0817610159972 5.13898006844343 4.99845433010004
6330403K07Rik 14.2441769882763 10.7590041831769 5.49148890338074
Penk 9.76773374660113 6.26667264814503 6.23257394845997
Mal2 9.84246219530395 4.55426189174411 3.99793190726517
Tmem158 10.4805057194226 5.97142995038416 5.39302467905623
Tdrp 9.43770901923264 5.96440827321685 5.67259220913076
Rhpn2 7.61430176650136 3.86789349513386 3.85978372186451
Mela 11.1090403068843 4.3437115127413 4.13184622558414
Clvs1 10.105883485922 6.74641884183391 6.10872941633377
Lrrtm1 9.74577322708507 6.03417405566318 4.62985166849414
Spint2 9.60684026824707 5.89834301357193 5.47016193753088
Ctla2a 8.32813574511137 4.61194387345766 3.71914455935199
Arhgdig 11.9256394588069 8.56117045029588 5.50193212766277
Mog 8.04097142007193 4.22895818578005 3.96763160242905
Gpx3 12.6111063593571 8.15232185212871 6.64670614960687
Cdkl2 9.52659324795217 6.0062757222513 4.34104803764499
Rspo1 8.73536859196915 5.09091131447845 4.69490675597465
Trhr 9.7744986394931 4.61644280293262 4.05990402972886
2010005H15Rik 8.88994120203661 4.91918681149363 4.84274453591282
Dlk1 10.4766581874079 6.58194439627557 5.69653759709951
Spock3 8.29534417357903 4.97161906618783 3.60042042850014
Fabp7 9.24290177053388 5.21372209712263 5.04962740083975
Gpr37 8.32086950049726 4.78546126597273 4.24478187591809
Calb2 11.889857528334 7.78629306625772 6.4500255925184
