Golm1 13.1709345745481 7.06713502084145 6.65454521272411
Dusp6 12.2043335698759 6.68226755092419 4.75118865034788
Tgfbi 10.1729708775644 5.4738213002325 4.47145574091784
Sgpl1 9.54910293773426 5.5512459160697 5.03445531419418
Junb 11.5780026398467 5.86765984904615 5.48769639534713
Lcp1 11.8463632704423 5.27733542436224 4.40345899634537
Txnip 13.6993914736524 7.00732801412015 6.39476488587245
Klf10 10.1153774463127 5.99129537424383 4.54129716426806
Cd9 11.8962881279299 7.63183955728244 5.33037475967055
Ifrd1 11.3040305700896 7.79328777385035 6.52667101561564
Cd34 10.5911587485583 5.02944731004292 4.8204110054378
Cd83 13.2264749464343 8.93494250495641 8.33785063261351
Sipa1 11.1257432146877 6.78137928833815 6.49400341642174
Coro1a 12.6004028717715 9.11384644781776 7.91650114598435
Btg2 11.4968904593275 5.71927505281474 5.3234927735653
Tnfaip2 9.08145533726492 4.58879621807898 3.99412492507305
Litaf 12.5127367018525 8.38556677801337 7.73213047002042
Cyfip1 12.6066769077138 8.26626142630543 7.92603832992766
Lamp2 11.6172171151883 7.95266728429505 5.59904368120053
Snx18 11.9105809619856 7.81542021609302 6.89088698089618
Ctsc 12.6065842886925 5.99316782456623 4.84361434704855
Tubb6 9.94309885815544 6.4686941039951 5.3612991442463
Ier2 13.4150634942812 7.4261525116402 7.28107676267626
Rab32 7.60118101811754 3.93537078410978 3.84341688725041
Nfe2l2 11.3735710823378 6.38714896664845 5.03412848526022
Socs3 12.8363611039744 4.79957809221136 4.07834668519486
Sparc 11.723215805215 8.06184492273617 5.30779422153395
Scamp2 12.0782300087712 8.13450329566195 6.87803388351889
4632428N05Rik 12.9592128362635 5.74159997984991 4.97476926381968
Spint1 10.3415667614487 6.18036757961912 5.60524612316136
Afp 8.20241684612463 3.99688440440574 3.75804031758562
Clic1 11.3846871257571 6.45734440531487 5.36171596970359
Irf8 12.5606886061131 5.57850944136026 5.32604190683382
Dnajb1 11.4072973894197 7.90660902936138 6.72526629766672
Tbxas1 9.77227819439976 6.32750255433199 5.87216963685676
Slc39a8 8.3702572354114 4.16238796699684 4.05505896852643
Parvg 10.3224146114506 6.38975412599871 5.67754524976307
Mcl1 12.1472433486191 7.66177607808985 6.62848394215736
Rgs10 13.3912666623373 9.46916510252693 7.13675175364693
Rps6ka1 12.439882687873 8.58051049821787 7.56791492602838
Parp9 9.82908871348782 5.96338621736919 5.80178849855827
Tnfaip8 9.91373565516323 6.08614480444152 4.5032596023589
Mfng 10.1100884876208 5.78549232742893 5.68464557798598
Slc40a1 11.6365802495677 6.30466404118607 6.07261812654473
C1qb 13.3846079047961 6.26940961259277 3.77295035248997
Egr1 14.0125449996656 10.0448580534047 9.23457946392234
Cyp4v3 11.0721852303594 6.86340433381261 5.92241885059019
Syngr2 11.4559121689701 7.22208988252668 4.70219310587863
Plekho1 10.6038456884602 6.90618871614406 5.92305650981574
Pmp22 12.2653168767854 7.96299942687346 7.78787634289547
Usp2 11.7287066241903 8.1726948647016 6.50313524653648
Ccl6 10.223717633042 4.66218384904441 4.50147481990721
Cd14 13.3052539164274 7.44380668314819 6.16946894569492
Tob2 11.2284375997777 7.2001565782549 6.51431367401399
Pycard 11.8185468367102 6.17852909570349 4.94390901788671
C1qa 13.2380236204344 7.29209694221878 6.21953764329348
Il16 10.7022595486227 5.9282304347468 5.50484190966306
Slc7a7 11.052383619296 5.11839813022518 5.0360940311461
Klf4 12.698526861476 5.714774815508 5.69620922141956
Jun 13.1567215574815 7.7904358422962 6.29582188432002
Srgn 13.2509970787582 7.05151276371481 5.63692260842698
Myh9 12.5865032254667 7.72686291945687 7.32992256629345
Nfkbiz 12.6860754101133 5.21460266444514 4.60635791472755
Tgm2 11.7718766956168 6.75304199317514 6.73618086543087
Plek 13.0669588958399 7.75260318145228 6.284951345552
Itgb5 13.3318370523038 6.37655637139118 3.76926585224014
Elf1 9.08676867890006 4.9918411538064 4.28444116240497
Rgs1 11.2541972267774 4.47511526105641 4.4261477174357
Ier5 13.0591463203827 7.42484055757086 6.08943010787812
Cd79b 8.31573716498709 4.84140220403266 4.80638792377698
Snx5 12.5628056055199 9.1506871449098 6.60117756074002
Laptm5 13.2497958585741 7.48312662126961 3.76681691124084
Tjp1 11.9606953410398 8.28175856273532 7.67833702138114
Serinc3 10.8737843005988 6.90420044358268 6.67649947641377
Ctsz 13.0341451754765 8.10954840993146 5.3408269731071
Fcgr1 12.3056772228307 6.70070917809256 4.45014632257166
Slc16a6 11.601886645942 7.1578914394263 6.24127563644471
Pdlim4 9.4700059993897 6.01011570714635 4.51448514063572
Ccl9 11.5606702750711 5.38015599974415 5.1118110314604
Trim30a 9.82440837349698 6.3455284222786 5.17371060410381
B4galt1 11.050190662426 7.3074035080655 6.03165970803158
Tnfrsf1b 11.5849644137814 7.08880597487678 5.88222030178711
Inpp5d 12.5199395399242 7.15339506144521 6.44147475609392
Tlr4 9.52419084436795 4.33979478040795 4.23280478183515
Aif1 11.8782125697407 5.57024516517748 4.86387340668621
Lims1 11.3895886323577 7.95017053169915 6.47152842213376
Syk 11.2305153374971 6.61232505110622 6.23551936984066
Klf6 12.1614928848338 7.07075457062621 4.85816214578708
Crybb1 12.3010895138039 6.58243881373975 6.45251782806374
Fcer1g 12.6409109862305 6.22425197447056 6.17520335869653
Ctsh 12.8519091129382 5.9985736143835 5.31328149711351
Gpsm3 9.66649074936397 5.86137205047857 5.45852466237494
Ncf4 10.7081144474155 5.24743798138294 5.09566186413785
Ggta1 10.3145780373454 4.57017151917034 4.49435310078212
Calcrl 7.84138491604448 4.37674348074494 3.93106950002152
Lcp2 10.3889718130272 4.93739965617335 4.91926975095086
Ngp 12.4329204009581 6.5048701620184 5.0027480572582
Spi1 10.2850028049619 5.935369145642 5.92271879861129
Atp7a 10.1404314445784 6.16684849268269 6.01556862107631
Csf3r 10.4703586336665 6.7951002481538 5.19827070641387
Ms4a6b 11.1222234312687 5.26507619018112 4.97660792151142
Hcls1 8.83239317939796 4.89113447253544 4.81969239104382
Pabpc1 11.1513836653323 4.56900098798162 4.10710390694175
Skap2 11.9890479352489 7.64694494284477 6.99643111487379
Cebpb 11.6879517821222 7.10707840567964 6.79240529546178
Plxdc2 12.0633823649962 8.40593576631892 6.5281000001473
Cxcl10 9.83264446685726 5.53741687388838 5.05855599879951
Cysltr1 9.33333349087416 4.38936940765559 3.88516536298707
Cebpa 9.88957255483431 5.97243441402077 5.1375930377797
Cttnbp2nl 11.7204560544011 6.40327181438014 5.59661816977406
Lyl1 9.97533629065994 5.194580620915 5.07682584253828
Ptpn18 10.4025712369028 6.82925524964404 6.27836778497163
Tlr2 11.9268402473875 6.58676975389711 6.08373172990984
Cd163 7.66769719158114 4.24650565317576 3.95629835738244
Serpine1 9.52331793271942 5.6920991095701 5.36342911645418
Mlxipl 10.549742788076 6.63925278547469 4.72751536433216
Cd37 10.9048574016166 6.17673230229671 5.9046744782505
Map3k8 10.2849700718244 5.32180009379889 4.7496147988195
Myd88 10.7278217724093 6.40997724755414 6.1672802030073
Ccl12 10.5112043294489 4.86634508815115 4.64485927129258
Arhgap4 9.36525554969312 5.68802872503563 5.29208632306071
H2-Oa 8.7917936065526 5.26560665424124 5.0156489285885
Pon3 9.20297150005047 4.44064420938721 4.41276567929128
Slamf9 11.1882832385642 7.63339823219211 6.3944934166195
S100a8 13.0395448654869 4.75779838561225 4.52381973172066
Il10rb 10.7116513838826 6.89553581667367 5.24205175033473
C3ar1 11.7072754362155 6.95462834414582 5.40697144303501
Ripk1 10.1243899929041 6.53508296467554 5.31260090360966
Fgd2 12.1304825880125 6.20107515625609 6.13662905732655
Rela 11.8428094359349 8.1405489319733 7.78083026749905
Ccl3 13.4953964323281 5.14566000312147 4.59171344757535
Ms4a6d 11.3799791784438 4.77512980198436 4.55486706027685
Ier3 13.4963591841383 7.79555985062298 7.54756230024799
Nupr1 9.93831898336817 6.60141326286332 5.09134306494632
Camp 12.113738407204 5.53576739691444 5.2942647147207
Klk8 10.2464469222101 5.86029046261014 5.66590602493191
Chil3 11.1159878878753 4.65664211659927 3.9367925320687
Arap3 9.86775374576886 4.55916023281699 4.09466666322108
Tlr7 11.2112407400947 5.54351473286317 4.78347494599102
Csf1r 14.0460007158016 8.55923521871044 8.26985482020504
Hpgd 12.0107499612859 6.32655524803453 4.30905014582743
Mcm3 8.92535440058905 5.40845894113957 4.74643156245029
Slc11a1 11.4154854568916 6.27706749984699 5.64826376123496
Ccl2 9.49866288250659 5.26911908925848 5.20677273221707
Cd86 11.6419705628058 5.17885084302756 5.15326862072624
Gpr84 11.5935377294956 6.19466018044723 5.31862397677432
Vamp8 11.9027573726861 7.47539613997896 5.99741956236631
Tcirg1 11.3257053795282 7.14278425469461 6.35437942640278
Sqrdl 11.0518617676912 7.31730336032589 6.03647737013612
Trim12a 8.5835260320544 4.41505147960165 3.88310046399269
Slc15a3 11.5219827541908 5.43124568531061 5.09650087405191
Clec7a 9.36335652990378 5.97863510558642 4.74326830013564
Rel 9.30153835661437 5.44207081073404 4.6878516146155
Tsc22d3 11.4721491337919 7.50011600328236 5.07807678998821
Sla 12.3378861062474 6.25254325372345 5.86048481568509
Itga9 7.35656542889308 3.91483733703262 3.77433601584135
Tgfbr1 13.4953964323281 7.99007403976953 6.62301352189078
Asph 11.1131392793095 6.76014420055123 5.38524856415216
Adcy7 11.9646243532397 7.42886541673792 6.73916005182373
Rbm39 10.4094928984617 5.71041255659158 5.36916933892111
Mrc2 8.85958477054983 5.33110557271421 5.1371722500932
Bmp2k 11.3162621163235 7.69454461603253 5.74493767042921
Itgav 11.507195343065 8.06536485892369 7.59012170891442
Lgals9 9.80576100376818 5.65517829231116 5.34384383153122
Trem2 11.528689695107 6.90212397351726 6.10559545780441
Birc3 10.7521481640029 6.13917426757827 5.78918245242294
Igsf6 8.68495551282954 4.52610477743202 4.24908238108703
Samsn1 8.95535277925432 4.61383371438435 4.39628195584551
Il1a 10.5450729398403 4.60367673702319 4.22148173761335
Hpgds 9.14123713383759 5.16551213110563 4.97388522256768
Naip5 11.1347547074536 4.59160112214206 4.53518807712726
Ccl4 12.7516225784521 7.68376333010604 5.96782009999695
Klf3 8.44575749935971 5.06752425410151 4.79267264084423
Itpr2 10.8613975316724 6.08974327133153 5.94947450215576
Stat6 10.5031698578152 5.5044700656322 5.12977905951777
Msn 10.7217422633417 7.31221947087877 6.12180243401247
Abca1 12.0785728549459 7.08850778622301 7.00283446129519
Adam17 10.581995677351 6.11835179496926 5.94737579253189
Dapp1 10.626591308075 5.08897737861182 5.00225580633252
Clec4a2 10.1190075949126 5.15122976760053 4.82520039472056
Fli1 10.0832277034328 4.10101684101278 3.83353552123245
Ets1 9.75745818736726 5.83072116545647 3.87961026874077
Ptprc 12.4215732421658 5.09078492952963 4.42933905646668
Fosb 11.9818678393755 5.37214079947342 5.33048322236987
Ccr5 11.7087776692335 4.76321370748382 4.42150020873062
Il6ra 12.6405285425734 5.6890394124099 5.44157671008466
Tgif1 8.50458243562559 4.69521583292691 4.65573832069014
Pla2g15 12.3512186582331 8.26524325710549 7.2621167027287
Itga6 11.5906633280243 6.59920922293722 6.23791024058212
Ifi30 11.4062018650154 7.69603163680347 6.32028312400698
H2-DMa 11.3395300052483 7.0435188042032 6.17383109990348
Zfp36l1 12.7019764996359 6.93846366345068 5.24930033151973
Gpr34 12.142699851518 4.37420192720031 4.29875627403057
Rnase4 13.0771643703574 6.92016860203351 5.69954339571671
Hk2 12.3164140648536 8.88098212389084 6.59688915028494
Fam111a 8.33832002390926 4.96684724979789 4.76812674240539
Hfe 11.3196450739578 7.20228100395146 6.49516589757659
Naalad2 9.64837692903074 6.29746869574647 5.43296825997908
Pik3cg 10.1537853547168 5.49130402701303 4.97130897195625
Zeb2 11.4350095719432 7.60493124616166 7.54018168187613
Tlr3 9.63659550839082 6.03969657204716 4.81485189993663
Mertk 13.0985151577591 6.11820257008113 5.20815521392721
Cd84 9.96224237530016 4.755213065351 4.64576472846645
Ly86 13.8305038298173 6.57127157530482 6.236968706916
Vav1 10.4997459843954 4.43275985143696 4.02486518055733
Pag1 12.6736213180298 8.15971208096227 7.66210648487717
Cfh 10.8438396260437 4.37190555550414 3.61118422815803
Tnfrsf13b 9.66545251361214 4.95203470634291 4.48985556767681
Cebpd 10.5744174492867 6.34142630916198 4.17204514468295
Smim3 9.32886126195367 5.87764773831417 5.83689262606196
Hhex 10.060418644213 5.87854217800577 5.20137705320969
Entpd1 9.58873000960094 4.63353236880872 4.23405960083029
Ptgs1 12.1626150793908 5.15266491189771 4.62911116410164
Stk17b 9.80355004387352 6.01448692108027 5.52469974420379
Frrs1 10.6966078261321 5.45828563911567 5.35363160336096
Lyz2 12.5660138290276 7.0044378834778 6.58603368120125
Galnt4 9.11869231898454 5.06097525285515 4.99733666459436
Ctc1 11.7422487728519 7.61449228374286 7.39237401340743
Unc93b1 11.3066168079527 7.3566950624565 6.05664186486289
Mob1a 11.6304802850351 7.96988382001838 6.66897659309052
Cmtm6 12.2803328178186 7.16164212211588 5.14544956771659
Tspan14 11.2007785813707 7.32914637628948 5.9769453942349
Lpcat3 11.4786154330381 7.23319445374375 6.78286487792067
Pxn 11.8612215849744 8.46536354512411 7.85786786166206
Hvcn1 10.2856187487951 5.60516459546301 5.58429233725142
Edem1 10.5644676490564 6.19641864643988 4.38946008833198
Icam1 12.144222640413 4.87709254471929 4.56409718137659
Ptbp3 11.2952745829932 7.07924561575997 6.41690527127529
Rcsd1 12.3223507478265 7.78286426610337 7.12127772389029
Npl 10.119227368812 6.00132895452606 4.78340444961583
Tmem140 8.46080936763924 4.85713580275213 4.63286508257367
0610040J01Rik 10.8106638816197 5.57502011454994 5.53473888234222
Tm6sf1 11.273380881778 7.26042905539904 4.57232339353684
Cklf 11.3324839569912 6.47400401593221 6.29004476115574
Cd177 8.01898297885642 4.5077993917799 4.36207000364422
Casp8 9.83591177234681 5.07872597176215 4.91310457900929
F11r 12.1638127271072 6.66097032747733 6.19939439728417
Reep3 10.7593284719606 6.94731451651811 5.48620273921546
Tor4a 10.4213155961976 6.56465481333376 5.74091646431747
Lpxn 10.730982217212 4.93805649147205 4.82006179231173
Siglec5 8.337886172674 4.06081188799913 3.94907202004092
Mylip 12.3804927223987 8.14545530404453 7.73255444631485
Fcrl1 9.27554865404005 5.72281532319793 5.11790449270439
P2ry6 11.5909433501351 4.78678904745827 4.58456148412946
Ighm 11.6041085325057 7.09671283098077 6.75297887765417
H2-K1 12.7949568117272 8.67503056624983 8.66268703985263
Tgfbr2 12.4312251246194 7.05468902246263 5.36917649527724
H2-Ab1 8.4512011309411 4.81390635967087 4.48671271930195
Ceacam1 8.73427463823456 4.67605151605388 4.62503769406912
Mlph 9.52478746573067 5.72955643810668 5.34096210547704
Ncf1 9.01873662127703 5.46124528955728 5.17930214515249
Il13ra1 9.69650941211153 6.23769434969848 4.22992038247795
Adap2 10.4876327911899 5.45069777196775 5.43327693574292
Pld1 10.7880824610021 6.9210650527865 6.4961201687981
Pon2 9.26937417743214 5.80562052017501 4.0656488206926
Ggnbp2 8.88683207954564 5.55926830449402 4.93151226363429
Capn3 10.437566906065 5.55098013090555 4.75008389826064
Btg1 12.8272407508816 9.44434225491326 7.39669977422774
Rrbp1 12.1135184174842 8.30830052507442 8.12819845211622
Arrb2 11.5161791808491 7.35102183365943 6.72235496621827
Pros1 11.4244912078995 6.47135557181432 4.68831466437556
Ifih1 8.66416697609045 5.1205362977302 5.06064761464038
Rin2 10.1302854085197 6.22621937340192 5.52535439318238
Tifa 10.6649959627868 6.48851646148715 6.43676061707692
Arhgap17 11.0358082941061 5.66213499067178 4.85525794972825
Parp12 9.52345845288495 5.73074503381062 5.31922476638997
Trim47 10.122871565472 5.28226700218462 5.18825643350909
Jmjd1c 12.7042728123964 9.05006492084001 8.41031615782673
Mlxip 11.0131464704826 6.9862885115341 6.40182550639545
Sash3 11.2528818012755 7.06439318364007 5.50141081815188
Themis2 9.94919523666928 5.24167108445162 5.04453768745415
Mpeg1 13.5339312443488 6.80868564315213 6.74339127074883
Hspa1b 12.7328150924375 8.28387730724564 7.45670250685167
Xist 12.7732517233129 4.58125410725309 4.32296323020331
Cd48 9.99176185857167 4.67146880604758 4.45102922842821
Akna 10.5978331936346 4.87364628810526 4.82233778529116
Sult1a1 9.92143049281146 6.26010552220496 5.53476727224557
Fes 10.5840546362038 6.9253830709477 6.12568186780461
Cep152 9.68353142517718 6.12308111536013 5.43499094001026
Egr2 11.2144151601674 5.02579623251239 4.09903381369991
Ccrl2 11.4107831106411 6.61971586383559 5.48515512368603
Lcn2 11.7182561949748 4.51470293462973 4.22228278378645
Tmem173 11.1696407087511 7.55033092544151 6.02824248636696
BC028528 9.01173787915138 5.64608800663861 5.54548902301323
AF251705 12.0057126252299 7.31193401842424 6.44032910848768
Hmha1 10.4487011332694 5.94922191355096 5.45263683171835
Gmip 10.2055870255081 6.01319695007709 5.83972513908961
Nckap1l 11.1526856630168 5.96715019458358 5.24158095730473
Abcc3 9.7509259850256 5.95844386352915 4.75989979727339
Rhoh 10.7637079698635 5.18472526401331 4.9080816351029
1700017B05Rik 11.7522974287947 7.02971871632224 6.15328864762315
Gusb 11.4803411718158 6.36109684307699 5.5541634111025
Lair1 10.6612900224916 5.03474522805459 4.83433364757517
Twf2 10.9336973935694 7.51704428738107 5.61282690051501
P2ry12 12.4385715566921 5.26083062136309 4.8863240446656
Epb4.1l2 12.5432840929574 7.09207679888347 6.78741183475506
Pld4 12.1700437011819 5.79983240543362 5.58302504617544
Lrrfip1 10.7224886700699 5.81146121388011 4.79836260649547
AU020206 9.79768698851007 6.06854533077457 5.3041418195365
Fermt3 11.4207362066657 4.94643816094402 3.93237082596466
Plk3 11.036823711972 7.67971348670512 7.06773461755584
Ankrd44 11.5679366187782 6.66946715300466 6.26049975372372
Kctd12 12.099676793357 7.2662286741522 5.49040422266825
H2-Aa 11.2644036954394 5.60367767658625 5.5163259901414
Fam105a 11.8820924454901 6.94480336466876 6.56730143679237
Herpud1 12.5116726598182 8.98026929559114 8.92463940329055
Cd300a 10.0530239896872 5.2550230002493 4.91623603829822
Wipf1 10.3652831365882 6.87089314362839 5.5708667365845
Lyz1 12.2502412289951 6.55879904442043 4.5280028737906
Zfp110 10.6738601357144 7.08144471684435 5.74236247425157
Clcf1 8.68466038510135 3.85301087262611 3.80839279938772
Adrb2 8.29734945321406 4.23141745356855 4.15900684447451
Lrrk1 9.1635528470806 5.05551453321856 4.50343464874926
Zfp36l2 12.4004422821899 7.42794478493583 6.22247144860119
Il10ra 11.9867649941734 5.22327330853832 5.09840766765413
Hexb 13.9214339669789 9.87380459861319 8.51330373420568
D530037H12Rik 10.4018822600769 4.5310298635495 4.18576618973408
Rab20 9.64744268247702 4.11730548367438 3.8219752919054
Grn 13.6303783372944 8.91781144721508 8.06829784701451
Bach1 11.7684659473826 8.17399503815684 6.24751692061253
D9Ertd306e 8.20712585253381 4.23845472690846 4.05960322495251
Fam46c 12.2421510197398 7.52292220240236 4.62559720581348
Pald1 11.0128320429645 6.15073238775792 5.78541435886099
Ifngr1 12.016051864462 7.65895839011786 7.27607188092482
Tcn2 12.1195930224409 7.45089587616773 7.28955960629277
Anxa1 9.64055143138413 5.61048365328804 4.5424328245132
Cmtm3 10.0110497819572 6.30215783637414 5.47133499593675
Ppp1r15a 12.6593601245383 8.03176602163548 7.99914947441344
Dhrs3 10.8328899765314 7.16841452239255 6.64852677332077
Lrmp 8.89491220593798 4.48989461492275 4.27782868537341
Olfml3 13.5644607358692 6.68573505296892 6.13417391306533
Pla2g4a 9.55730250855793 5.75932934983214 4.85765877320113
Ncf2 11.109264808914 6.0556666185279 5.72343230296435
Il7r 9.22711297999003 5.78769942829788 5.03913481044468
Ctss 14.1223387589978 9.0763050062168 4.88126320168988
Cd53 12.6270729328698 6.07029444668945 5.30842174496216
Fcgr3 13.3874319809845 6.49219825263632 5.17204462025525
S100a9 12.2965410503709 5.03587090153498 4.88954048042308
Dusp1 14.1813580097059 9.74489636757988 9.29063990588373
Lgmn 13.4068999504885 9.42629057029021 9.34691787936961
Klf2 12.9915058739807 5.91254238602392 5.7919268066252
Fcrls 13.5200887013828 6.1108045652681 6.0070405904514
Tlr1 9.55990391864875 4.45554018441048 4.26452517990445
Selplg 13.492313873689 7.48212247612145 6.88373285321015
Cd68 12.2825968841945 5.47234935031948 4.84413194566416
Gpr65 7.85611733273235 3.80892455517316 3.74536860536577
Csf2rb2 9.46516272602394 4.98450211005319 4.33867391363765
Atf3 13.3007390383143 5.55109616164196 4.97426431631004
C1qc 13.5695399365939 6.55488591140826 5.53498463523439
Chst7 11.0545300964632 5.93370379540278 5.87259373620399
Hck 11.7192724128215 5.8207062717814 5.59390348720846
Gcnt1 7.89240442650036 4.35043103636023 4.19163611898052
Casp4 9.17977855891737 4.57206457080667 4.10147704077323
Lag3 9.94342037341401 6.17869167015757 5.47183391195465
Cxcl2 10.9236295592129 4.8491653723689 4.50443480084441
Ltf 11.9771261319803 8.10217498974386 7.34440692283574
Cx3cr1 12.8322911670036 6.16830572641008 6.144264818955
H2-D1 12.6856010965553 8.8120627062417 8.75201406016033
Stab1 10.7835801182221 5.57437342432378 4.91286289332191
Evi2a 12.5801879760248 7.98159760950925 4.75438159337759
Il6 8.3523884587654 4.12190268871037 3.98781076975591
Pdgfb 10.6620659529342 7.07520176218051 6.0782058115273
Mrc1 8.47267687587698 4.73321082067841 4.56629165074068
Itgb2 11.8281947861841 4.98249659784977 4.98236753860574
Adamts1 11.3973807177838 5.96542817964534 5.2543423771976
Ang 8.67340897437916 4.19939667901624 4.05988602394861
Sh2b2 9.32069277757714 5.03056710855469 4.74311619238943
Tyrobp 12.9035612805634 6.4225958222245 6.33993134026345
Ptplad2 9.63817330010533 6.00576975226027 5.10885846774691
Slc29a3 11.6835560124248 5.92954309967735 5.81364963552826
Vasp 10.5290974508756 6.83298657194418 6.39291982894819
Emr1 12.777781853873 6.71979754585765 5.94992208771012
Nrros 12.3519497751025 6.22965293070414 5.38012755137376
Tmem119 13.699678559052 6.91751186839213 6.12799214192538
Pnpla7 10.5843197435089 6.96058238159414 5.88323144674227
Parp14 9.10437062254361 5.75683629256516 5.16909550275662
Havcr2 10.710530075929 4.20208689617427 4.01692180375511
Alas2 9.97256535353661 5.40125465423107 5.25375326124371
Cmtm7 10.4036329494645 5.5620114345627 5.40559115836177
Mafb 10.9849900615298 6.02126130513559 5.71335343567287
Blnk 11.8079240962002 6.69685517516221 5.67377755484284
Tmcc3 9.16895367720384 5.21725087680031 4.75766239882894
Notch2 11.035203297165 6.23280495102592 4.73113301006159
Vrk2 8.87003271247097 5.1295291048825 4.54749913115534
Daglb 9.94097644340737 6.4500077486001 5.78979429204626
Alox5ap 12.5749967599795 7.48118566104653 6.88524888737853
Fyb 11.7159427823204 6.30577087211618 6.04951369549095
Ctla2b 9.94438247489242 5.55361984576646 4.07991138029236
Sall3 9.56740794423544 6.17048878294812 5.73896710984785
Hspa1a 11.9245276178108 7.31683358666819 6.67592868708458
Zfp36 13.4960506681509 7.31342085616409 5.89320336372069
Abhd15 9.92497435981129 5.04906141113278 4.94272585840203
Cyba 11.7749627835735 5.8499995711142 5.31999944500084
Spata13 11.8360921296241 6.3404647179564 4.91392667990579
Wasf2 12.4660305697947 7.22907588405488 7.20616359327447
Ptpn6 11.3292345329635 6.77604685476538 6.56975952760062
4833441D16Rik 9.33372525445037 5.04638462752501 4.59292516136536
Tec 10.1967601761071 6.6488457718528 5.29461090130019
Irf5 10.4417221455899 6.0837419996089 6.06432617814401
Naip2 10.8151812852359 4.73635503228287 4.55344385842248
Anxa3 12.9131833282778 6.08047098091205 4.9312683475276
