Gsn 12.0527454208956 8.28108073473025 4.82127985846017
Cldn11 11.0269113677755 5.32525060318369 4.19854654063144
Trim59 11.0443765761706 6.30559659992615 5.59722587411752
Olig2 10.5134962976283 7.10488215165191 4.26088102543691
Apod 11.7562830615532 8.28793658904822 6.40081829473245
Lpar1 11.0063826093632 7.45631523230995 5.85179565910027
Mal 13.6871970082894 6.98369275516245 5.08048940919945
Grb14 11.6048834731997 8.07586810930092 5.39617389579478
Ppp1r14a 11.6070383774202 4.72937177096691 4.20273431624064
Ugt8a 12.426476274366 6.21903030931645 4.23442880885491
Mbp 14.1919653670672 8.74622971486445 5.66058401436823
Ndrg1 12.5425471751583 8.2929763651292 5.16710808682646
Mobp 12.6822897772673 6.3503750697657 4.70994976448284
Gamt 10.9161521166954 7.42291099315304 5.99388038847118
Ptgds 11.4827667535837 6.99672442665241 5.29560283228565
Pdlim2 11.8575800900644 8.11773858156122 5.62040072844753
Lims2 10.9870655921249 7.42381939187848 6.74430117744349
Tspan2 12.4414173999691 7.7232406763546 4.84390924016187
Slain1 10.5943067007673 6.82648741355568 3.83785991001748
Sox10 12.3000891443927 8.70567869002756 6.81036957031292
Plp1 13.4305336939189 9.11264763710545 4.48743189434175
Ddc 10.4394186847722 6.10406154211914 5.06104972913014
Fa2h 11.6350425254809 8.11211353220222 6.1986042973475
Nkx6-2 9.41820653434992 5.25260098806109 5.0673093868188
Anln 10.3136483166388 6.20732197750863 4.78684425366545
Erbb3 9.66396573289795 5.75181690371661 5.34505332846869
Plekhh1 8.41050372673162 4.93317828410093 4.48062530149501
Mog 11.1815938446091 4.38850683415566 4.05632999264306
Josd2 11.0368637361755 7.20214819287517 6.27091396614438
S1pr5 10.5748872353364 5.35504693126744 4.3536199346291
Adamts4 9.6337574047776 6.18506220456413 5.29133783767279
Mag 11.2757039340088 7.46301176076945 5.97551042234804
