Ddr1 10.4684256370734 9.50747770774802 3.64163963948181
Gja1 10.2124037367792 9.50747770774802 3.64163963948181
Uhrf1 9.53427432476441 9.50747770774802 3.64163963948181
Stmn1 13.8681659233396 9.50747770774802 3.64163963948181
Dpysl3 12.8837712643463 9.50747770774802 3.64163963948181
Chgb 10.2038756926648 9.50747770774802 3.64163963948181
Npdc1 8.96497499386822 9.50747770774802 3.64163963948181
Ndn 10.8627137473626 9.50747770774802 3.64163963948181
Atp9a 10.3314072064872 9.50747770774802 3.64163963948181
Sdc1 8.22879702945673 9.50747770774802 3.64163963948181
Carhsp1 11.6840868969387 9.50747770774802 3.64163963948181
Tubb3 11.3355315092255 9.50747770774802 3.64163963948181
Sqle 10.6006152013105 9.50747770774802 3.64163963948181
Fabp5 9.79762812362618 9.50747770774802 3.64163963948181
Cd24a 12.9384825862019 9.50747770774802 3.64163963948181
Nasp 11.6288470631536 9.50747770774802 3.64163963948181
Lrrn1 10.2251274238445 9.50747770774802 3.64163963948181
Nsg2 12.5543482394154 9.50747770774802 3.64163963948181
Trim59 10.8598876439336 9.50747770774802 3.64163963948181
Rrm2 11.6111642006541 9.50747770774802 3.64163963948181
Ccnd2 13.9324354113347 9.50747770774802 3.64163963948181
Prnp 12.4369593752417 9.50747770774802 3.64163963948181
Olig1 9.0666017649227 9.50747770774802 3.64163963948181
Hmgb3 12.9583355590827 9.50747770774802 3.64163963948181
Plekhb1 10.733393838773 9.50747770774802 3.64163963948181
Fstl1 8.90744272347524 9.50747770774802 3.64163963948181
Nfib 13.0401808488191 9.50747770774802 3.64163963948181
Shcbp1 9.36925218632234 9.50747770774802 3.64163963948181
Nusap1 10.6922193016853 9.50747770774802 3.64163963948181
Mllt11 12.6915689854248 9.50747770774802 3.64163963948181
Rbmx 11.6083524525149 9.50747770774802 3.64163963948181
Elovl2 8.21002424282848 9.50747770774802 3.64163963948181
Ttc3 10.3111870267591 9.50747770774802 3.64163963948181
Ezh2 11.1580666609765 9.50747770774802 3.64163963948181
Gad1 11.4480865703856 9.50747770774802 3.64163963948181
Rpl22 11.9368471563594 9.50747770774802 3.64163963948181
Lig1 11.7327876555213 9.50747770774802 3.64163963948181
Cdc20 11.4021890962219 9.50747770774802 3.64163963948181
Snap91 9.28725927213692 9.50747770774802 3.64163963948181
Cks1b 12.0060567642699 9.50747770774802 3.64163963948181
Rnd3 11.147304665057 9.50747770774802 3.64163963948181
Efs 9.28058829481067 9.50747770774802 3.64163963948181
Htra1 9.80886846958867 9.50747770774802 3.64163963948181
Zwilch 8.30349655423097 9.50747770774802 3.64163963948181
Crym 8.2118851688174 9.50747770774802 3.64163963948181
Cdca5 9.70844815222206 9.50747770774802 3.64163963948181
Snap25 8.81786376309715 9.50747770774802 3.64163963948181
Prmt2 12.6090694753978 9.50747770774802 3.64163963948181
Tmem132a 11.0303484294371 9.50747770774802 3.64163963948181
Tspan6 10.2274457662956 9.50747770774802 3.64163963948181
Sox2 10.0320431737318 9.50747770774802 3.64163963948181
Meis2 12.8391895394378 9.50747770774802 3.64163963948181
Mycn 10.7081204298464 9.50747770774802 3.64163963948181
Psip1 8.92624369199014 9.50747770774802 3.64163963948181
Psrc1 7.53378778332823 9.50747770774802 3.64163963948181
Fxyd6 9.45044129247573 9.50747770774802 3.64163963948181
Sorbs1 10.4729520592799 9.50747770774802 3.64163963948181
Mfap2 10.3649541930102 9.50747770774802 3.64163963948181
Bex2 9.99962028648569 9.50747770774802 3.64163963948181
Elovl6 9.2184442409813 9.50747770774802 3.64163963948181
Nap1l5 9.32459114218228 9.50747770774802 3.64163963948181
Sept3 11.4881413226232 9.50747770774802 3.64163963948181
Rab33a 8.82771264424791 9.50747770774802 3.64163963948181
Timeless 10.6487834157694 9.50747770774802 3.64163963948181
Ackr3 9.77113963372289 9.50747770774802 3.64163963948181
Cplx1 10.8276648774876 9.50747770774802 3.64163963948181
Rab15 10.8276648774876 9.50747770774802 3.64163963948181
Smc1a 12.3414434044151 9.50747770774802 3.64163963948181
Zfp704 12.3632775811641 9.50747770774802 3.64163963948181
Fhl1 10.1689696574098 9.50747770774802 3.64163963948181
Mapt 10.6173143216277 9.50747770774802 3.64163963948181
Vldlr 8.43711932241241 9.50747770774802 3.64163963948181
Ccna2 11.2214637710139 9.50747770774802 3.64163963948181
Pak3 10.2095401001632 9.50747770774802 3.64163963948181
Rad51ap1 8.53192760682044 9.50747770774802 3.64163963948181
Cfl2 11.6789276372225 9.50747770774802 3.64163963948181
Stmn4 12.8464588567545 9.50747770774802 3.64163963948181
Gspt2 8.43869960269702 9.50747770774802 3.64163963948181
Dcx 12.9992884069284 9.50747770774802 3.64163963948181
Chga 9.82431182750852 9.50747770774802 3.64163963948181
Nr2f1 8.87724867566182 9.50747770774802 3.64163963948181
Zcchc14 11.1644737928983 9.50747770774802 3.64163963948181
Ina 10.0620317615892 9.50747770774802 3.64163963948181
Pfn2 13.0577613790638 9.50747770774802 3.64163963948181
Rbfox2 9.73693622877888 9.50747770774802 3.64163963948181
Rlbp1 7.87371827237374 9.50747770774802 3.64163963948181
Rbfox1 9.21936307652894 9.50747770774802 3.64163963948181
Foxg1 11.1066032737159 9.50747770774802 3.64163963948181
Prim1 10.194347012355 9.50747770774802 3.64163963948181
Apcdd1 10.8331269302241 9.50747770774802 3.64163963948181
Sh3d19 9.08843325047778 9.50747770774802 3.64163963948181
Wasf1 9.64169534705084 9.50747770774802 3.64163963948181
Nrsn1 9.68535197987399 9.50747770774802 3.64163963948181
Astn1 11.3847110327246 9.50747770774802 3.64163963948181
Mpdz 10.2646152008323 9.50747770774802 3.64163963948181
Ptprz1 10.8231565759124 9.50747770774802 3.64163963948181
Psd3 9.22570917712403 9.50747770774802 3.64163963948181
Mapk8ip2 10.0080823198601 9.50747770774802 3.64163963948181
Cdh2 10.0994170899058 9.50747770774802 3.64163963948181
Dcbld1 10.0196211979212 9.50747770774802 3.64163963948181
Skp2 10.5970811008768 9.50747770774802 3.64163963948181
Rtn2 10.0856260725718 9.50747770774802 3.64163963948181
Shank3 9.25210153647444 9.50747770774802 3.64163963948181
2810417H13Rik 11.482242210821 9.50747770774802 3.64163963948181
Dtna 7.82975278448813 9.50747770774802 3.64163963948181
Cdk14 10.5789097290658 9.50747770774802 3.64163963948181
Sptbn1 12.1462203523659 9.50747770774802 3.64163963948181
Pax6 8.43024891349661 9.50747770774802 3.64163963948181
Pola1 10.2740555126902 9.50747770774802 3.64163963948181
Bcl11a 11.409007208118 9.50747770774802 3.64163963948181
St6galnac5 9.41303170783495 9.50747770774802 3.64163963948181
Mbp 13.4386368355028 9.50747770774802 3.64163963948181
Nkain1 10.673314544005 9.50747770774802 3.64163963948181
Mark1 9.75738091237672 9.50747770774802 3.64163963948181
Dlx1as 10.9459726907703 9.50747770774802 3.64163963948181
Kif3a 10.8778250963493 9.50747770774802 3.64163963948181
St8sia2 10.2428224758683 9.50747770774802 3.64163963948181
Atp2b2 8.51123437983214 9.50747770774802 3.64163963948181
Magi2 9.03443312976771 9.50747770774802 3.64163963948181
Csrp2 9.40062994510935 9.50747770774802 3.64163963948181
Kcnq2 8.72075871115467 9.50747770774802 3.64163963948181
Ntrk2 10.9702991793652 9.50747770774802 3.64163963948181
Ptprf 9.52759366357092 9.50747770774802 3.64163963948181
Pard6g 11.3967693534717 9.50747770774802 3.64163963948181
Sez6 9.7440023334167 9.50747770774802 3.64163963948181
Arx 11.6775258818092 9.50747770774802 3.64163963948181
B3gnt5 10.3429302421991 9.50747770774802 3.64163963948181
Plxna3 9.71204973415289 9.50747770774802 3.64163963948181
Mobp 10.7354351272108 9.50747770774802 3.64163963948181
Trpc1 8.1420978121981 9.50747770774802 3.64163963948181
Strbp 8.77784784555956 9.50747770774802 3.64163963948181
Myt1l 9.26455279165497 9.50747770774802 3.64163963948181
Pbx3 10.0232629086312 9.50747770774802 3.64163963948181
Tro 10.881981834887 9.50747770774802 3.64163963948181
Cttn 12.6487102462788 9.50747770774802 3.64163963948181
Grip1 8.48966676235335 9.50747770774802 3.64163963948181
Insm1 8.93730631345739 9.50747770774802 3.64163963948181
Cplx2 11.6743021555505 9.50747770774802 3.64163963948181
Racgap1 8.52948083512741 9.50747770774802 3.64163963948181
Rapgef4 8.7368141784844 9.50747770774802 3.64163963948181
Enah 13.0112518292268 9.50747770774802 3.64163963948181
Vcan 9.22864908410742 9.50747770774802 3.64163963948181
Gpr19 10.0633675979525 9.50747770774802 3.64163963948181
Epdr1 9.907901338501 9.50747770774802 3.64163963948181
Bace1 10.5841144266637 9.50747770774802 3.64163963948181
Sh3bgrl 8.45926926774458 9.50747770774802 3.64163963948181
Elavl2 10.8975281668941 9.50747770774802 3.64163963948181
Epha4 11.6053252817332 9.50747770774802 3.64163963948181
Nedd4 12.7848484856405 9.50747770774802 3.64163963948181
Ncam1 13.5695457774584 9.50747770774802 3.64163963948181
Gad2 10.6065715608538 9.50747770774802 3.64163963948181
Zbtb20 12.8568478800812 9.50747770774802 3.64163963948181
Pou3f4 9.59869726040047 9.50747770774802 3.64163963948181
Igfbp5 11.2763135069231 9.50747770774802 3.64163963948181
Fbln1 8.93309116043313 9.50747770774802 3.64163963948181
Myo10 9.73449450816272 9.50747770774802 3.64163963948181
Ly6h 9.42736071150942 9.50747770774802 3.64163963948181
Tle1 12.0119675731005 9.50747770774802 3.64163963948181
Slc32a1 11.1669386706005 9.50747770774802 3.64163963948181
Myt1 9.24063241254089 9.50747770774802 3.64163963948181
Rims2 9.49812740998709 9.50747770774802 3.64163963948181
Aspm 8.97688684701726 9.50747770774802 3.64163963948181
Kif5c 11.9579862914697 9.50747770774802 3.64163963948181
Dnmt1 12.1439417281608 9.50747770774802 3.64163963948181
Sacs 9.05251165139017 9.50747770774802 3.64163963948181
Nsg1 12.2525430341173 9.50747770774802 3.64163963948181
Gpm6b 9.08104214427712 9.50747770774802 3.64163963948181
Irs1 9.96578344432058 9.50747770774802 3.64163963948181
Scg5 8.16671257070104 9.50747770774802 3.64163963948181
Tiam2 11.6543707243081 9.50747770774802 3.64163963948181
Plxnc1 9.3167372568125 9.50747770774802 3.64163963948181
Id4 12.2169241306587 9.50747770774802 3.64163963948181
Ints6 12.8948803039369 9.50747770774802 3.64163963948181
Stmn2 9.37325226785109 9.50747770774802 3.64163963948181
Gdap1 10.4228124261022 9.50747770774802 3.64163963948181
Wnt7a 9.39898463163246 9.50747770774802 3.64163963948181
Igfbpl1 9.97989734602987 9.50747770774802 3.64163963948181
Clic4 11.5566691151013 9.50747770774802 3.64163963948181
Ptbp2 9.5856725278821 9.50747770774802 3.64163963948181
Nfix 13.7269286064237 9.50747770774802 3.64163963948181
Sox5 9.0290788984203 9.50747770774802 3.64163963948181
Kat6b 10.660429187318 9.50747770774802 3.64163963948181
Scn8a 8.13765267966787 9.50747770774802 3.64163963948181
Lmnb1 9.70368164058726 9.50747770774802 3.64163963948181
Ncan 10.9583946261442 9.50747770774802 3.64163963948181
Synpr 9.30352139629854 9.50747770774802 3.64163963948181
Dner 9.99826560826389 9.50747770774802 3.64163963948181
Tmem246 8.51585382430907 9.50747770774802 3.64163963948181
Prc1 9.86780371565855 9.50747770774802 3.64163963948181
Sbk1 11.1366507262841 9.50747770774802 3.64163963948181
Sez6l2 10.5216609836808 9.50747770774802 3.64163963948181
Tspyl4 10.9438990116704 9.50747770774802 3.64163963948181
2010107G23Rik 8.67570151676956 9.50747770774802 3.64163963948181
Gdpd1 10.5517685523272 9.50747770774802 3.64163963948181
Spc25 9.70726734911895 9.50747770774802 3.64163963948181
Aurkb 8.86139429953946 9.50747770774802 3.64163963948181
Parm1 8.51713559414619 9.50747770774802 3.64163963948181
Cbx6 11.7168739048325 9.50747770774802 3.64163963948181
Spon1 11.1791061979757 9.50747770774802 3.64163963948181
Arhgef7 9.06613430348943 9.50747770774802 3.64163963948181
Mmd2 10.2325420672643 9.50747770774802 3.64163963948181
Pycr1 9.03675248423504 9.50747770774802 3.64163963948181
Gprc5b 8.96450568084333 9.50747770774802 3.64163963948181
Brca1 8.17626802761161 9.50747770774802 3.64163963948181
Tmem2 11.2640536076435 9.50747770774802 3.64163963948181
Aldoc 11.9176398166931 9.50747770774802 3.64163963948181
Cald1 10.4425208366909 9.50747770774802 3.64163963948181
Slain1 9.32618447942517 9.50747770774802 3.64163963948181
Ptprd 8.97756766046093 9.50747770774802 3.64163963948181
Gpsm2 8.59057690244443 9.50747770774802 3.64163963948181
Gpr85 8.32503481963357 9.50747770774802 3.64163963948181
Purg 11.5993051804313 9.50747770774802 3.64163963948181
Celsr3 10.4663661468643 9.50747770774802 3.64163963948181
Zcchc18 10.0919939815127 9.50747770774802 3.64163963948181
Pbx1 11.7799606412572 9.50747770774802 3.64163963948181
Grb10 8.60816016737251 9.50747770774802 3.64163963948181
Plp1 10.6323432195868 9.50747770774802 3.64163963948181
S100a16 10.2548639792325 9.50747770774802 3.64163963948181
Epha3 7.4874981065522 9.50747770774802 3.64163963948181
Edil3 8.33751019863965 9.50747770774802 3.64163963948181
Ppp1r3c 9.41442681906477 9.50747770774802 3.64163963948181
Tacc2 11.1922306231672 9.50747770774802 3.64163963948181
Ung 9.43699284762624 9.50747770774802 3.64163963948181
Csrp1 8.5510255606407 9.50747770774802 3.64163963948181
Dtx1 10.5400541587021 9.50747770774802 3.64163963948181
Caln1 9.50178884261525 9.50747770774802 3.64163963948181
Hist2h2bb 9.07580944690024 9.50747770774802 3.64163963948181
Amot 10.2435429608698 9.50747770774802 3.64163963948181
Armcx1 9.58014946481465 9.50747770774802 3.64163963948181
Sox6 9.41675973417692 9.50747770774802 3.64163963948181
Dbn1 9.76813858098542 9.50747770774802 3.64163963948181
Ttc39c 9.1488360331625 9.50747770774802 3.64163963948181
Cadm4 9.49321525120886 9.50747770774802 3.64163963948181
Scn3b 9.73324760587639 9.50747770774802 3.64163963948181
Cacng5 11.2628530770619 9.50747770774802 3.64163963948181
H2afy2 9.7543028191906 9.50747770774802 3.64163963948181
Ddx3y 7.77613525576077 9.50747770774802 3.64163963948181
Gpm6a 9.58840854066774 9.50747770774802 3.64163963948181
Ndrg4 11.710099940421 9.50747770774802 3.64163963948181
Trib2 9.68185046214326 9.50747770774802 3.64163963948181
Tmeff1 10.0429243143936 9.50747770774802 3.64163963948181
Agrn 11.2865877651521 9.50747770774802 3.64163963948181
Cnn3 11.978838557168 9.50747770774802 3.64163963948181
Meg3 12.3731420939268 9.50747770774802 3.64163963948181
6330403K07Rik 13.0315949866952 9.50747770774802 3.64163963948181
Ptprs 12.5209570860363 9.50747770774802 3.64163963948181
Mki67 12.2894855558827 9.50747770774802 3.64163963948181
Zfp821 10.7113186348643 9.50747770774802 3.64163963948181
Rcc2 11.2117539386305 9.50747770774802 3.64163963948181
Celf4 10.5499741022852 9.50747770774802 3.64163963948181
Thra 11.2340890828138 9.50747770774802 3.64163963948181
Fbxo2 8.33597255777325 9.50747770774802 3.64163963948181
Amph 10.1015164445652 9.50747770774802 3.64163963948181
Zfp612 9.76104655371899 9.50747770774802 3.64163963948181
Copg2os2 10.9077157387827 9.50747770774802 3.64163963948181
Kdm5b 12.0765678185315 9.50747770774802 3.64163963948181
Cenpf 10.1337691740404 9.50747770774802 3.64163963948181
Armcx4 9.87724298661083 9.50747770774802 3.64163963948181
Smc4 10.5176275690196 9.50747770774802 3.64163963948181
Apba2 9.37813601230862 9.50747770774802 3.64163963948181
Rasd2 11.3980690149691 9.50747770774802 3.64163963948181
Spag5 8.55412476201533 9.50747770774802 3.64163963948181
Lrr1 8.03636879368026 9.50747770774802 3.64163963948181
Rian 8.73221512609554 9.50747770774802 3.64163963948181
Top2a 11.6433083587303 9.50747770774802 3.64163963948181
Sptan1 12.5714815345646 9.50747770774802 3.64163963948181
Syne2 8.07825301604828 9.50747770774802 3.64163963948181
Cdca7 11.4007435849176 9.50747770774802 3.64163963948181
Tmcc2 9.57849791050549 9.50747770774802 3.64163963948181
Elavl4 10.4187882456276 9.50747770774802 3.64163963948181
Ncapg 8.58230990021747 9.50747770774802 3.64163963948181
Trip13 10.4075548492614 9.50747770774802 3.64163963948181
Ppap2b 11.3606981957157 9.50747770774802 3.64163963948181
Rtn1 12.7917749319919 9.50747770774802 3.64163963948181
Rimklb 10.3949625127646 9.50747770774802 3.64163963948181
Bcat1 10.115469605785 9.50747770774802 3.64163963948181
Fmn2 9.46863091007428 9.50747770774802 3.64163963948181
Mllt3 8.55223522941531 9.50747770774802 3.64163963948181
Sh3gl3 9.53486840272632 9.50747770774802 3.64163963948181
Kif2c 8.54458335727805 9.50747770774802 3.64163963948181
Reep1 10.251550126672 9.50747770774802 3.64163963948181
Abat 9.33219971032375 9.50747770774802 3.64163963948181
Fermt2 10.4083845384325 9.50747770774802 3.64163963948181
Coro2b 11.1742116804027 9.50747770774802 3.64163963948181
Nrcam 8.16036887731733 9.50747770774802 3.64163963948181
Ckap2 8.27992166446836 9.50747770774802 3.64163963948181
Morn4 9.44452651047088 9.50747770774802 3.64163963948181
Ccl27a 8.30909292673739 9.50747770774802 3.64163963948181
Limch1 9.26101546747946 9.50747770774802 3.64163963948181
Stmn3 11.7496534037693 9.50747770774802 3.64163963948181
Ahsa2 12.434164942173 9.50747770774802 3.64163963948181
Elavl3 10.4954915116111 9.50747770774802 3.64163963948181
Cachd1 9.26909339899409 9.50747770774802 3.64163963948181
Kalrn 8.40891092595741 9.50747770774802 3.64163963948181
Zbtb12 9.46654178096821 9.50747770774802 3.64163963948181
Nrep 13.6724285116803 9.50747770774802 3.64163963948181
Sox11 12.1901352007152 9.50747770774802 3.64163963948181
Wnt5a 8.14444765136657 9.50747770774802 3.64163963948181
Mapk10 9.51965541114118 9.50747770774802 3.64163963948181
Ccdc88a 10.8251748845683 9.50747770774802 3.64163963948181
Impad1 11.219175837399 9.50747770774802 3.64163963948181
F2r 11.0535332393847 9.50747770774802 3.64163963948181
Fdft1 12.2501762389981 9.50747770774802 3.64163963948181
Pkp4 11.2664355106151 9.50747770774802 3.64163963948181
Phactr1 8.8112750269355 9.50747770774802 3.64163963948181
Cenpe 8.34767451096559 9.50747770774802 3.64163963948181
Ahi1 9.62397581809934 9.50747770774802 3.64163963948181
Slco5a1 9.10305464929894 9.50747770774802 3.64163963948181
Mlc1 8.18546689136774 9.50747770774802 3.64163963948181
Ndrg2 11.9122080792623 9.50747770774802 3.64163963948181
Atp6v0e2 11.8504317303231 9.50747770774802 3.64163963948181
Uchl1 10.3021790257474 9.50747770774802 3.64163963948181
Crmp1 11.8935482056197 9.50747770774802 3.64163963948181
Tnk2 11.2879084568331 9.50747770774802 3.64163963948181
Bex1 12.4554781531404 9.50747770774802 3.64163963948181
Pbk 10.9766873691486 9.50747770774802 3.64163963948181
Scg3 11.5307468010544 9.50747770774802 3.64163963948181
Smc2 10.506539646791 9.50747770774802 3.64163963948181
Cacnb3 9.43753080866562 9.50747770774802 3.64163963948181
Dlx2 10.9362088035108 9.50747770774802 3.64163963948181
Ctnna2 8.55023704403025 9.50747770774802 3.64163963948181
Cadps 9.90473030352195 9.50747770774802 3.64163963948181
Rhou 10.3044981727016 9.50747770774802 3.64163963948181
Kif20a 7.4708076241998 9.50747770774802 3.64163963948181
Cyfip2 9.26349403412359 9.50747770774802 3.64163963948181
Dbndd1 9.98704941325552 9.50747770774802 3.64163963948181
Dlx1 13.2290397628289 9.50747770774802 3.64163963948181
Gdpd3 12.0726148413765 9.50747770774802 3.64163963948181
Cntn1 8.74420724134298 9.50747770774802 3.64163963948181
Dlx5 9.79574679550851 9.50747770774802 3.64163963948181
Bcl11b 11.5367353277011 9.50747770774802 3.64163963948181
Tagln3 10.1260915234085 9.50747770774802 3.64163963948181
Kif21a 9.37434113917329 9.50747770774802 3.64163963948181
Fabp7 9.02146736237997 9.50747770774802 3.64163963948181
Cacng4 11.3473793295526 9.50747770774802 3.64163963948181
Gsk3b 11.4048068768824 9.50747770774802 3.64163963948181
Vash2 8.4911953052536 9.50747770774802 3.64163963948181
Lrrc49 8.47698501860114 9.50747770774802 3.64163963948181
Acsl6 8.01223483984671 9.50747770774802 3.64163963948181
Rhebl1 10.5901589373734 9.50747770774802 3.64163963948181
Sgtb 9.61110698182583 9.50747770774802 3.64163963948181
Fam20b 9.2575170609089 9.50747770774802 3.64163963948181
Slc6a1 9.83942667554586 9.50747770774802 3.64163963948181
Nckap1 12.0098997433417 9.50747770774802 3.64163963948181
Cep55 9.32947005437654 9.50747770774802 3.64163963948181
Zdhhc2 8.49443329480451 9.50747770774802 3.64163963948181
Ube2c 9.80516240401687 9.50747770774802 3.64163963948181
Rgs8 8.97433715954527 9.50747770774802 3.64163963948181
Fez1 11.0236168515524 9.50747770774802 3.64163963948181
Nlgn2 11.1019170599637 9.50747770774802 3.64163963948181
Frat2 9.85616023958982 9.50747770774802 3.64163963948181
D430019H16Rik 11.9636375254609 9.50747770774802 3.64163963948181
