Tnfrsf19 12.9316663576127 8.04189032390559 5.72897846104991
Fkbp10 9.38408735252885 5.73756654074754 4.95013041254554
Vcam1 12.4203979064897 8.36494692944489 4.06740161575037
Cyr61 11.1718116238093 6.40615938517156 5.23934362466645
Gldc 10.5870848527222 7.05709291475947 4.85477389018007
Glud1 13.0810342600315 9.59415997887502 8.80111473818169
Elovl2 10.4608391494272 5.86256844644973 4.29762492529123
Aldh1a1 12.5724831588902 8.73830553810668 4.7871430594503
Ppic 8.96996813184966 5.4554744411402 4.57495947481049
Smpdl3a 12.2671039647979 8.82293156422377 5.57598575559149
Bcan 13.2794481677096 9.88959442097289 4.92073518873172
Lcat 11.0618806948293 6.69122101944274 5.43560945762443
Pdgfrb 9.76874463161947 5.98813433928759 4.06218664059968
Ntsr2 13.599958939624 9.15965793900033 5.56500787484286
F3 12.1369909496706 7.94459599306519 4.58035442544769
Slc12a4 10.9180154677984 7.46512183604043 5.71867912492575
Tspan7 12.2875813616713 8.51479774581137 6.83060263830521
Slc15a2 12.9074583154579 8.91777964521841 5.68448028038978
Prodh 11.9154063575108 7.39258748478836 6.18167130637816
Wwtr1 11.1133486658696 7.03224755038542 4.98921690004862
Gpld1 11.9657165379086 8.22127705158736 5.33498349293433
Entpd2 11.8653757844781 7.56076109099577 6.09752845670165
Lhx2 11.159493027446 7.54860955097771 4.40376222490221
Fzd2 11.9402224571275 7.11429849750675 5.47842224711448
Osmr 7.82660029443952 4.49449541584061 4.01923351124776
Ptprz1 12.3822252002268 8.53633801584986 5.73126917461125
Slc38a3 12.5880726148932 7.67298850458215 6.67226390586531
Dio2 13.7174352851327 8.5170554922938 5.72043126055286
Fads2 11.4666049131864 7.74822393400277 5.67784047550967
Cyp2d22 10.8160164844549 6.23783184300289 5.3857100450584
Cyp4f14 10.6920736137382 5.86941852510712 4.61421228265763
Tmem47 10.553551597282 6.45797507791466 4.89450680336095
Cyp7b1 11.0621209039353 7.56272611178247 4.44257250925284
Slc7a10 12.5695423161159 7.12155194553539 5.98961096429871
Chrdl1 8.90201683564021 5.15514082976066 4.54468747275149
Fxyd1 11.9014463448621 8.11285690625549 6.83363431029703
Hapln1 8.62635946793891 4.96136205981728 3.82101385326474
Fgfr3 13.1504189134853 8.51593771090203 6.35276971505027
Papss2 9.5717574746682 6.15948901023998 4.65056276220821
Phkg1 9.2905102903147 5.18416352064172 4.10653116636122
Acsbg1 12.4535507056825 7.59567342352372 5.51145232806788
Tgfb2 9.54806970967326 6.05325375410131 4.73497243193855
Slco1c1 12.8227275255205 6.91839383550717 5.09294141143865
S1pr1 13.0824074784049 8.43058729358018 7.02668057801087
Axl 10.8165081595725 5.99461893724547 5.44568443645006
Cbs 11.2538127682787 7.07071593032049 5.8089860183041
Ccdc80 12.2829247937733 8.02877795793255 6.16290721926786
Oplah 10.8302479164698 7.18907733488192 5.71342851848577
Adhfe1 10.7622929238526 7.21300557973785 4.45697260051677
Aldh1l1 12.2936573464405 7.66293636127497 4.97106226767951
Emp2 11.7939116231806 6.84499513289806 6.16819260244737
Aqp4 13.2366411600089 9.05619604928238 4.57986843204747
Col4a5 8.13283757191121 4.23455633519734 3.83813983091753
Amot 11.208109028058 7.73573263568013 5.31594977297488
Cldn10 11.7768977931377 6.87732175533313 5.38432194132541
Cth 10.7429506764224 6.16646169303236 4.59304029019762
Slc1a3 13.0273450425357 7.90300901226663 4.64237001904526
Tlcd1 12.1189036287076 7.82003563050141 5.70984912719953
Scara3 11.9374653569429 8.18525003298373 4.7017860061865
Ttpa 10.2373080733243 6.05152859458081 4.64015011790905
Atp1a2 12.8932034366702 8.95819708355496 4.63967309253329
Slc14a1 9.71860637224536 5.25377128399532 4.23416126961154
Btbd17 9.45460648888435 5.60853717983376 4.61176213471676
Tril 12.7471351391409 8.7047537815839 5.15419601791275
Itih5 11.2481197138036 7.26541901060322 5.89001395170071
Pla2g7 13.1898288289651 8.02886738134902 5.70759131121986
Cd38 10.411884292486 6.14210411521935 5.15279394314011
Lgi4 10.2185624243993 6.66808788951788 6.03289313642342
Lrig1 10.8557857522217 6.94107986106048 4.38391197098855
AI464131 11.250466383527 5.94395312877824 4.07684547452923
Mlc1 12.8215284529148 7.47338047668086 4.29754513582169
Gjb6 12.1978937728598 7.61664401631137 4.77703050752791
Grin2c 11.993764367489 6.20095685443755 5.28910569312816
Cyp4f15 11.5331319947372 6.04618316238314 5.25516394066952
Slc1a2 12.3047731108521 6.82933822184567 5.49811479575361
Igfbp2 11.9297631483947 7.34421604957023 5.39118186038081
Slc41a1 12.392652077683 8.9035690080589 7.85181938587813
