Gsn 12.1407497409369 8.60694960371961 4.98912680715409
Ppp1r14a 11.5255031879705 7.47548200908941 4.20369068055093
Mobp 12.7314063082963 7.99527381223133 4.70994976448284
Pdlim2 12.062336786589 8.11773858156122 5.59862537606953
Lims2 10.8511037743423 7.50652593169317 6.7780441470529
Tspan2 12.5837967756338 8.52692976049116 4.84390924016187
Ddc 10.5985441785903 6.45543865250104 5.0278302746475
Nkx6-2 9.32545112286794 5.65240969916088 5.01997927626537
Mog 11.2797617723029 6.50992202917533 4.05632999264306
Josd2 11.0724120050391 7.50201513931555 6.26279247979762
S1pr5 10.6483820894207 7.20870771653867 4.45757915319217
