Gsn 12.0482794458861 8.09842204745277 4.78995023532114
Cldn11 11.1273815867187 5.36982271413675 4.08246213341909
Trim59 11.1518141220199 6.26876605452032 5.3310873299007
Apod 11.7096005384194 8.24055340759124 6.52921096082449
Cryab 13.7033441839509 10.3366714064891 4.40758120683179
Lpar1 10.8843491166294 7.35966755674636 5.8735891097759
Mal 13.7326280511552 6.70138593292771 5.05943205326598
Ppp1r14a 11.5723485999827 4.67213461243675 4.03757821795156
Ugt8a 12.4484827942763 6.21467583211985 4.28212134295299
Mbp 14.157599599605 8.70061290067426 5.28164493381846
Ndrg1 12.5783414338042 8.20106491493723 5.16285754075618
Mobp 12.7039409638071 6.37081146214634 4.64343017676507
Gamt 10.8549594778585 7.29344319589299 5.88676187610845
Ptgds 11.4400855098264 6.99305404496802 5.25068497873706
Pdlim2 11.9529140333052 8.38313546985625 5.45225832171037
Lims2 10.9859165406821 7.47231069133802 6.72028943835412
Tspan2 12.5500005673023 7.85589029856213 4.87334795885975
Slain1 10.6441323870464 6.86687055297164 3.86114617590751
Plp1 13.4191900776383 8.84449180622055 4.48066714297907
Ddc 10.488620440439 6.04613946075561 5.02914470690265
Nkx6-2 9.33148224172111 5.1787725260277 4.88785577673164
Anln 10.2229408631225 6.12099552347265 4.65919978138414
Erbb3 9.66682310955592 5.8132363653606 5.27566149116668
Plekhh1 8.38947707181727 4.91591991079646 4.47791009807017
Mog 11.2812909392058 4.37293256055303 4.03421029156441
Josd2 11.0829841523768 7.25854742693134 5.90872785054819
S1pr5 10.5620675974253 6.12429074962611 4.18161982504653
Mag 11.3095145662285 7.61598841716767 5.7154656040216
