Tppp3 11.283828678629 7.91220563168202 6.05188372446234
Tac1 12.7281118478351 8.53933878759622 6.4031271941467
Pfdn1 10.8828547153213 7.50126817118405 6.14145165745947
C1qtnf4 9.73130455096657 6.16299305079144 4.67588264220828
Ceacam10 8.36799395119292 4.78030655881883 4.29494993640137
Slc6a4 13.2687666804024 6.93162744591758 5.89951939786371
Fxyd6 10.7931850313489 7.46660767832231 4.99726832207823
Kcna5 8.79735423259167 5.4274811259155 4.48555011534656
Synj2bp 10.9301450019835 7.16813204262973 6.64999325967686
Tpd52l1 11.1331905508552 6.88381320326794 6.41839804832382
Slc22a3 10.4316004838709 5.84120939989133 4.6796342182836
Cend1 9.26321194809325 5.62126313173496 4.50738061229579
2010204K13Rik 12.9782366771453 8.87946238565173 6.16402588034291
Klk1b27 8.73392053773961 4.58730567449481 4.27813552870855
Nedd4 9.66883939680077 6.06615114183274 5.74265591370376
Id4 11.6628008544354 6.2065288880403 5.19574794365202
Zwint 9.69869778151138 5.8850205430862 5.06120960156846
Tmem242 9.95656483451032 5.90964709659247 5.38364415387225
Flywch2 9.94548205810587 6.34768707375836 4.09237035554968
Fev 10.7744246565637 6.71497282754923 5.1509218563019
Ppp2r2b 9.94676912225785 6.46479717105504 6.27556738112927
Qpct 8.85748079556421 5.1148877300196 4.50485037441526
Mal2 10.7029590783133 5.13242192369574 3.99793190726517
Timm8b 12.7630175566403 9.41086532750083 8.67433714069604
Kcnj9 8.59444668898107 5.08459892557045 5.01403566359477
Mela 9.97123545516391 4.3437115127413 3.95240233151068
Ykt6 9.79014950739908 6.46413282482676 6.1985018903712
Ctla2a 8.82355876215085 4.61194387345766 3.81576898548158
Myh7 10.3764151673618 7.00187874811129 5.53165443839626
Rpp25 8.5466279310723 4.61921769954192 4.53136724769922
Gata3 8.48575744117105 4.65468763398415 4.49906351445502
Cited1 9.1785020692238 5.18886642249127 5.0146932103569
Spock3 9.40437614049455 5.0517359885074 3.60042042850014
Chodl 8.57128440363271 5.07904547575271 4.62133348540124
Fam92a 11.4114648086121 7.44028959927361 7.38238115957653
