Gja1 10.1895382834535 5.70995139444461 4.77581017041243
Syt4 9.64698960574639 4.53588058690996 3.78848537329462
Cldn11 8.10404299872078 4.54453902028363 4.159821357329
Olig1 10.7396485208458 4.75132341799453 4.45571251673816
Il33 8.73052032673134 5.07915974326494 4.81267855643085
Pdyn 9.39076554740406 4.95936054833338 4.53429258215449
Cryab 10.6922754125412 5.98178316621349 4.74411993602542
Thbs3 9.48727164212849 5.68291968036351 5.30505553127977
Tppp3 11.5766310624523 6.86414991460575 6.05188372446234
S100a10 11.5537003236194 7.37920687746477 5.26460936080796
Tac1 10.1505878585974 6.4031271941467 6.27020996453625
Sox2 8.78981431043186 4.76176481865446 3.97671483192042
Pcdh8 8.22366684660772 4.82460958568245 4.26558659633135
Mal 10.679578168479 6.55012347748784 4.94239798301968
Dmd 7.84485313188261 4.28903189955423 4.02971559073028
Fxyd6 10.1996525041573 6.44558658431877 4.99726832207823
Calb1 12.4385512623204 4.67871936313774 4.57252397671725
Cyb561 11.4639877084956 7.83469226210312 6.37893396497334
Kcna5 9.62438199505113 4.78265788099146 4.48555011534656
Cidea 9.05758547369356 5.44811373423286 5.26497331101893
Ghr 10.2803324685863 6.84004369945751 5.66574059451939
Ngb 11.8887595472246 7.29840842321618 6.09694205458789
Lhx2 8.4214608193495 4.5021170345041 4.46972851436558
Foxg1 8.42979450582461 4.5078372292254 4.05575319804936
Tpd52l1 10.2784681467658 6.41839804832382 6.08336150671825
Avpr1a 9.37360747674444 4.97996659582604 4.54410037046675
Slc17a6 10.4315186893316 4.94718586674182 4.67799739691097
Ccdc109b 9.5233716987423 5.48194245547816 4.68630920438248
Ugt8a 8.9825372198482 5.28632027425812 4.28212134295299
Lhx9 9.77274650363209 4.44347364206912 4.21298870009105
S100b 8.77602160842308 5.15560107628334 5.13768141674894
Mbp 11.9927132400233 6.71381807963564 6.65933971803544
Lor 9.0209895948214 5.47039977672275 5.43585824604675
Hcrt 13.9336581368352 6.75425346805371 6.32617431199587
Epha5 8.95408428395499 4.9744495137663 4.77822791133774
Mt3 11.7991947328933 7.7790180717516 7.14360435121843
Nptx2 10.3408343827132 5.90745674953495 4.46076987503009
Mobp 9.17550332214657 5.14995659206786 5.00560385847125
Nkx2-2 8.8219716945157 4.75297181206265 4.53710415592198
Cckar 9.59080603956916 4.35457905642416 4.08965293982878
Sh3rf1 8.84215840440378 5.2649144146742 4.46665746531342
Pcsk1 10.1986051884082 6.62758142601075 5.25242821658728
2010204K13Rik 13.5207529025275 7.27006119824252 6.16402588034291
Rit2 11.8923394773267 6.52548610265934 5.76085122839262
Elavl2 11.1096659012511 5.34123992228117 3.96490990519268
Rprm 8.74818070546981 4.89456334225219 4.60013210565644
Nts 9.26504224741305 5.59211485038457 5.08174592298915
Igfbp3 8.88940147777238 4.52242013856907 4.38178781496626
Id4 10.5661606475516 5.98922340070208 5.19574794365202
Cbln1 12.4799355082008 4.44823340880057 4.41641986532907
Timp4 8.69094913716468 5.04055256512091 4.47889769341516
Zic1 8.93404599985512 5.17668280074973 4.90891765190558
Nnat 11.6881960729106 5.8000625762877 5.31247118866322
Zwint 10.166476416117 6.35123094296341 5.8850205430862
Ptgds 9.6389779329845 6.01571134796179 5.25301968036465
Mmd2 10.4160043117522 5.59165052592536 5.26924727266131
Tspan2 9.3654839408426 5.23532612000295 4.98636577100943
Cdh22 10.3303938016915 6.87259017333255 5.77162362495849
Car8 9.3373123465847 4.91055689601565 4.73512015065282
Neto1 10.3816002914971 6.96639671694926 4.27921209180641
Aqp4 8.12453946923987 4.70953760114534 4.68018951371101
Plp1 11.6592555234873 6.24825944861692 4.52139492413932
Tsc22d1 12.0907619889436 8.63559625898849 8.48384089920897
Rab40b 9.3887687453174 4.86246135442993 4.55347271326116
Hmx2 7.79621778414095 4.30151130013616 4.29506341156164
Ddc 10.1961684859883 5.13898006844343 4.87853682935521
6330403K07Rik 14.3188210795548 10.921230727285 5.49148890338074
Mal2 9.75592452673335 4.60446723153928 3.99793190726517
Tmem158 10.2312273548335 6.03980226862491 5.39302467905623
Rhpn2 7.32239158690466 3.86789349513386 3.81396206287948
Mela 9.70563957897468 4.3437115127413 4.11532180692941
Lrrtm1 9.26154195069683 5.73509695024606 4.62985166849414
Spint2 10.2577748900453 6.03902057766597 5.47016193753088
Gpx3 12.7006145972067 7.91346307365423 6.64670614960687
Cdkl2 9.82017418008843 6.09335962849557 4.34104803764499
Rspo1 9.01296203761095 5.09091131447845 4.74804932219088
Trhr 9.94446639914857 4.67846132251314 4.05990402972886
2010005H15Rik 9.52653799077028 4.91918681149363 4.86098264299168
Dlk1 10.5453835394425 6.83718045631954 5.69653759709951
Fabp7 9.18580215521876 5.21372209712263 5.05515172445386
Gpr37 8.30641404236881 4.78546126597273 4.34119012774805
Calb2 11.8616898607957 7.956037701814 6.4500255925184
Tram1l1 10.6312919544529 7.28844965303171 5.24670789330898
