Golm1 13.1709345745481 7.14553358486211 6.26630966840947
Dusp6 12.2043335698759 6.47069475143786 4.87741884211396
Tgfbi 10.1729708775644 5.69563842192107 4.59635772895717
Sgpl1 9.54910293773426 5.671415068365 4.65165939940914
Junb 11.5780026398467 5.41100061930178 5.41004123519671
Lcp1 11.8463632704423 4.90013550906964 4.58066570362348
Txnip 13.6993914736524 6.8797180219356 6.43845783360357
Klf10 10.1153774463127 5.62057251666722 4.46721528791719
Cd9 11.8962881279299 7.34712568420326 5.3638399116099
Cd34 10.5911587485583 5.01155624986766 4.7874923461725
Cd83 13.2264749464343 8.86041863253229 7.98651282197646
Serpinf1 9.41188678958694 5.9241495051884 4.75047183818736
Sipa1 11.1257432146877 6.73006763047314 6.44950057288137
Coro1a 12.6004028717715 8.96281884253013 7.81202539953008
Btg2 11.4968904593275 5.7873111768395 5.48699620557734
Tnfaip2 9.08145533726492 4.43205877995262 4.03760550491753
Litaf 12.5127367018525 8.22490932892126 7.81276524286812
Cyfip1 12.6066769077138 8.34680052073055 7.42825046658236
Lamp2 11.6172171151883 7.91520110468067 5.82748455493356
Snx18 11.9105809619856 7.64797084601252 7.01765999571749
Ctsc 12.6065842886925 5.57818039074506 4.84524158619112
Ier2 13.4150634942812 7.16343023321505 7.09010642101554
Rab32 7.60118101811754 3.95098085523026 3.82006355088533
Nfe2l2 11.3735710823378 6.58700422883775 5.20230507758084
Socs3 12.8363611039744 4.52840993782159 4.03676852215114
Sparc 11.723215805215 7.61219058284343 5.34569131203697
Scamp2 12.0782300087712 7.81128618681122 6.9473551124606
Acss1 9.58139552895345 6.19008600707158 4.66492659966412
4632428N05Rik 12.9592128362635 5.95818822786988 5.05603808045021
Spint1 10.3415667614487 6.26159694360864 5.56934122072842
Afp 8.20241684612463 4.117830521049 3.70418917534156
Clic1 11.3846871257571 6.30940056358649 5.27534898412916
Tspo 8.96653892538565 5.26737156646691 4.44535708113678
Irf8 12.5606886061131 5.82428382576253 5.34588887870085
Dnajb1 11.4072973894197 7.78142004996522 6.54384770324632
Slc39a8 8.3702572354114 4.16969506156266 3.91657004311665
Parvg 10.3224146114506 6.3137622966966 5.37322336724509
Mcl1 12.1472433486191 7.70201034472638 6.55013453400615
Rgs10 13.3912666623373 9.58531596596012 7.56452874882702
Rps6ka1 12.439882687873 8.6807212655938 7.31902291417391
Parp9 9.82908871348782 5.75563759505456 5.70003130968752
Tnfaip8 9.91373565516323 5.97815328739295 4.4693345076288
Fcgrt 9.65042068842126 6.2770239566122 6.19608040651393
Mfng 10.1100884876208 6.11491734173235 5.89903187953894
Slc40a1 11.6365802495677 6.13082055397 5.47054993513918
C1qb 13.3846079047961 5.30397031926782 3.90338695504484
Egr1 14.0125449996656 9.79340014856339 9.31044177772158
Cyp4v3 11.0721852303594 6.54695144967434 6.09860293988785
Syngr2 11.4559121689701 7.11391238913971 4.74930997906181
Man1a 10.4296468533452 6.8015329847303 5.1862237864949
Plekho1 10.6038456884602 7.05478028430518 6.29554997343432
Pmp22 12.2653168767854 7.71450953715276 7.4759374946725
Usp2 11.7287066241903 8.10794705554647 7.7303162509105
Ccl6 10.223717633042 4.70030199733787 4.58731836580512
Cd14 13.3052539164274 6.95080214603274 6.16030648992879
Tob2 11.2284375997777 7.42342502097055 6.25804102852902
Pycard 11.8185468367102 5.98463194715895 5.28673236806869
C1qa 13.2380236204344 6.92654982143594 6.12364274609195
Il16 10.7022595486227 5.78565241537193 5.72656725473403
Slc7a7 11.052383619296 5.4970081952206 4.78723543428568
Klf4 12.698526861476 6.10898711785782 6.02967450897306
Jun 13.1567215574815 7.41313603419995 6.57078315508917
Srgn 13.2509970787582 6.62854826320138 5.74712636684903
Myh9 12.5865032254667 8.24794968732683 6.7888429360842
Nfkbiz 12.6860754101133 5.35240882740877 4.42450626793781
Tgm2 11.7718766956168 7.03753435714967 6.28072793872581
Plek 13.0669588958399 8.14234688895195 6.1900044429532
Itgb5 13.3318370523038 6.12498546085429 3.82802689645844
Elf1 9.08676867890006 5.1156147955676 4.20841823916403
Rgs1 11.2541972267774 4.68623522204127 4.4524522318693
Ier5 13.0591463203827 7.04346893998889 6.39233415191399
Cd79b 8.31573716498709 4.8325487898469 4.74108794026285
Snx5 12.5628056055199 9.19084521067828 6.16674530736108
Laptm5 13.2497958585741 6.9252188906906 3.86319654423567
Tjp1 11.9606953410398 7.8123774253697 6.9074292714397
Ptgr1 10.0953671914278 6.33360507009932 5.37378475011532
Dok1 9.09517514267858 5.71867615884707 5.32305754426633
Serinc3 10.8737843005988 6.86638907202105 6.57951948469239
Ctsz 13.0341451754765 7.54669317477513 4.99840032133386
Fcgr1 12.3056772228307 6.06756349351108 4.54360462125379
Slc16a6 11.601886645942 7.22141591470463 6.29754652422418
Pdlim4 9.4700059993897 5.43993702420216 4.45747883697885
Ccl9 11.5606702750711 5.28557324266394 5.23133506041344
Trim30a 9.82440837349698 6.19678011479396 5.5804199413706
B4galt1 11.050190662426 7.37027565757827 6.12131672159298
Tnfrsf1b 11.5849644137814 6.98926368759417 6.12559615215692
Inpp5d 12.5199395399242 6.98036406537527 6.37837681324462
Tlr4 9.52419084436795 4.48139188514129 4.33333807372443
Aif1 11.8782125697407 5.43083340883146 4.85304037344799
Syk 11.2305153374971 6.24471226027658 5.84189962678643
Klf6 12.1614928848338 7.3865498010984 4.83927892318209
Crybb1 12.3010895138039 6.37706066704416 6.24661359256742
Fcer1g 12.6409109862305 6.49874148724291 6.07749004109841
Ctsh 12.8519091129382 5.80569079857576 5.29266821003496
Gbp3 8.5913202656342 5.21991922463384 4.68484510777808
Gpsm3 9.66649074936397 5.77733948214346 5.51261067054349
Ncf4 10.7081144474155 5.22566363498312 5.00503151749396
Ggta1 10.3145780373454 4.98266439196743 4.36208837050564
Calcrl 7.84138491604448 4.30722350505311 3.81902209711775
Lcp2 10.3889718130272 5.05484939931524 4.94511074484716
Ngp 12.4329204009581 6.80061648576209 5.29641484125936
Spi1 10.2850028049619 5.96716035750156 5.79422787771703
Atp7a 10.1404314445784 6.1077349479821 5.66042269865788
Csf3r 10.4703586336665 6.88154996512759 5.09271284623159
Ms4a6b 11.1222234312687 5.21934709268328 5.03746808442374
Hcls1 8.83239317939796 4.89734871538704 4.74228385722945
Pabpc1 11.1513836653323 4.48531267566807 4.14609923159696
Skap2 11.9890479352489 7.67598573801367 7.15898431831907
Cebpb 11.6879517821222 7.12395686442999 6.83802359414297
Plxdc2 12.0633823649962 7.79705060047243 6.51017414708845
Cxcl10 9.83264446685726 5.39893571463297 5.04318043322209
Cysltr1 9.33333349087416 4.33666945801917 4.01272539193114
Cebpa 9.88957255483431 5.81966035428725 5.35996398986356
Cttnbp2nl 11.7204560544011 6.26028758810614 5.74293570181463
Lyl1 9.97533629065994 5.26059118261145 5.03509390213121
Ptpn18 10.4025712369028 6.81314109467857 6.20338571539212
Tlr2 11.9268402473875 6.29254354079786 6.06358509774945
Cd163 7.66769719158114 4.30363002187518 4.05817165188533
Serpine1 9.52331793271942 5.83945152210064 5.29167928127714
Mlxipl 10.549742788076 6.76148774265001 4.65857223877646
Cd37 10.9048574016166 6.45949302640062 5.67432957896854
Map3k8 10.2849700718244 5.14798751226748 4.68663882320882
Myd88 10.7278217724093 6.22570702621216 6.19269782027011
Ccl12 10.5112043294489 4.85610417451228 4.67773409643032
Arhgap4 9.36525554969312 5.57213990949607 5.10945091461436
H2-Oa 8.7917936065526 5.44569945938048 4.99146962311535
Pon3 9.20297150005047 4.42258619531098 4.13943546188187
Slamf9 11.1882832385642 7.76090980193731 6.07654099018581
S100a8 13.0395448654869 4.90139492991099 4.68409801151794
Il10rb 10.7116513838826 6.98963728616437 5.3777538704025
C3ar1 11.7072754362155 7.00294841790442 5.3758633179736
Ripk1 10.1243899929041 6.69326780405806 5.48353827496465
Fgd2 12.1304825880125 6.16313515796645 5.89599848562143
Rela 11.8428094359349 8.38993015179365 7.45792991341883
Ccl3 13.4953964323281 5.1106256729121 4.68738812392216
Ms4a6d 11.3799791784438 4.85981481431161 4.46878575874728
Ier3 13.4963591841383 8.11898955447604 7.28134925852905
Camp 12.113738407204 5.68013806546833 5.43776386485944
Klk8 10.2464469222101 5.64613180468683 5.57688516710553
Chil3 11.1159878878753 4.56621763355583 3.74666982745983
Arap3 9.86775374576886 4.5201850637827 4.1256078667737
Tlr7 11.2112407400947 5.50330324298278 4.75394642608264
Csf1r 14.0460007158016 8.73863266818607 7.72777064842085
Trim25 10.8969751411857 7.53936247069178 5.17582162261063
Hpgd 12.0107499612859 6.58631180781618 4.41796211877336
Mcm3 8.92535440058905 5.19620307062366 4.8106670867093
Gadd45b 10.0933669537422 6.72572072002852 5.55377413574232
Slc11a1 11.4154854568916 6.47719529019331 5.29439196088666
Ccl2 9.49866288250659 5.31151555173022 5.21784518842331
Cd86 11.6419705628058 5.15994212282983 5.14288749617814
Gpr84 11.5935377294956 6.08562373838632 5.57519218733766
Vamp8 11.9027573726861 6.97943100768756 6.14969600104333
Tcirg1 11.3257053795282 7.12715614287727 6.32882011742062
Sqrdl 11.0518617676912 7.23441789829859 6.0343538924703
Trim12a 8.5835260320544 4.29668227807513 3.96132827055865
Slc15a3 11.5219827541908 5.56746400550607 5.24037785115678
Clec7a 9.36335652990378 6.02759594449243 4.92161118758873
Rel 9.30153835661437 5.82834848196836 4.81396113052763
Tsc22d3 11.4721491337919 7.42599862973582 5.54649884335586
Sla 12.3378861062474 6.29782847679166 5.60347294329457
Itga9 7.35656542889308 3.90996948752282 3.86761695658751
Tgfbr1 13.4953964323281 7.5205922651695 5.97837222858511
Asph 11.1131392793095 6.57153400808422 5.30738574512705
Adcy7 11.9646243532397 7.80817743161058 7.20117582113083
Rbm39 10.4094928984617 5.55627157159893 5.43509650446743
Mrc2 8.85958477054983 5.40153741599049 5.26604819691565
Bmp2k 11.3162621163235 7.70219081056365 5.82607468466287
Lgals9 9.80576100376818 5.83673773807881 5.33684671755791
Trem2 11.528689695107 7.18905772317737 6.24728689207048
Gna15 8.93153578094543 5.49468921258638 5.35150473444049
Birc3 10.7521481640029 6.1303058627509 5.80474262490153
Igsf6 8.68495551282954 4.52057239429691 4.24289140849392
Samsn1 8.95535277925432 4.77172337378216 4.56958285688449
Il1a 10.5450729398403 4.57024128350447 4.30891151063727
Hpgds 9.14123713383759 5.09637529930832 4.95479854231768
Naip5 11.1347547074536 4.77030477307087 4.39699402946628
Ccl4 12.7516225784521 7.80644023211118 6.13665576311755
Itpr2 10.8613975316724 6.3848410530774 5.87954183940045
Stat6 10.5031698578152 5.26453811731687 4.96292382399974
Abca1 12.0785728549459 7.52723309214123 6.88502528371387
Adam17 10.581995677351 6.22211318561622 5.89857701587756
Dapp1 10.626591308075 4.89220338755639 4.88559322383561
Clec4a2 10.1190075949126 5.12613815400293 4.82238370312052
Fli1 10.0832277034328 3.90053006733585 3.78804327352735
Mitf 10.3277193773821 6.93962348636548 5.90816281362118
Ets1 9.75745818736726 5.92558708695812 3.97862941485297
Ptprc 12.4215732421658 4.63320486745046 4.4185709001725
Fosb 11.9818678393755 5.54083596644374 5.2987877251076
Ccr5 11.7087776692335 4.52166561145441 4.37168828015592
Il6ra 12.6405285425734 5.51968566250654 5.46781254970815
Tgif1 8.50458243562559 4.83118149745658 4.37963580041555
Pla2g15 12.3512186582331 8.40091071684051 7.01617592235949
Itga6 11.5906633280243 6.51613586841706 6.43523122466997
Ifi30 11.4062018650154 7.16841973032701 6.55328447364437
H2-DMa 11.3395300052483 7.16207902538429 6.01429366789192
Zfp36l1 12.7019764996359 6.73991066085855 5.21158109504871
Gpr34 12.142699851518 4.32957727267716 4.14218523739283
Rnase4 13.0771643703574 6.66774695682103 5.63419614939925
Fam111a 8.33832002390926 4.88242255546247 4.61492741086142
Hfe 11.3196450739578 7.69811066300698 6.54854906686206
Naalad2 9.64837692903074 6.32374132187841 5.41456891534923
Pik3cg 10.1537853547168 5.5177698697015 5.05616087529411
Btk 9.58917222158551 6.24243005096858 5.54373898413542
Tlr3 9.63659550839082 5.83530155996687 4.85078896843421
Mertk 13.0985151577591 6.146204628441 5.54815155481519
Cd84 9.96224237530016 4.79957262089941 4.54112206970912
Ly86 13.8305038298173 6.52422510678845 6.04733583657914
Vav1 10.4997459843954 4.53980903318292 4.08125501403171
Pag1 12.6736213180298 8.11719432671003 7.66407099480253
Cfh 10.8438396260437 4.13808177225291 3.54809939403041
Tnfrsf13b 9.66545251361214 4.93366371522002 4.49174762084377
Cebpd 10.5744174492867 6.0547191825358 4.19062898969043
Hhex 10.060418644213 5.67117349093683 5.199150726677
Entpd1 9.58873000960094 4.47336502576886 4.2172179703944
Ptgs1 12.1626150793908 4.92476794423487 4.5845104266919
Stk17b 9.80355004387352 5.68516461497823 5.62805597591541
Frrs1 10.6966078261321 5.75459860597704 5.35159990912534
Lyz2 12.5660138290276 7.03588319702134 6.33893783688272
Ssfa2 10.4026641404164 7.05054406688602 5.3160717749582
Galnt4 9.11869231898454 5.26092120364693 5.04363450167739
Ctc1 11.7422487728519 7.45534701064375 7.15716986601431
Unc93b1 11.3066168079527 7.35951814746718 6.05314414358196
Mob1a 11.6304802850351 7.79788602354563 6.55490138234314
Cmtm6 12.2803328178186 7.12346173890069 4.86897501593713
Sfpq 11.5708095722532 7.93423216348605 6.67309788391491
Tspan14 11.2007785813707 7.11408762410883 5.72145920940144
Lpcat3 11.4786154330381 7.25875758871671 7.23243238235046
Pxn 11.8612215849744 8.37725300855213 6.8683548793923
Hvcn1 10.2856187487951 5.69693971009434 5.60218891031472
Edem1 10.5644676490564 5.6292489465874 4.5462564890355
Icam1 12.144222640413 5.15787249715498 4.63529929009624
Ptbp3 11.2952745829932 6.9492386231337 6.63722239303147
Rbl1 8.51194870241016 5.14605195598826 5.07764000724642
Rcsd1 12.3223507478265 7.51257861735044 6.87961099805208
Npl 10.119227368812 5.62253818028486 4.82728776517964
Tmem140 8.46080936763924 4.71784277702158 4.55770188006115
0610040J01Rik 10.8106638816197 5.6149796103658 5.61014796568139
Tm6sf1 11.273380881778 7.24019240448019 4.72260793441206
Cklf 11.3324839569912 6.52019340490351 5.76353733071683
Cd177 8.01898297885642 4.47424067052316 4.080337713879
Casp8 9.83591177234681 5.08401669357903 4.75349651971565
Tmed5 10.4601759587631 6.90827134405005 5.16334638320681
F11r 12.1638127271072 6.52003912181539 6.05215878024781
Reep3 10.7593284719606 7.07191645781771 5.41771449741001
Tor4a 10.4213155961976 6.47951882178105 5.72435556097621
Ptbp1 9.02225932629817 5.60944685107726 5.58039611483528
Plxdc1 10.9642741564864 7.56263804930502 7.07884501118197
Lpxn 10.730982217212 4.92110270404203 4.77792552602637
Siglec5 8.337886172674 4.08977660193836 4.00735833955419
Mylip 12.3804927223987 7.98208272386245 7.61036751274341
Fcrl1 9.27554865404005 5.91769230864894 5.22838970443529
P2ry6 11.5909433501351 4.96357855160172 4.61638066323401
Ighm 11.6041085325057 6.8413129055477 6.64929030595774
H2-K1 12.7949568117272 8.55061667562421 8.0671782451831
Tgfbr2 12.4312251246194 6.64974988800896 5.31116446656995
H2-Ab1 8.4512011309411 4.96904103451829 4.52061983485928
Ceacam1 8.73427463823456 4.69174186812158 4.55812533329122
Mlph 9.52478746573067 5.47116868498033 5.41984517575679
Ncf1 9.01873662127703 5.55850249898742 5.26951412488425
Adap2 10.4876327911899 5.52309537335908 5.23185109000286
Pld1 10.7880824610021 6.57699521298117 6.20019814010505
Pon2 9.26937417743214 5.78269991731579 4.0217219528927
Ggnbp2 8.88683207954564 5.2095578055441 5.14036637933945
Capn3 10.437566906065 5.27007304066827 4.77753808932249
Rrbp1 12.1135184174842 8.68760756500776 8.04687696019949
Glul 11.9439234863599 7.68396739765223 5.16856474961621
Arrb2 11.5161791808491 7.3314325032623 6.47186335539323
Pros1 11.4244912078995 6.53766016983146 4.67658022639089
Ifih1 8.66416697609045 5.2370894464853 4.97393409649299
Frmd4b 12.1297792575394 8.04879912518809 7.63883290706346
Rin2 10.1302854085197 6.32719890529754 5.36127078151296
Arhgdib 10.7800288131728 7.41270649209365 6.03151688436439
Tifa 10.6649959627868 6.65552226254407 6.20081661227026
Rnasel 8.44553447587019 4.76768765231045 4.5290077392116
Arhgap17 11.0358082941061 5.68870048041275 4.85599414812889
Parp12 9.52345845288495 6.14535938277509 5.57406720363698
Trim47 10.122871565472 5.6189506463365 5.15297602594124
Jmjd1c 12.7042728123964 9.19668688951214 8.37584921399391
Mlxip 11.0131464704826 6.9343121333267 6.73695890441889
Sash3 11.2528818012755 7.08935049962454 5.45719932510173
Themis2 9.94919523666928 5.12403202230383 5.05707016668353
Stard8 9.02643397069546 5.60948076951981 5.49836900154911
Mpeg1 13.5339312443488 6.76454444197501 6.22915650908218
Hspa1b 12.7328150924375 8.36429624153695 7.93978558913039
Xist 12.7732517233129 4.6528116787096 4.23658397071369
Cd48 9.99176185857167 4.72838858650831 4.64968903882686
Akna 10.5978331936346 5.05827296398837 4.77936232545241
Sult1a1 9.92143049281146 6.10057287983093 5.5295081806739
Fes 10.5840546362038 6.74785826185887 5.90428195491527
Cep152 9.68353142517718 6.01932570962645 5.50318165716261
Diap2 9.90635960665803 6.35886050655547 6.05544629975162
Egr2 11.2144151601674 5.35021390352181 4.0293668456515
Ccrl2 11.4107831106411 6.59702749575531 5.68422276725821
Lcn2 11.7182561949748 4.47692599136646 4.20179334009059
Tmem173 11.1696407087511 7.74606319373373 6.06627663325192
BC028528 9.01173787915138 5.49804172301979 5.38476716527407
AF251705 12.0057126252299 7.18555120991515 6.58603883206558
Hmha1 10.4487011332694 5.78176229809956 5.43919129004092
Gmip 10.2055870255081 6.36423945700173 5.69858617427923
Nckap1l 11.1526856630168 5.84073090512602 5.15771044355872
Abcc3 9.7509259850256 5.76920030007811 5.02369871053665
Rhoh 10.7637079698635 5.42741053641713 5.05925758892923
1700017B05Rik 11.7522974287947 7.03373037236869 6.11162437623906
Gusb 11.4803411718158 6.31849375454533 5.83973500075443
Lair1 10.6612900224916 5.08948766926426 4.74367199280089
Twf2 10.9336973935694 7.51425121775824 5.43515818853064
P2ry12 12.4385715566921 4.92287563993987 4.78970940054175
Nfkbie 8.36904693020926 4.89674995185684 4.81554203822663
Epb4.1l2 12.5432840929574 7.14112758383134 7.11094740152781
Pld4 12.1700437011819 5.77255352715468 5.57947040991743
Lrrfip1 10.7224886700699 5.96391417637743 4.82963532667318
AU020206 9.79768698851007 5.93368250578069 5.21584466957674
Fermt3 11.4207362066657 4.83045048072232 3.96436762947625
Tgif2 9.9426138283241 6.55911364923411 6.27368699840938
Ankrd44 11.5679366187782 7.29284487116725 6.46655074210661
Kctd12 12.099676793357 6.72791402525023 5.84814624735865
H2-Aa 11.2644036954394 5.58747116788527 5.31757938248741
Fam105a 11.8820924454901 6.88364647324974 6.40696575448372
Herpud1 12.5116726598182 8.91141949189686 8.14137815405109
Cd300a 10.0530239896872 5.42145134821589 4.9857656685556
Lyz1 12.2502412289951 5.71965067519789 4.5113048064597
Zfp110 10.6738601357144 6.66331088508433 5.47013937741749
Clcf1 8.68466038510135 3.85087419751322 3.78499480426377
Adrb2 8.29734945321406 4.29615431598481 4.1221858582317
Lrrk1 9.1635528470806 5.41074116721287 4.56128985497062
Zfp36l2 12.4004422821899 7.43152328883262 6.17366319030178
Il10ra 11.9867649941734 5.38423874971114 4.79734533112402
Hexb 13.9214339669789 9.4652799105757 8.48478510691084
D530037H12Rik 10.4018822600769 4.59423787231172 4.31432214394112
Rab20 9.64744268247702 4.10073826780481 3.7968729552649
Grn 13.6303783372944 8.64102968945627 7.78819341653445
Bach1 11.7684659473826 8.08820329215001 5.6578615808454
D9Ertd306e 8.20712585253381 4.40116326236071 3.9802238578427
Fam46c 12.2421510197398 6.75152156325103 4.60040833403412
Pald1 11.0128320429645 6.04813366627668 5.93849232472166
Ifngr1 12.016051864462 7.53509258685668 7.19206109915752
Tcn2 12.1195930224409 7.38442991478252 7.10091161160329
Anxa1 9.64055143138413 5.40585955204212 4.58801681208034
Cmtm3 10.0110497819572 6.33392027983743 5.47528199200855
Ppp1r15a 12.6593601245383 8.2987205015606 7.75517978419011
Dhrs3 10.8328899765314 7.30617917375614 6.41165609369656
Lrmp 8.89491220593798 4.76826288910802 4.29316050629588
Olfml3 13.5644607358692 6.37974582569817 6.06383557550822
Pla2g4a 9.55730250855793 5.66885842418369 4.88359116225717
Ncf2 11.109264808914 5.77163418521599 5.71153730206801
Il7r 9.22711297999003 5.89761377211516 5.01536272824267
Ctss 14.1223387589978 8.84813892453541 4.75963640689648
Cd53 12.6270729328698 5.88591992389938 5.30842174496216
Fcgr3 13.3874319809845 6.29819045943526 5.33476960235319
S100a9 12.2965410503709 5.04669984922505 4.81951283227995
Dusp1 14.1813580097059 9.48750171242655 9.40713522724517
Lgmn 13.4068999504885 9.38344792264965 9.17786536075463
Klf2 12.9915058739807 5.91301659091041 5.77331262070383
Fcrls 13.5200887013828 6.14830151910206 6.07799757582226
Tlr1 9.55990391864875 4.58024075265848 4.30273487725312
Selplg 13.492313873689 7.55158385216384 6.82344747541922
Cd68 12.2825968841945 5.31208096435621 5.20938058434363
Gpr65 7.85611733273235 4.00593017690568 3.83414023491695
Csf2rb2 9.46516272602394 4.8564284134507 4.57293711017926
Atf3 13.3007390383143 5.35979720936597 5.10085350813809
C1qc 13.5695399365939 6.31790711766553 5.38307132301229
Chst7 11.0545300964632 6.02690397227414 5.79184771060629
Hck 11.7192724128215 5.7038838233033 5.68535904482852
Casp4 9.17977855891737 4.66334201957567 4.39006169564136
Lag3 9.94342037341401 6.3550287530838 5.31345412498744
Cxcl2 10.9236295592129 4.61120834119579 4.54344725854603
Ltf 11.9771261319803 7.60971768167975 6.98015423531429
Cx3cr1 12.8322911670036 6.22524886458726 6.09021191206265
H2-D1 12.6856010965553 8.67457115414475 7.87243886191938
Stab1 10.7835801182221 5.53868194351276 4.83875490733425
Evi2a 12.5801879760248 7.7443737119863 4.72648126884132
Il6 8.3523884587654 4.1936937837836 4.03743953633722
Pdgfb 10.6620659529342 7.2818991687882 6.36224611026894
Mrc1 8.47267687587698 4.62411099153816 4.44966643559276
Itgb2 11.8281947861841 5.06580753350736 4.85054605016082
Adamts1 11.3973807177838 6.14718699169919 5.18941280145455
Ang 8.67340897437916 4.32929948922657 4.00912707268265
Sh2b2 9.32069277757714 5.28017374050862 4.91744015302939
Tyrobp 12.9035612805634 6.34503339178298 5.93709151960675
Ptplad2 9.63817330010533 6.13434577947402 5.40704046364846
Slc29a3 11.6835560124248 6.1558169170893 5.83081935815204
Vasp 10.5290974508756 7.18312986450082 6.52320951915489
Emr1 12.777781853873 6.50368805246104 5.59674661849913
Nrros 12.3519497751025 6.19340714310346 5.80023629774132
Tmem119 13.699678559052 6.84773310731664 6.3244441044035
Parp14 9.10437062254361 5.71285922801593 5.34186862858169
Havcr2 10.710530075929 4.20068541838471 4.14249159340635
Alas2 9.97256535353661 5.30742280739333 4.830145740842
Cmtm7 10.4036329494645 5.42455233750714 5.3725434172937
Mafb 10.9849900615298 5.87607146302589 5.67032320628289
Blnk 11.8079240962002 5.90631556527989 5.72765201543698
Tmcc3 9.16895367720384 5.41255332213984 4.69583587449623
Notch2 11.035203297165 5.80321825266159 4.69934689381425
Vrk2 8.87003271247097 5.4154057544302 4.56323450441513
Daglb 9.94097644340737 6.50066124782546 5.8256071299065
Alox5ap 12.5749967599795 7.32475808316596 7.02139792655182
Fyb 11.7159427823204 6.42959060859427 6.17495532257674
Ctla2b 9.94438247489242 5.57417364959 4.09125784276814
Sall3 9.56740794423544 6.22982759266347 5.80068732345785
Hspa1a 11.9245276178108 7.1809316485855 6.42225773769957
Slc37a2 8.79282849614854 5.29498892540084 4.90799949097728
Zfp36 13.4960506681509 7.4533398418731 5.80788339803886
Abhd15 9.92497435981129 5.20533864957661 5.05052885979128
Cyba 11.7749627835735 5.73479499680965 5.2103024039191
Spata13 11.8360921296241 6.07282411480376 5.28903261459758
Wasf2 12.4660305697947 7.3063953197974 7.25858438750766
Ptpn6 11.3292345329635 6.92416696204216 6.66138011119081
4833441D16Rik 9.33372525445037 5.24836171677994 4.49937261736045
Tec 10.1967601761071 6.57282241143403 5.61205337841496
Cd52 8.83934325002235 5.08899095872317 4.89897454071029
Irf5 10.4417221455899 6.09364785362212 5.8137953157083
Naip2 10.8151812852359 4.84652424936692 4.55773255129636
Anxa3 12.9131833282778 5.74819993780066 4.99401678920548
