Pabpn1 12.3150908035533 8.96541991667161 7.09388343074001
Aldh1a1 13.3255071469965 8.81156756576189 7.37436051861742
Slc6a3 12.4188926936848 6.86091607756677 5.43777582961582
Amy1 10.0477619420731 4.88236554501494 4.67402344683445
Col11a1 8.42977184789729 4.65557724794859 4.42187541252816
Sptbn1 12.1166421015403 7.75088204903761 7.31601998314536
Pclo 10.5496530964972 6.92341953261092 4.25784235011152
C78859 9.10571323711454 4.91492566802066 4.25228378509869
Th 12.8484178831553 6.79096339614828 6.42349317835901
Mobp 12.3812016826043 8.59576959703238 4.70994976448284
Prkcg 9.804489998609 6.06944901892991 5.84414211770481
Tenm1 10.1708127778423 6.55540523388349 5.21108697244945
Syne1 10.6779443250569 6.90787542636106 5.60402553972163
Foxa2 9.10357762688018 5.51871057425507 5.27611906451653
Parm1 10.1512454412224 6.76119776565508 4.77254256194774
Rapgef3 10.1299112630091 6.59477846863734 4.72265795017275
Ptprd 11.9744226202895 8.49402046238235 5.19564409411151
Meg3 13.2190197811888 8.96230141525232 7.46489972085518
Ryr3 10.2589890797667 6.52500672898793 5.68079453371508
Rian 10.7472514740267 4.41489971052625 4.30957362484583
Snhg11 13.2090245710202 8.19179884837209 5.50353999834229
Col6a1 9.66706637227406 5.83798993746749 5.81823830408848
Chrna6 9.49827603172863 5.43285822271169 5.24604931684203
Cacna2d2 13.1532929246538 9.17745804913555 6.03704981597976
Cadps2 12.7953859081813 8.33636995981396 5.23131655786108
