Dpysl3 12.1945067191894 8.21529910176917 5.2018476270825
Nusap1 9.77423811670984 6.08747093119942 5.14896938788555
Dcx 12.1039576535511 8.06504896951463 4.81161070594493
Isg20 12.0765678185315 8.36686156337759 5.16659587046376
Rsad2 13.3109135616375 9.7910425144954 5.64297489553273
Aspm 9.48903060806143 5.97808634037436 4.92920081204563
Mki67 11.8414140963639 7.26124047908645 5.11786215605948
Cenpf 9.36525893400998 5.63223710022171 4.65872344910957
Hbb-b2 11.6127918139473 7.88283645776123 3.87756437721122
Cdca7 9.80824546516877 6.39927256787733 4.87386668164954
Kif2c 8.5191585229009 5.16029982820227 4.13471388132958
Sox11 11.2750923053776 5.79762079303068 4.08470451954381
Cenpe 8.20964573013695 4.08141656967554 3.71570569443071
Dlx2 10.071096323942 6.73418045493417 4.86011712001581
Gdpd3 13.5902528646468 9.88507440250455 5.6370027823469
Ccr6 11.4765667264666 7.88662776620018 5.41212720982473
Alas2 13.4464550600504 10.1192139258561 4.74782451144893
Ube2c 10.2016309337015 6.10802585528684 4.46911212272667
