Uhrf1 9.53427432476441 5.62887024613952 4.223020930628
Dpysl3 12.8837712643463 8.90648261193724 5.24325104588276
Nasp 11.6288470631536 7.855516291184 6.33642488605764
Rrm2 11.6111642006541 7.63316258602908 4.40782332653509
Nusap1 10.6922193016853 6.30592940200534 5.09574323016923
Ezh2 11.1580666609765 7.77014061409172 4.63985224311699
Ccna2 11.2214637710139 7.3860342543853 5.4135737396657
Dcx 12.9992884069284 7.9272996531176 4.70752870156946
2810417H13Rik 11.482242210821 7.26458484130323 5.19596660946412
Igfbpl1 9.97989734602987 6.14844486203769 4.9288950942943
Mki67 12.2894855558827 7.21304274578223 4.95366970244729
Cenpf 10.1337691740404 5.58812469500744 4.6326747163638
Smc4 10.5176275690196 6.96728349794096 4.43913892688151
Top2a 11.6433083587303 6.77039484369236 4.52172896050867
Cdca7 11.4007435849176 6.25399246088448 4.9251078644379
Trip13 10.4075548492614 6.71977236253259 4.73298499230216
Kif2c 8.54458335727805 5.09407550109306 4.13222860306069
Sox11 12.1901352007152 5.78241400374687 4.03383674063326
Cenpe 8.34767451096559 4.15079039699656 3.64610334413262
Pbk 10.9766873691486 6.82554635713551 4.80816771507203
Dlx1 13.2290397628289 9.77060308476014 4.23845640656334
Cep55 9.32947005437654 5.82296593882215 4.50440972303759
Ube2c 9.80516240401687 6.11426100567193 4.56320837258757
