Trpc3 11.1892290682701 7.56669970119902 5.39893683351799
Smpx 10.1232662866023 5.6662717651564 4.23343256719693
Krt25 9.59836773402557 5.10790930233377 4.20880414247628
Slc1a6 12.2177910655919 8.2357766407168 5.22722070736223
Slc5a1 7.74089449909471 4.26315712811167 3.73476145676594
Bcl11a 11.3414258903204 7.16454256402933 5.35025924151188
Cck 10.8905333894999 7.38903990036083 6.03606390037947
Atp2a3 12.2171457277029 8.64740194559808 6.80811462834134
Casq2 10.487706228059 6.37412920404894 5.73360874355848
Itpka 11.8647695869056 7.49376469640747 5.05263543359462
Ptprr 11.5514558475434 7.82122118602187 5.05457503714337
Ryr1 9.26651024467352 5.49455179095419 4.54126211312759
Nrk 11.555252374013 7.62104782018465 4.33311476265565
Ppp1r17 12.7459995332006 8.23971929448921 4.43558011431678
