Tnfrsf19 13.0170551152101 8.163665998085 5.68860091988845
Vcam1 12.4630577100431 8.18118631825557 4.07645619549424
Cyr61 11.0460882561593 6.10272355470138 5.08484813646982
Gldc 10.8695664176776 6.83734330866875 4.76922810698914
Glud1 13.1050940388712 9.66609427535909 8.72370015892588
Elovl2 10.7408857026568 5.98137288871517 4.3649464617835
Aldh1a1 12.8320986318527 8.67088308845813 4.75833500848117
Ppic 9.07053452265401 5.22242471311914 4.6101916889795
Lcat 10.405952604035 6.68439022974033 5.44581625581786
Ntsr2 13.4914270754374 9.27831521535372 5.53528029183511
F3 12.0807292830354 7.80972984582482 4.51081597931785
Fmo1 11.4507637152933 7.97371143887279 5.75347208333535
Tspan7 12.3395761770886 8.54545650013446 6.74442668763496
Slc15a2 12.8650620990656 8.84529439707958 5.48281446274909
Prodh 11.5608536791366 7.65556560324929 6.2224636869356
Wwtr1 11.3200018331765 7.22476047283536 5.01711347054782
Entpd2 10.989456396274 7.5105942018225 5.95452714229846
Fzd2 10.8921293957318 7.14135564491937 5.7142712851975
Ptprz1 12.3462318850367 8.83786614184439 5.79323210780622
Slc38a3 11.9754534446227 7.83559164470737 6.64726344868143
Dio2 13.6873440649276 8.72070661132084 5.46436298120136
Fads2 11.6947155132253 7.64187170762362 5.78480148620385
Cyp2d22 10.4172666606301 6.52963239792586 5.22990949532343
Cyp4f14 10.4746427720886 5.92349470670777 4.87351513954973
Tmem47 11.0182730466748 6.3704274936938 4.60544189527875
Cyp7b1 11.0269260027674 7.65323969683044 4.54851527851229
Slc7a10 12.0137747448473 7.09741282544064 6.03905199026398
Myo6 11.2116892980677 7.79718360439052 5.37023245419837
Chrdl1 8.81623801658498 5.17341249285628 4.52516758320215
Fxyd1 11.6542261782819 8.10878884293882 6.69961596620637
Hapln1 9.31968731926019 5.17697491906621 3.89384442984399
Fgfr3 13.0331805406119 8.58277733139727 6.24412662679342
Papss2 9.60452933599322 6.18485559056572 4.6401676409537
Phkg1 9.11242286878067 5.13910301614407 4.06931623676481
Acsbg1 12.3590375667323 7.62213164050102 5.50245351063083
Tgfb2 9.77503571356295 5.9751242519241 4.71983204286992
Slco1c1 12.9716820180478 7.24155263899532 4.94801959887058
S1pr1 12.9711096293167 8.42396300333168 7.01071536614987
Axl 10.3617267384528 6.09616955988446 5.55343194448637
Cbs 10.8046888859182 6.93548999637349 5.59911345633735
Ccdc80 12.3418078251754 7.86437886474062 6.07065050705396
Adhfe1 11.1000301239203 7.11884052056392 4.62805679694742
Aldh1l1 11.8480830282233 7.84854454183277 5.06573469561095
Emp2 11.7321678289295 7.00188850581261 6.10625906115131
Aqp4 13.3551369171077 9.18449151840478 4.43363859164468
Col4a5 8.47992793650802 4.21749028765655 3.76595833396058
Amot 11.5629714072595 8.09084957872602 5.49603881746243
Cldn10 11.4178602030182 6.93476304014598 5.27011890624054
Cth 10.6661796277855 6.27321803298178 4.61820688774704
Slc1a3 13.0033080891387 7.88743489253179 4.5495338717038
Tlcd1 11.7543841882307 7.82853491615854 5.75304454834617
Scara3 11.5812159522506 8.17703297025662 4.6591139148873
Gabrg1 11.5316224791056 8.11238233149921 4.79421069608055
Ttpa 10.3307807528901 6.10589332664206 4.66411901230822
Atp1a2 12.7404616803696 9.2302834457622 4.53540459136988
Slc14a1 9.81781379229805 5.39996087765411 4.23910334323001
Btbd17 9.53725796320326 5.6645504469969 4.5824361969602
Tril 12.4391939251237 8.8065730603301 5.16422119701935
Itih5 11.6853205724885 7.53749890217197 5.83638015168042
Pla2g7 13.0632840169669 8.00663694591571 5.57246352173933
Cd38 10.7946916179119 6.2087471434466 5.1607582638739
Lrig1 10.5389888489859 6.88280424412927 4.45486868808381
AI464131 10.8293543114102 6.02201527561826 4.04083004776513
Mlc1 12.8150607095852 7.63380317270231 4.42370448235774
Gjb6 12.2206375095662 7.86955869453233 4.76532291520519
Heph 8.19319208774704 4.34230436175161 3.85559856102256
Grin2c 10.9861773290255 6.50152396446362 5.24953415910839
Cyp4f15 11.0197280467778 6.02472111560424 5.16604878986504
Slc1a2 11.8951987698827 6.87529756606093 5.46310557072158
Igfbp2 11.4664456503611 7.59174443503132 5.37585495114416
