Dusp6 12.2043335698759 8.87879381757462 5.75621602451918
Tgfbi 10.1729708775644 6.27856233424063 4.34421003760422
Lcp1 11.8463632704423 6.57765789821219 4.19500078922102
Cd83 13.2264749464343 7.25912154219661 5.46320931962767
Sipa1 11.1257432146877 7.39107979090711 6.21765268784322
Tnfaip2 9.08145533726492 5.11767989534326 3.94176091626245
Tubb6 9.94309885815544 6.53644907546784 5.48328268310748
Ier2 13.4150634942812 9.72634979909687 7.18363150455821
Socs3 12.8363611039744 8.55477217306724 4.01788824796053
4632428N05Rik 12.9592128362635 8.43537535914242 4.92464335285645
Spint1 10.3415667614487 6.10832465670207 5.23879292040847
Afp 8.20241684612463 3.92451270730085 3.66713047996688
Clic1 11.3846871257571 7.8790306423046 5.60938086807316
Irf8 12.5606886061131 6.06114840167853 5.19787036785582
Dnajb1 11.4072973894197 7.7876972288361 7.16141122279969
Tbxas1 9.77227819439976 6.40367421896359 5.72679167079122
Parvg 10.3224146114506 6.52935558778957 5.46856277921829
Rps6ka1 12.439882687873 8.58652629451114 7.31035061536707
Mfng 10.1100884876208 6.35805422127561 5.57506597211344
Slc40a1 11.6365802495677 6.64485520181667 5.75044677923021
C1qb 13.3846079047961 7.32133372103729 3.8176849367758
Ccl6 10.223717633042 4.88573320895855 4.09666441885804
Cd14 13.3052539164274 7.39207830832097 6.30463992600258
Pycard 11.8185468367102 6.49728379047624 5.34367415698366
C1qa 13.2380236204344 7.55433160655238 5.32459983536081
Il16 10.7022595486227 5.87575438512625 5.50760483366321
Slc7a7 11.052383619296 5.60081381751433 5.06622631407119
Srgn 13.2509970787582 7.12079524125691 5.46433215836515
Nfkbiz 12.6860754101133 8.91589330624041 5.08145455673474
Tgm2 11.7718766956168 7.75242815241739 5.42491257113155
Plek 13.0669588958399 6.60324028245133 5.75762739821223
Itgb5 13.3318370523038 9.88804766511262 4.41674045083317
Rgs1 11.2541972267774 4.84450339133577 4.51733503784599
Cd79b 8.31573716498709 4.71918996133146 4.51530170340281
Snx5 12.5628056055199 8.8098895293637 7.03675942707099
Elk3 10.4901390004177 6.0842685050487 4.42197344059635
Laptm5 13.2497958585741 8.411744782315 3.88580766508293
Serinc3 10.8737843005988 7.37220266951473 6.36236642876052
Fcgr1 12.3056772228307 5.0659826679077 4.41708614072201
Slc16a6 11.601886645942 7.42408851367798 5.60033256312099
Ccl9 11.5606702750711 5.27075137377968 4.76155301844924
Trim30a 9.82440837349698 6.36619433241945 5.31922644911529
B4galt1 11.050190662426 7.31520362917378 5.92325105639504
Tnfrsf1b 11.5849644137814 6.82596252852722 5.83715041587231
Inpp5d 12.5199395399242 7.57251761646494 6.22091802810135
Tlr4 9.52419084436795 5.20185728974868 4.35695758619408
Pmaip1 7.94812896443572 4.59180805192592 4.0015097529447
Aif1 11.8782125697407 5.3698984132208 4.82826993662109
Syk 11.2305153374971 6.70719725453428 6.28137538690911
Klf6 12.1614928848338 8.16412700844136 6.33794043619316
Crybb1 12.3010895138039 7.23754342235751 6.4195400230483
Fcer1g 12.6409109862305 6.78124295062663 5.76358390911593
Ctsh 12.8519091129382 6.01051913574313 5.19641052361677
Gpsm3 9.66649074936397 5.51710511747113 4.84172138603478
Ncf4 10.7081144474155 5.20670357611469 5.06798600035773
Lcp2 10.3889718130272 5.04990573402855 4.64034460077797
Ngp 12.4329204009581 6.30989935995316 5.26628689211214
Spi1 10.2850028049619 6.17144087957619 5.81875670592636
Csf3r 10.4703586336665 6.79976863300333 5.30333408118608
Ms4a6b 11.1222234312687 5.40002336225087 4.80027239631407
Hcls1 8.83239317939796 4.96401654006375 4.62624456367784
Pabpc1 11.1513836653323 6.46028961178009 4.45089554118655
Cebpb 11.6879517821222 7.44253767655525 5.9060426374968
Plxdc2 12.0633823649962 8.00730747948457 5.71543066439547
Cxcl10 9.83264446685726 5.52315556071512 5.12996383975563
Cysltr1 9.33333349087416 4.44434839046923 3.98169441803706
Cebpa 9.88957255483431 6.2986681797463 5.29606853755139
Cttnbp2nl 11.7204560544011 7.26945619634181 5.68535220768827
Lyl1 9.97533629065994 5.41876252818386 5.03161963754305
Ptpn18 10.4025712369028 6.77783680569067 5.78412699414701
Tlr2 11.9268402473875 5.90456692757158 5.5624938434527
Cd163 7.66769719158114 4.25040806851142 4.01473658219424
Serpine1 9.52331793271942 5.49699355760982 4.48672073112319
Mlxipl 10.549742788076 6.59744115124172 4.85363830988824
Cd37 10.9048574016166 6.47247563153799 5.29895262598251
Map3k8 10.2849700718244 5.01534159173046 4.72605796365606
Myd88 10.7278217724093 6.79112158281433 5.71394884777381
Ccl12 10.5112043294489 4.66609048956178 4.36710813980957
Arhgap4 9.36525554969312 5.48183596926319 5.24235526683916
H2-Oa 8.7917936065526 5.45761357785537 4.96292133971798
Pon3 9.20297150005047 4.59149465446255 4.23975667527504
Slamf9 11.1882832385642 7.73028134461928 6.26606467196338
S100a8 13.0395448654869 4.95802959676718 4.54283351916424
Il10rb 10.7116513838826 6.55118624888654 5.18867865346761
C3ar1 11.7072754362155 6.65050782521852 5.4636228057034
Fgd2 12.1304825880125 6.84702889253075 5.932838639311
Ccl3 13.4953964323281 5.11518404589326 4.54757032369773
Ms4a6d 11.3799791784438 5.24755662566101 4.52060216793099
Ier3 13.4963591841383 8.11089544263064 7.29627311183048
Camp 12.113738407204 5.76841462244081 5.41201844177417
Klk8 10.2464469222101 5.96314140112326 5.46481284234908
Chil3 11.1159878878753 4.4830609205715 3.93633189972719
Arap3 9.86775374576886 4.48711943284827 3.96909149647602
Tlr7 11.2112407400947 5.36663811309591 4.84169415524801
Hpgd 12.0107499612859 6.18257227921166 4.23759576385075
Slc11a1 11.4154854568916 6.53860101914004 5.49551429608348
Ccl2 9.49866288250659 5.41136776788387 4.91296894718064
Cd86 11.6419705628058 5.26908927014132 4.83407767770085
Gpr84 11.5935377294956 6.34950662304796 5.41089990750256
Trim12a 8.5835260320544 4.58727825823659 3.93596903365997
Zfhx3 11.2942984484453 5.94461153408984 4.40078516136997
Slc15a3 11.5219827541908 5.58960589133672 5.15136735456789
Clec7a 9.36335652990378 5.98982572413189 4.80275185056828
Rel 9.30153835661437 5.91470648243871 5.18635053661551
Sla 12.3378861062474 7.82309281172558 5.69675636360882
Tgfbr1 13.4953964323281 7.86182261500157 5.44553066096165
Adcy7 11.9646243532397 7.79503219941804 5.08675920928363
Rbm39 10.4094928984617 6.99532344853057 4.55018132319757
Lgals9 9.80576100376818 5.84269106883849 5.11305427482134
Trem2 11.528689695107 6.88315754522241 6.34640834992161
Gna15 8.93153578094543 5.42258982005361 4.96018100059067
Birc3 10.7521481640029 6.66630735813246 6.01491007223817
Igsf6 8.68495551282954 4.37644720505341 4.12049713290746
Samsn1 8.95535277925432 4.77367499268805 4.44201440778192
Il1a 10.5450729398403 4.53995132000245 4.31045788979507
Hpgds 9.14123713383759 5.32959909159223 4.93734616435644
Naip5 11.1347547074536 4.85497776049148 4.12429770133919
Ccl4 12.7516225784521 7.58548619442809 5.86367983003298
Stat6 10.5031698578152 6.1687023063689 4.81859422345665
Clec4a2 10.1190075949126 5.19832203582465 4.87181501754307
Fli1 10.0832277034328 4.26447283939859 3.81643416615433
Ets1 9.75745818736726 5.07676889699632 4.03163550644919
Ptprc 12.4215732421658 4.76354678098565 4.31848361048202
Fosb 11.9818678393755 8.40813251393249 5.67905885197205
Ccr5 11.7087776692335 5.37455192554375 4.36009367588282
Il6ra 12.6405285425734 6.29481779762438 5.54271995735896
Tgif1 8.50458243562559 4.93514301266115 4.5756652256731
Pla2g15 12.3512186582331 8.1001864751181 6.50099750629546
Ifi30 11.4062018650154 6.98257249986823 5.94076324160292
H2-DMa 11.3395300052483 7.69349653523362 6.27344842776805
Gpr34 12.142699851518 4.32929356736416 3.82998060562996
Rrad 10.0026571297703 5.79520715499655 5.14745515558803
Rnase4 13.0771643703574 6.41790559519726 5.13485212480262
Hk2 12.3164140648536 7.51413557646851 6.03756947276021
Hfe 11.3196450739578 6.71294050184901 5.68592459541934
Naalad2 9.64837692903074 6.25322814843779 5.27766030234354
Pik3cg 10.1537853547168 5.73027995438598 5.07095518192454
Cd84 9.96224237530016 4.72249882994243 4.36416984499827
Ly86 13.8305038298173 7.19754266844084 5.61783319629197
Vav1 10.4997459843954 4.19620398092357 4.01695861496336
Cfh 10.8438396260437 4.2786525314578 3.47201992206918
Tnfrsf13b 9.66545251361214 4.99170759056351 4.35088862839579
Hhex 10.060418644213 5.89590901920767 5.2306203147409
Entpd1 9.58873000960094 5.42118049139589 4.13374881387201
Ptgs1 12.1626150793908 8.23606468180703 4.93202569015279
Lyz2 12.5660138290276 7.36691334680288 6.12122457217927
Ctc1 11.7422487728519 7.87174831557334 7.19085115537145
Unc93b1 11.3066168079527 7.17793737267539 6.57852954348776
Hvcn1 10.2856187487951 5.89118226911915 5.43325684347781
Edem1 10.5644676490564 6.6231647833346 4.65422703955808
Icam1 12.144222640413 5.62847428178998 4.82521914836524
Rcsd1 12.3223507478265 7.64514861627012 6.44095831388556
Tmem140 8.46080936763924 4.59426017838865 4.37541492866534
Cd177 8.01898297885642 4.55729636173698 4.16872592822511
Casp8 9.83591177234681 5.30120977942954 4.95710458996707
F11r 12.1638127271072 6.50914970426854 5.58113578217268
Tor4a 10.4213155961976 6.63460330061208 5.47157954605176
Lpxn 10.730982217212 5.16666653093686 4.57391650546979
Siglec5 8.337886172674 4.14701337441317 3.75719717874857
Fcrl1 9.27554865404005 5.59855671655437 5.17831662042738
P2ry6 11.5909433501351 4.65224611311122 4.09170173755604
H2-K1 12.7949568117272 7.95996791968104 7.37664385956967
Tgfbr2 12.4312251246194 7.75429363077253 5.91773843321083
Ceacam1 8.73427463823456 4.79580466197316 4.31389115237046
Mlph 9.52478746573067 5.78006547145545 5.13097725555648
Ncf1 9.01873662127703 5.46944368565184 4.98658556217499
Il13ra1 9.69650941211153 5.85501155555403 4.30640335674704
Adap2 10.4876327911899 5.39487736055675 5.03314838790849
Capn3 10.437566906065 5.06510037791907 4.5878626674906
Arrb2 11.5161791808491 7.0714983124148 6.63306158832208
Pros1 11.4244912078995 7.55411564406574 4.67550527324176
Arhgap17 11.0358082941061 7.34841253559063 4.95127755241133
Trim47 10.122871565472 6.18389845696182 5.29177044339441
Plcg2 11.2395812321787 7.65243603782317 7.23177429118724
Mlxip 11.0131464704826 7.62121530494824 7.19181267781195
Sash3 11.2528818012755 6.93988678400358 5.5805403779752
Themis2 9.94919523666928 5.3522950792624 5.0907518103138
Mpeg1 13.5339312443488 7.17061730691486 5.81840483875213
Cd48 9.99176185857167 4.800201529632 4.40424956985268
Akna 10.5978331936346 6.18085074143277 4.70908560149585
Fes 10.5840546362038 6.72195695376722 5.81321260787282
Cep152 9.68353142517718 5.87569450437792 5.61991286475321
Ccrl2 11.4107831106411 6.45233913684829 5.79367300707851
Lcn2 11.7182561949748 4.4928472639754 4.22416530575356
Hbb-b2 7.86146929235822 4.31253959618416 3.87653038440745
Tmem173 11.1696407087511 7.69299345768368 6.06320148238194
AF251705 12.0057126252299 7.48040339218546 6.51373279765778
Hmha1 10.4487011332694 5.98722055021009 5.17607600602711
Gmip 10.2055870255081 6.53574112120009 5.62856956436926
Nckap1l 11.1526856630168 6.36177334787226 5.11667411810476
Abcc3 9.7509259850256 5.77473638217032 5.02517947966761
Rhoh 10.7637079698635 5.49055200885649 4.77768147458455
1700017B05Rik 11.7522974287947 6.72164751609672 5.65042379545878
Lair1 10.6612900224916 5.50794075259572 4.77949678366478
P2ry12 12.4385715566921 5.54032656185173 4.69380887745423
Rnf19b 9.65744414029616 5.74577113603036 4.83832155723303
Pld4 12.1700437011819 5.92866797371317 5.40167461142425
Lrrfip1 10.7224886700699 7.21863195106142 5.07881446945305
AU020206 9.79768698851007 5.63848920077832 4.97810032011581
Fermt3 11.4207362066657 4.5523658962967 3.89199147497021
Ankrd44 11.5679366187782 8.11762533514424 5.28316875282101
H2-Aa 11.2644036954394 5.94901097394453 4.64331349735129
Fam105a 11.8820924454901 8.1996296684455 5.70651470183995
Herpud1 12.5116726598182 9.14966087813483 8.24029300405818
Cd300a 10.0530239896872 5.52978916880463 4.92675995174285
Lyz1 12.2502412289951 6.48953610063915 4.18798852051194
Clcf1 8.68466038510135 3.94970687141887 3.70846074332827
Adrb2 8.29734945321406 4.36349716664337 4.16921044164807
Lrrk1 9.1635528470806 5.33494052386485 4.60881626221669
Il10ra 11.9867649941734 5.05799722024755 4.80121720151486
Hexb 13.9214339669789 9.68330932806322 7.44402285920834
D530037H12Rik 10.4018822600769 6.70276862397334 4.37780283355499
Rab20 9.64744268247702 5.24420046123413 3.83360197569304
Grn 13.6303783372944 9.68118055176914 8.00865259971845
D9Ertd306e 8.20712585253381 4.60393984322859 4.24815754507636
Fam46c 12.2421510197398 6.312256891004 4.66032589719441
Pald1 11.0128320429645 6.77117303574942 6.06294369537575
Ifngr1 12.016051864462 8.14580405122192 6.98157446980762
Anxa1 9.64055143138413 6.05517041511997 4.42921956758508
Lrmp 8.89491220593798 4.6924367384561 4.38494893742663
Olfml3 13.5644607358692 7.08560353182798 6.20499273958792
Ncf2 11.109264808914 6.25623580393909 5.5441664702788
Il7r 9.22711297999003 5.75583820270936 4.91581126332564
Ctss 14.1223387589978 9.8077050395043 4.87058663542385
Cd53 12.6270729328698 6.32437836574454 5.24631543390959
Fcgr3 13.3874319809845 6.59297489894958 5.35269763322685
S100a9 12.2965410503709 5.16621354558958 4.58159717946053
Lgmn 13.4068999504885 9.85875910337557 8.11264185400819
Klf2 12.9915058739807 7.93105159197234 5.50921210130986
Fcrls 13.5200887013828 6.6840045120865 5.75875564775683
Tlr1 9.55990391864875 4.38954707262643 4.12585706424652
Selplg 13.492313873689 7.81238117360079 6.24552391872867
Cd68 12.2825968841945 5.78932065071747 4.78017405439901
Gpr65 7.85611733273235 4.31719924832359 3.8373856166651
Casp1 8.72506021576845 4.93527640732262 4.28863903427629
Csf2rb2 9.46516272602394 5.02681433932435 4.32353564663607
Atf3 13.3007390383143 8.46907362452403 4.99896095706964
C1qc 13.5695399365939 6.88920604026699 5.10399121271838
Hck 11.7192724128215 5.6034390128068 4.88585892793512
Gcnt1 7.89240442650036 4.34424521324615 4.11059118692136
Casp4 9.17977855891737 4.70931819513114 4.04556527015984
Ehd4 10.2769858985773 6.82435357307229 5.05984092511221
Ly96 8.98885773803667 5.51755757374446 4.56479870128774
Lag3 9.94342037341401 6.09456874398202 5.36021779062827
Cxcl2 10.9236295592129 4.52499731356506 4.21919109419086
Ltf 11.9771261319803 7.53745197609522 6.36314566106323
Cx3cr1 12.8322911670036 6.95319187471067 5.38426116457185
H2-D1 12.6856010965553 7.92568467095104 7.35142615886092
Stab1 10.7835801182221 5.66074067841759 5.02311001820579
Il6 8.3523884587654 4.37838681852697 3.84367975172016
Pdgfb 10.6620659529342 7.23281647318303 5.841270988207
Mrc1 8.47267687587698 4.59622291682173 4.32151455025518
Itgb2 11.8281947861841 5.10422923846518 4.63013013117429
Psmb9 9.49408509768935 5.94183909994623 5.4468447340333
Ang 8.67340897437916 4.19021654807374 3.96014855720655
Sh2b2 9.32069277757714 5.27015600084282 4.67001503586775
Tyrobp 12.9035612805634 6.81060324685606 5.58947696293384
Emr1 12.777781853873 6.9231843415491 5.84272528376831
Nrros 12.3519497751025 8.32275964826967 5.78651182708292
Tmem119 13.699678559052 7.15563611246278 5.79442751283493
Parp14 9.10437062254361 5.65590853982783 4.94473930096536
Ttr 13.1109777518357 8.60931672067531 3.97861719346055
Havcr2 10.710530075929 4.44887399441497 4.23971143152851
Alas2 9.97256535353661 5.59467791748772 4.90501057471558
Cmtm7 10.4036329494645 5.85298914631037 4.95888352255255
Blnk 11.8079240962002 7.03171794236245 5.11109766012994
Alox5ap 12.5749967599795 7.14478604188705 5.99988520678055
Fyb 11.7159427823204 6.70383728152816 5.91292878636028
Ctla2b 9.94438247489242 4.36728953283962 4.09086596902799
Zfp36 13.4960506681509 9.13584020531077 6.38455446166149
Abhd15 9.92497435981129 5.33283035962745 4.99269921618155
Cyba 11.7749627835735 7.37388847102631 5.03740460484281
Spata13 11.8360921296241 8.35255745366605 5.14906412787917
Ptpn6 11.3292345329635 7.7072813282146 6.45104457540468
4833441D16Rik 9.33372525445037 5.65574465146647 4.84157538243932
Tec 10.1967601761071 6.76456482590423 5.49405484925185
Cd52 8.83934325002235 4.85415082985762 4.67318059059353
Irf5 10.4417221455899 6.57331551935215 5.34090827431256
Naip2 10.8151812852359 4.63681913465447 4.3566643782307
Anxa3 12.9131833282778 6.23271186678585 5.13818785274107
