Ppp1r14a 11.7404037936503 7.42916710209161 4.20247483483118
Mobp 12.7045657861483 8.97097262771053 4.88325588819254
Gamt 10.9286866512986 7.29344319589299 5.99587055934832
Pdlim2 11.989996495967 8.38313546985625 5.62417441779395
Lims2 10.9106320844019 7.54693262148501 6.72028943835412
Tspan2 12.5811429569813 8.21416700250461 4.87334795885975
Ddc 10.5323449586966 6.23853273051212 5.09018332008799
Nkx6-2 9.38295292259533 5.49438272100893 4.95526510138348
Mog 11.21570978028 6.39188032606407 4.07641849593768
Josd2 11.1444955943424 7.59690380363836 6.29049702612888
S1pr5 10.6960461963915 6.7450541636312 4.18161982504653
