Uhrf1 9.53427432476441 5.53635844089472 4.225549639199
Dpysl3 12.8837712643463 8.90648261193724 5.2018476270825
Nasp 11.6288470631536 7.77370682955278 6.32966429443279
Rrm2 11.6111642006541 7.27391081088598 4.54549017293924
Ccnd2 13.9324354113347 10.4865829933103 5.43311892381499
Nusap1 10.6922193016853 6.09061009165063 5.1237308444139
Cdca5 9.70844815222206 6.26341468030018 4.1733894726091
Ccna2 11.2214637710139 7.72074594452734 5.35017806502126
Dcx 12.9992884069284 8.1086130163029 4.81161070594493
2810417H13Rik 11.482242210821 7.30615378215386 5.1806006428634
Igfbpl1 9.97989734602987 5.85843393209438 4.86460970112396
Mki67 12.2894855558827 7.26124047908645 4.95366970244729
Cenpf 10.1337691740404 5.55899311041697 4.67160497976621
Smc4 10.5176275690196 6.99386588242219 4.42217727526118
Top2a 11.6433083587303 6.70072397007785 4.80268412670149
Cdca7 11.4007435849176 6.39927256787733 4.98090907443119
Trip13 10.4075548492614 6.70488246476259 4.71657377847284
Kif2c 8.54458335727805 5.16029982820227 4.1612607287713
Zbtb12 9.46654178096821 6.12123879286084 4.88509967663838
Sox11 12.1901352007152 5.63238082220119 4.08470451954381
Cenpe 8.34767451096559 4.08752690203903 3.64610334413262
Pbk 10.9766873691486 6.92460176896385 4.77404985221778
Dlx1 13.2290397628289 9.73152321831931 4.45031522580177
Cep55 9.32947005437654 5.8208091347778 4.48438880137793
Ube2c 9.80516240401687 6.17504262311234 4.46911212272667
