Junb 11.5780026398467 7.69444650905534 4.69989513117724
Cd83 13.2264749464343 9.67384036106443 5.84894901530749
Sipa1 11.1257432146877 7.13275097397949 5.86638507631768
Tnfaip2 9.08145533726492 5.74792755718784 3.9571899107537
Ctsc 12.6065842886925 8.82493534628462 4.1842981771071
Socs3 12.8363611039744 9.48064354176178 3.96637177003966
4632428N05Rik 12.9592128362635 8.72034502152509 4.73308337800735
Irf8 12.5606886061131 7.56960293350871 5.38766522687229
Parvg 10.3224146114506 6.89901403663514 5.30263583698573
Slc40a1 11.6365802495677 7.09699698720667 5.23598167180513
C1qb 13.3846079047961 7.32133372103729 3.81592034509661
Cd14 13.3052539164274 9.08258002015048 5.76266511462515
Pycard 11.8185468367102 7.30940649290667 5.0396221054261
Slc7a7 11.052383619296 6.64466252633687 4.72924054896229
Srgn 13.2509970787582 7.38752604675907 5.09462922147886
Nfkbiz 12.6860754101133 9.17274409772691 4.42479059811574
Tgm2 11.7718766956168 7.75991368504559 5.39498349260908
Plek 13.0669588958399 8.75279855237208 5.37297008323688
Itgb5 13.3318370523038 9.89744472073602 3.85571440704063
Rgs1 11.2541972267774 7.10655618774568 4.13083644630517
Snx5 12.5628056055199 9.19358708557972 5.15237042859741
Fcgr1 12.3056772228307 6.68275632918252 4.36040202665976
Ccl9 11.5606702750711 5.41342634424606 4.72238004859355
Tnfrsf1b 11.5849644137814 7.3932026462333 5.86693775953719
Inpp5d 12.5199395399242 7.9771661865135 6.04534425061571
Tlr4 9.52419084436795 5.80771479418916 4.11355948580548
Aif1 11.8782125697407 6.70902121909723 4.67673670652545
Syk 11.2305153374971 6.99962695204924 5.78067725065734
Crybb1 12.3010895138039 7.31615954461337 6.26740588709583
Fcer1g 12.6409109862305 7.2625787285499 5.77386771548455
Ctsh 12.8519091129382 7.63796304777926 5.31761042468844
Gpsm3 9.66649074936397 5.86295042814883 5.14649558157199
Ncf4 10.7081144474155 6.68310775228969 4.84421328476204
Ggta1 10.3145780373454 6.05254378890341 4.04082373744595
Lcp2 10.3889718130272 5.97122831108902 4.64034460077797
Ngp 12.4329204009581 7.38308271638493 5.01956316789372
Spi1 10.2850028049619 6.87504437209454 5.80328699501944
Ms4a6b 11.1222234312687 6.1986691691124 4.63495223803839
Cebpb 11.6879517821222 8.35986939636981 6.19826787478943
Cxcl10 9.83264446685726 5.82621262167003 5.05232126587241
Lyl1 9.97533629065994 5.84639266808952 4.87314469423577
Ptpn18 10.4025712369028 6.58094360907744 5.94927938714891
Tlr2 11.9268402473875 6.75058580034747 5.32789741388075
Serpine1 9.52331793271942 6.06206591280356 4.44482189057095
Cd37 10.9048574016166 6.75542560522581 5.43539236021286
Map3k8 10.2849700718244 5.63172363082624 4.56583512050309
Myd88 10.7278217724093 6.53514457988665 5.47839976671109
Ccl12 10.5112043294489 4.85319715737812 4.28827382147512
H2-Oa 8.7917936065526 5.44534893716067 4.6740899991811
Pon3 9.20297150005047 5.73147649164603 4.23391153081447
S100a8 13.0395448654869 5.76813881674369 4.54948753169166
C3ar1 11.7072754362155 6.67456571710216 5.21758469928316
Fgd2 12.1304825880125 6.70001073324299 5.80003700742011
Ccl3 13.4953964323281 6.9758148288609 4.44595270910525
Ms4a6d 11.3799791784438 5.58451528595324 4.44126177605091
Camp 12.113738407204 6.15483595227508 5.37572556389253
Klk8 10.2464469222101 6.22536539019742 5.48178566210072
Chil3 11.1159878878753 5.40529079769404 3.6481594089514
Arap3 9.86775374576886 5.55027836322475 4.03383153396052
Tlr7 11.2112407400947 5.59679348176338 4.72672766547287
Hpgd 12.0107499612859 6.27040108868302 4.34446377002884
Slc11a1 11.4154854568916 7.53995132293031 5.33411300378515
Ccl2 9.49866288250659 5.56549818273837 4.91296894718064
Cd86 11.6419705628058 6.22171484622785 4.81951907963674
Gpr84 11.5935377294956 6.4378005125329 5.27911443336668
Tcirg1 11.3257053795282 7.92647488673305 6.48721452043672
Trim12a 8.5835260320544 4.58727825823659 3.87771940060926
Slc15a3 11.5219827541908 6.03262658038342 5.24081067212967
Rbm39 10.4094928984617 6.7704084697837 4.6882725929598
Lgals9 9.80576100376818 5.87884657836127 5.20152868911377
Trem2 11.528689695107 7.48824357030001 6.2554814086042
Birc3 10.7521481640029 7.3326237416356 6.00647955403784
Igsf6 8.68495551282954 4.59365168384801 4.1502777318546
Samsn1 8.95535277925432 5.13916707306363 4.4482962002668
Il1a 10.5450729398403 5.81907068449818 3.98378855943833
Naip5 11.1347547074536 6.10945675228134 4.18065177157986
Ccl4 12.7516225784521 8.12431805520109 5.76415147102817
Stat6 10.5031698578152 6.61890331041652 4.17079590314836
Dapp1 10.626591308075 6.71877434958304 4.90421003491113
Clec4a2 10.1190075949126 5.22079914522529 4.79312570960122
Fli1 10.0832277034328 5.13916707306363 3.75175247971574
Ptprc 12.4215732421658 8.18866056317589 4.14029988801737
Fosb 11.9818678393755 7.90609409884381 4.73676299642996
Ccr5 11.7087776692335 7.15035062784841 4.40733349531196
Il6ra 12.6405285425734 8.15512250280799 5.47397335749492
Pla2g15 12.3512186582331 8.47939891142437 6.31637210842664
Ifi30 11.4062018650154 8.00444240356075 5.44760037118485
Gpr34 12.142699851518 7.04570363842545 3.85904479806624
Rnase4 13.0771643703574 9.17723756512559 5.00592458516242
Hfe 11.3196450739578 7.58854143628652 4.95627067323897
Cd84 9.96224237530016 5.15058636042562 4.45468963666841
Ly86 13.8305038298173 8.68908260769408 5.41191569268661
Vav1 10.4997459843954 6.04739882502396 4.01438222731873
Cfh 10.8438396260437 4.6436853195722 3.51333064013109
Tnfrsf13b 9.66545251361214 5.20342093624932 4.33174284445746
Entpd1 9.58873000960094 5.7593667199441 4.18493179231769
Ptgs1 12.1626150793908 7.08003028752518 4.50512203428837
Frrs1 10.6966078261321 6.96436202544351 4.9032872918591
Lyz2 12.5660138290276 7.91419762123782 5.97163301507323
Unc93b1 11.3066168079527 7.27272074183377 6.14371532817043
Edem1 10.5644676490564 6.5505735845766 4.53745432941977
Icam1 12.144222640413 8.18621280482204 4.55306738716355
Rcsd1 12.3223507478265 8.35431516704654 6.27941899907966
Cd177 8.01898297885642 4.66071660031918 4.0901657370559
Casp8 9.83591177234681 6.39335672734074 4.52780173946013
F11r 12.1638127271072 7.6643408509556 5.59282668763446
Lpxn 10.730982217212 6.6699215606673 4.32101633330962
Siglec5 8.337886172674 4.24513726470344 3.72477535498058
Fcrl1 9.27554865404005 5.77259535762088 5.17444709650993
P2ry6 11.5909433501351 6.49954892671124 4.25043147765259
Tgfbr2 12.4312251246194 7.67471185630845 5.17139256524868
Capn3 10.437566906065 6.16841198514844 4.30633576106091
Arrb2 11.5161791808491 7.75718318249976 5.92936246411964
Pros1 11.4244912078995 6.98089305858805 4.73697280416789
Arhgap17 11.0358082941061 7.18096000311249 4.8805960972315
Trim47 10.122871565472 5.96947870211401 4.93415229055291
Sash3 11.2528818012755 7.64860793564027 5.30109003752945
Themis2 9.94919523666928 5.97912940421017 5.05167677187456
Mpeg1 13.5339312443488 8.76531829045449 5.78301385147576
Cd48 9.99176185857167 5.29798403551863 4.34118640483003
Fes 10.5840546362038 7.1427623834102 5.73746068177132
Ccrl2 11.4107831106411 7.50031460974523 5.34540437021825
Lcn2 11.7182561949748 7.77434924777911 4.14677580097671
Tmem173 11.1696407087511 7.68850449516744 5.89341821116693
AF251705 12.0057126252299 8.11118494874427 6.36573348461229
Hmha1 10.4487011332694 6.98763858863666 5.37493711275592
Abcc3 9.7509259850256 6.34525535812889 4.86554758956559
Rhoh 10.7637079698635 5.94948250364945 4.77768147458455
1700017B05Rik 11.7522974287947 6.89432381295987 5.45364584688997
Gusb 11.4803411718158 7.62635278470351 4.53178585961752
Lair1 10.6612900224916 5.58055643979182 4.68201705644707
P2ry12 12.4385715566921 8.73945527851456 4.50207724022304
Pld4 12.1700437011819 7.19733735021099 5.22288467705465
Fermt3 11.4207362066657 6.47715884417116 3.78205702732204
Ankrd44 11.5679366187782 8.18312917463275 5.20871994023527
H2-Aa 11.2644036954394 5.89743560916159 4.52489759750721
Fam105a 11.8820924454901 8.44617033977345 6.21542171744284
Herpud1 12.5116726598182 9.02152696376595 6.97143358022027
Cd300a 10.0530239896872 6.07943650505792 4.77456157290065
Lyz1 12.2502412289951 8.70856385941475 4.23605310838922
Clcf1 8.68466038510135 4.24144870440086 3.74292799328668
Il10ra 11.9867649941734 6.09891758803774 4.74146668532097
Rab20 9.64744268247702 4.94254429901971 3.82200920841575
Grn 13.6303783372944 9.82061955232524 7.1219250942368
Ifngr1 12.016051864462 8.51383420970396 6.98157446980762
Olfml3 13.5644607358692 8.18350581854891 6.07265779773781
Ncf2 11.109264808914 6.56751553846196 5.52853630636961
Cd53 12.6270729328698 8.6306483484664 5.03211748831674
Fcgr3 13.3874319809845 9.22669357552983 5.33414233261589
S100a9 12.2965410503709 6.30541860080714 4.56349010966168
Klf2 12.9915058739807 8.48522001009719 5.18695521697347
Fcrls 13.5200887013828 7.75285904203604 5.51322621114052
Tlr1 9.55990391864875 4.88460414251727 4.06182986741779
Cd68 12.2825968841945 7.37487818273239 4.54676395509571
C1qc 13.5695399365939 8.28071090093681 5.30483286999864
Hck 11.7192724128215 6.76394552431713 4.7502624169289
Casp4 9.17977855891737 5.319458167819 3.79618012823664
Lag3 9.94342037341401 6.53144732430779 5.26913346978839
Cxcl2 10.9236295592129 7.52797132295235 3.95179344967962
Stab1 10.7835801182221 5.66074067841759 5.03972855140348
Il6 8.3523884587654 4.48332724628587 3.76423973145748
Mrc1 8.47267687587698 4.84234389036147 3.85766899415256
Itgb2 11.8281947861841 7.71358240566797 4.59984564669629
Ang 8.67340897437916 4.36115715127741 3.98707016190577
Tyrobp 12.9035612805634 7.22484488497191 5.52211043285106
Emr1 12.777781853873 6.93901309020151 5.39183795464954
Nrros 12.3519497751025 7.69450907350888 5.34635715413888
Tmem119 13.699678559052 10.3657537152618 5.7899352706918
Havcr2 10.710530075929 6.01387206320856 3.9829346749111
Cmtm7 10.4036329494645 5.81147755303475 4.9699582685473
Blnk 11.8079240962002 7.32824392551931 5.31825327175962
Alox5ap 12.5749967599795 8.64546569000716 6.07651792496517
Fyb 11.7159427823204 6.94173816432896 5.99947507967099
Ctla2b 9.94438247489242 6.18023738911793 4.05994191474842
Zfp36 13.4960506681509 8.95008229744785 5.83034935831427
Abhd15 9.92497435981129 6.59296879520272 4.75419507877774
Cyba 11.7749627835735 7.62276205422308 4.94333010741938
Irf5 10.4417221455899 6.79648827489261 5.59218613802877
Naip2 10.8151812852359 4.75999983359183 4.3118531910947
Anxa3 12.9131833282778 6.69468001479522 4.82299370040985
