Ddr1 11.4422045762566 7.55810552120781 4.59180683344434
Gja1 11.5698314971536 6.73585579481843 4.63534119943753
Ehd1 11.8414795893656 8.23935914384266 7.45729782340343
Olig1 8.1984389714643 4.8543548316679 4.39967919420367
Cryab 9.45301762765422 5.98178316621349 4.41969231972007
Dmd 9.50954537199152 5.51916784139157 4.02971559073028
Npy2r 8.71724187249548 4.38182696574236 3.73235920096101
Grb14 9.57483871425114 6.14479837286503 5.35603632630792
Cdhr1 9.58924945264338 6.11640890742725 4.97729099663009
Apcdd1 10.9465261184796 6.56177129444066 5.22757141432555
Tdo2 8.44174989981165 4.20148217639765 4.10794378852661
Mbp 12.7953421097778 6.71381807963564 4.21935838372507
Ogn 9.99629414494697 4.24917214700906 4.1713478699097
Mobp 9.11009205636782 5.00560385847125 4.88082971395997
Cyp7b1 9.91340273050541 6.17001438449564 4.54851527851229
Zbtb20 12.6127153189116 8.52502754996043 7.34581549747793
Sema5a 9.94055377999294 4.5125911683101 4.31522507962891
Igfbp5 11.2867041147895 6.3517157903768 5.04628009282288
Cald1 10.929624598211 6.61834518493201 5.13243788608362
Plp1 10.1895229038269 6.24825944861692 4.75100419248805
Trib2 9.74788444307802 5.7474765896302 5.01571212807584
Rpgr 9.54181474050453 6.05109230705442 5.15796941619084
Epha7 12.3615734310731 8.32850971925409 4.14001864093055
B3galnt2 9.69342944975633 6.10592586519688 4.24628550292084
Dsp 12.815595873123 4.99495665858197 4.27258502169961
Ccdc71l 11.6420526906911 7.87990229729277 6.47485948728931
Dsg2 8.62180125394231 5.25239746790839 4.63343567604101
Lct 10.6411923973502 5.89209717076004 4.87982495319253
Rai2 7.68390097166071 4.08380037656398 3.75617549206348
Fam131b 8.91832720499619 5.15161577145094 4.62410250591084
