Golm1 13.1709345745481 6.95155680813908 6.74432430435895
Dusp6 12.2043335698759 6.36346257110652 4.85241341484967
Tgfbi 10.1729708775644 5.13921909853338 4.53517351987427
Sgpl1 9.54910293773426 5.6169772392092 4.80389529841715
Junb 11.5780026398467 5.67919808437729 5.10927561153327
Lcp1 11.8463632704423 4.8258639896901 4.56850347157039
Txnip 13.6993914736524 6.85940895146646 6.49840452646285
Klf10 10.1153774463127 5.92726526584937 4.45983594791154
Cd9 11.8962881279299 7.1295407773366 5.5375702728525
Ifrd1 11.3040305700896 7.84274551950313 6.9375575549316
Cd34 10.5911587485583 5.18358763972965 4.78089229986247
Cd83 13.2264749464343 8.84162718393048 8.2461104385417
Serpinf1 9.41188678958694 5.93004212003646 4.89930966390662
Sipa1 11.1257432146877 6.84652920570128 6.74818955345167
Coro1a 12.6004028717715 9.22973413187242 7.34314480715917
Btg2 11.4968904593275 5.74827090285414 5.38302671920452
Tnfaip2 9.08145533726492 4.45772967292602 4.02485620476982
Litaf 12.5127367018525 7.73091099835349 7.72065036305533
Cyfip1 12.6066769077138 8.58979814563374 7.33688694148769
Lamp2 11.6172171151883 7.67883116258683 5.99947044915006
Snx18 11.9105809619856 7.5103792073628 6.9304513502248
Ctsc 12.6065842886925 5.46792413504252 4.43373269577049
Ier2 13.4150634942812 7.3756425651479 6.87148621055669
Rab32 7.60118101811754 3.87359340207439 3.81254887350059
Nfe2l2 11.3735710823378 6.34105576770227 5.22403791485661
Socs3 12.8363611039744 4.71815084389058 4.04523792330016
Sparc 11.723215805215 7.50951657654138 5.19695212803619
Scamp2 12.0782300087712 7.8371517684666 6.95735446204661
4632428N05Rik 12.9592128362635 5.58786870281323 5.10961033231026
Spint1 10.3415667614487 6.28240863894211 5.71248514959781
Afp 8.20241684612463 4.13193444905157 3.80683509067094
Clic1 11.3846871257571 6.29099829057397 5.3857407196268
Plxnb2 11.1751053377305 7.84234136308483 6.71467633381164
Tspo 8.96653892538565 5.35576725030679 4.55256243318824
Irf8 12.5606886061131 5.37818710040368 5.33942139396916
Dnajb1 11.4072973894197 7.96043682145805 6.50978617634735
Slc39a8 8.3702572354114 4.13071941448652 4.03465436888717
Parvg 10.3224146114506 6.37254811791006 5.80819271319482
Mcl1 12.1472433486191 7.64530231870219 6.83581669712243
Rgs10 13.3912666623373 9.61590967876387 7.5819035956873
Rps6ka1 12.439882687873 8.36463945078563 7.38143708944099
Parp9 9.82908871348782 5.99955198853406 5.61503590328871
Tnfaip8 9.91373565516323 5.53179694332978 4.57517020452022
Fcgrt 9.65042068842126 6.2957915621506 6.22187122269536
Mfng 10.1100884876208 5.98859059032679 5.79416430121085
Slc40a1 11.6365802495677 6.1906242055865 5.90255531581239
C1qb 13.3846079047961 5.78044505364434 3.8286832914357
Egr1 14.0125449996656 9.87247475764755 9.51875762959823
Cyp4v3 11.0721852303594 6.43625172255468 5.75085772208607
Syngr2 11.4559121689701 7.23242112191608 4.8086183650754
Man1a 10.4296468533452 6.97104953654483 5.15644383285428
Plekho1 10.6038456884602 7.11487202962351 5.95178108968328
Pmp22 12.2653168767854 7.15864068783665 7.15509428474233
Usp2 11.7287066241903 8.02391872558925 6.93498083474853
Ccl6 10.223717633042 4.8319752584262 4.75352870020771
Cd14 13.3052539164274 7.04113585629014 5.66787665202428
Tob2 11.2284375997777 6.90069663536246 6.83404930521071
Pycard 11.8185468367102 6.3058166534511 5.308265396681
C1qa 13.2380236204344 7.06863328059186 5.90332015860294
Il16 10.7022595486227 5.86683793532386 5.55901783338896
Slc7a7 11.052383619296 5.64710143697977 4.91200517681046
Klf4 12.698526861476 5.77952839731452 5.58779533444038
Jun 13.1567215574815 7.40365929270911 6.1062538594933
Srgn 13.2509970787582 6.55811503494126 5.61005420861997
Myh9 12.5865032254667 7.76141762083154 7.00196141080112
Nfkbiz 12.6860754101133 5.15398395789395 4.55342589536433
Tgm2 11.7718766956168 6.32915124785044 5.59251849476639
Plek 13.0669588958399 8.08764483227677 5.86570961655289
Itgb5 13.3318370523038 5.75383873024863 3.7646425443971
Elf1 9.08676867890006 4.82428552672636 4.11292101847677
Rgs1 11.2541972267774 4.55786485346874 4.13931028969736
Ier5 13.0591463203827 7.2936818490472 5.9109247032521
Cd79b 8.31573716498709 4.97739068353628 4.8746366207972
Snx5 12.5628056055199 9.17321900248853 5.64141543559747
Laptm5 13.2497958585741 6.5068646874863 3.86319654423567
Tjp1 11.9606953410398 7.47491903051841 6.6060222038605
Slc25a37 10.6378478547555 7.10861925785272 6.93242964284663
Dok1 9.09517514267858 5.71743254052346 5.40822145149708
Serinc3 10.8737843005988 7.13176783581273 6.65911607582857
Ctsz 13.0341451754765 8.11284628161323 5.21475046768697
Fcgr1 12.3056772228307 7.08851112797011 4.63689570237326
Slc16a6 11.601886645942 7.20399259750587 6.16737915244047
Pdlim4 9.4700059993897 5.85837150496053 4.46523678496145
Ccl9 11.5606702750711 5.11723291508278 5.10232533803845
B4galt1 11.050190662426 7.36994962289641 5.78796886478159
Tnfrsf1b 11.5849644137814 6.83409424622953 5.91803444866622
Inpp5d 12.5199395399242 7.0366150932577 6.48503337632538
Tlr4 9.52419084436795 4.47898401287812 4.28667416102
Pmaip1 7.94812896443572 4.14928865834416 4.14084233099217
Aif1 11.8782125697407 5.10694501276214 4.89789622092991
Lims1 11.3895886323577 7.72664767147516 6.68973796009013
Gbp2 7.60388733898652 4.23309619289268 4.19090155473982
Syk 11.2305153374971 6.34621163961713 6.10515186130776
Klf6 12.1614928848338 6.95382029203471 4.71097225367386
Crybb1 12.3010895138039 6.52144572425802 6.51365359586807
Fcer1g 12.6409109862305 6.51910828942261 6.02993566183154
Ctsh 12.8519091129382 6.00965809746913 5.31240340793612
Gbp3 8.5913202656342 5.08396834590378 4.69326584237993
Gpsm3 9.66649074936397 5.89274047490569 5.5038107672163
Ncf4 10.7081144474155 5.32805354692573 5.11718982321769
Ggta1 10.3145780373454 4.76345195682467 4.59858543459142
Calcrl 7.84138491604448 3.98495993082951 3.85314485869979
Lcp2 10.3889718130272 4.95948698557838 4.94229654960145
Ngp 12.4329204009581 6.41807810670308 5.34551025381084
Spi1 10.2850028049619 6.03253476670151 5.73847227836483
Atp7a 10.1404314445784 5.6950493411206 5.14416343905089
Csf3r 10.4703586336665 6.81079238418242 5.36336670908952
Ms4a6b 11.1222234312687 5.23857063113249 5.1719430517452
Hcls1 8.83239317939796 5.03414656554953 4.82719939887247
Abcb1b 8.00305280287427 4.55356415291769 4.50790340129866
Pabpc1 11.1513836653323 4.6211580436139 4.04543772209525
Skap2 11.9890479352489 7.44661147024731 6.8204955705068
Cebpb 11.6879517821222 7.30602516416299 6.40814971718365
Plxdc2 12.0633823649962 7.9172907421559 6.30184372314485
Cxcl10 9.83264446685726 5.51659007145838 5.10789121237449
Cysltr1 9.33333349087416 4.40336520557674 3.96583132803697
Cebpa 9.88957255483431 5.92625724663765 5.2399733358463
Cttnbp2nl 11.7204560544011 6.37142770894431 5.70945987076838
Lyl1 9.97533629065994 5.27092806513748 4.92995663577073
Ptpn18 10.4025712369028 6.95307392352605 6.24507544218691
Tlr2 11.9268402473875 6.33302133155799 6.29786897246982
Cd163 7.66769719158114 4.00804277200457 3.95090784798342
Serpine1 9.52331793271942 5.67446225145156 5.12170234106419
Mlxipl 10.549742788076 6.85490592793064 4.52867168292769
Cd37 10.9048574016166 6.39687271026826 5.66611097281953
Map3k8 10.2849700718244 5.11904509436005 4.62292524688166
Myd88 10.7278217724093 6.29742545070491 6.25878483727875
Ccl12 10.5112043294489 4.94460487642236 4.58364978046907
Arhgap4 9.36525554969312 5.72367586262865 5.16127901506211
H2-Oa 8.7917936065526 5.36333859338589 4.92341242929501
Pon3 9.20297150005047 4.29659753266455 4.29467602191802
Slamf9 11.1882832385642 7.71308139248523 6.38452642313651
S100a8 13.0395448654869 4.8104770194603 4.70999812375275
Il10rb 10.7116513838826 6.98672845270439 5.17080878971248
C3ar1 11.7072754362155 7.41128479891325 5.5804491860214
Ripk1 10.1243899929041 6.31035345310248 5.0883393481998
Fgd2 12.1304825880125 6.44802600902774 6.11694209194405
Rela 11.8428094359349 7.94308257042115 7.88071901540635
Ccl3 13.4953964323281 5.11171493879736 4.76335983065661
Ms4a6d 11.3799791784438 4.74110967435818 4.50461778505246
Ier3 13.4963591841383 7.63973639599391 7.30111335637972
Nupr1 9.93831898336817 6.36074552858229 4.97089084284649
Camp 12.113738407204 5.81483665300177 5.63427677621982
Klk8 10.2464469222101 5.72012325489704 5.70721072178583
Chil3 11.1159878878753 4.40691965701822 3.89825094924151
Arap3 9.86775374576886 4.70429644845303 4.12050189492536
Tlr7 11.2112407400947 5.42760380588969 4.83232247675334
Csf1r 14.0460007158016 8.53474007159789 7.71069681033013
Hpgd 12.0107499612859 6.19934411564211 4.34823784294943
Mcm3 8.92535440058905 5.1150192635707 4.90970726270391
Slc11a1 11.4154854568916 6.38250285725232 5.80581107502965
Ccl2 9.49866288250659 5.44249955901066 5.39962329523153
Cd86 11.6419705628058 5.11437806867313 5.03575516704151
Prkd3 9.70383275414416 6.24161700471077 6.18543630936741
Gpr84 11.5935377294956 6.02599563684963 5.5501145097757
Vamp8 11.9027573726861 7.07617452746561 6.24519279995251
Tcirg1 11.3257053795282 6.91707355245036 6.54620116641168
Sqrdl 11.0518617676912 7.37772545174852 6.03422423051764
Trim12a 8.5835260320544 4.21933048541652 3.87700301723787
Slc15a3 11.5219827541908 5.59501150593583 5.13796974721687
Clec7a 9.36335652990378 5.97625403258104 4.92282332622713
Rel 9.30153835661437 5.75570239183947 4.67116238155763
Tsc22d3 11.4721491337919 7.28991459022169 5.15432327586
Sla 12.3378861062474 6.1730333412489 5.57846687189508
Itga9 7.35656542889308 3.96983806889564 3.90044023161863
Tgfbr1 13.4953964323281 7.51690205570303 6.36806795868901
Asph 11.1131392793095 6.88137976855174 5.23200572032922
Adcy7 11.9646243532397 7.86360489030733 7.06011734640231
Rbm39 10.4094928984617 5.14798620463975 5.08375431130585
Mrc2 8.85958477054983 5.36261408032296 5.35637488133444
Bmp2k 11.3162621163235 7.61927030901358 5.96276286899773
Itgav 11.507195343065 8.12318837521778 7.29723687397611
Lgals9 9.80576100376818 5.81475385583979 5.20882408882493
Trem2 11.528689695107 7.27426384231854 6.21077692639727
Birc3 10.7521481640029 6.02559551758536 5.73131084499298
Igsf6 8.68495551282954 4.44533358898486 4.22903851784806
Samsn1 8.95535277925432 4.76047822661356 4.65178182284711
Il1a 10.5450729398403 4.61211401005976 4.24872766891511
Hpgds 9.14123713383759 5.09218854615631 4.92638447309185
Naip5 11.1347547074536 4.74132477760146 4.54877002079738
Ccl4 12.7516225784521 7.89773307551578 6.00948663221104
Klf3 8.44575749935971 4.91460107901244 4.69331180031855
Itpr2 10.8613975316724 5.9128320363614 5.54420447081165
Stat6 10.5031698578152 5.66585535604545 5.00429218369461
Abca1 12.0785728549459 7.74053164990491 6.27761904405159
Adam17 10.581995677351 6.07943903437053 6.02349648675899
Dapp1 10.626591308075 4.93657699723916 4.7449173469659
Clec4a2 10.1190075949126 5.12952542064782 4.77574067722554
Fli1 10.0832277034328 3.89511431928022 3.79483986010772
Mitf 10.3277193773821 6.51725419326831 6.02543979843139
Ets1 9.75745818736726 6.23293876784451 3.92575808076429
Itgam 7.64683147867138 4.28345661562862 4.26550062222707
Ptprc 12.4215732421658 4.90098821088406 4.41003119987933
Fosb 11.9818678393755 5.76060974169202 5.2919957574903
Ccr5 11.7087776692335 4.62645664297294 4.45580158074177
Il6ra 12.6405285425734 5.61294292960845 5.59869014026284
Tgif1 8.50458243562559 4.80527798614706 4.56978499602906
Pla2g15 12.3512186582331 8.09011013711475 7.27716590026208
Itga6 11.5906633280243 6.25369353265217 6.10261649171601
Ifi30 11.4062018650154 7.60320646525832 6.04500668048832
Cables1 10.7158993683559 7.3190737249122 7.29428771686374
H2-DMa 11.3395300052483 7.64793696298182 5.89771874517561
Zfp36l1 12.7019764996359 6.39056738229984 5.18763838105471
Gpr34 12.142699851518 4.24882563033249 4.01023184703021
Rnase4 13.0771643703574 6.38337811956423 5.3082630389751
Hfe 11.3196450739578 7.49278282445025 7.20750976979267
Naalad2 9.64837692903074 6.2618475096384 5.63712124528278
Pik3cg 10.1537853547168 5.53925221163429 4.97823114529729
Zeb2 11.4350095719432 7.77289553062096 6.43007046997266
Btk 9.58917222158551 6.16616522080085 5.36517522652453
Tlr3 9.63659550839082 6.03804653798521 4.91864947534819
Mertk 13.0985151577591 5.88149935100772 5.4073653893218
Cd84 9.96224237530016 4.7895770292379 4.64211239005768
Ly86 13.8305038298173 6.44917402421845 5.93487481875697
Vav1 10.4997459843954 4.39801745556744 4.06489677466558
Pag1 12.6736213180298 7.74790351295657 7.36905620422021
Cfh 10.8438396260437 3.92495166725118 3.5906194015553
Tnfrsf13b 9.66545251361214 4.95954722343236 4.48945788311798
Cebpd 10.5744174492867 6.31478126515244 4.19515005710803
Smim3 9.32886126195367 5.89458828905017 5.73584197640894
Hhex 10.060418644213 5.90937189692179 5.20405330138431
Entpd1 9.58873000960094 4.64773317299088 4.2545578817051
Ptgs1 12.1626150793908 4.90927675513803 4.67152868774716
Adrb1 10.5218876655346 7.05026003047166 5.09629677879157
Stk17b 9.80355004387352 5.93151271931481 5.76299574320074
Frrs1 10.6966078261321 5.92923087395832 5.23125956840428
Lyz2 12.5660138290276 7.16973231028039 6.38224637874635
Ssfa2 10.4026641404164 7.01842675141082 5.76304158818269
Galnt4 9.11869231898454 5.05222550069908 4.84242347506386
Ctc1 11.7422487728519 7.39784982182719 7.11392063731935
Unc93b1 11.3066168079527 7.32673641562042 6.27307580476327
Mob1a 11.6304802850351 7.7199401635504 6.52565040505998
Cmtm6 12.2803328178186 6.59210813007923 5.13171217680311
Sfpq 11.5708095722532 8.18884617280696 5.82150463280794
Tspan14 11.2007785813707 7.24925017634849 5.61269030679543
Lpcat3 11.4786154330381 7.30763768892061 7.28262628951579
Pxn 11.8612215849744 7.61443740355312 6.87820065532239
Hvcn1 10.2856187487951 5.53238179016146 5.51364228654676
Edem1 10.5644676490564 6.1614669204704 4.60963006749508
Icam1 12.144222640413 5.03681284268553 4.56334741412225
Ptbp3 11.2952745829932 6.75709679300219 6.42601429747733
Rcsd1 12.3223507478265 7.72347860048307 7.14141599054672
Npl 10.119227368812 5.41341756208925 4.88083673851661
Tmem140 8.46080936763924 4.54335812839088 4.27219907662346
0610040J01Rik 10.8106638816197 5.6747762267321 5.63582701927135
Tm6sf1 11.273380881778 7.33233780039985 4.4064899593762
Cklf 11.3324839569912 6.07112585382144 5.90058882311021
Cd177 8.01898297885642 4.51433215626405 4.41786691372367
Casp8 9.83591177234681 5.16705797052867 5.03310359726959
Tmed5 10.4601759587631 6.9835742949165 5.30209391159553
F11r 12.1638127271072 6.42540339820789 6.14919107479451
Reep3 10.7593284719606 6.12038897673998 5.20409407288178
Tor4a 10.4213155961976 6.5938751950311 5.7343094212421
Ptbp1 9.02225932629817 5.67325821591498 5.62301703372143
Plxdc1 10.9642741564864 7.39183454531454 6.94244903824701
Lpxn 10.730982217212 5.04089908291563 4.87408588779054
Siglec5 8.337886172674 3.97656528808224 3.9073208729938
Mylip 12.3804927223987 7.81835739471878 7.76469235717141
Orai1 9.77379747001131 6.32188323213492 6.30010857937257
Fcrl1 9.27554865404005 5.76858328102475 5.24832397833742
Lifr 10.914871574386 7.57364119215724 5.43423424406621
P2ry6 11.5909433501351 5.08722101910995 4.71592712766626
Ighm 11.6041085325057 7.12798624229002 6.76956190291506
H2-K1 12.7949568117272 8.81144987992064 8.56594078382132
Tgfbr2 12.4312251246194 6.63966649240628 5.4005390444754
H2-Ab1 8.4512011309411 4.730230353693 4.39711067700711
Ceacam1 8.73427463823456 4.6166567580677 4.46948685353648
Mlph 9.52478746573067 5.66229628071828 5.32595600403485
Ncf1 9.01873662127703 5.44117163293859 5.27735161246878
Adap2 10.4876327911899 5.41515168927321 5.24948622909486
Pld1 10.7880824610021 6.42563452309262 6.4209596355823
Pon2 9.26937417743214 5.60764987275635 4.00640653404577
Ggnbp2 8.88683207954564 5.55818269236727 4.86056037255928
Capn3 10.437566906065 5.54915354161042 4.61914574683128
Rrbp1 12.1135184174842 8.28924263365828 8.12583388425156
Glul 11.9439234863599 8.10324078170337 5.29344521152982
Arrb2 11.5161791808491 7.6765811307502 6.3711088853118
Pros1 11.4244912078995 6.32590798935609 4.69882164865309
Ifih1 8.66416697609045 5.18121992943469 4.97255885781826
Frmd4b 12.1297792575394 8.1691095346863 6.8727280480477
Rin2 10.1302854085197 5.9044301088899 5.3928517148495
Tifa 10.6649959627868 6.56689057497691 6.32649496767563
Arhgap17 11.0358082941061 5.64055054801124 4.88197620844998
Parp12 9.52345845288495 5.55897165218938 5.34487564877336
Trim47 10.122871565472 5.66227391612628 4.90091834002335
Jmjd1c 12.7042728123964 9.17432003083134 8.13149493318592
Mlxip 11.0131464704826 6.64079319787734 6.5106710439849
Sash3 11.2528818012755 7.23227606273506 5.65435073063837
Themis2 9.94919523666928 5.2861257527845 5.23080506598305
Stard8 9.02643397069546 5.49159946971579 5.48832951752432
Mpeg1 13.5339312443488 6.87889715286718 6.31049173812154
Hspa1b 12.7328150924375 7.52630959348101 6.85011774161485
Xist 12.7732517233129 4.26998071449746 3.94164513044599
Cd48 9.99176185857167 4.96942562730315 4.69793558777105
Akna 10.5978331936346 4.86297545944959 4.71257054248709
Sult1a1 9.92143049281146 6.16733146966167 5.48159964333916
Fes 10.5840546362038 6.60779545717334 6.09091377819063
Cep152 9.68353142517718 6.02342598608909 5.43663834192157
Diap2 9.90635960665803 6.1626701845055 6.02316955571404
Egr2 11.2144151601674 4.88361546464919 4.01129727149111
Ccrl2 11.4107831106411 6.71882685764436 5.60365983662148
Lcn2 11.7182561949748 4.36417923443818 4.21883642630764
BC028528 9.01173787915138 5.60372695129788 5.16161050711231
AF251705 12.0057126252299 6.9244310540352 6.47320218769456
Hmha1 10.4487011332694 5.6589496425968 5.3538676896777
Gmip 10.2055870255081 6.20632184816551 6.10302697639461
Nckap1l 11.1526856630168 5.70978590518841 5.13218405460613
Abcc3 9.7509259850256 6.15297053081884 4.85693785264541
Rhoh 10.7637079698635 5.41577932277098 5.06857793067114
1700017B05Rik 11.7522974287947 6.71720930233094 6.20979789045248
Gusb 11.4803411718158 6.22283907976101 5.14298750983285
Lair1 10.6612900224916 5.08406782197033 4.81878338487638
P2ry12 12.4385715566921 5.01430545728967 4.99897389553385
Rffl 9.95681769336364 6.60448940730229 5.03541154850337
Epb4.1l2 12.5432840929574 7.15052034389362 6.94330669709555
Pld4 12.1700437011819 5.88561420612058 5.70869467252187
Lrrfip1 10.7224886700699 5.8159406877905 4.77175513222526
AU020206 9.79768698851007 5.96827881909249 5.25868447360945
Fermt3 11.4207362066657 4.91853939494656 3.93474081426031
Tgif2 9.9426138283241 6.4844792976006 6.04341074918992
Ankrd44 11.5679366187782 7.03956579898772 5.61201561190619
Kctd12 12.099676793357 6.66391301109632 5.97123723867177
H2-Aa 11.2644036954394 5.6905895414208 5.33825955004153
Fam105a 11.8820924454901 6.79324058493648 6.31572858225412
Cd300a 10.0530239896872 5.46875864170009 4.92383112034745
Wipf1 10.3652831365882 6.63477019774412 5.59189597191024
Lyz1 12.2502412289951 5.5331978160686 4.21097585725922
Zfp110 10.6738601357144 6.30493555480721 5.02489279588309
Clcf1 8.68466038510135 3.87298615558915 3.80428977752146
Adrb2 8.29734945321406 4.24871735347893 4.20930750544682
Lrrk1 9.1635528470806 5.18126613790873 4.54625823684212
Zfp36l2 12.4004422821899 7.05855619298362 6.15771203396732
Il10ra 11.9867649941734 5.45537122171126 5.17811630349663
Hexb 13.9214339669789 9.44956494208206 8.10040578691391
D530037H12Rik 10.4018822600769 4.33334011512892 4.29197193149201
Rab20 9.64744268247702 4.09675714333923 3.85123178881333
Grn 13.6303783372944 9.23417991707522 8.13164171385012
Slc4a7 10.0530988721735 6.58504212010391 6.3364360149114
Bach1 11.7684659473826 7.95274967731414 6.35274968574744
Ifitm6 9.1396048659572 5.80428732544701 5.74153519103109
D9Ertd306e 8.20712585253381 4.27376490721499 3.92000649707199
Fam46c 12.2421510197398 7.21094827562323 4.56809133900336
Pald1 11.0128320429645 6.20069391600243 5.98207256856716
Ifngr1 12.016051864462 7.39276584107151 7.34781174152078
Tcn2 12.1195930224409 7.61476068025897 7.07447917743247
Anxa1 9.64055143138413 4.97754808687142 4.56325758522241
Cmtm3 10.0110497819572 6.22049368715411 5.50308704788669
Ppp1r15a 12.6593601245383 8.58133213659979 7.76461887369541
Dhrs3 10.8328899765314 6.94110745159643 6.41240832558567
Lrmp 8.89491220593798 4.7541535319113 4.33769763895337
Olfml3 13.5644607358692 6.66387034645405 6.1018916106511
Pla2g4a 9.55730250855793 5.25481286772625 4.8010786626918
Ncf2 11.109264808914 5.93910366402571 5.54723755680959
Il7r 9.22711297999003 5.89094207614703 4.88280658920542
Ctss 14.1223387589978 8.42800968905706 4.88335294786155
Cd53 12.6270729328698 5.881408222527 5.22512742301761
Fcgr3 13.3874319809845 6.39629202689031 5.40930418554755
S100a9 12.2965410503709 4.94282369701664 4.76311612286618
Dusp1 14.1813580097059 9.46660408790874 8.89692888273512
Lgmn 13.4068999504885 9.51683522271698 9.24724343211433
Klf2 12.9915058739807 5.90754062248002 5.69979756359074
Fcrls 13.5200887013828 6.08313870616602 6.03706136668097
Cd302 10.5380268757257 7.13539182478203 7.13213416455219
Tlr1 9.55990391864875 4.32672506673239 4.21899435596844
Selplg 13.492313873689 7.65745562657326 6.73307626769711
Cd68 12.2825968841945 5.50389858994393 5.30121458580645
Gpr65 7.85611733273235 3.81881717944202 3.81428035788328
Csf2rb2 9.46516272602394 4.88883682541898 4.35693911844923
Atf3 13.3007390383143 5.41849869962292 5.054206035384
C1qc 13.5695399365939 6.48144137034595 5.28078675593964
Chst7 11.0545300964632 6.02181403570031 5.88918847770305
Hck 11.7192724128215 5.6886254515649 5.41291055712462
Casp4 9.17977855891737 4.69103879899695 4.1520660183416
Lag3 9.94342037341401 6.18867048191674 5.53199007225978
Cxcl2 10.9236295592129 4.71805060738458 4.52952420930706
Ltf 11.9771261319803 7.92380909957847 7.51959300614866
Cx3cr1 12.8322911670036 6.06316794717584 5.9587785592905
H2-D1 12.6856010965553 8.72565032347831 8.4603327528773
Stab1 10.7835801182221 5.2336701748775 4.90523066192027
Evi2a 12.5801879760248 7.50406616139125 4.76052079256386
Il6 8.3523884587654 4.02311510084251 3.98028865516286
Ptger3 7.74890432623238 4.3252108818765 4.15407995410228
Mrc1 8.47267687587698 4.67328604952559 4.56007849838657
Hps3 10.6281605531013 7.26247198637379 6.65255565891966
Itgb2 11.8281947861841 5.39420982164286 4.91588309598277
Adamts1 11.3973807177838 5.88761725711564 5.28423444571533
Ang 8.67340897437916 4.26375755134505 4.10943691940075
Sh2b2 9.32069277757714 5.15498556109539 4.83615923841451
Tyrobp 12.9035612805634 6.45018481781777 6.26236175589512
Ptplad2 9.63817330010533 6.00645605169678 5.30914452127664
Slc29a3 11.6835560124248 5.88808655869447 5.65852865396596
Emr1 12.777781853873 6.51187662536682 5.8446654963564
Nrros 12.3519497751025 6.05432689538881 5.9566015182706
Tmem119 13.699678559052 6.84562927734593 6.30086393891317
Pnpla7 10.5843197435089 6.72537067908758 5.77597900998455
Havcr2 10.710530075929 4.19427050674935 4.02195394036434
Alas2 9.97256535353661 5.51596580506117 4.92460837111065
Cmtm7 10.4036329494645 5.22622897848673 5.06240444832539
Mafb 10.9849900615298 5.81984844040612 5.69286694810022
Blnk 11.8079240962002 6.23613608110598 5.83213136244885
Tmcc3 9.16895367720384 5.22850298094168 4.69108729202919
Notch2 11.035203297165 5.63141367321595 4.7076458002833
Vrk2 8.87003271247097 5.31726946433645 4.44863719452975
Daglb 9.94097644340737 6.50358098503709 5.7233145796505
Alox5ap 12.5749967599795 7.31610159691472 7.00133559930159
Fyb 11.7159427823204 6.25320335856924 6.20292595484116
Sepp1 13.725757445204 10.2506648775239 6.26706038631366
Ctla2b 9.94438247489242 5.81770539854296 4.05060181236113
Sall3 9.56740794423544 6.20554941068436 5.63176124198852
Hspa1a 11.9245276178108 7.00425095796937 6.35603305212248
Zfp36 13.4960506681509 7.47864011822934 6.00200595364177
Abhd15 9.92497435981129 5.27055790271545 5.11148141503013
Cyba 11.7749627835735 5.85945024481576 5.36102127528769
Spata13 11.8360921296241 6.12923665154659 5.34415579454901
Wasf2 12.4660305697947 7.57723671887694 6.9974739485115
Ptpn6 11.3292345329635 7.04854022744193 6.75131804184332
4833441D16Rik 9.33372525445037 5.19789127681092 4.41721484414302
Tec 10.1967601761071 6.66956933626266 5.51519095446442
Cd52 8.83934325002235 5.40681940261572 4.74428228221487
Irf5 10.4417221455899 6.35301848326936 5.92127054469587
Naip2 10.8151812852359 4.90010084647422 4.69223974490313
Anxa3 12.9131833282778 5.71377377488207 5.04637192234981
