Cyr61 9.93682167865186 5.73180287270866 5.07623887833371
Elovl2 9.54261977065452 5.48635510985989 4.09537758438108
Ntsr2 13.5656677420223 9.28804727003282 5.59340645682354
F3 11.7277157052597 7.26283404503554 4.61283353588778
Prodh 11.0762427221264 7.2815680259089 6.41011259237562
Gpld1 12.2275453446275 8.33203609440009 5.46823735548262
Slc38a3 11.5864912232967 7.80012902394246 6.68986362585335
Cyp2d22 10.3544208143438 6.18566963880801 5.24830540077904
Cyp4f14 9.47143169472397 5.92589358945061 4.7666083235535
Tmem47 10.3801447660122 6.5081621974036 4.76000716195677
Slc7a10 12.0082796489695 7.07257268050315 6.09253505858954
Fgfr3 12.8758013458366 8.56440367526409 6.30126387568244
Acsbg1 11.9825695013646 7.41750024869597 5.46344315734814
Slco1c1 12.180723683793 7.19723078307164 5.26285000501902
S1pr1 12.1506812466013 8.36887451676841 6.70597421497332
Ccdc80 11.4911287893119 7.02254337298123 6.03605049878337
Aldh1l1 11.4328997284096 7.23374175643426 5.0629607885439
Aqp4 12.7949308571617 8.1713425899477 4.47171723225131
Cldn10 10.717178895912 6.94109927285469 5.10631719495508
Slc1a3 12.142456319575 7.92694350888291 4.53233456185488
Tlcd1 11.6234959491504 7.81800298447077 5.7827147139831
Scara3 10.6630954201464 7.01861352663781 4.78680046898855
Atp1a2 12.5924138083306 8.40490955889954 4.83195920496182
Slc14a1 9.23149361143258 5.39051786106811 4.40428940415892
Tril 12.5902436977717 8.75502178010897 5.12106369110657
Itih5 10.8724032971477 7.10254033955357 4.34545764402708
Pla2g7 12.4372974303603 7.65098885220739 6.30518281829334
Cd38 10.5524516644774 6.11968072189591 5.27939299261243
Lrig1 10.9454604765597 6.90756366395695 4.48934860530793
AI464131 10.3444233494014 6.03706706051084 4.11140538459428
Mlc1 12.2496379715212 7.61303750262151 4.44412034185019
Gjb6 11.8769269675198 7.74872546069535 4.72648312468978
Cyp4f15 10.1905848578415 5.96748374276537 5.25846048774867
Slc1a2 11.0483562027887 6.76145976063284 5.49008593111366
