Tgfbi 10.214108505107 6.74066228268457 6.08162012200264
Junb 11.5499826198348 7.63094949348929 6.06672331333221
Mpo 8.64472480371545 5.21474462103767 5.07575515011757
Lcp1 11.9186828085383 7.50857599164346 4.56029920399104
Fuca2 9.94422515793594 6.30074814539922 6.20457383951498
Cd34 10.4821943254353 6.02571150197519 4.9873559548103
Sipa1 11.028832104782 7.16763351455453 6.25754123372291
Tubb6 9.94746027053954 5.55005136128387 5.47058805070908
Rab32 7.51642002223175 4.13110497252263 3.99981900666139
Spint1 10.3283172527647 5.5921181601504 5.16408388874819
Afp 8.35050803873215 4.7259588417552 3.97121709478052
Trpv2 10.5248576204666 7.10428206618868 6.34356893898141
C1qb 13.3809165744448 9.82684017939656 5.24403491274883
Syngr2 11.5324666076936 8.13873182281625 6.6099299224014
Pmp22 12.2434056339285 8.51753917131149 8.35072442622539
Il16 10.5676116874908 6.60646907352934 6.01450875963218
Slc7a7 10.9326702827516 6.51618735552467 5.22129821086197
Srgn 13.2795222117037 9.72518086984642 6.33729372135013
Ctsb 11.3550575287054 6.93070872360705 6.27752007109076
Camk1 9.67124425194516 6.26654769628462 5.39015817581556
Snx5 12.5419589726741 8.75071324085356 8.72067169888501
Abhd12 10.8191173965588 7.39634812006118 6.47126647250634
Rgs19 10.0869225771368 6.24738523261428 5.30964823313771
Fcgr1 12.2955371160684 8.41948728377507 5.40835819569874
Ccl9 11.4677327663853 7.62210304833934 5.00821789766741
St6galnac4 9.89232087714976 6.33480408476395 6.2159853925029
Pmaip1 7.97566326054479 4.24031707267853 3.93720884157228
Aif1 11.8214348072249 7.11808276193394 5.39123804751821
Crybb1 12.2648088011919 7.88511263218251 7.3700846983068
Fcer1g 12.6718396223893 7.70874442584053 6.00238253480973
Ctsh 12.87251521366 7.93948074349541 7.18746790957925
Ncf4 10.7292352869563 6.95444874680259 5.67270238065339
Ggta1 10.3002208247185 6.39785794035254 4.46661001713131
Calcrl 7.78386106503694 4.2206072362914 3.84235711424841
Lcp2 10.4089431447829 6.67124485227208 4.99511976142483
Ngp 12.7574775005176 9.15224223143878 5.49971499637545
Ms4a6b 11.2554621340409 6.31628119304595 4.83574863545945
Cxcl10 9.72683118350032 5.37246308095619 5.33807549503778
Cttnbp2nl 11.6991350325633 8.23066166667294 7.03557151400236
Tlr2 11.9276981137555 7.50107318726611 5.95015744694822
Cd163 7.96377468160987 3.99631115675485 3.96539481541651
Cd37 10.9003612304416 6.82374728798975 5.73000579415677
Map3k8 10.2772018482877 4.74676161581714 4.69106469994995
Myd88 10.6605178444686 6.26877058243073 6.0512987891371
Ccl12 10.6391731596107 5.63390949619235 4.82298739666184
H2-Oa 8.62773488286702 5.27309070673731 5.20739497644174
Pon3 9.25424963832735 5.89208684230226 4.82421606114374
Slamf9 11.1460693903532 6.80501756095545 6.73208369351746
S100a8 13.1710031765985 9.48434744715832 4.64128547132323
Il10rb 10.5493104181091 6.62919039146077 5.85458342595259
C3ar1 11.7048817822179 7.16430904709488 5.45187187421
Ccl3 13.5359936909524 9.79637270717056 6.07140263789557
Ms4a6d 11.4841310922632 6.69468001479522 4.53547316907323
Ier3 13.5124048716238 9.47675389566965 8.30286992713572
Camp 12.4507582747533 7.54685779038609 5.52720867758488
Chil3 11.4871946767607 7.9109032059564 4.39446169433595
Arap3 9.99309938625579 6.44014709446293 4.35287021793297
Tlr7 11.1537008662761 6.40580862501261 4.87419793662229
Hpgd 11.9738918982247 5.33387155288735 4.36825282550341
Slc11a1 11.3948658681908 7.26890003781033 5.67825965251473
Ccl2 9.3887194295731 5.81098430290273 5.31766078293757
Cd86 11.6527693006629 7.12784707105203 5.15843267157933
Gpr84 11.5263505075912 7.18571837043467 5.89873156138175
Vamp8 11.7850542682879 8.45846228581131 6.9622533021644
Tcirg1 11.2860007996333 7.83173835171465 7.11157783832593
Trim12a 8.39694276788024 4.24031707267853 4.06343203967347
Gdi2 8.02870913914554 4.58707704327366 4.55970525276526
Sla 12.4329217789332 8.90829683266379 5.66710902614708
Gpr56 11.1033359990947 7.51026967558085 7.24851629542625
Lgals9 9.69958847858634 6.20791407777098 5.31639233491589
Igsf6 8.83394697282607 4.44160579918249 4.02522598179701
Naip5 11.0978070538461 6.57203558617211 4.40321046712156
Dapp1 10.6129812986097 7.12956981903299 6.18740021985026
Fli1 10.1221580891138 6.03620819844267 3.94389738986383
Il6ra 12.6762370901779 8.27214586096156 6.6403629381476
Itga6 11.5191682655928 8.05274907055378 7.86354976793258
Ppt1 10.4914672126155 6.91507092056032 6.88206783273452
H2-DMa 11.302506340632 7.4656831696477 7.22042389491364
Rassf5 12.0777209054467 8.38950980188663 5.93326254929709
Prkcd 11.3269526908875 7.82992759607837 6.26177833875566
Cd84 9.79853579725004 5.76332987288284 4.60920500607301
Cfh 10.9189995251726 5.4242810857933 4.16862427994113
Smim3 9.36289130684882 5.98440643594773 5.84037414026684
Ptgs1 12.1460566579667 8.79671819691338 5.30688714144538
Lyz2 12.6255399097117 9.26655444939102 6.94094970682311
Mgat1 11.5360792908076 8.17438851314925 8.12795322930745
Bin1 11.0419581077655 7.53111193335385 6.95702429189312
Pdk1 10.5237600984828 7.04710489730661 6.6366306684389
Unc93b1 11.2638153754962 7.89226914931018 6.59772555338476
Edem1 10.5468048765477 6.93007732153501 6.23001030014928
Tmem140 8.37653073680301 4.66889390354363 4.23397748479676
Tm6sf1 11.2414066824985 7.85692527268762 4.98818795136951
Cd177 8.34962699286364 4.833489650221 4.61550588979081
F11r 12.1396861374846 8.2606470947784 6.03773262886679
Plxdc1 10.9345884722293 7.49251288055897 6.23405886024655
Siglec5 8.28941632201165 4.13385474113472 3.98334323739222
Fcrl1 9.22764356004362 5.6782674853825 5.22399362492739
P2ry6 11.5574667748729 6.38347738901593 5.10685858430316
Mlph 9.57489838859243 5.22250414970031 5.11981765858292
Il13ra1 9.84239214017086 6.07953758790798 5.03023550106842
Vwa5a 10.3106484906387 5.9783824651251 5.32036926401793
Arrb2 11.4983554070217 6.8944718581801 5.81303921155996
Pros1 11.4603712254362 7.46011673559665 6.318115190304
Arhgdib 10.7973257228637 6.86135766731881 6.19287126541253
Trim47 10.0791566495733 6.74714041601005 5.326727563506
Rps9 12.6440720428475 8.12170832661378 8.02477854557567
Sash3 11.249005723635 6.68681380098116 5.74262838195687
Cd48 9.95999221182058 5.78745781343913 4.72088775920579
Lcn2 12.0118513639671 7.29619133706373 4.19311448621399
Myo1g 9.24155609377298 5.76262523766306 5.26489904824709
Tmem173 11.0989726590541 6.77710155963701 5.99879775088414
BC028528 8.76172624772281 5.23627357655078 4.85536558315769
Acsl5 10.9329425458093 7.25033706907701 7.23621023089392
Rhoh 10.6886747062572 6.22339317843939 5.59669480392558
1700017B05Rik 11.7630363477309 6.88365491024111 6.02824975335702
Lair1 10.6341607739461 6.70651507882054 5.47402878032739
Rnf19b 9.59453701735849 5.78076754658086 4.88315513862101
Pld4 12.0162068213804 8.07566530651332 6.08281994738528
Fermt3 11.255187597153 6.51111776816614 4.60525150113642
H2-Aa 10.95884712019 5.28946378456521 5.23226938344061
Rap1b 10.5311748389021 7.08691774569275 6.50256520419277
Clcf1 8.66818372368241 4.91977550816482 3.77782313426083
Il10ra 11.9204835825207 8.04857145901766 5.03165298227789
Rab20 9.47961105235741 5.72268449866913 4.54942870256617
Ifitm6 9.52062006754197 5.45808698699311 5.23907676343019
Lgals3bp 9.31699434078624 5.83129258872416 5.55268254214642
Slc15a4 11.4134041549916 7.68089146466674 7.58932474070295
Dhrs3 10.8664384075394 6.9479837627273 6.90015851216654
Olfml3 13.5589885962411 9.78724568307741 6.68186154528218
Ncf2 10.9678841319022 7.18399478874221 5.74749583002344
Fcrls 13.5094801235154 9.54965424145219 6.29882067765574
Tlr1 9.47210882993985 5.68460262506168 4.46925330079983
Cd68 12.242490069775 7.78225941579537 6.79427811791484
Ebi3 9.21311913542791 5.79364121904971 5.45510701069478
Csf2rb2 9.41716750216967 4.94636522778029 4.77973622735812
Hck 11.677853867497 8.21473747034521 5.02670996732862
Ehd4 10.2095137657382 6.85080958999571 6.10115205437713
Ly96 9.04291773410898 4.58639223500778 4.19801358852111
Lag3 9.95212609690159 5.72554918549385 5.52627804425588
Ltf 12.2109361391241 8.33552497357431 6.32146447621212
Stab1 10.8319181809469 6.83536063924988 5.57722379404378
Evi2a 12.5292457386737 9.01951285260832 8.23640789578618
Il6 8.39447282799593 3.8409927045267 3.7288788929998
Ptger3 7.91209741922707 4.06358814211172 3.80766129279783
Mrc1 8.63837955832117 4.06012718167136 3.48901948967623
Smap2 11.0019898893746 6.48095024986634 6.34972226470712
Itgb2 11.8272052895604 8.17697505613979 5.02866860728912
Ang 8.39410428367088 4.36158180309535 3.9979038576012
Emr1 12.7324162108168 7.61162411448246 5.85255648809267
Nrros 12.2035612900789 8.62184591957144 5.49949287717638
Tmcc3 9.49652683269657 6.10650704177406 4.9885778685917
Fyb 11.7070682335866 7.42856391337901 6.38786088914557
Ctla2b 9.98817720392032 6.10729286647974 4.17112467978625
Abhd15 10.2572440975652 6.52865125879171 5.57733564253846
Iffo1 10.6807630733858 7.34457232434193 6.9242318343321
Spata13 11.8423721764084 8.51606320235969 7.7459390030312
Irf5 10.4986359523617 7.07125053368884 5.84878569378975
Naip2 10.6906973938164 5.5222353270713 4.45755117162991
Anxa3 12.8939144704404 8.03042668726479 5.76705428124147
