Gja1 10.3110403417813 5.4667282837565 4.76804881958743
Syt4 9.19909978252009 4.39633650892567 3.63485288889433
Cldn11 8.46110437914854 4.26037177210949 4.14026280854269
Olig1 10.7510079132675 5.03241179218911 4.54927489653653
Plekhb1 10.1534077279111 6.69049236667227 6.50113488240016
Pdyn 9.19600261211468 4.85601326498382 4.5274943066733
Cryab 10.8200084420751 6.36674121808743 4.80124025575974
Sepw1 10.3184060638828 6.98694638705802 6.5538496974812
Thbs3 9.93937504594465 5.54986756143574 5.45226189725236
Tppp3 11.8619704177723 6.41597571707694 5.79248073556221
S100a10 11.4420487247647 7.31981601748585 5.44759834505605
Sox2 8.42672472232357 4.58956933096976 3.90474274861021
Pcdh8 8.08850573611052 4.55552188670766 4.18517439452704
Rab27b 9.32663887170804 5.80992360942803 4.89388942898133
Mal 10.8642339049835 6.35792774825812 4.95760345148929
Dmd 7.97055296561455 4.10554032193402 3.91262534764148
Crip2 11.569041848355 7.74653119042051 6.96781978274726
Fxyd6 10.804836229489 6.36620256840059 5.42149055292734
Calb1 12.3355287816945 4.60993467235458 4.57370090998752
Cyb561 11.2281421154054 7.34315674891203 6.66737201408554
Kcna5 9.4044382466258 4.62824119941462 4.17222552086293
Cidea 9.51617944239038 5.40151710290719 5.24319560503644
Ngb 11.8256914647593 7.41442170917443 6.39714563730491
Ppp1r14a 8.33870322350717 4.61503028452175 4.23240766166578
Lhx2 9.07401402504685 4.52517720686414 4.40376222490221
Foxg1 9.84605777158353 4.53480531408769 4.05083116686446
Tpd52l1 9.98841678246374 6.4607481992474 6.26409781453896
Avpr1a 9.28801572870623 4.67040204321443 4.4850194000121
Slc17a6 10.4134535981126 4.86629467726489 4.43217832937122
Ccdc109b 9.36133371436959 5.56920326716279 4.59542842127751
Ugt8a 9.32434883615666 4.49775525768811 4.23442880885491
Cacna2d3 9.97427927583338 5.95061863569514 5.57640171577433
Lhx9 9.6357910938719 4.49900482791435 4.18122310143969
Cck 9.62109021480284 6.25365200508575 5.82541787942663
Mbp 12.1606117315429 6.65138402322991 5.92080705562529
Lor 9.593096595866 5.31501544598502 5.25285807012532
Hcrt 13.9970319224113 6.86569508982189 6.23251445412065
Epha5 9.01662725251411 4.59300273185213 4.56034168764239
Mt3 11.9218081094194 7.56549237032601 7.14971860682565
Aes 10.2942694765133 6.89495918092619 6.35452890082274
Nptx2 10.2775538742895 5.57767957471287 4.31433557732967
Mobp 9.26532729817129 5.0284657324767 4.70994976448284
Nkx2-2 8.49106189556117 4.74711158748076 4.48939981825269
Cckar 9.88745667741325 4.41061376596909 4.105107192095
Cend1 9.45791794195754 5.81644938088128 4.35252390394661
Pcsk1 10.5707061149365 6.72626007052341 5.43858376349447
2010204K13Rik 13.4728666122076 7.13326094263754 6.221701008962
Rit2 11.9189643809628 6.69783396660795 5.54155897776477
Elavl2 10.7240851989785 4.84456191095475 4.22689290394845
Oprl1 9.85741061862328 6.45886774498567 4.92044590352329
Syt5 10.0428554246642 6.46380457061716 6.32883519602627
Rprm 8.93929085165007 4.81948710406589 4.48839033247305
Nts 9.50217059107067 5.81618920407096 5.01464804676468
Igfbp3 8.48266598536122 4.47878755941661 4.11520023066884
Id4 10.2295669244297 5.69121483437073 5.29459595058473
Cbln1 12.5202147294459 4.42689191089588 4.2960114191757
Timp4 8.93953926792491 4.67595216957735 4.49537514727376
Zic1 9.00841121892678 5.46169640307333 4.63425184484831
Nnat 12.4838993154952 5.8887567730584 5.15827858891622
Zwint 11.1885629129966 6.14194782224546 6.09226803053785
Ptgds 10.6402300853025 6.0694784832018 5.2090944703664
Tspan17 10.1013379081569 6.71432498574118 5.20398643433386
Mmd2 10.32040909302 5.55067012007835 5.17782099194192
Tspan2 9.31837938281646 5.32817151668864 4.84390924016187
Cdh22 10.5405470922322 6.48483611725005 5.75715869752612
Car8 8.51143010587635 4.74823886923681 4.26498074490888
Neto1 10.436616349704 6.53116421816157 3.99038112405223
Aqp4 8.02390575117831 4.64321732223048 4.60776637273504
Plp1 11.382325773623 5.71823548564169 4.54914819025144
Tsc22d1 12.4303156720683 8.7002662262906 8.44435429569601
Rab40b 8.70626460508513 5.08424416077809 4.10321249933843
Hmx2 8.26958187210851 4.44476017859223 4.21496259497672
Ddc 9.78697241535398 5.06104972913014 4.96148479983701
Penk 10.2930536842173 6.45702729135734 6.31195199088903
Mal2 9.63738315777432 4.70978011217282 3.92320461035936
Tmem158 10.5772824077936 5.93220091263789 5.84006779877841
Tdrp 9.59045103267456 5.91571014272943 5.50771281716194
Rhpn2 7.56052082896962 4.11686480428571 3.87429334739899
Mela 11.27559655608 4.44716391968425 4.14296489140409
Spint2 9.50200014504689 5.722159209024 5.55647095991926
Arhgdig 12.1733101451816 8.774365063196 5.67244233935743
Mog 8.10743575178524 4.06738128597943 4.05632999264306
Gpx3 13.2345735193386 8.1962648502128 6.65452469654503
Rspo1 8.76063434945666 5.14334634417444 4.54397089722258
Trhr 9.78908771333379 5.00195512389184 4.02017803761459
2010005H15Rik 8.75413409466874 4.93560737176004 4.80240220447198
Dlk1 10.7619191871275 7.04892183619392 5.94625938869278
Fabp7 8.75392430967337 5.03872485921626 4.99861081985193
Calb2 12.2161587405922 7.95955195838315 6.59442164988511
