Dpysl3 12.1945067191894 8.44282766135637 5.06677746129366
Nusap1 9.77423811670984 6.07525763363194 5.09021398965481
Dcx 12.1039576535511 7.91445969586198 4.89867700835294
Isg20 12.0765678185315 8.23888862410917 5.24041711343114
Rsad2 13.3109135616375 9.55409990020448 5.56721868447025
Aspm 9.48903060806143 6.00982441990053 4.92935089746803
Mki67 11.8414140963639 7.36839424356177 5.14875604702402
Cenpf 9.36525893400998 5.5733989797149 4.62393497954047
Hbb-b2 11.6127918139473 7.86146929235822 3.89772751837113
Cdca7 9.80824546516877 6.24956058547595 4.86690039857207
Kif2c 8.5191585229009 5.15234898216644 4.1612607287713
Sox11 11.2750923053776 5.7849056693051 4.08952173088687
Cenpe 8.20964573013695 4.05803158434282 3.67085971766554
Gdpd3 13.5902528646468 9.67853318616176 5.69983028770985
Ccr6 11.4765667264666 7.78204165268854 5.38313255233845
Alas2 13.4464550600504 9.97256535353661 4.80969324442202
Ube2c 10.2016309337015 6.10645532313557 4.59120560618249
