Golm1 13.2088860971046 10.9965687769496 3.76404955095059
Dusp6 12.1106891877544 10.9965687769496 3.76404955095059
Tgfbi 10.1405547174483 10.9965687769496 3.76404955095059
Sgpl1 9.65202662527855 10.9965687769496 3.76404955095059
Junb 11.5348729987463 10.9965687769496 3.76404955095059
Plod3 10.89386641188 10.9965687769496 3.76404955095059
Creg1 11.431942679031 10.9965687769496 3.76404955095059
Lcp1 11.8379992138945 10.9965687769496 3.76404955095059
Txnip 13.6791294028158 10.9965687769496 3.76404955095059
Cd9 11.7732224133317 10.9965687769496 3.76404955095059
Tpst2 11.0906169506107 10.9965687769496 3.76404955095059
Hist1h1c 11.890888490012 10.9965687769496 3.76404955095059
Cd83 13.1517119399809 10.9965687769496 3.76404955095059
Mmp2 8.7922296541492 10.9965687769496 3.76404955095059
Serpinf1 9.39104855160023 10.9965687769496 3.76404955095059
Sipa1 11.0491157826369 10.9965687769496 3.76404955095059
Btg2 11.4551013031419 10.9965687769496 3.76404955095059
Tnfaip2 9.10265124910753 10.9965687769496 3.76404955095059
Plod1 9.01551150379824 10.9965687769496 3.76404955095059
Litaf 12.4983539473891 10.9965687769496 3.76404955095059
Atp6v0e 11.664687808459 10.9965687769496 3.76404955095059
Cyfip1 12.6467245474294 10.9965687769496 3.76404955095059
Lamp2 11.6194145923605 10.9965687769496 3.76404955095059
Snx18 11.9053155899221 10.9965687769496 3.76404955095059
Ctsc 12.6316085285889 10.9965687769496 3.76404955095059
Cd82 9.3157369854898 10.9965687769496 3.76404955095059
Tubb6 9.85242182153089 10.9965687769496 3.76404955095059
Cd164 13.2978034137987 10.9965687769496 3.76404955095059
Ier2 13.4110457696294 10.9965687769496 3.76404955095059
Pnp 12.8858417164647 10.9965687769496 3.76404955095059
Nfe2l2 11.3582431578503 10.9965687769496 3.76404955095059
Socs3 12.872389729541 10.9965687769496 3.76404955095059
Sparc 11.7641395212327 10.9965687769496 3.76404955095059
Scamp2 12.177112436192 10.9965687769496 3.76404955095059
4632428N05Rik 13.023417651154 10.9965687769496 3.76404955095059
Spint1 10.3486258835977 10.9965687769496 3.76404955095059
Slc2a5 10.7420519945533 10.9965687769496 3.76404955095059
Afp 8.25927872186671 10.9965687769496 3.76404955095059
Clic1 11.3149596683149 10.9965687769496 3.76404955095059
Plxnb2 11.1948611499116 10.9965687769496 3.76404955095059
Irf8 12.5830920544812 10.9965687769496 3.76404955095059
Mical1 8.6259861168379 10.9965687769496 3.76404955095059
Tbxas1 9.82110086955256 10.9965687769496 3.76404955095059
Slc39a8 8.53981315614105 10.9965687769496 3.76404955095059
Parvg 10.3515058485033 10.9965687769496 3.76404955095059
Mcl1 12.2087835671601 10.9965687769496 3.76404955095059
Rgs10 13.3720136026536 10.9965687769496 3.76404955095059
Fam107b 10.6551081084502 10.9965687769496 3.76404955095059
Rps6ka1 12.4350911117328 10.9965687769496 3.76404955095059
Parp9 9.59737310164525 10.9965687769496 3.76404955095059
Npc2 12.90173282109 10.9965687769496 3.76404955095059
Erap1 8.29621561532572 10.9965687769496 3.76404955095059
Mfng 10.0773132550699 10.9965687769496 3.76404955095059
Slc40a1 11.6104164701375 10.9965687769496 3.76404955095059
C1qb 13.334449855087 10.9965687769496 3.76404955095059
Cyp4v3 11.0641916928349 10.9965687769496 3.76404955095059
Syngr2 11.4772980236412 10.9965687769496 3.76404955095059
Plekho1 10.5586272766999 10.9965687769496 3.76404955095059
Pmp22 12.2561794765965 10.9965687769496 3.76404955095059
Ccl6 10.2968696260595 10.9965687769496 3.76404955095059
Cd14 13.2858211222074 10.9965687769496 3.76404955095059
Tnfrsf1a 11.3648373358369 10.9965687769496 3.76404955095059
Tob2 11.2110342965434 10.9965687769496 3.76404955095059
Pycard 11.7476509071618 10.9965687769496 3.76404955095059
C1qa 13.2023340640432 10.9965687769496 3.76404955095059
Il16 10.5721616851226 10.9965687769496 3.76404955095059
Slc7a7 10.8083190565862 10.9965687769496 3.76404955095059
Klf4 12.6915189251281 10.9965687769496 3.76404955095059
Jun 13.1617299805308 10.9965687769496 3.76404955095059
Srgn 13.2068622416084 10.9965687769496 3.76404955095059
Myh9 12.4734956086251 10.9965687769496 3.76404955095059
Nfkbiz 12.6004495355117 10.9965687769496 3.76404955095059
Tgm2 11.642946111078 10.9965687769496 3.76404955095059
Plek 13.0477422121131 10.9965687769496 3.76404955095059
Itgb5 13.2913066952736 10.9965687769496 3.76404955095059
Elf1 9.02649072365098 10.9965687769496 3.76404955095059
Cln3 9.8253822565093 10.9965687769496 3.76404955095059
Cyp27a1 9.42771064225185 10.9965687769496 3.76404955095059
Rgs1 11.0898478208524 10.9965687769496 3.76404955095059
Tmem37 9.69660450980894 10.9965687769496 3.76404955095059
Rac2 9.65733636411487 10.9965687769496 3.76404955095059
Nfatc1 9.99637924524422 10.9965687769496 3.76404955095059
Cd79b 8.0542253469498 10.9965687769496 3.76404955095059
Snx5 12.5389716579728 10.9965687769496 3.76404955095059
Elk3 10.437348137504 10.9965687769496 3.76404955095059
Naglu 9.15316717727129 10.9965687769496 3.76404955095059
Laptm5 13.2497958585741 10.9965687769496 3.76404955095059
Slc25a37 10.7966850520022 10.9965687769496 3.76404955095059
Ptgr1 9.97812873947007 10.9965687769496 3.76404955095059
Dok1 9.05115009345003 10.9965687769496 3.76404955095059
Serinc3 10.9280820038238 10.9965687769496 3.76404955095059
D17H6S56E-5 9.82744898579413 10.9965687769496 3.76404955095059
Ctsz 13.0485403305481 10.9965687769496 3.76404955095059
Fcgr1 12.2838802885119 10.9965687769496 3.76404955095059
Slc16a6 11.5411253999105 10.9965687769496 3.76404955095059
Pdlim4 9.52654344568754 10.9965687769496 3.76404955095059
Ccl9 11.3508771596472 10.9965687769496 3.76404955095059
Trim30a 9.8600658104235 10.9965687769496 3.76404955095059
Tmem176b 13.0534256974988 10.9965687769496 3.76404955095059
B4galt1 10.9185743862039 10.9965687769496 3.76404955095059
Myo9b 10.1390783020653 10.9965687769496 3.76404955095059
Tnfrsf1b 11.7294024065306 10.9965687769496 3.76404955095059
Inpp5d 12.4783900860876 10.9965687769496 3.76404955095059
Tlr4 9.37755048286687 10.9965687769496 3.76404955095059
Sp1 10.6116571750759 10.9965687769496 3.76404955095059
Aif1 11.8099905233592 10.9965687769496 3.76404955095059
Il15 7.680079358248 10.9965687769496 3.76404955095059
Lims1 11.3950265345756 10.9965687769496 3.76404955095059
Syk 11.1736838971837 10.9965687769496 3.76404955095059
Klf6 12.1197284009329 10.9965687769496 3.76404955095059
Crybb1 12.2532048432707 10.9965687769496 3.76404955095059
Fcer1g 12.6825054501545 10.9965687769496 3.76404955095059
Ctsh 12.8742742032151 10.9965687769496 3.76404955095059
Gpsm3 9.5878408034758 10.9965687769496 3.76404955095059
Ncf4 10.7305401881173 10.9965687769496 3.76404955095059
Ggta1 10.3021085784473 10.9965687769496 3.76404955095059
Calcrl 7.87647545215041 10.9965687769496 3.76404955095059
Lcp2 10.4299333406719 10.9965687769496 3.76404955095059
Ngp 12.2995043542679 10.9965687769496 3.76404955095059
Spi1 10.3859436109085 10.9965687769496 3.76404955095059
Atp7a 10.1676606708827 10.9965687769496 3.76404955095059
Csf3r 10.5303261448833 10.9965687769496 3.76404955095059
Ms4a6b 11.2757685053458 10.9965687769496 3.76404955095059
Hcls1 8.63630419546985 10.9965687769496 3.76404955095059
Pabpc1 11.2298634617249 10.9965687769496 3.76404955095059
Skap2 12.0094790306754 10.9965687769496 3.76404955095059
Cebpb 11.6743509032076 10.9965687769496 3.76404955095059
Plxdc2 12.0529683323577 10.9965687769496 3.76404955095059
Cxcl10 9.7662958946731 10.9965687769496 3.76404955095059
Maff 10.1052633096456 10.9965687769496 3.76404955095059
Cysltr1 9.23363767777187 10.9965687769496 3.76404955095059
Cebpa 9.78114583046527 10.9965687769496 3.76404955095059
Cttnbp2nl 11.7692220388043 10.9965687769496 3.76404955095059
Lyl1 10.013448973115 10.9965687769496 3.76404955095059
Ptpn18 10.350655093353 10.9965687769496 3.76404955095059
Tlr2 11.864186632689 10.9965687769496 3.76404955095059
Serpine1 9.57269546409715 10.9965687769496 3.76404955095059
Mlxipl 10.5927739153422 10.9965687769496 3.76404955095059
Cd37 10.9462016903761 10.9965687769496 3.76404955095059
Map3k8 10.1917146557049 10.9965687769496 3.76404955095059
Myd88 10.7885966963584 10.9965687769496 3.76404955095059
Ccl12 10.4751595691536 10.9965687769496 3.76404955095059
Arhgap4 9.38418443524174 10.9965687769496 3.76404955095059
H2-Oa 8.62773488286702 10.9965687769496 3.76404955095059
Pon3 9.10935515291671 10.9965687769496 3.76404955095059
Slamf9 11.2066876411094 10.9965687769496 3.76404955095059
S100a8 12.9638824039872 10.9965687769496 3.76404955095059
Il10rb 10.594105170653 10.9965687769496 3.76404955095059
C3ar1 11.6182149621142 10.9965687769496 3.76404955095059
Ripk1 10.1083880816926 10.9965687769496 3.76404955095059
Fgd2 12.1293203269256 10.9965687769496 3.76404955095059
Rela 11.9778670098948 10.9965687769496 3.76404955095059
Ccl3 13.5496556060224 10.9965687769496 3.76404955095059
Ms4a6d 11.498084859003 10.9965687769496 3.76404955095059
Tnf 9.85321288324176 10.9965687769496 3.76404955095059
Ier3 13.5855914649438 10.9965687769496 3.76404955095059
Nupr1 9.98636391280088 10.9965687769496 3.76404955095059
Camp 11.8351935968853 10.9965687769496 3.76404955095059
Ltc4s 9.75785052472813 10.9965687769496 3.76404955095059
Klk8 10.1637978906065 10.9965687769496 3.76404955095059
Chil3 10.6986949112657 10.9965687769496 3.76404955095059
Arap3 10.0084235335535 10.9965687769496 3.76404955095059
Tlr7 11.1690114771889 10.9965687769496 3.76404955095059
Csf1r 14.0292728577336 10.9965687769496 3.76404955095059
Trim25 10.7654788423984 10.9965687769496 3.76404955095059
Hpgd 11.9284845304822 10.9965687769496 3.76404955095059
Rab3il1 10.4344246472987 10.9965687769496 3.76404955095059
Mcm3 8.86157244294894 10.9965687769496 3.76404955095059
Pttg1ip 11.4936932253989 10.9965687769496 3.76404955095059
Gdap10 8.70005361056442 10.9965687769496 3.76404955095059
Slc11a1 11.348119903574 10.9965687769496 3.76404955095059
Hnrnpa2b1 10.3678589554357 10.9965687769496 3.76404955095059
Ccl2 9.39365889899599 10.9965687769496 3.76404955095059
Cd86 11.7078926817195 10.9965687769496 3.76404955095059
Sat1 12.105173512767 10.9965687769496 3.76404955095059
Gpr84 11.5922078227709 10.9965687769496 3.76404955095059
Vamp8 11.7887532870376 10.9965687769496 3.76404955095059
Tcirg1 11.327613036728 10.9965687769496 3.76404955095059
Sqrdl 11.0525062877998 10.9965687769496 3.76404955095059
Trim12a 8.60607054794922 10.9965687769496 3.76404955095059
Zfhx3 11.2458196415341 10.9965687769496 3.76404955095059
Tgfb1 8.38248143455244 10.9965687769496 3.76404955095059
Slc15a3 11.5031029092383 10.9965687769496 3.76404955095059
Clec7a 9.10343532556032 10.9965687769496 3.76404955095059
Rel 9.37584581713377 10.9965687769496 3.76404955095059
Tsc22d3 11.4805096636109 10.9965687769496 3.76404955095059
Sla 12.412369723073 10.9965687769496 3.76404955095059
Sema4d 10.0389936311826 10.9965687769496 3.76404955095059
Itga9 7.48681708147096 10.9965687769496 3.76404955095059
Tgfbr1 13.4953964323281 10.9965687769496 3.76404955095059
Cd2ap 10.226899555298 10.9965687769496 3.76404955095059
Asph 11.1601915655921 10.9965687769496 3.76404955095059
Adcy7 12.0401852065097 10.9965687769496 3.76404955095059
Rbm39 10.3141735206265 10.9965687769496 3.76404955095059
Rsad2 9.60114008128317 10.9965687769496 3.76404955095059
Bmp2k 11.469593488735 10.9965687769496 3.76404955095059
Gpr56 11.1072648016331 10.9965687769496 3.76404955095059
Lgals9 9.7144470271434 10.9965687769496 3.76404955095059
Bco2 8.71139937372906 10.9965687769496 3.76404955095059
Trem2 11.3744113100813 10.9965687769496 3.76404955095059
Gna15 8.98838653928669 10.9965687769496 3.76404955095059
H2-M3 10.4949717598892 10.9965687769496 3.76404955095059
Birc3 10.6680989517335 10.9965687769496 3.76404955095059
Igsf6 8.76352354526292 10.9965687769496 3.76404955095059
Samsn1 9.02117009275432 10.9965687769496 3.76404955095059
Il1a 10.5627537042988 10.9965687769496 3.76404955095059
Hpgds 9.22555193578103 10.9965687769496 3.76404955095059
Naip5 11.1748062850229 10.9965687769496 3.76404955095059
Ccl4 12.655502757357 10.9965687769496 3.76404955095059
Klf3 8.53631488900221 10.9965687769496 3.76404955095059
Itpr2 10.9235418495534 10.9965687769496 3.76404955095059
Stat6 10.5002673668222 10.9965687769496 3.76404955095059
Glrp1 7.89296047511651 10.9965687769496 3.76404955095059
Phxr1 9.55428321825257 10.9965687769496 3.76404955095059
Tapbp 11.453866406777 10.9965687769496 3.76404955095059
Msn 10.934809568914 10.9965687769496 3.76404955095059
Abca1 12.0522527378122 10.9965687769496 3.76404955095059
Adam17 10.5698610751329 10.9965687769496 3.76404955095059
Dapp1 10.6616079104408 10.9965687769496 3.76404955095059
Clec4a2 10.2600474435221 10.9965687769496 3.76404955095059
Fli1 10.0941254445629 10.9965687769496 3.76404955095059
Ets1 9.55277010530181 10.9965687769496 3.76404955095059
Itgam 7.72351039802672 10.9965687769496 3.76404955095059
Ptprc 12.5235480291392 10.9965687769496 3.76404955095059
Fosb 11.9510983205342 10.9965687769496 3.76404955095059
Ccr5 11.7396919362898 10.9965687769496 3.76404955095059
Il6ra 12.6715970650916 10.9965687769496 3.76404955095059
Phxr4 9.18649240397513 10.9965687769496 3.76404955095059
Tgif1 8.50945088524124 10.9965687769496 3.76404955095059
Pla2g15 12.3259450180791 10.9965687769496 3.76404955095059
Itga6 11.5653613108728 10.9965687769496 3.76404955095059
Ifi30 11.3781163789488 10.9965687769496 3.76404955095059
H2-DMa 11.2573253131557 10.9965687769496 3.76404955095059
Zfp36l1 12.7051334383384 10.9965687769496 3.76404955095059
Gpr34 12.096128861767 10.9965687769496 3.76404955095059
Gna13 11.481510389828 10.9965687769496 3.76404955095059
Rrad 10.1172735062529 10.9965687769496 3.76404955095059
Cr1l 11.7633356155962 10.9965687769496 3.76404955095059
Ndel1 9.39722597598048 10.9965687769496 3.76404955095059
Rhog 11.2153941245626 10.9965687769496 3.76404955095059
Rnase4 13.1184612117893 10.9965687769496 3.76404955095059
Hk2 12.3862706589026 10.9965687769496 3.76404955095059
Fam111a 8.63296054191287 10.9965687769496 3.76404955095059
Hfe 11.337741662807 10.9965687769496 3.76404955095059
Naalad2 9.76797067590899 10.9965687769496 3.76404955095059
Pik3cg 10.1956130518895 10.9965687769496 3.76404955095059
Btk 9.78197374603171 10.9965687769496 3.76404955095059
Tlr3 9.64446847867037 10.9965687769496 3.76404955095059
Dock2 8.92972325318732 10.9965687769496 3.76404955095059
Prkcd 11.3204144141644 10.9965687769496 3.76404955095059
Mertk 13.1217916703296 10.9965687769496 3.76404955095059
Cd84 9.78822716908046 10.9965687769496 3.76404955095059
Ly86 13.8305038298173 10.9965687769496 3.76404955095059
Vav1 10.4293295887311 10.9965687769496 3.76404955095059
Pag1 12.7340021971061 10.9965687769496 3.76404955095059
Stt3a 9.80262646618402 10.9965687769496 3.76404955095059
Cfh 11.031443374587 10.9965687769496 3.76404955095059
Tnfrsf13b 9.62154101704082 10.9965687769496 3.76404955095059
Luc7l2 10.585512343916 10.9965687769496 3.76404955095059
Hhex 10.1791275378831 10.9965687769496 3.76404955095059
Entpd1 9.37032387449548 10.9965687769496 3.76404955095059
Ptgs1 12.2066936221392 10.9965687769496 3.76404955095059
Frrs1 10.4433587610755 10.9965687769496 3.76404955095059
Brd2 11.7650718099889 10.9965687769496 3.76404955095059
Lyz2 12.4203041170638 10.9965687769496 3.76404955095059
Ssfa2 10.5053173268952 10.9965687769496 3.76404955095059
Ccnl1 12.9368942943523 10.9965687769496 3.76404955095059
Galnt4 9.34294526677315 10.9965687769496 3.76404955095059
Ctc1 11.684666568769 10.9965687769496 3.76404955095059
Edem2 9.99366398604021 10.9965687769496 3.76404955095059
Tram1 11.3655043369858 10.9965687769496 3.76404955095059
Unc93b1 11.4209147437175 10.9965687769496 3.76404955095059
Mob1a 11.6102028819568 10.9965687769496 3.76404955095059
Cmtm6 12.3089984078596 10.9965687769496 3.76404955095059
Sfpq 11.5973070285364 10.9965687769496 3.76404955095059
Tmem63a 11.3090792003542 10.9965687769496 3.76404955095059
Tmem176a 10.8884133112011 10.9965687769496 3.76404955095059
Tspan14 11.1207155751017 10.9965687769496 3.76404955095059
Cers2 11.1926971830752 10.9965687769496 3.76404955095059
Lpcat3 11.5785330904885 10.9965687769496 3.76404955095059
Numa1 11.0896148678668 10.9965687769496 3.76404955095059
Abl1 11.1804894374133 10.9965687769496 3.76404955095059
Pxn 11.8707334790657 10.9965687769496 3.76404955095059
Hvcn1 10.2816397991105 10.9965687769496 3.76404955095059
Srsf7 12.2179384855055 10.9965687769496 3.76404955095059
Edem1 10.6216568370496 10.9965687769496 3.76404955095059
Icam1 12.0685839298591 10.9965687769496 3.76404955095059
Ptbp3 11.2472405918636 10.9965687769496 3.76404955095059
Mfsd1 10.356728120929 10.9965687769496 3.76404955095059
Rbl1 8.55134046564386 10.9965687769496 3.76404955095059
Rcsd1 12.2491457547791 10.9965687769496 3.76404955095059
Tmem140 8.43942036859799 10.9965687769496 3.76404955095059
0610040J01Rik 10.7636422265407 10.9965687769496 3.76404955095059
Tm6sf1 11.2609540254992 10.9965687769496 3.76404955095059
Cklf 11.3887159381797 10.9965687769496 3.76404955095059
Cd177 7.89852531580111 10.9965687769496 3.76404955095059
Casp8 9.83466998065678 10.9965687769496 3.76404955095059
Tmed5 10.6438973211329 10.9965687769496 3.76404955095059
F11r 12.1660086110926 10.9965687769496 3.76404955095059
Eva1a 8.59272796994992 10.9965687769496 3.76404955095059
Reep3 10.7838089345004 10.9965687769496 3.76404955095059
Tor4a 10.3275630348071 10.9965687769496 3.76404955095059
Ptbp1 9.13537300639005 10.9965687769496 3.76404955095059
Lpxn 10.7589192457976 10.9965687769496 3.76404955095059
Siglec5 8.37803746411404 10.9965687769496 3.76404955095059
Orai1 9.85946779435655 10.9965687769496 3.76404955095059
Cflar 9.76951817640651 10.9965687769496 3.76404955095059
Fcrl1 9.2345619860761 10.9965687769496 3.76404955095059
Sppl2a 11.2656068290913 10.9965687769496 3.76404955095059
P2ry6 11.5687601975602 10.9965687769496 3.76404955095059
Wsb1 12.2689369964062 10.9965687769496 3.76404955095059
Ighm 11.7506088279992 10.9965687769496 3.76404955095059
H2-K1 12.8220187202518 10.9965687769496 3.76404955095059
Tgfbr2 12.4852370462276 10.9965687769496 3.76404955095059
Ceacam1 8.89348245863094 10.9965687769496 3.76404955095059
Mlph 9.42445206203504 10.9965687769496 3.76404955095059
Ncf1 8.82497080443061 10.9965687769496 3.76404955095059
Il13ra1 9.86451620775328 10.9965687769496 3.76404955095059
Adap2 10.5685173068896 10.9965687769496 3.76404955095059
Elovl1 10.5843280047725 10.9965687769496 3.76404955095059
Akr1b10 8.35011600348348 10.9965687769496 3.76404955095059
Lrba 12.2919124748407 10.9965687769496 3.76404955095059
Pld1 10.7972506121956 10.9965687769496 3.76404955095059
Pon2 9.31355681171094 10.9965687769496 3.76404955095059
Ggnbp2 9.14383515526131 10.9965687769496 3.76404955095059
Capn3 10.5561819143241 10.9965687769496 3.76404955095059
Gem 8.23875211178378 10.9965687769496 3.76404955095059
Btg1 12.8116682446636 10.9965687769496 3.76404955095059
Tor1aip1 9.72010018842884 10.9965687769496 3.76404955095059
ND5 12.0185280894261 10.9965687769496 3.76404955095059
Rrbp1 12.1145818395139 10.9965687769496 3.76404955095059
Clk1 11.9513540021191 10.9965687769496 3.76404955095059
Cst3 14.3934651708334 10.9965687769496 3.76404955095059
Vwa5a 10.3889653824051 10.9965687769496 3.76404955095059
Arrb2 11.4717203569511 10.9965687769496 3.76404955095059
Pros1 11.415313090188 10.9965687769496 3.76404955095059
Snx20 9.32248887538029 10.9965687769496 3.76404955095059
Rin2 10.0137972126995 10.9965687769496 3.76404955095059
Arhgdib 10.677726097009 10.9965687769496 3.76404955095059
Tifa 10.6723597482397 10.9965687769496 3.76404955095059
Arhgap17 11.1079285558079 10.9965687769496 3.76404955095059
Slc46a1 9.38086842286645 10.9965687769496 3.76404955095059
Trim47 10.0914805439239 10.9965687769496 3.76404955095059
Lgals3 8.39129093689733 10.9965687769496 3.76404955095059
Ddx26b 12.2468247856479 10.9965687769496 3.76404955095059
Slc25a45 10.8446724447982 10.9965687769496 3.76404955095059
Cln5 10.9138121274813 10.9965687769496 3.76404955095059
Jmjd1c 12.6964155907754 10.9965687769496 3.76404955095059
Plcg2 11.1456382313506 10.9965687769496 3.76404955095059
Mlxip 10.979316932642 10.9965687769496 3.76404955095059
Sash3 11.2827116875116 10.9965687769496 3.76404955095059
Themis2 10.0072343518523 10.9965687769496 3.76404955095059
Smo 8.90264219609323 10.9965687769496 3.76404955095059
Mpeg1 13.5781184656323 10.9965687769496 3.76404955095059
Xist 12.7814738520482 10.9965687769496 3.76404955095059
Cd48 10.0036336466823 10.9965687769496 3.76404955095059
Akna 10.6519382313125 10.9965687769496 3.76404955095059
2810474O19Rik 10.2582255456019 10.9965687769496 3.76404955095059
Fes 10.6453727108248 10.9965687769496 3.76404955095059
Cep152 9.46016705782019 10.9965687769496 3.76404955095059
B2m 13.1977909317878 10.9965687769496 3.76404955095059
Ccrl2 11.412796081801 10.9965687769496 3.76404955095059
Lcn2 11.5003470873269 10.9965687769496 3.76404955095059
Hbb-b2 7.85273730267384 10.9965687769496 3.76404955095059
Myo1g 9.16480303343511 10.9965687769496 3.76404955095059
Tmem173 11.0209006256616 10.9965687769496 3.76404955095059
AF251705 12.004730998868 10.9965687769496 3.76404955095059
Slc44a2 12.0208493100122 10.9965687769496 3.76404955095059
Hmha1 10.4033953674837 10.9965687769496 3.76404955095059
Ebf3 7.88209472710919 10.9965687769496 3.76404955095059
Snhg5 10.351326758995 10.9965687769496 3.76404955095059
Rreb1 9.70547877386974 10.9965687769496 3.76404955095059
Gmip 10.1713248884895 10.9965687769496 3.76404955095059
Nckap1l 11.1568327951404 10.9965687769496 3.76404955095059
Macf1 9.98576548532623 10.9965687769496 3.76404955095059
Abcc3 9.76277744586897 10.9965687769496 3.76404955095059
Rnf130 12.3494664534299 10.9965687769496 3.76404955095059
Rhoh 10.549623104043 10.9965687769496 3.76404955095059
1700017B05Rik 11.7692217223209 10.9965687769496 3.76404955095059
2810043O03Rik 8.44135319965957 10.9965687769496 3.76404955095059
Gusb 11.5188785741544 10.9965687769496 3.76404955095059
Lair1 10.6130187631943 10.9965687769496 3.76404955095059
P2ry12 12.4746819840061 10.9965687769496 3.76404955095059
Rffl 9.92583231085204 10.9965687769496 3.76404955095059
Nfkbie 8.27135629410995 10.9965687769496 3.76404955095059
Fubp1 7.87516806308546 10.9965687769496 3.76404955095059
Epb4.1l2 12.5141878325852 10.9965687769496 3.76404955095059
Snhg1 11.8037415243349 10.9965687769496 3.76404955095059
Wnk1 11.4759747893827 10.9965687769496 3.76404955095059
Pld4 12.0206051656766 10.9965687769496 3.76404955095059
D15Ertd621e 10.1076206667302 10.9965687769496 3.76404955095059
Lrrfip1 10.9400431244598 10.9965687769496 3.76404955095059
AU020206 9.79188957346073 10.9965687769496 3.76404955095059
Fermt3 11.3312647513459 10.9965687769496 3.76404955095059
Znrf2 10.0243020233081 10.9965687769496 3.76404955095059
Tgif2 9.99623865035626 10.9965687769496 3.76404955095059
Plk3 11.1217064828555 10.9965687769496 3.76404955095059
Ankrd44 11.6744535697079 10.9965687769496 3.76404955095059
Kctd12 12.185543532286 10.9965687769496 3.76404955095059
Derl2 10.6054091624256 10.9965687769496 3.76404955095059
H2-Aa 10.7894269702174 10.9965687769496 3.76404955095059
Fam105a 11.8900076562701 10.9965687769496 3.76404955095059
Herpud1 12.5159313960105 10.9965687769496 3.76404955095059
2610528A11Rik 7.86623713531595 10.9965687769496 3.76404955095059
Cytip 8.54441124322247 10.9965687769496 3.76404955095059
Cd300a 9.88309640091064 10.9965687769496 3.76404955095059
Ppp1r14b 10.5315474704465 10.9965687769496 3.76404955095059
Wipf1 10.4629969820139 10.9965687769496 3.76404955095059
Tmem179b 9.43843558016582 10.9965687769496 3.76404955095059
Lyz1 12.1662559978148 10.9965687769496 3.76404955095059
Zfp110 10.6629985029049 10.9965687769496 3.76404955095059
Clcf1 8.65510766759181 10.9965687769496 3.76404955095059
Adrb2 8.04029829865073 10.9965687769496 3.76404955095059
Lrrk1 9.2169215889832 10.9965687769496 3.76404955095059
Zfp36l2 12.439882687873 10.9965687769496 3.76404955095059
Il10ra 11.9839212283458 10.9965687769496 3.76404955095059
Hexb 13.9346832426844 10.9965687769496 3.76404955095059
D530037H12Rik 10.2564249540948 10.9965687769496 3.76404955095059
Rbm5 8.3025396995835 10.9965687769496 3.76404955095059
Rab20 9.52042754395053 10.9965687769496 3.76404955095059
Grn 13.5521140781199 10.9965687769496 3.76404955095059
Ninj1 12.2308046339569 10.9965687769496 3.76404955095059
Mavs 9.49021897689434 10.9965687769496 3.76404955095059
Bach1 11.8613788138478 10.9965687769496 3.76404955095059
D9Ertd306e 8.19945017537725 10.9965687769496 3.76404955095059
C79242 8.62864714756362 10.9965687769496 3.76404955095059
Fam46c 12.3550028613422 10.9965687769496 3.76404955095059
Ctsd 13.8780067817756 10.9965687769496 3.76404955095059
Ctsa 12.9509349108417 10.9965687769496 3.76404955095059
Pald1 10.9785325599872 10.9965687769496 3.76404955095059
Ifngr1 12.0357079893049 10.9965687769496 3.76404955095059
Ucp2 10.7968250077029 10.9965687769496 3.76404955095059
Tcn2 12.2009774284341 10.9965687769496 3.76404955095059
Tspan4 10.4535746887173 10.9965687769496 3.76404955095059
Cmtm3 9.86902934165744 10.9965687769496 3.76404955095059
Ppp1r15a 12.6949179793628 10.9965687769496 3.76404955095059
Slc15a4 11.2945119129819 10.9965687769496 3.76404955095059
Dhrs3 10.9504578835445 10.9965687769496 3.76404955095059
Lrmp 8.81165282774176 10.9965687769496 3.76404955095059
Olfml3 13.5847807250187 10.9965687769496 3.76404955095059
Pla2g4a 9.53408946100642 10.9965687769496 3.76404955095059
Ncf2 10.9263417405773 10.9965687769496 3.76404955095059
Il7r 9.24960705759555 10.9965687769496 3.76404955095059
Ctss 14.1436377001564 10.9965687769496 3.76404955095059
Cd53 12.7058528961117 10.9965687769496 3.76404955095059
Fcgr3 13.3678397073662 10.9965687769496 3.76404955095059
Hps4 12.4032005490264 10.9965687769496 3.76404955095059
Lrp1 11.0278863741599 10.9965687769496 3.76404955095059
S100a9 12.1512954978643 10.9965687769496 3.76404955095059
Dusp1 14.0972400899769 10.9965687769496 3.76404955095059
Lgmn 13.3819300248455 10.9965687769496 3.76404955095059
Klf2 12.9546948291203 10.9965687769496 3.76404955095059
Fcrls 13.538343734353 10.9965687769496 3.76404955095059
Tlr1 9.60520010506197 10.9965687769496 3.76404955095059
Rhob 13.4348557298283 10.9965687769496 3.76404955095059
Selplg 13.5701528797604 10.9965687769496 3.76404955095059
Cd68 12.2655547644002 10.9965687769496 3.76404955095059
Gpr65 7.70886230022633 10.9965687769496 3.76404955095059
Ebi3 9.33772747039388 10.9965687769496 3.76404955095059
Casp1 8.69693600519687 10.9965687769496 3.76404955095059
Csf2rb2 9.47900201616068 10.9965687769496 3.76404955095059
Atf3 13.284073086988 10.9965687769496 3.76404955095059
C1qc 13.5961558255427 10.9965687769496 3.76404955095059
Chst7 10.8148655259312 10.9965687769496 3.76404955095059
Hck 11.7859620796645 10.9965687769496 3.76404955095059
Gcnt1 7.991253437913 10.9965687769496 3.76404955095059
Casp4 9.26315299804554 10.9965687769496 3.76404955095059
Ly96 8.91937274322914 10.9965687769496 3.76404955095059
Lag3 9.80016274610109 10.9965687769496 3.76404955095059
Cxcl2 10.7266031675695 10.9965687769496 3.76404955095059
Ltf 11.851175722853 10.9965687769496 3.76404955095059
Cx3cr1 12.8730629616277 10.9965687769496 3.76404955095059
H2-D1 12.6327304628196 10.9965687769496 3.76404955095059
Stab1 10.7605924600716 10.9965687769496 3.76404955095059
Evi2a 12.5942263303086 10.9965687769496 3.76404955095059
Il6 8.13911235858362 10.9965687769496 3.76404955095059
Mrc1 7.99313411604932 10.9965687769496 3.76404955095059
Cbl 10.680668532199 10.9965687769496 3.76404955095059
Cd33 8.96248766850356 10.9965687769496 3.76404955095059
Hps3 10.8090339030534 10.9965687769496 3.76404955095059
Itgb2 11.9243168449721 10.9965687769496 3.76404955095059
Rgl2 11.1504283303664 10.9965687769496 3.76404955095059
Adamts1 11.4689263478583 10.9965687769496 3.76404955095059
Ang 8.34675454689537 10.9965687769496 3.76404955095059
Sh2b2 9.2750055292418 10.9965687769496 3.76404955095059
Tyrobp 12.872201384089 10.9965687769496 3.76404955095059
Ptplad2 9.63872914137264 10.9965687769496 3.76404955095059
Slc29a3 11.7903703089593 10.9965687769496 3.76404955095059
Vasp 10.5536942779316 10.9965687769496 3.76404955095059
Pbxip1 10.4609020888979 10.9965687769496 3.76404955095059
Emr1 12.7903721087621 10.9965687769496 3.76404955095059
Nrros 12.3097176638707 10.9965687769496 3.76404955095059
Tmem119 13.7335005220805 10.9965687769496 3.76404955095059
Pnpla7 10.5591266313939 10.9965687769496 3.76404955095059
Slc46a3 9.89987469037992 10.9965687769496 3.76404955095059
Parp14 9.22364341007536 10.9965687769496 3.76404955095059
Ttr 13.2899892726514 10.9965687769496 3.76404955095059
Havcr2 10.538253418377 10.9965687769496 3.76404955095059
Alas2 10.1462688588052 10.9965687769496 3.76404955095059
Cmtm7 10.4128713125775 10.9965687769496 3.76404955095059
Mafb 11.0489700121364 10.9965687769496 3.76404955095059
Apobec1 9.60585585332662 10.9965687769496 3.76404955095059
Blnk 11.8256575206264 10.9965687769496 3.76404955095059
Tmcc3 9.18215566840257 10.9965687769496 3.76404955095059
Notch2 10.9771741155417 10.9965687769496 3.76404955095059
Vrk2 8.89925651350072 10.9965687769496 3.76404955095059
Alox5ap 12.5974435879102 10.9965687769496 3.76404955095059
Fyb 11.6377216118874 10.9965687769496 3.76404955095059
Sepp1 13.7329438196343 10.9965687769496 3.76404955095059
Kdm2b 11.0002280230869 10.9965687769496 3.76404955095059
Sall3 9.65254474009787 10.9965687769496 3.76404955095059
Slc37a2 8.79411898885638 10.9965687769496 3.76404955095059
Zfp36 13.4481818753213 10.9965687769496 3.76404955095059
Abhd15 9.85244350316464 10.9965687769496 3.76404955095059
Lmo2 12.173746157097 10.9965687769496 3.76404955095059
Cyba 11.683487063587 10.9965687769496 3.76404955095059
Spata13 11.8423721764084 10.9965687769496 3.76404955095059
Wasf2 12.4099034178626 10.9965687769496 3.76404955095059
Scarb2 11.7967322153137 10.9965687769496 3.76404955095059
Ptpn6 11.3447432428118 10.9965687769496 3.76404955095059
4833441D16Rik 9.44333514879099 10.9965687769496 3.76404955095059
Tec 10.193963488774 10.9965687769496 3.76404955095059
Cd52 8.77120540091781 10.9965687769496 3.76404955095059
Irf5 10.3658986193304 10.9965687769496 3.76404955095059
Wdr81 11.5953862047792 10.9965687769496 3.76404955095059
Klrd1 7.50002953623071 10.9965687769496 3.76404955095059
Naip2 10.6301514409205 10.9965687769496 3.76404955095059
Anxa3 12.8961234593997 10.9965687769496 3.76404955095059
