Ddr1 9.10292184777204 9.38958194106425 3.50714129164259
Gja1 10.7941336443747 9.38958194106425 3.50714129164259
Cx3cl1 11.2252492083346 9.38958194106425 3.50714129164259
Syt4 9.22610991239145 9.38958194106425 3.50714129164259
Stmn1 13.804730722705 9.38958194106425 3.50714129164259
Chgb 12.3286496808504 9.38958194106425 3.50714129164259
Npdc1 9.69490256907805 9.38958194106425 3.50714129164259
Ndn 11.2453877492971 9.38958194106425 3.50714129164259
Atp9a 10.5632505442362 9.38958194106425 3.50714129164259
Tubb3 9.90359591523319 9.38958194106425 3.50714129164259
Sqle 9.58335492867592 9.38958194106425 3.50714129164259
Vdac1 10.8596416048917 9.38958194106425 3.50714129164259
Hey1 9.68831921797931 9.38958194106425 3.50714129164259
Fabp5 10.81859740053 9.38958194106425 3.50714129164259
Fabp3 10.9855826028612 9.38958194106425 3.50714129164259
Lrrn1 8.95701699953499 9.38958194106425 3.50714129164259
Map4 10.7816378058137 9.38958194106425 3.50714129164259
Syngr3 10.4929538061606 9.38958194106425 3.50714129164259
Nsg2 12.5171358570384 9.38958194106425 3.50714129164259
Sparcl1 12.0112121846482 9.38958194106425 3.50714129164259
Ccnd2 9.57642829893047 9.38958194106425 3.50714129164259
Prnp 13.2263160647333 9.38958194106425 3.50714129164259
Aplp1 10.0581952170444 9.38958194106425 3.50714129164259
Olig1 9.43292806382261 9.38958194106425 3.50714129164259
Hmgb3 9.46862778958804 9.38958194106425 3.50714129164259
Ptn 10.6166221381877 9.38958194106425 3.50714129164259
Rgs4 11.8763825318491 9.38958194106425 3.50714129164259
Nfib 9.44850270352922 9.38958194106425 3.50714129164259
Mllt11 13.0202196853583 9.38958194106425 3.50714129164259
Dync1i1 10.9272868596382 9.38958194106425 3.50714129164259
Gsta4 10.5479452414402 9.38958194106425 3.50714129164259
Gabarapl1 11.9140561571394 9.38958194106425 3.50714129164259
Cryab 9.95955513341547 9.38958194106425 3.50714129164259
Gad1 11.1555405279945 9.38958194106425 3.50714129164259
Zfp239 9.4334248612888 9.38958194106425 3.50714129164259
Snap91 11.930970847216 9.38958194106425 3.50714129164259
Serpini1 12.2434216007596 9.38958194106425 3.50714129164259
Tmem35 8.29086742670456 9.38958194106425 3.50714129164259
Tbr1 7.26848779035675 9.38958194106425 3.50714129164259
Htra1 9.95385981736666 9.38958194106425 3.50714129164259
Prkar1b 13.7677428996647 9.38958194106425 3.50714129164259
Crym 11.4623864343225 9.38958194106425 3.50714129164259
Pfkm 11.9400546288724 9.38958194106425 3.50714129164259
Parva 8.60265190068792 9.38958194106425 3.50714129164259
Osbpl1a 10.909188193132 9.38958194106425 3.50714129164259
Snap25 13.2670173617282 9.38958194106425 3.50714129164259
Gstm5 11.4305414899308 9.38958194106425 3.50714129164259
Tmem132a 10.7475352942998 9.38958194106425 3.50714129164259
Pdzrn3 10.1145208623456 9.38958194106425 3.50714129164259
Ncdn 10.9155544599127 9.38958194106425 3.50714129164259
Abhd8 9.98191392846493 9.38958194106425 3.50714129164259
Tspan6 8.78508141328753 9.38958194106425 3.50714129164259
Ppa1 11.3253759932752 9.38958194106425 3.50714129164259
Pcsk1n 10.5545457089415 9.38958194106425 3.50714129164259
Sox2 8.09179449387669 9.38958194106425 3.50714129164259
C1qtnf4 10.9825287724965 9.38958194106425 3.50714129164259
Pcdh8 9.53714248335924 9.38958194106425 3.50714129164259
Ckmt1 11.4269573504099 9.38958194106425 3.50714129164259
Acot7 12.1484041111542 9.38958194106425 3.50714129164259
Meis2 9.9761092418073 9.38958194106425 3.50714129164259
Slc25a14 11.2197927265742 9.38958194106425 3.50714129164259
Actr10 11.6223341856352 9.38958194106425 3.50714129164259
Psip1 9.62418965033641 9.38958194106425 3.50714129164259
Rab27b 8.02044900850351 9.38958194106425 3.50714129164259
Lynx1 10.6063817880722 9.38958194106425 3.50714129164259
Dmd 8.36122444462941 9.38958194106425 3.50714129164259
Crip2 10.9878500310299 9.38958194106425 3.50714129164259
Dkk3 10.6634542089365 9.38958194106425 3.50714129164259
Brinp1 10.5186604055347 9.38958194106425 3.50714129164259
Arl6 10.9948083632697 9.38958194106425 3.50714129164259
Fxyd6 8.85557937170874 9.38958194106425 3.50714129164259
Tuba4a 11.9962885540291 9.38958194106425 3.50714129164259
Bex2 12.2023542749713 9.38958194106425 3.50714129164259
Elovl6 8.1884368517297 9.38958194106425 3.50714129164259
Nap1l5 12.6087432101831 9.38958194106425 3.50714129164259
Sept3 10.4093900156185 9.38958194106425 3.50714129164259
Kcna1 9.82270812759121 9.38958194106425 3.50714129164259
Gng3 11.0532806935372 9.38958194106425 3.50714129164259
Calb1 11.6062441098211 9.38958194106425 3.50714129164259
Cyb561 10.523276326725 9.38958194106425 3.50714129164259
Rab33a 11.0373290191724 9.38958194106425 3.50714129164259
Ncald 11.8624664887714 9.38958194106425 3.50714129164259
Cxcl12 10.2232821197268 9.38958194106425 3.50714129164259
Pvalb 9.90141086176828 9.38958194106425 3.50714129164259
Slc4a10 11.186791056469 9.38958194106425 3.50714129164259
Grb14 8.9970821132776 9.38958194106425 3.50714129164259
Cyp46a1 9.95620867481065 9.38958194106425 3.50714129164259
Cplx1 12.7233393595195 9.38958194106425 3.50714129164259
Atp6v1g2 11.9951612249121 9.38958194106425 3.50714129164259
Rab15 11.3229806033508 9.38958194106425 3.50714129164259
Cep19 12.1733678035194 9.38958194106425 3.50714129164259
Fhl1 10.210980117542 9.38958194106425 3.50714129164259
Mapt 11.2395812321787 9.38958194106425 3.50714129164259
Pdxp 9.89375805504899 9.38958194106425 3.50714129164259
Ica1 10.5051931908064 9.38958194106425 3.50714129164259
Pak3 9.79343502414981 9.38958194106425 3.50714129164259
Nanp 10.6581194548411 9.38958194106425 3.50714129164259
Pdlim7 9.45590416609301 9.38958194106425 3.50714129164259
Cpeb1 8.10126548290818 9.38958194106425 3.50714129164259
Resp18 9.99382310379066 9.38958194106425 3.50714129164259
Bhlhe40 11.0729248068749 9.38958194106425 3.50714129164259
Nap1l2 11.3670781934606 9.38958194106425 3.50714129164259
Neurod6 9.67761184054732 9.38958194106425 3.50714129164259
Eef1a2 12.3783890467635 9.38958194106425 3.50714129164259
Prkcz 10.1167930045849 9.38958194106425 3.50714129164259
Chd3os 11.1726540054293 9.38958194106425 3.50714129164259
Nrip3 11.3397182695343 9.38958194106425 3.50714129164259
Stmn4 12.1492321863703 9.38958194106425 3.50714129164259
Gspt2 9.33004141196805 9.38958194106425 3.50714129164259
Chga 10.5945900875254 9.38958194106425 3.50714129164259
Nr2f1 9.70341070242481 9.38958194106425 3.50714129164259
Ina 11.0041559706408 9.38958194106425 3.50714129164259
Pfn2 12.706417679834 9.38958194106425 3.50714129164259
Omg 10.1741321480463 9.38958194106425 3.50714129164259
Hspa4l 10.1738506480228 9.38958194106425 3.50714129164259
Ddx25 8.96988464094811 9.38958194106425 3.50714129164259
Bhlhe22 11.4301942929258 9.38958194106425 3.50714129164259
Epb4.1l4b 8.75997557205666 9.38958194106425 3.50714129164259
Fn3k 9.50119514082029 9.38958194106425 3.50714129164259
Rbfox1 11.5425527712733 9.38958194106425 3.50714129164259
Foxg1 10.5727856212135 9.38958194106425 3.50714129164259
Rnf112 10.694914015124 9.38958194106425 3.50714129164259
Tnnc1 8.6297961677733 9.38958194106425 3.50714129164259
Larp6 10.20042907372 9.38958194106425 3.50714129164259
Atp1b1 12.0766196879855 9.38958194106425 3.50714129164259
Snca 12.8828387594317 9.38958194106425 3.50714129164259
Fgf13 11.3334149741267 9.38958194106425 3.50714129164259
Nap1l3 9.9708479857803 9.38958194106425 3.50714129164259
Wasf1 11.4680892349442 9.38958194106425 3.50714129164259
Nrsn1 10.3420420626343 9.38958194106425 3.50714129164259
Slc17a6 7.84722469872262 9.38958194106425 3.50714129164259
Astn1 9.69149447970521 9.38958194106425 3.50714129164259
Icam5 11.0377313497216 9.38958194106425 3.50714129164259
Mpdz 9.20069470754398 9.38958194106425 3.50714129164259
Lin7b 11.763897894824 9.38958194106425 3.50714129164259
Arc 9.1287440013337 9.38958194106425 3.50714129164259
Tesc 11.6990050460101 9.38958194106425 3.50714129164259
Pnkd 8.7238875436894 9.38958194106425 3.50714129164259
Psd3 10.9346981068317 9.38958194106425 3.50714129164259
Fezf2 9.19134014509772 9.38958194106425 3.50714129164259
Sh3gl2 12.3718582375906 9.38958194106425 3.50714129164259
Cdh2 8.79260923717012 9.38958194106425 3.50714129164259
Eno2 12.6935510758077 9.38958194106425 3.50714129164259
Npy5r 7.74397750583901 9.38958194106425 3.50714129164259
Arpp21 8.38873316315279 9.38958194106425 3.50714129164259
Rtn2 8.02395346557956 9.38958194106425 3.50714129164259
Ugt8a 8.26759013485727 9.38958194106425 3.50714129164259
Tmeff2 9.52995441555536 9.38958194106425 3.50714129164259
Cacna2d3 10.0316387094631 9.38958194106425 3.50714129164259
Krt12 10.2963789341373 9.38958194106425 3.50714129164259
Cdk14 10.490740481977 9.38958194106425 3.50714129164259
S100b 8.95693728833496 9.38958194106425 3.50714129164259
Pclo 8.58627947810286 9.38958194106425 3.50714129164259
Bcl11a 10.9155041763174 9.38958194106425 3.50714129164259
Gng13 9.17689156288957 9.38958194106425 3.50714129164259
St6galnac5 9.27365446832374 9.38958194106425 3.50714129164259
Matn2 7.69499839789384 9.38958194106425 3.50714129164259
Gnb4 9.76834721324244 9.38958194106425 3.50714129164259
Cck 12.2805985558683 9.38958194106425 3.50714129164259
Fam19a5 8.68249937968847 9.38958194106425 3.50714129164259
Mbp 10.6940373395291 9.38958194106425 3.50714129164259
Gabrb1 10.0675831664847 9.38958194106425 3.50714129164259
Mark1 10.4643792316428 9.38958194106425 3.50714129164259
Slc8a1 8.01151619798856 9.38958194106425 3.50714129164259
Prss12 10.3763833859124 9.38958194106425 3.50714129164259
Atp2b2 10.0441294914662 9.38958194106425 3.50714129164259
Chn1 11.9844591523369 9.38958194106425 3.50714129164259
Epha5 9.83934101440399 9.38958194106425 3.50714129164259
Gria3 9.39847442254625 9.38958194106425 3.50714129164259
Kcnq2 9.77217348070276 9.38958194106425 3.50714129164259
Ptprf 8.77986902835428 9.38958194106425 3.50714129164259
Gucy1b3 10.9901768131508 9.38958194106425 3.50714129164259
Hs6st2 9.85279082561923 9.38958194106425 3.50714129164259
Vsnl1 12.6754225677765 9.38958194106425 3.50714129164259
Nrg3 8.22186817876156 9.38958194106425 3.50714129164259
Cyp7b1 8.11041011162795 9.38958194106425 3.50714129164259
Trpc1 9.35019159171996 9.38958194106425 3.50714129164259
Ldb2 9.87941861943455 9.38958194106425 3.50714129164259
Strbp 8.78445189324339 9.38958194106425 3.50714129164259
Gnao1 10.5166629814078 9.38958194106425 3.50714129164259
Myt1l 10.1349467204774 9.38958194106425 3.50714129164259
Sh3rf1 8.2731073434461 9.38958194106425 3.50714129164259
Gabra1 11.0761352659284 9.38958194106425 3.50714129164259
Cttn 11.9908437082793 9.38958194106425 3.50714129164259
Cend1 8.94272977958811 9.38958194106425 3.50714129164259
Prkcg 9.57204927048197 9.38958194106425 3.50714129164259
Rabgap1l 10.8499057300271 9.38958194106425 3.50714129164259
2010204K13Rik 10.6253113075562 9.38958194106425 3.50714129164259
Syne1 8.74361937289192 9.38958194106425 3.50714129164259
Sytl2 10.5287316801417 9.38958194106425 3.50714129164259
Rapgef4 9.81602135428049 9.38958194106425 3.50714129164259
Enah 11.1014310293086 9.38958194106425 3.50714129164259
Spry2 8.97330304480082 9.38958194106425 3.50714129164259
Sox17 8.73436038950808 9.38958194106425 3.50714129164259
Rit2 11.5310095872304 9.38958194106425 3.50714129164259
Ppp3r1 12.7489558199185 9.38958194106425 3.50714129164259
Epdr1 11.4770395862812 9.38958194106425 3.50714129164259
Ak4 8.97863557482768 9.38958194106425 3.50714129164259
Vamp1 9.69263935973244 9.38958194106425 3.50714129164259
Elavl2 10.8602266001282 9.38958194106425 3.50714129164259
Epha4 9.22000853878659 9.38958194106425 3.50714129164259
Nedd4 9.1656269899539 9.38958194106425 3.50714129164259
Ncam1 10.3725984122529 9.38958194106425 3.50714129164259
Gria2 10.5745950725488 9.38958194106425 3.50714129164259
Pou3f1 10.5541662893741 9.38958194106425 3.50714129164259
Oprl1 8.85181022488278 9.38958194106425 3.50714129164259
Nptx1 10.4478761768511 9.38958194106425 3.50714129164259
Gnb5 10.4641353610683 9.38958194106425 3.50714129164259
Klf9 12.2779189089089 9.38958194106425 3.50714129164259
Kctd1 8.38375984647391 9.38958194106425 3.50714129164259
Magee1 10.9954916575189 9.38958194106425 3.50714129164259
Nsf 11.6522572214357 9.38958194106425 3.50714129164259
Idh3a 9.96340141725849 9.38958194106425 3.50714129164259
Glrb 10.6384116175413 9.38958194106425 3.50714129164259
Nefm 11.3548189932649 9.38958194106425 3.50714129164259
Rprm 8.52231807467433 9.38958194106425 3.50714129164259
Myl4 9.43507755192042 9.38958194106425 3.50714129164259
Rab3a 12.1186882670467 9.38958194106425 3.50714129164259
Ctnnd2 10.6434875097898 9.38958194106425 3.50714129164259
Rasgrf1 11.4774736131328 9.38958194106425 3.50714129164259
Arpp19 12.634679686385 9.38958194106425 3.50714129164259
Ly6h 10.0361400795976 9.38958194106425 3.50714129164259
Pcdhb9 8.93857080518818 9.38958194106425 3.50714129164259
Sub1 11.6841788316788 9.38958194106425 3.50714129164259
Slc32a1 8.68047928925981 9.38958194106425 3.50714129164259
Cntnap2 8.73333162698055 9.38958194106425 3.50714129164259
Rims2 9.10941123188291 9.38958194106425 3.50714129164259
Kcnd2 8.05008329895799 9.38958194106425 3.50714129164259
Kif5c 11.4708774408495 9.38958194106425 3.50714129164259
Syt17 11.0063113271763 9.38958194106425 3.50714129164259
Tpm1 10.0945391246049 9.38958194106425 3.50714129164259
Nsg1 10.2719390910441 9.38958194106425 3.50714129164259
Irs1 8.63492109772158 9.38958194106425 3.50714129164259
Avpi1 9.22804063041616 9.38958194106425 3.50714129164259
Thy1 12.5080162903082 9.38958194106425 3.50714129164259
Scg5 10.8040099117932 9.38958194106425 3.50714129164259
Napb 11.9273755551332 9.38958194106425 3.50714129164259
Lgi1 9.00040677304814 9.38958194106425 3.50714129164259
Tiam2 10.1341830575274 9.38958194106425 3.50714129164259
Plxnc1 9.47966850368624 9.38958194106425 3.50714129164259
Cap2 11.4901750420417 9.38958194106425 3.50714129164259
Nrgn 11.0808965668522 9.38958194106425 3.50714129164259
Hdgfrp3 9.13285691394183 9.38958194106425 3.50714129164259
Id4 9.595003581644 9.38958194106425 3.50714129164259
Ints6 11.7061439104211 9.38958194106425 3.50714129164259
Ptprk 8.89647811248343 9.38958194106425 3.50714129164259
Stmn2 10.2866044438913 9.38958194106425 3.50714129164259
Cbln1 7.99638959133985 9.38958194106425 3.50714129164259
Gdap1 10.1424743049654 9.38958194106425 3.50714129164259
Sv2a 10.6246964529571 9.38958194106425 3.50714129164259
Adcyap1 9.01813396700781 9.38958194106425 3.50714129164259
Ptbp2 9.89952960522813 9.38958194106425 3.50714129164259
Scn8a 9.70367231199975 9.38958194106425 3.50714129164259
Gap43 12.0290432193677 9.38958194106425 3.50714129164259
Nell2 9.81837024583384 9.38958194106425 3.50714129164259
Synpr 10.3616880255383 9.38958194106425 3.50714129164259
Dner 11.4836612007206 9.38958194106425 3.50714129164259
Tmem246 10.2601417481391 9.38958194106425 3.50714129164259
Zwint 9.43954405069835 9.38958194106425 3.50714129164259
Snap47 12.3558302224053 9.38958194106425 3.50714129164259
Chchd6 11.5135701806068 9.38958194106425 3.50714129164259
Camkv 11.1516671219319 9.38958194106425 3.50714129164259
Idi1 9.54066507717593 9.38958194106425 3.50714129164259
Vopp1 9.14975791047094 9.38958194106425 3.50714129164259
Lamp5 12.0653655911301 9.38958194106425 3.50714129164259
Rasl11b 11.7878822794617 9.38958194106425 3.50714129164259
Ptgds 10.4018426479456 9.38958194106425 3.50714129164259
Apbb1 10.7313550997157 9.38958194106425 3.50714129164259
1110008P14Rik 11.7132932313156 9.38958194106425 3.50714129164259
Sez6l2 10.2988919981651 9.38958194106425 3.50714129164259
Tspyl4 12.6440153212469 9.38958194106425 3.50714129164259
Itpka 11.2057389506422 9.38958194106425 3.50714129164259
2010107G23Rik 9.49639709112592 9.38958194106425 3.50714129164259
Nme1 12.8777431742934 9.38958194106425 3.50714129164259
Pmm1 8.83334159101428 9.38958194106425 3.50714129164259
Fam216a 10.1096581933517 9.38958194106425 3.50714129164259
Parm1 9.31207893395887 9.38958194106425 3.50714129164259
Susd4 8.63996463281945 9.38958194106425 3.50714129164259
Mtfp1 11.0152486348363 9.38958194106425 3.50714129164259
Elovl4 8.14494662977197 9.38958194106425 3.50714129164259
Lgalsl 10.797178369148 9.38958194106425 3.50714129164259
Ube2e2 10.4311859955289 9.38958194106425 3.50714129164259
Homer2 8.94011526310817 9.38958194106425 3.50714129164259
Selm 9.47870720072572 9.38958194106425 3.50714129164259
Rufy3 9.56021495044953 9.38958194106425 3.50714129164259
Cbx6 11.4562617870517 9.38958194106425 3.50714129164259
Arhgef7 9.93881822106341 9.38958194106425 3.50714129164259
Flywch2 7.90010534895415 9.38958194106425 3.50714129164259
Grp 10.0113937092431 9.38958194106425 3.50714129164259
Mmd2 9.39267224854222 9.38958194106425 3.50714129164259
Car10 10.5131834674626 9.38958194106425 3.50714129164259
2900011O08Rik 11.2169056410376 9.38958194106425 3.50714129164259
Aldoc 12.6803195508183 9.38958194106425 3.50714129164259
Smyd2 10.4759522151015 9.38958194106425 3.50714129164259
Ccsap 10.1271187221662 9.38958194106425 3.50714129164259
Slain1 8.15970830208463 9.38958194106425 3.50714129164259
Nefh 9.66125488704813 9.38958194106425 3.50714129164259
Atp1a3 8.25065312264786 9.38958194106425 3.50714129164259
Ptprd 10.1817874733437 9.38958194106425 3.50714129164259
Gpr85 8.35525594653019 9.38958194106425 3.50714129164259
Cdh10 9.61276531001355 9.38958194106425 3.50714129164259
Neto1 9.30677704628674 9.38958194106425 3.50714129164259
C1ql3 11.2602926731868 9.38958194106425 3.50714129164259
Fam81a 11.5189590241364 9.38958194106425 3.50714129164259
Tyro3 8.05555960203365 9.38958194106425 3.50714129164259
Zcchc18 10.873048794707 9.38958194106425 3.50714129164259
Slc12a5 12.2417679572977 9.38958194106425 3.50714129164259
Slc1a1 9.81144822024186 9.38958194106425 3.50714129164259
Fam84a 9.67247636103897 9.38958194106425 3.50714129164259
Grb10 8.94413488268897 9.38958194106425 3.50714129164259
Plp1 10.8307828573074 9.38958194106425 3.50714129164259
Stau2 10.7027136222644 9.38958194106425 3.50714129164259
Edil3 9.31037066435773 9.38958194106425 3.50714129164259
Baiap2 9.7197670685308 9.38958194106425 3.50714129164259
Tsc22d1 12.412473858751 9.38958194106425 3.50714129164259
Rab40b 9.99607552317388 9.38958194106425 3.50714129164259
Olfm1 11.8886250445297 9.38958194106425 3.50714129164259
Hpca 8.62399244934564 9.38958194106425 3.50714129164259
Ccrn4l 11.2821109818781 9.38958194106425 3.50714129164259
Caln1 11.1393675208887 9.38958194106425 3.50714129164259
Dusp26 10.2198566694454 9.38958194106425 3.50714129164259
Olfm3 9.63199948207138 9.38958194106425 3.50714129164259
Satb2 8.78394386531194 9.38958194106425 3.50714129164259
Armcx1 10.4777956034106 9.38958194106425 3.50714129164259
Plagl1 9.68279353572765 9.38958194106425 3.50714129164259
Nefl 12.8765798228882 9.38958194106425 3.50714129164259
Dlat 10.7388694524221 9.38958194106425 3.50714129164259
Ntm 9.42890971791651 9.38958194106425 3.50714129164259
Alcam 8.78738131235025 9.38958194106425 3.50714129164259
Scn3b 10.3076207982414 9.38958194106425 3.50714129164259
Ntng1 9.2437682703854 9.38958194106425 3.50714129164259
Neurod1 8.48361333964428 9.38958194106425 3.50714129164259
Ddx3y 7.95392525901824 9.38958194106425 3.50714129164259
Gpm6a 12.1216337751155 9.38958194106425 3.50714129164259
Gnaz 9.07872593838403 9.38958194106425 3.50714129164259
Ndrg4 13.7990058345857 9.38958194106425 3.50714129164259
Ppp2r2b 10.0660078965834 9.38958194106425 3.50714129164259
Tmeff1 8.87771475764755 9.38958194106425 3.50714129164259
Slc6a15 9.30787545723614 9.38958194106425 3.50714129164259
6330403K07Rik 12.7010299249763 9.38958194106425 3.50714129164259
Nov 11.2967149198925 9.38958194106425 3.50714129164259
Etl4 8.83260515340633 9.38958194106425 3.50714129164259
Celf4 11.7545560707698 9.38958194106425 3.50714129164259
Thra 11.5375061288137 9.38958194106425 3.50714129164259
Fbxo2 9.76908139128805 9.38958194106425 3.50714129164259
Phyhipl 9.3648786008261 9.38958194106425 3.50714129164259
Mtmr7 10.0107800312692 9.38958194106425 3.50714129164259
Penk 10.8087253843829 9.38958194106425 3.50714129164259
Mal2 10.5447922294091 9.38958194106425 3.50714129164259
Amph 11.4951742812429 9.38958194106425 3.50714129164259
Synpo 9.09166162289357 9.38958194106425 3.50714129164259
Them4 9.21362724428452 9.38958194106425 3.50714129164259
Mapre3 9.15546665996763 9.38958194106425 3.50714129164259
Zfp612 9.27543531062505 9.38958194106425 3.50714129164259
Copg2os2 10.0392323285587 9.38958194106425 3.50714129164259
Ccdc85a 8.38626418914095 9.38958194106425 3.50714129164259
Armcx4 8.45093055514489 9.38958194106425 3.50714129164259
Robo1 7.059565439223 9.38958194106425 3.50714129164259
D3Bwg0562e 10.366035882093 9.38958194106425 3.50714129164259
Clip4 8.47370687059468 9.38958194106425 3.50714129164259
Scn2a1 10.0891844967523 9.38958194106425 3.50714129164259
Rbfox3 9.71597355643181 9.38958194106425 3.50714129164259
Adora1 9.5472222997273 9.38958194106425 3.50714129164259
Kcnq5 8.58724669294842 9.38958194106425 3.50714129164259
Gnai1 8.76357731679305 9.38958194106425 3.50714129164259
Arhgap20 8.99693769860301 9.38958194106425 3.50714129164259
Epha7 9.62388510124798 9.38958194106425 3.50714129164259
Acyp2 9.96249797752458 9.38958194106425 3.50714129164259
Rasl10a 9.36871861007823 9.38958194106425 3.50714129164259
Tmem158 9.90986390417264 9.38958194106425 3.50714129164259
Slitrk1 9.8286580048882 9.38958194106425 3.50714129164259
Bex4 9.95270094339748 9.38958194106425 3.50714129164259
Nkiras1 11.7642353935607 9.38958194106425 3.50714129164259
Atg7 11.1400447891886 9.38958194106425 3.50714129164259
Lysmd2 10.3448573413336 9.38958194106425 3.50714129164259
Elavl4 10.0003644981099 9.38958194106425 3.50714129164259
Ndufaf5 9.98750420187307 9.38958194106425 3.50714129164259
Ngfrap1 12.6872391710492 9.38958194106425 3.50714129164259
Ggct 9.769871881804 9.38958194106425 3.50714129164259
Spryd7 10.2184929332294 9.38958194106425 3.50714129164259
Rtn1 12.6061312571406 9.38958194106425 3.50714129164259
Bcat1 10.0362954966747 9.38958194106425 3.50714129164259
Tmod2 9.03191566964033 9.38958194106425 3.50714129164259
Dusp14 9.38239753078951 9.38958194106425 3.50714129164259
Sh3gl3 9.65915262329614 9.38958194106425 3.50714129164259
Rab3c 9.37540100929657 9.38958194106425 3.50714129164259
Sec62 9.90408054785323 9.38958194106425 3.50714129164259
Ttc7b 9.32742369461245 9.38958194106425 3.50714129164259
Reep1 10.9870241072416 9.38958194106425 3.50714129164259
Chchd10 11.1766160617014 9.38958194106425 3.50714129164259
Abat 9.08187775470742 9.38958194106425 3.50714129164259
Clvs1 10.6108017700465 9.38958194106425 3.50714129164259
Asns 11.1441082694926 9.38958194106425 3.50714129164259
Ppargc1a 8.787438998312 9.38958194106425 3.50714129164259
Fermt2 9.87033607487368 9.38958194106425 3.50714129164259
Coro2b 9.88005284900845 9.38958194106425 3.50714129164259
Rnf157 11.8228022190488 9.38958194106425 3.50714129164259
Tmem56 8.46193780737612 9.38958194106425 3.50714129164259
Nrcam 10.3392183194272 9.38958194106425 3.50714129164259
Ccl27a 10.2958706370794 9.38958194106425 3.50714129164259
Rnf208 10.1215253778401 9.38958194106425 3.50714129164259
Stmn3 12.3450799223254 9.38958194106425 3.50714129164259
Npr3 8.01188750300144 9.38958194106425 3.50714129164259
Gria1 9.79172108183378 9.38958194106425 3.50714129164259
Kctd17 9.27484525345965 9.38958194106425 3.50714129164259
Fhod3 9.9937343460559 9.38958194106425 3.50714129164259
Fgf14 8.6113385902743 9.38958194106425 3.50714129164259
Elavl3 8.67441770543173 9.38958194106425 3.50714129164259
Mfsd4 9.55898823685921 9.38958194106425 3.50714129164259
Kalrn 14.2064566787267 9.38958194106425 3.50714129164259
Slc6a17 10.8864549514716 9.38958194106425 3.50714129164259
Doc2a 9.81482050413078 9.38958194106425 3.50714129164259
Cacnb4 10.6679421220763 9.38958194106425 3.50714129164259
Sowaha 8.03794838572239 9.38958194106425 3.50714129164259
Mapk10 11.6360934293113 9.38958194106425 3.50714129164259
Stx1a 12.4895929025152 9.38958194106425 3.50714129164259
Lrrtm1 10.0307335318761 9.38958194106425 3.50714129164259
Fdft1 11.4701862482393 9.38958194106425 3.50714129164259
Phactr1 8.94851343705313 9.38958194106425 3.50714129164259
Atp6v0e2 12.7234829885902 9.38958194106425 3.50714129164259
Uchl1 12.3197336753678 9.38958194106425 3.50714129164259
Syp 10.6667517967278 9.38958194106425 3.50714129164259
Crmp1 10.5772335987273 9.38958194106425 3.50714129164259
Tnk2 10.6500568384263 9.38958194106425 3.50714129164259
Mgst3 10.0364528922521 9.38958194106425 3.50714129164259
Pcsk2 11.1387190323542 9.38958194106425 3.50714129164259
Kcnab1 9.90899744485791 9.38958194106425 3.50714129164259
Myh7 8.65490320022584 9.38958194106425 3.50714129164259
Bex1 13.0606411158656 9.38958194106425 3.50714129164259
Mmp17 9.13361499905157 9.38958194106425 3.50714129164259
Scg3 10.3083232001124 9.38958194106425 3.50714129164259
Cacnb3 9.28549511350653 9.38958194106425 3.50714129164259
Arhgdig 10.4691269783449 9.38958194106425 3.50714129164259
Camk2b 10.2713838800539 9.38958194106425 3.50714129164259
Kcnk1 10.3702981765895 9.38958194106425 3.50714129164259
Sept4 10.7290444145507 9.38958194106425 3.50714129164259
Cd200 9.74697842729235 9.38958194106425 3.50714129164259
Ctnna2 9.82377145957288 9.38958194106425 3.50714129164259
Cadps 11.1202968703185 9.38958194106425 3.50714129164259
Ngef 11.3236419630021 9.38958194106425 3.50714129164259
Rhou 9.62280390646518 9.38958194106425 3.50714129164259
Syn2 8.73336730000942 9.38958194106425 3.50714129164259
E330009J07Rik 10.3597240286825 9.38958194106425 3.50714129164259
Kcnk2 9.29549404637862 9.38958194106425 3.50714129164259
Cdkl2 9.58197615185217 9.38958194106425 3.50714129164259
Cyfip2 11.6879777449522 9.38958194106425 3.50714129164259
Pde1a 10.0493881477376 9.38958194106425 3.50714129164259
Nicn1 10.7020936320506 9.38958194106425 3.50714129164259
Pacsin1 9.6814052328805 9.38958194106425 3.50714129164259
Fkbp1b 10.3490239033117 9.38958194106425 3.50714129164259
Reln 9.58169915299634 9.38958194106425 3.50714129164259
Kcnmb4 9.43035930466803 9.38958194106425 3.50714129164259
Cntn1 10.7419607540507 9.38958194106425 3.50714129164259
Cpne6 10.9179368686139 9.38958194106425 3.50714129164259
Tsen15 12.1099881984466 9.38958194106425 3.50714129164259
Spock3 7.34253239692752 9.38958194106425 3.50714129164259
Gabrd 8.95030927984495 9.38958194106425 3.50714129164259
Scn1a 9.80047419867191 9.38958194106425 3.50714129164259
Hcn1 8.74293871187854 9.38958194106425 3.50714129164259
Bcl11b 9.07963109119683 9.38958194106425 3.50714129164259
Kcnip4 9.33611550536221 9.38958194106425 3.50714129164259
Rgs7 11.4730301637203 9.38958194106425 3.50714129164259
Tagln3 11.5950916397958 9.38958194106425 3.50714129164259
Rgs17 11.0613571308456 9.38958194106425 3.50714129164259
Scg2 9.24769142622178 9.38958194106425 3.50714129164259
Kif21a 9.12582551319347 9.38958194106425 3.50714129164259
Cdh11 8.36478268612592 9.38958194106425 3.50714129164259
3632451O06Rik 7.34483362125835 9.38958194106425 3.50714129164259
Fabp7 8.41946420117263 9.38958194106425 3.50714129164259
Got1 12.0504981716492 9.38958194106425 3.50714129164259
Syt13 9.63676329625453 9.38958194106425 3.50714129164259
Acsl6 9.31759335865122 9.38958194106425 3.50714129164259
Tram1l1 9.00142689988541 9.38958194106425 3.50714129164259
Dpp6 8.38000240859592 9.38958194106425 3.50714129164259
Syn1 10.0797991870701 9.38958194106425 3.50714129164259
Cadps2 11.6683141817335 9.38958194106425 3.50714129164259
Sgtb 10.0568366291384 9.38958194106425 3.50714129164259
Fam92a 10.7881702912866 9.38958194106425 3.50714129164259
Fgf12 8.96832572874091 9.38958194106425 3.50714129164259
Vstm2a 8.78383526164329 9.38958194106425 3.50714129164259
Slc6a1 9.35335176582446 9.38958194106425 3.50714129164259
Nckap1 12.9002031054065 9.38958194106425 3.50714129164259
Myo5b 8.80843009971326 9.38958194106425 3.50714129164259
Zdhhc2 9.09022780736702 9.38958194106425 3.50714129164259
Svop 9.57382711347326 9.38958194106425 3.50714129164259
Rgs8 8.78376943363352 9.38958194106425 3.50714129164259
Fez1 10.2901810060558 9.38958194106425 3.50714129164259
Cckbr 9.78148903285054 9.38958194106425 3.50714129164259
Lmo7 8.59901861219079 9.38958194106425 3.50714129164259
Nlgn2 10.9621116082723 9.38958194106425 3.50714129164259
Fam131b 8.01493006288846 9.38958194106425 3.50714129164259
D430019H16Rik 10.8185225485501 9.38958194106425 3.50714129164259
Adcy2 10.5283226590218 9.38958194106425 3.50714129164259
Mterfd3 8.6590792146447 9.38958194106425 3.50714129164259
Gm1976 9.21560539813355 9.38958194106425 3.50714129164259
Rspo2 9.06860203285617 9.38958194106425 3.50714129164259
Pcp4 13.9437278525404 9.38958194106425 3.50714129164259
Dmtn 10.6694283905267 9.38958194106425 3.50714129164259
Ubr3 12.1371208991281 9.38958194106425 3.50714129164259
Sept11 11.1037270810989 9.38958194106425 3.50714129164259
