Dpysl3 12.1945067191894 8.21033307586181 5.2018476270825
Nusap1 9.77423811670984 6.14713094923726 5.14275145777142
Dcx 12.1039576535511 8.09392205065374 4.81161070594493
Isg20 12.0765678185315 8.36686156337759 5.19438600486764
Rsad2 13.3109135616375 9.7910425144954 5.64297489553273
Aspm 9.48903060806143 5.85823701203469 4.86864544795603
Mki67 11.8414140963639 7.26124047908645 5.13003113741907
Cenpf 9.36525893400998 5.57067584895573 4.64810715544222
Hbb-b2 11.6127918139473 7.88283645776123 3.8611578963522
Cdca7 9.80824546516877 6.39927256787733 4.86690039857207
Sox11 11.2750923053776 5.68724163467798 4.08470451954381
Cenpe 8.20964573013695 4.10077421357737 3.71045396380738
Dlx2 10.071096323942 6.73327974814272 4.95662351976759
Gdpd3 13.5902528646468 9.67853318616176 5.70457917036695
Ccr6 11.4765667264666 7.85024203265788 5.42872081022884
Alas2 13.4464550600504 10.1192139258561 4.70445868979262
Ube2c 10.2016309337015 6.13533031693307 4.5545693562477
