Ppp1r14a 11.5685035715758 7.42916710209161 4.17125492387945
Mobp 12.7389678452843 8.97097262771053 4.77584970486148
Pdlim2 11.9197384838699 8.38180192585391 5.5930418948932
Lims2 10.9068605045105 7.47585674846633 6.77363253894043
Tspan2 12.4867010226144 8.21416700250461 4.99449552560038
Ddc 10.5445756006372 6.23853273051212 5.04804821634746
Nkx6-2 9.37980873177201 5.49438272100893 5.0042546236746
Mog 11.2881830478725 6.39188032606407 4.05563805956422
Josd2 11.0540157325751 7.59690380363836 6.28891428713116
S1pr5 10.6170517371138 6.7450541636312 4.30243231281347
