Pdzrn3 9.67835330398492 6.33661480020136 5.03812846307236
Meis2 11.2590079611119 7.11204206158316 4.90336072283527
Pcbp3 10.7083029849782 7.35820136352574 4.66493041095197
Slc4a10 12.7194513344454 8.98089394611419 6.73929852353296
Amy1 9.84844051367849 5.76872904191723 4.88236554501494
Dpysl4 10.4743607640575 6.63731929247965 5.03906782646128
Cdhr1 11.9592697896081 6.93267414100414 5.17559589999576
Lmo1 12.8068968261219 8.04150470116458 6.06404122551877
Zfpm2 10.076931171395 5.70777327307843 4.67804891405062
Vstm2b 11.6136558755149 7.98946605245628 5.61109666532929
Sptbn1 12.4829885602153 8.46209788941569 7.31601998314536
Pclo 10.7682307164179 6.93139007831403 4.25784235011152
St6galnac5 10.9998624705315 7.41997566696733 5.11703912770248
Igf1 11.876012743947 6.51858490522656 5.98952440734474
Uncx 8.61501274422442 5.081585385765 4.12121415487858
C78859 8.14825401850655 4.39988135613078 4.25228378509869
Pcdhb21 9.46209146778359 5.21591545132909 4.73083821620209
Gabrr2 11.3900422464153 5.47337468493573 5.15354610036355
Sez6 10.7146913861363 7.3665120632123 6.12816865924169
Hs6st2 12.0509428095265 8.31489553478852 5.01777070948594
Ptprt 10.0883491389803 6.47655119694526 5.26644054111732
Syne1 11.1671748848144 6.62440374481853 5.60402553972163
Lhx1 8.16874804216237 4.45250943675351 4.07636210562144
Gad2 10.2319053865141 6.24940542702407 5.97708095792235
Slc32a1 12.7847557820113 9.33698541015428 4.96149129217817
Cntnap2 12.5664949715821 8.91065227286258 4.26958832351212
Kcnc1 11.8869611675475 8.12813378805157 6.8460635414177
Spon1 12.1637059910301 8.03387694862879 6.55813748586868
Cplx3 12.1789460434468 6.085548639237 5.66109169862279
Pcdh20 11.5004920523971 7.71911595440933 5.10710900067104
Ptprd 11.7237331632557 8.2961483589486 5.19564409411151
Otx2 11.532431364904 5.45991854810469 4.84315272851511
Ntm 11.2063080303985 7.78837960933421 5.19949902805342
Meg3 12.9350316624143 8.85250778666437 7.46489972085518
Ryr3 10.4402049998606 6.48819350367551 5.68079453371508
Rian 9.98763820094976 4.50623290876602 4.30957362484583
Sptan1 12.4217648671603 9.0496376335457 8.84665370594437
Fmn2 11.2562018937241 6.43133133662287 5.41869859201754
Snhg11 12.2980702702031 8.85838917030422 5.50353999834229
Frmd5 11.9916097346698 8.48959041136344 5.75337237451649
Rpp25 10.0156936848964 6.6628111586401 4.87029906574136
Gata3 8.1390776427345 4.75009025749955 4.50719649146379
Reln 13.4483567875156 7.69079570830732 5.59065428789919
Ssbp2 11.098495192133 7.6175101170036 6.64697946234268
Ppargc1b 10.1843583538682 6.65455865750698 6.14091774748897
Chrna6 11.2758979961949 5.83684982092873 5.24604931684203
Cacna2d2 12.810701861179 8.00764228372202 6.03704981597976
Chrna3 8.98881926733504 4.98793022646068 4.89310369258852
Slc6a1 12.3781793266405 8.97073472647075 4.53115881623332
Rgs8 11.4205461496172 7.80486889057349 4.81672434418672
