Ddr1 9.10292184777204 9.6718550931955 3.53610523471519
Gja1 10.7941336443747 9.6718550931955 3.53610523471519
Cx3cl1 11.2252492083346 9.6718550931955 3.53610523471519
Syt4 9.22610991239145 9.6718550931955 3.53610523471519
Stmn1 13.804730722705 9.6718550931955 3.53610523471519
Chgb 12.3286496808504 9.6718550931955 3.53610523471519
Npdc1 9.69490256907805 9.6718550931955 3.53610523471519
Ndn 11.2453877492971 9.6718550931955 3.53610523471519
Atp9a 10.5632505442362 9.6718550931955 3.53610523471519
Tubb3 9.90359591523319 9.6718550931955 3.53610523471519
Sqle 9.58335492867592 9.6718550931955 3.53610523471519
Vdac1 10.8596416048917 9.6718550931955 3.53610523471519
Hey1 9.68831921797931 9.6718550931955 3.53610523471519
Fabp5 10.81859740053 9.6718550931955 3.53610523471519
Fabp3 10.9855826028612 9.6718550931955 3.53610523471519
Lrrn1 8.95701699953499 9.6718550931955 3.53610523471519
Map4 10.7816378058137 9.6718550931955 3.53610523471519
Syngr3 10.4929538061606 9.6718550931955 3.53610523471519
Nsg2 12.5171358570384 9.6718550931955 3.53610523471519
Sparcl1 12.0112121846482 9.6718550931955 3.53610523471519
Prnp 13.2263160647333 9.6718550931955 3.53610523471519
Aplp1 10.0581952170444 9.6718550931955 3.53610523471519
Olig1 9.43292806382261 9.6718550931955 3.53610523471519
Hmgb3 9.46862778958804 9.6718550931955 3.53610523471519
Ptn 10.6166221381877 9.6718550931955 3.53610523471519
Rgs4 11.8763825318491 9.6718550931955 3.53610523471519
Nfib 9.44850270352922 9.6718550931955 3.53610523471519
Mllt11 13.0202196853583 9.6718550931955 3.53610523471519
Dync1i1 10.9272868596382 9.6718550931955 3.53610523471519
Gsta4 10.5479452414402 9.6718550931955 3.53610523471519
Gabarapl1 11.9140561571394 9.6718550931955 3.53610523471519
Cryab 9.95955513341547 9.6718550931955 3.53610523471519
Gad1 11.1555405279945 9.6718550931955 3.53610523471519
Zfp239 9.4334248612888 9.6718550931955 3.53610523471519
Ptprn 9.12410645425393 9.6718550931955 3.53610523471519
Snap91 11.930970847216 9.6718550931955 3.53610523471519
Serpini1 12.2434216007596 9.6718550931955 3.53610523471519
Tbr1 7.26848779035675 9.6718550931955 3.53610523471519
Htra1 9.95385981736666 9.6718550931955 3.53610523471519
Prkar1b 13.7677428996647 9.6718550931955 3.53610523471519
Crym 11.4623864343225 9.6718550931955 3.53610523471519
Pfkm 11.9400546288724 9.6718550931955 3.53610523471519
Parva 8.60265190068792 9.6718550931955 3.53610523471519
Osbpl1a 10.909188193132 9.6718550931955 3.53610523471519
Snap25 13.2670173617282 9.6718550931955 3.53610523471519
Gstm5 11.4305414899308 9.6718550931955 3.53610523471519
Tmem132a 10.7475352942998 9.6718550931955 3.53610523471519
Pdzrn3 10.1145208623456 9.6718550931955 3.53610523471519
Ncdn 10.9155544599127 9.6718550931955 3.53610523471519
Abhd8 9.98191392846493 9.6718550931955 3.53610523471519
Tspan6 8.78508141328753 9.6718550931955 3.53610523471519
Ppa1 11.3253759932752 9.6718550931955 3.53610523471519
Ctgf 8.48922931370294 9.6718550931955 3.53610523471519
Pcsk1n 10.5545457089415 9.6718550931955 3.53610523471519
Sox2 8.09179449387669 9.6718550931955 3.53610523471519
C1qtnf4 10.9825287724965 9.6718550931955 3.53610523471519
Pcdh8 9.53714248335924 9.6718550931955 3.53610523471519
Ckmt1 11.4269573504099 9.6718550931955 3.53610523471519
Acot7 12.1484041111542 9.6718550931955 3.53610523471519
Meis2 9.9761092418073 9.6718550931955 3.53610523471519
Slc25a14 11.2197927265742 9.6718550931955 3.53610523471519
Actr10 11.6223341856352 9.6718550931955 3.53610523471519
Psip1 9.62418965033641 9.6718550931955 3.53610523471519
Mal 9.69934865204998 9.6718550931955 3.53610523471519
Lynx1 10.6063817880722 9.6718550931955 3.53610523471519
Dmd 8.36122444462941 9.6718550931955 3.53610523471519
Dkk3 10.6634542089365 9.6718550931955 3.53610523471519
Brinp1 10.5186604055347 9.6718550931955 3.53610523471519
Arl6 10.9948083632697 9.6718550931955 3.53610523471519
Fxyd6 8.85557937170874 9.6718550931955 3.53610523471519
Bex2 12.2023542749713 9.6718550931955 3.53610523471519
Elovl6 8.1884368517297 9.6718550931955 3.53610523471519
Nap1l5 12.6087432101831 9.6718550931955 3.53610523471519
Sept3 10.4093900156185 9.6718550931955 3.53610523471519
Kcna1 9.82270812759121 9.6718550931955 3.53610523471519
Gng3 11.0532806935372 9.6718550931955 3.53610523471519
Calb1 11.6062441098211 9.6718550931955 3.53610523471519
Cyb561 10.523276326725 9.6718550931955 3.53610523471519
Rab33a 11.0373290191724 9.6718550931955 3.53610523471519
Ncald 11.8624664887714 9.6718550931955 3.53610523471519
Cxcl12 10.2232821197268 9.6718550931955 3.53610523471519
Pvalb 9.90141086176828 9.6718550931955 3.53610523471519
Slc4a10 11.186791056469 9.6718550931955 3.53610523471519
Grb14 8.9970821132776 9.6718550931955 3.53610523471519
Cyp46a1 9.95620867481065 9.6718550931955 3.53610523471519
Cplx1 12.7233393595195 9.6718550931955 3.53610523471519
Atp6v1g2 11.9951612249121 9.6718550931955 3.53610523471519
Rab15 11.3229806033508 9.6718550931955 3.53610523471519
Cep19 12.1733678035194 9.6718550931955 3.53610523471519
Fhl1 10.210980117542 9.6718550931955 3.53610523471519
Mapt 11.2395812321787 9.6718550931955 3.53610523471519
Pdxp 9.89375805504899 9.6718550931955 3.53610523471519
Ica1 10.5051931908064 9.6718550931955 3.53610523471519
Pak3 9.79343502414981 9.6718550931955 3.53610523471519
Nanp 10.6581194548411 9.6718550931955 3.53610523471519
Pdlim7 9.45590416609301 9.6718550931955 3.53610523471519
Cpeb1 8.10126548290818 9.6718550931955 3.53610523471519
Resp18 9.99382310379066 9.6718550931955 3.53610523471519
Bhlhe40 11.0729248068749 9.6718550931955 3.53610523471519
Nap1l2 11.3670781934606 9.6718550931955 3.53610523471519
Neurod6 9.67761184054732 9.6718550931955 3.53610523471519
Eef1a2 12.3783890467635 9.6718550931955 3.53610523471519
Prkcz 10.1167930045849 9.6718550931955 3.53610523471519
Chd3os 11.1726540054293 9.6718550931955 3.53610523471519
Nrip3 11.3397182695343 9.6718550931955 3.53610523471519
Stmn4 12.1492321863703 9.6718550931955 3.53610523471519
Gspt2 9.33004141196805 9.6718550931955 3.53610523471519
Chga 10.5945900875254 9.6718550931955 3.53610523471519
Nr2f1 9.70341070242481 9.6718550931955 3.53610523471519
Ina 11.0041559706408 9.6718550931955 3.53610523471519
Pfn2 12.706417679834 9.6718550931955 3.53610523471519
Omg 10.1741321480463 9.6718550931955 3.53610523471519
Hspa4l 10.1738506480228 9.6718550931955 3.53610523471519
Ddx25 8.96988464094811 9.6718550931955 3.53610523471519
Bhlhe22 11.4301942929258 9.6718550931955 3.53610523471519
Fn3k 9.50119514082029 9.6718550931955 3.53610523471519
Rbfox1 11.5425527712733 9.6718550931955 3.53610523471519
Foxg1 10.5727856212135 9.6718550931955 3.53610523471519
Rnf112 10.694914015124 9.6718550931955 3.53610523471519
Tnnc1 8.6297961677733 9.6718550931955 3.53610523471519
Apcdd1 8.50918076185762 9.6718550931955 3.53610523471519
Larp6 10.20042907372 9.6718550931955 3.53610523471519
Atp1b1 12.0766196879855 9.6718550931955 3.53610523471519
Snca 12.8828387594317 9.6718550931955 3.53610523471519
Fgf13 11.3334149741267 9.6718550931955 3.53610523471519
Nap1l3 9.9708479857803 9.6718550931955 3.53610523471519
Wasf1 11.4680892349442 9.6718550931955 3.53610523471519
Ccnh 9.55294202956907 9.6718550931955 3.53610523471519
Nrsn1 10.3420420626343 9.6718550931955 3.53610523471519
Slc17a6 7.84722469872262 9.6718550931955 3.53610523471519
Astn1 9.69149447970521 9.6718550931955 3.53610523471519
Icam5 11.0377313497216 9.6718550931955 3.53610523471519
Mpdz 9.20069470754398 9.6718550931955 3.53610523471519
Lin7b 11.763897894824 9.6718550931955 3.53610523471519
Arc 9.1287440013337 9.6718550931955 3.53610523471519
Tnnt2 7.21907446174816 9.6718550931955 3.53610523471519
Tesc 11.6990050460101 9.6718550931955 3.53610523471519
Pnkd 8.7238875436894 9.6718550931955 3.53610523471519
Psd3 10.9346981068317 9.6718550931955 3.53610523471519
Fezf2 9.19134014509772 9.6718550931955 3.53610523471519
Sh3gl2 12.3718582375906 9.6718550931955 3.53610523471519
Cdh2 8.79260923717012 9.6718550931955 3.53610523471519
Eno2 12.6935510758077 9.6718550931955 3.53610523471519
Cadm3 9.79721045548883 9.6718550931955 3.53610523471519
Npy5r 7.74397750583901 9.6718550931955 3.53610523471519
Arpp21 8.38873316315279 9.6718550931955 3.53610523471519
Rtn2 8.02395346557956 9.6718550931955 3.53610523471519
Ugt8a 8.26759013485727 9.6718550931955 3.53610523471519
Tmeff2 9.52995441555536 9.6718550931955 3.53610523471519
Chac2 8.92097095058427 9.6718550931955 3.53610523471519
Cacna2d3 10.0316387094631 9.6718550931955 3.53610523471519
Krt12 10.2963789341373 9.6718550931955 3.53610523471519
Cdk14 10.490740481977 9.6718550931955 3.53610523471519
S100b 8.95693728833496 9.6718550931955 3.53610523471519
Pclo 8.58627947810286 9.6718550931955 3.53610523471519
Bcl11a 10.9155041763174 9.6718550931955 3.53610523471519
Gng13 9.17689156288957 9.6718550931955 3.53610523471519
St6galnac5 9.27365446832374 9.6718550931955 3.53610523471519
Matn2 7.69499839789384 9.6718550931955 3.53610523471519
Gnb4 9.76834721324244 9.6718550931955 3.53610523471519
Cck 12.2805985558683 9.6718550931955 3.53610523471519
Mbp 10.6940373395291 9.6718550931955 3.53610523471519
Gabrb1 10.0675831664847 9.6718550931955 3.53610523471519
Mark1 10.4643792316428 9.6718550931955 3.53610523471519
Kif3a 9.90373641563881 9.6718550931955 3.53610523471519
Prss12 10.3763833859124 9.6718550931955 3.53610523471519
Atp2b2 10.0441294914662 9.6718550931955 3.53610523471519
Chn1 11.9844591523369 9.6718550931955 3.53610523471519
Epha5 9.83934101440399 9.6718550931955 3.53610523471519
Gria3 9.39847442254625 9.6718550931955 3.53610523471519
Kcnq2 9.77217348070276 9.6718550931955 3.53610523471519
Ptprf 8.77986902835428 9.6718550931955 3.53610523471519
Gucy1b3 10.9901768131508 9.6718550931955 3.53610523471519
Hs6st2 9.85279082561923 9.6718550931955 3.53610523471519
Vsnl1 12.6754225677765 9.6718550931955 3.53610523471519
Nrg3 8.22186817876156 9.6718550931955 3.53610523471519
Cyp7b1 8.11041011162795 9.6718550931955 3.53610523471519
Trpc1 9.35019159171996 9.6718550931955 3.53610523471519
Ldb2 9.87941861943455 9.6718550931955 3.53610523471519
Ryr2 8.1021024971235 9.6718550931955 3.53610523471519
Gnao1 10.5166629814078 9.6718550931955 3.53610523471519
Myt1l 10.1349467204774 9.6718550931955 3.53610523471519
Gabrb3 7.50622697103986 9.6718550931955 3.53610523471519
Sh3rf1 8.2731073434461 9.6718550931955 3.53610523471519
Gabra1 11.0761352659284 9.6718550931955 3.53610523471519
Cttn 11.9908437082793 9.6718550931955 3.53610523471519
Cend1 8.94272977958811 9.6718550931955 3.53610523471519
Prkcg 9.57204927048197 9.6718550931955 3.53610523471519
Rabgap1l 10.8499057300271 9.6718550931955 3.53610523471519
2010204K13Rik 10.6253113075562 9.6718550931955 3.53610523471519
Sytl2 10.5287316801417 9.6718550931955 3.53610523471519
Rapgef4 9.81602135428049 9.6718550931955 3.53610523471519
Enah 11.1014310293086 9.6718550931955 3.53610523471519
Spry2 8.97330304480082 9.6718550931955 3.53610523471519
Sox17 8.73436038950808 9.6718550931955 3.53610523471519
Rit2 11.5310095872304 9.6718550931955 3.53610523471519
Ppp3r1 12.7489558199185 9.6718550931955 3.53610523471519
Epdr1 11.4770395862812 9.6718550931955 3.53610523471519
Ak4 8.97863557482768 9.6718550931955 3.53610523471519
Vamp1 9.69263935973244 9.6718550931955 3.53610523471519
Elavl2 10.8602266001282 9.6718550931955 3.53610523471519
Ncam1 10.3725984122529 9.6718550931955 3.53610523471519
Gria2 10.5745950725488 9.6718550931955 3.53610523471519
Cdh8 7.75268949369709 9.6718550931955 3.53610523471519
Pou3f1 10.5541662893741 9.6718550931955 3.53610523471519
Oprl1 8.85181022488278 9.6718550931955 3.53610523471519
Nptx1 10.4478761768511 9.6718550931955 3.53610523471519
Gnb5 10.4641353610683 9.6718550931955 3.53610523471519
Klf9 12.2779189089089 9.6718550931955 3.53610523471519
Magee1 10.9954916575189 9.6718550931955 3.53610523471519
Nsf 11.6522572214357 9.6718550931955 3.53610523471519
Idh3a 9.96340141725849 9.6718550931955 3.53610523471519
Glrb 10.6384116175413 9.6718550931955 3.53610523471519
Nefm 11.3548189932649 9.6718550931955 3.53610523471519
Rprm 8.52231807467433 9.6718550931955 3.53610523471519
Myl4 9.43507755192042 9.6718550931955 3.53610523471519
Rab3a 12.1186882670467 9.6718550931955 3.53610523471519
Ctnnd2 10.6434875097898 9.6718550931955 3.53610523471519
Rasgrf1 11.4774736131328 9.6718550931955 3.53610523471519
Arpp19 12.634679686385 9.6718550931955 3.53610523471519
Ly6h 10.0361400795976 9.6718550931955 3.53610523471519
Pcdhb9 8.93857080518818 9.6718550931955 3.53610523471519
Pnck 9.78588350930107 9.6718550931955 3.53610523471519
Slc32a1 8.68047928925981 9.6718550931955 3.53610523471519
Cntnap2 8.73333162698055 9.6718550931955 3.53610523471519
Rims2 9.10941123188291 9.6718550931955 3.53610523471519
Kif5c 11.4708774408495 9.6718550931955 3.53610523471519
Syt17 11.0063113271763 9.6718550931955 3.53610523471519
Tpm1 10.0945391246049 9.6718550931955 3.53610523471519
Nsg1 10.2719390910441 9.6718550931955 3.53610523471519
Irs1 8.63492109772158 9.6718550931955 3.53610523471519
Avpi1 9.22804063041616 9.6718550931955 3.53610523471519
Thy1 12.5080162903082 9.6718550931955 3.53610523471519
Scg5 10.8040099117932 9.6718550931955 3.53610523471519
Napb 11.9273755551332 9.6718550931955 3.53610523471519
Kcnb1 7.9137627722771 9.6718550931955 3.53610523471519
Lgi1 9.00040677304814 9.6718550931955 3.53610523471519
Tiam2 10.1341830575274 9.6718550931955 3.53610523471519
Cap2 11.4901750420417 9.6718550931955 3.53610523471519
Nrgn 11.0808965668522 9.6718550931955 3.53610523471519
Hdgfrp3 9.13285691394183 9.6718550931955 3.53610523471519
Id4 9.595003581644 9.6718550931955 3.53610523471519
Ints6 11.7061439104211 9.6718550931955 3.53610523471519
Ptprk 8.89647811248343 9.6718550931955 3.53610523471519
Stmn2 10.2866044438913 9.6718550931955 3.53610523471519
Cbln1 7.99638959133985 9.6718550931955 3.53610523471519
Gdap1 10.1424743049654 9.6718550931955 3.53610523471519
Sv2a 10.6246964529571 9.6718550931955 3.53610523471519
Adcyap1 9.01813396700781 9.6718550931955 3.53610523471519
Ptbp2 9.89952960522813 9.6718550931955 3.53610523471519
Scn8a 9.70367231199975 9.6718550931955 3.53610523471519
Gap43 12.0290432193677 9.6718550931955 3.53610523471519
Nell2 9.81837024583384 9.6718550931955 3.53610523471519
Synpr 10.3616880255383 9.6718550931955 3.53610523471519
Atp1a1 11.3754810100926 9.6718550931955 3.53610523471519
Dner 11.4836612007206 9.6718550931955 3.53610523471519
Tmem246 10.2601417481391 9.6718550931955 3.53610523471519
Zwint 9.43954405069835 9.6718550931955 3.53610523471519
Snap47 12.3558302224053 9.6718550931955 3.53610523471519
Chchd6 11.5135701806068 9.6718550931955 3.53610523471519
Camkv 11.1516671219319 9.6718550931955 3.53610523471519
Vopp1 9.14975791047094 9.6718550931955 3.53610523471519
Lamp5 12.0653655911301 9.6718550931955 3.53610523471519
Rasl11b 11.7878822794617 9.6718550931955 3.53610523471519
Ptgds 10.4018426479456 9.6718550931955 3.53610523471519
Apbb1 10.7313550997157 9.6718550931955 3.53610523471519
1110008P14Rik 11.7132932313156 9.6718550931955 3.53610523471519
Sez6l2 10.2988919981651 9.6718550931955 3.53610523471519
Tspyl4 12.6440153212469 9.6718550931955 3.53610523471519
Itpka 11.2057389506422 9.6718550931955 3.53610523471519
2010107G23Rik 9.49639709112592 9.6718550931955 3.53610523471519
Nme1 12.8777431742934 9.6718550931955 3.53610523471519
Pmm1 8.83334159101428 9.6718550931955 3.53610523471519
Fam216a 10.1096581933517 9.6718550931955 3.53610523471519
Parm1 9.31207893395887 9.6718550931955 3.53610523471519
Susd4 8.63996463281945 9.6718550931955 3.53610523471519
Mtfp1 11.0152486348363 9.6718550931955 3.53610523471519
Elovl4 8.14494662977197 9.6718550931955 3.53610523471519
Lgalsl 10.797178369148 9.6718550931955 3.53610523471519
Ube2e2 10.4311859955289 9.6718550931955 3.53610523471519
Selm 9.47870720072572 9.6718550931955 3.53610523471519
Rufy3 9.56021495044953 9.6718550931955 3.53610523471519
Arhgef7 9.93881822106341 9.6718550931955 3.53610523471519
Flywch2 7.90010534895415 9.6718550931955 3.53610523471519
Rin1 7.71540061550328 9.6718550931955 3.53610523471519
Grp 10.0113937092431 9.6718550931955 3.53610523471519
Mmd2 9.39267224854222 9.6718550931955 3.53610523471519
Car10 10.5131834674626 9.6718550931955 3.53610523471519
2900011O08Rik 11.2169056410376 9.6718550931955 3.53610523471519
Aldoc 12.6803195508183 9.6718550931955 3.53610523471519
Smyd2 10.4759522151015 9.6718550931955 3.53610523471519
Ccsap 10.1271187221662 9.6718550931955 3.53610523471519
Slain1 8.15970830208463 9.6718550931955 3.53610523471519
Nefh 9.66125488704813 9.6718550931955 3.53610523471519
Atp1a3 8.25065312264786 9.6718550931955 3.53610523471519
Ptprd 10.1817874733437 9.6718550931955 3.53610523471519
Gpr85 8.35525594653019 9.6718550931955 3.53610523471519
Cdh10 9.61276531001355 9.6718550931955 3.53610523471519
Neto1 9.30677704628674 9.6718550931955 3.53610523471519
C1ql3 11.2602926731868 9.6718550931955 3.53610523471519
Fam81a 11.5189590241364 9.6718550931955 3.53610523471519
Tyro3 8.05555960203365 9.6718550931955 3.53610523471519
Zcchc18 10.873048794707 9.6718550931955 3.53610523471519
Slc12a5 12.2417679572977 9.6718550931955 3.53610523471519
Slc1a1 9.81144822024186 9.6718550931955 3.53610523471519
Fam84a 9.67247636103897 9.6718550931955 3.53610523471519
Grb10 8.94413488268897 9.6718550931955 3.53610523471519
Plp1 10.8307828573074 9.6718550931955 3.53610523471519
Stau2 10.7027136222644 9.6718550931955 3.53610523471519
Edil3 9.31037066435773 9.6718550931955 3.53610523471519
Baiap2 9.7197670685308 9.6718550931955 3.53610523471519
Enpp5 8.70681468612877 9.6718550931955 3.53610523471519
Tsc22d1 12.412473858751 9.6718550931955 3.53610523471519
Rab40b 9.99607552317388 9.6718550931955 3.53610523471519
Olfm1 11.8886250445297 9.6718550931955 3.53610523471519
Hpca 8.62399244934564 9.6718550931955 3.53610523471519
Ccrn4l 11.2821109818781 9.6718550931955 3.53610523471519
Caln1 11.1393675208887 9.6718550931955 3.53610523471519
Dusp26 10.2198566694454 9.6718550931955 3.53610523471519
Olfm3 9.63199948207138 9.6718550931955 3.53610523471519
Satb2 8.78394386531194 9.6718550931955 3.53610523471519
Armcx1 10.4777956034106 9.6718550931955 3.53610523471519
Plagl1 9.68279353572765 9.6718550931955 3.53610523471519
Nefl 12.8765798228882 9.6718550931955 3.53610523471519
Dlat 10.7388694524221 9.6718550931955 3.53610523471519
Ntm 9.42890971791651 9.6718550931955 3.53610523471519
Alcam 8.78738131235025 9.6718550931955 3.53610523471519
Scn3b 10.3076207982414 9.6718550931955 3.53610523471519
Ntng1 9.2437682703854 9.6718550931955 3.53610523471519
Neurod1 8.48361333964428 9.6718550931955 3.53610523471519
Ddx3y 7.95392525901824 9.6718550931955 3.53610523471519
Gpm6a 12.1216337751155 9.6718550931955 3.53610523471519
Gnaz 9.07872593838403 9.6718550931955 3.53610523471519
Ndrg4 13.7990058345857 9.6718550931955 3.53610523471519
Ppp2r2b 10.0660078965834 9.6718550931955 3.53610523471519
Tmeff1 8.87771475764755 9.6718550931955 3.53610523471519
Slc6a15 9.30787545723614 9.6718550931955 3.53610523471519
Fam131a 10.9524240408041 9.6718550931955 3.53610523471519
6330403K07Rik 12.7010299249763 9.6718550931955 3.53610523471519
Nov 11.2967149198925 9.6718550931955 3.53610523471519
Etl4 8.83260515340633 9.6718550931955 3.53610523471519
Celf4 11.7545560707698 9.6718550931955 3.53610523471519
Thra 11.5375061288137 9.6718550931955 3.53610523471519
Fbxo2 9.76908139128805 9.6718550931955 3.53610523471519
Phyhipl 9.3648786008261 9.6718550931955 3.53610523471519
Mtmr7 10.0107800312692 9.6718550931955 3.53610523471519
Penk 10.8087253843829 9.6718550931955 3.53610523471519
Mal2 10.5447922294091 9.6718550931955 3.53610523471519
Amph 11.4951742812429 9.6718550931955 3.53610523471519
Synpo 9.09166162289357 9.6718550931955 3.53610523471519
Zfp612 9.27543531062505 9.6718550931955 3.53610523471519
Copg2os2 10.0392323285587 9.6718550931955 3.53610523471519
Ccdc85a 8.38626418914095 9.6718550931955 3.53610523471519
Armcx4 8.45093055514489 9.6718550931955 3.53610523471519
D3Bwg0562e 10.366035882093 9.6718550931955 3.53610523471519
Clip4 8.47370687059468 9.6718550931955 3.53610523471519
Scn2a1 10.0891844967523 9.6718550931955 3.53610523471519
Rbfox3 9.71597355643181 9.6718550931955 3.53610523471519
Adora1 9.5472222997273 9.6718550931955 3.53610523471519
Kcnq5 8.58724669294842 9.6718550931955 3.53610523471519
Atp1a2 8.21576495715743 9.6718550931955 3.53610523471519
Gnai1 8.76357731679305 9.6718550931955 3.53610523471519
Arhgap20 8.99693769860301 9.6718550931955 3.53610523471519
Epha7 9.62388510124798 9.6718550931955 3.53610523471519
Acyp2 9.96249797752458 9.6718550931955 3.53610523471519
Rasl10a 9.36871861007823 9.6718550931955 3.53610523471519
Tmem158 9.90986390417264 9.6718550931955 3.53610523471519
Slitrk1 9.8286580048882 9.6718550931955 3.53610523471519
Bex4 9.95270094339748 9.6718550931955 3.53610523471519
Nkiras1 11.7642353935607 9.6718550931955 3.53610523471519
Atg7 11.1400447891886 9.6718550931955 3.53610523471519
Lysmd2 10.3448573413336 9.6718550931955 3.53610523471519
Elavl4 10.0003644981099 9.6718550931955 3.53610523471519
Ndufaf5 9.98750420187307 9.6718550931955 3.53610523471519
Pacrg 8.50204079416813 9.6718550931955 3.53610523471519
Ngfrap1 12.6872391710492 9.6718550931955 3.53610523471519
Ggct 9.769871881804 9.6718550931955 3.53610523471519
Spryd7 10.2184929332294 9.6718550931955 3.53610523471519
Rtn1 12.6061312571406 9.6718550931955 3.53610523471519
Bcat1 10.0362954966747 9.6718550931955 3.53610523471519
Tmod2 9.03191566964033 9.6718550931955 3.53610523471519
Dusp14 9.38239753078951 9.6718550931955 3.53610523471519
Lypd1 9.24599844940325 9.6718550931955 3.53610523471519
Sh3gl3 9.65915262329614 9.6718550931955 3.53610523471519
Rab3c 9.37540100929657 9.6718550931955 3.53610523471519
Reep1 10.9870241072416 9.6718550931955 3.53610523471519
Chchd10 11.1766160617014 9.6718550931955 3.53610523471519
Abat 9.08187775470742 9.6718550931955 3.53610523471519
Clvs1 10.6108017700465 9.6718550931955 3.53610523471519
Asns 11.1441082694926 9.6718550931955 3.53610523471519
Ppargc1a 8.787438998312 9.6718550931955 3.53610523471519
Fermt2 9.87033607487368 9.6718550931955 3.53610523471519
Coro2b 9.88005284900845 9.6718550931955 3.53610523471519
Rnf157 11.8228022190488 9.6718550931955 3.53610523471519
Atcay 8.26967085372324 9.6718550931955 3.53610523471519
Tmem56 8.46193780737612 9.6718550931955 3.53610523471519
Nrcam 10.3392183194272 9.6718550931955 3.53610523471519
Ccl27a 10.2958706370794 9.6718550931955 3.53610523471519
Rnf208 10.1215253778401 9.6718550931955 3.53610523471519
Stmn3 12.3450799223254 9.6718550931955 3.53610523471519
Npr3 8.01188750300144 9.6718550931955 3.53610523471519
Gria1 9.79172108183378 9.6718550931955 3.53610523471519
Kctd17 9.27484525345965 9.6718550931955 3.53610523471519
Fhod3 9.9937343460559 9.6718550931955 3.53610523471519
Fgf14 8.6113385902743 9.6718550931955 3.53610523471519
Elavl3 8.67441770543173 9.6718550931955 3.53610523471519
Mfsd4 9.55898823685921 9.6718550931955 3.53610523471519
Kalrn 14.2064566787267 9.6718550931955 3.53610523471519
Slc6a17 10.8864549514716 9.6718550931955 3.53610523471519
Doc2a 9.81482050413078 9.6718550931955 3.53610523471519
Cacnb4 10.6679421220763 9.6718550931955 3.53610523471519
Sowaha 8.03794838572239 9.6718550931955 3.53610523471519
Mapk10 11.6360934293113 9.6718550931955 3.53610523471519
Stx1a 12.4895929025152 9.6718550931955 3.53610523471519
Lrrtm1 10.0307335318761 9.6718550931955 3.53610523471519
Fdft1 11.4701862482393 9.6718550931955 3.53610523471519
Phactr1 8.94851343705313 9.6718550931955 3.53610523471519
Atp6v0e2 12.7234829885902 9.6718550931955 3.53610523471519
Uchl1 12.3197336753678 9.6718550931955 3.53610523471519
Syp 10.6667517967278 9.6718550931955 3.53610523471519
Crmp1 10.5772335987273 9.6718550931955 3.53610523471519
Tnk2 10.6500568384263 9.6718550931955 3.53610523471519
Mgst3 10.0364528922521 9.6718550931955 3.53610523471519
Rab6a 11.742743163007 9.6718550931955 3.53610523471519
Pcsk2 11.1387190323542 9.6718550931955 3.53610523471519
Nipsnap1 9.89599848001559 9.6718550931955 3.53610523471519
Kcnab1 9.90899744485791 9.6718550931955 3.53610523471519
Bex1 13.0606411158656 9.6718550931955 3.53610523471519
Scg3 10.3083232001124 9.6718550931955 3.53610523471519
Cacnb3 9.28549511350653 9.6718550931955 3.53610523471519
Arhgdig 10.4691269783449 9.6718550931955 3.53610523471519
Camk2b 10.2713838800539 9.6718550931955 3.53610523471519
Kcnk1 10.3702981765895 9.6718550931955 3.53610523471519
Sept4 10.7290444145507 9.6718550931955 3.53610523471519
Cd200 9.74697842729235 9.6718550931955 3.53610523471519
Ctnna2 9.82377145957288 9.6718550931955 3.53610523471519
Cadps 11.1202968703185 9.6718550931955 3.53610523471519
Ngef 11.3236419630021 9.6718550931955 3.53610523471519
Syn2 8.73336730000942 9.6718550931955 3.53610523471519
Kcnk2 9.29549404637862 9.6718550931955 3.53610523471519
Cdkl2 9.58197615185217 9.6718550931955 3.53610523471519
Cyfip2 11.6879777449522 9.6718550931955 3.53610523471519
Pde1a 10.0493881477376 9.6718550931955 3.53610523471519
Nicn1 10.7020936320506 9.6718550931955 3.53610523471519
Pacsin1 9.6814052328805 9.6718550931955 3.53610523471519
Fkbp1b 10.3490239033117 9.6718550931955 3.53610523471519
Reln 9.58169915299634 9.6718550931955 3.53610523471519
Kcnmb4 9.43035930466803 9.6718550931955 3.53610523471519
Cntn1 10.7419607540507 9.6718550931955 3.53610523471519
Cpne6 10.9179368686139 9.6718550931955 3.53610523471519
Tsen15 12.1099881984466 9.6718550931955 3.53610523471519
Spock3 7.34253239692752 9.6718550931955 3.53610523471519
Gabrd 8.95030927984495 9.6718550931955 3.53610523471519
Scn1a 9.80047419867191 9.6718550931955 3.53610523471519
Hcn1 8.74293871187854 9.6718550931955 3.53610523471519
Bcl11b 9.07963109119683 9.6718550931955 3.53610523471519
Kcnip4 9.33611550536221 9.6718550931955 3.53610523471519
Cdk5r2 9.75613480390988 9.6718550931955 3.53610523471519
Rgs7 11.4730301637203 9.6718550931955 3.53610523471519
Tagln3 11.5950916397958 9.6718550931955 3.53610523471519
Rgs17 11.0613571308456 9.6718550931955 3.53610523471519
Scg2 9.24769142622178 9.6718550931955 3.53610523471519
Kif21a 9.12582551319347 9.6718550931955 3.53610523471519
Cdh11 8.36478268612592 9.6718550931955 3.53610523471519
Fabp7 8.41946420117263 9.6718550931955 3.53610523471519
Got1 12.0504981716492 9.6718550931955 3.53610523471519
Syt13 9.63676329625453 9.6718550931955 3.53610523471519
Acsl6 9.31759335865122 9.6718550931955 3.53610523471519
Tram1l1 9.00142689988541 9.6718550931955 3.53610523471519
Dpp6 8.38000240859592 9.6718550931955 3.53610523471519
Syn1 10.0797991870701 9.6718550931955 3.53610523471519
Cadps2 11.6683141817335 9.6718550931955 3.53610523471519
Sgtb 10.0568366291384 9.6718550931955 3.53610523471519
Fam92a 10.7881702912866 9.6718550931955 3.53610523471519
Fgf12 8.96832572874091 9.6718550931955 3.53610523471519
Vstm2a 8.78383526164329 9.6718550931955 3.53610523471519
Slc6a1 9.35335176582446 9.6718550931955 3.53610523471519
Nckap1 12.9002031054065 9.6718550931955 3.53610523471519
Myo5b 8.80843009971326 9.6718550931955 3.53610523471519
Zdhhc2 9.09022780736702 9.6718550931955 3.53610523471519
Rgs8 8.78376943363352 9.6718550931955 3.53610523471519
Fez1 10.2901810060558 9.6718550931955 3.53610523471519
Cckbr 9.78148903285054 9.6718550931955 3.53610523471519
Lmo7 8.59901861219079 9.6718550931955 3.53610523471519
Nlgn2 10.9621116082723 9.6718550931955 3.53610523471519
Fam131b 8.01493006288846 9.6718550931955 3.53610523471519
D430019H16Rik 10.8185225485501 9.6718550931955 3.53610523471519
Adcy2 10.5283226590218 9.6718550931955 3.53610523471519
Mterfd3 8.6590792146447 9.6718550931955 3.53610523471519
Gm1976 9.21560539813355 9.6718550931955 3.53610523471519
Rspo2 9.06860203285617 9.6718550931955 3.53610523471519
Pcp4 13.9437278525404 9.6718550931955 3.53610523471519
Dmtn 10.6694283905267 9.6718550931955 3.53610523471519
Smarca1 9.19981495833541 9.6718550931955 3.53610523471519
Ubr3 12.1371208991281 9.6718550931955 3.53610523471519
Sept11 11.1037270810989 9.6718550931955 3.53610523471519
