Tgfbi 10.1729708775644 6.5890273371474 4.45936681519755
Lcp1 11.8463632704423 6.4858791633991 4.31266824542078
Cd83 13.2264749464343 7.39714679673361 5.51158075813205
Sipa1 11.1257432146877 7.34865969531348 6.26879735912192
Tnfaip2 9.08145533726492 5.2638239501642 3.91068579162861
Tubb6 9.94309885815544 6.50136389102639 5.48458258557606
Ier2 13.4150634942812 9.70321789337444 6.34907039288071
Socs3 12.8363611039744 8.54371339582012 3.93790735830334
4632428N05Rik 12.9592128362635 8.5721834088109 4.84384917730122
Spint1 10.3415667614487 6.09116924742404 5.28672544240122
Afp 8.20241684612463 3.94665426612628 3.67745830811756
Clic1 11.3846871257571 7.70810020158444 5.46578359287703
Irf8 12.5606886061131 5.76109706427652 5.21988653222913
Dnajb1 11.4072973894197 7.8522408298656 6.8117031724442
Tbxas1 9.77227819439976 6.42716461263074 5.86537460478388
Parvg 10.3224146114506 6.65547966643495 5.36651618517573
Rps6ka1 12.439882687873 8.55656632257288 7.41064092353406
Mfng 10.1100884876208 6.44231191117679 5.69366356595703
Slc40a1 11.6365802495677 6.69659985956782 5.61761600984585
C1qb 13.3846079047961 5.53968917131283 3.78858281053259
Ccl6 10.223717633042 5.11112931198959 4.10969299327648
Cd14 13.3052539164274 7.68541830179136 6.39255161994697
Pycard 11.8185468367102 6.50896927666615 5.36560166979802
C1qa 13.2380236204344 7.02970631328881 5.25932815667497
Il16 10.7022595486227 5.92793774333598 5.43640926584128
Slc7a7 11.052383619296 5.64015013577743 5.05632676164097
Srgn 13.2509970787582 6.6895669591784 5.43821657397001
Myh9 12.5865032254667 8.14287312375199 7.45843854455607
Nfkbiz 12.6860754101133 8.96925728275913 4.40821023168741
Tgm2 11.7718766956168 7.52086920272567 5.21649439078745
Plek 13.0669588958399 6.70832078779167 5.76210808065603
Rgs1 11.2541972267774 4.86459402183925 4.51502415851073
Cd79b 8.31573716498709 4.66941772868682 4.53339304815121
Snx5 12.5628056055199 8.69748164214515 6.69681972393522
Elk3 10.4901390004177 5.90980815988666 4.42251205582833
Laptm5 13.2497958585741 7.00753686545906 3.88355235233115
Slc25a37 10.6378478547555 7.09502227833792 5.97970915502034
Rgs19 10.139947557409 6.25897173639659 4.60538755768582
Serinc3 10.8737843005988 7.13655004701132 6.40358461120551
Fcgr1 12.3056772228307 5.23502889338605 4.42409397342882
Slc16a6 11.601886645942 7.41635878792676 5.66278125871509
Ccl9 11.5606702750711 5.2084469512932 4.72145167947353
B4galt1 11.050190662426 7.58383201580014 5.97365704588716
Tnfrsf1b 11.5849644137814 6.8040813989128 5.89882332867702
Inpp5d 12.5199395399242 7.13316391194061 6.36348878202264
Tlr4 9.52419084436795 5.22233541703166 4.34585329423772
Pmaip1 7.94812896443572 4.59304257431671 3.94180245830357
Aif1 11.8782125697407 5.29566499194742 4.9008727195965
Syk 11.2305153374971 6.93831194381258 6.20466627039457
Klf6 12.1614928848338 8.11333613705797 6.41192813927174
Crybb1 12.3010895138039 7.14602442876454 6.36660898550764
Fcer1g 12.6409109862305 6.90594050708784 5.8793254210701
Ctsh 12.8519091129382 6.14197983201667 5.23441181508092
Gpsm3 9.66649074936397 5.52838985917647 4.73904531918133
Ncf4 10.7081144474155 5.32359987127903 5.00161714586672
Lcp2 10.3889718130272 5.04461732271666 4.63489770958958
Ngp 12.4329204009581 6.60473272569872 5.40549981952619
Spi1 10.2850028049619 6.20563207051464 5.8165491963521
Csf3r 10.4703586336665 7.132336532324 5.33423793992572
Ms4a6b 11.1222234312687 5.11906337562247 4.79826827157351
Hcls1 8.83239317939796 4.95532217146414 4.67529585737682
Pabpc1 11.1513836653323 6.51927441338879 4.566839263853
Cebpb 11.6879517821222 7.71124942336773 5.82212895629828
Plxdc2 12.0633823649962 8.15742170179432 5.28574723674876
Cxcl10 9.83264446685726 5.67375396724177 5.09579355150892
Cysltr1 9.33333349087416 4.51955674708311 4.02114545399955
Cebpa 9.88957255483431 6.31674134533882 5.44394328396752
Cttnbp2nl 11.7204560544011 7.21923073835411 5.75215192511544
Lyl1 9.97533629065994 5.62275503145089 5.01222254050019
Ptpn18 10.4025712369028 6.981775732722 5.74246959374279
Tlr2 11.9268402473875 6.02588364956857 5.60261608495919
Cd163 7.66769719158114 4.17591716623399 4.00567498585874
Serpine1 9.52331793271942 5.59835256088354 4.50413403745752
Mlxipl 10.549742788076 6.59269101264926 5.11133345820777
Cd37 10.9048574016166 6.92156303790507 5.36821387624259
Map3k8 10.2849700718244 5.04960643980202 4.69502828267099
Myd88 10.7278217724093 6.67724820075552 5.89613483613921
Ccl12 10.5112043294489 4.66494407394863 4.3328633715242
Arhgap4 9.36525554969312 5.51564964224087 5.19503413030892
Pon3 9.20297150005047 4.50342565016534 4.20282411486175
S100a8 13.0395448654869 4.80260536798535 4.5633145003296
Il10rb 10.7116513838826 6.66206283392018 5.19247069152202
C3ar1 11.7072754362155 6.67785502130858 5.56925928041829
Fgd2 12.1304825880125 6.88748709932733 5.81231470833906
Ccl3 13.4953964323281 5.31807801592476 4.81317039221474
Ms4a6d 11.3799791784438 4.73555760412397 4.41784920946763
Ier3 13.4963591841383 8.98548875594459 7.44172573096457
Camp 12.113738407204 5.7369818537644 5.39412405455477
Klk8 10.2464469222101 5.91277733567139 5.41317230217015
Chil3 11.1159878878753 4.49968669191073 4.05004376792194
Arap3 9.86775374576886 4.50084433300195 3.98819874327128
Tlr7 11.2112407400947 5.58068690761676 4.80011965385167
Csf1r 14.0460007158016 9.52244346818308 6.94153207766805
Hpgd 12.0107499612859 6.18298109650812 4.19969601424802
Slc11a1 11.4154854568916 6.71182559695162 5.26033213959333
Ccl2 9.49866288250659 5.60949564794569 5.15789649275684
Cd86 11.6419705628058 5.5182869790124 4.86251909317764
Gpr84 11.5935377294956 6.48199532912628 5.39832060975313
Tcirg1 11.3257053795282 7.92058629409284 6.91729070922918
Trim12a 8.5835260320544 4.60920694088508 3.9344795343443
Zfhx3 11.2942984484453 5.30063234051373 4.44779733103293
Slc15a3 11.5219827541908 5.45069944349265 5.09413346921565
Rel 9.30153835661437 5.87101505508809 5.28300382430921
Sla 12.3378861062474 7.94585834826924 5.66357111193482
Tgfbr1 13.4953964323281 7.80945098784355 5.33875682975203
Lgals9 9.80576100376818 5.88761521443768 5.16850696474246
Trem2 11.528689695107 6.83034062659901 6.25222314809369
Gna15 8.93153578094543 5.57945064081354 5.09593797228623
Birc3 10.7521481640029 6.42174140779916 5.89119602309196
Igsf6 8.68495551282954 4.33709025763672 4.11209238122457
Samsn1 8.95535277925432 4.84336991047163 4.48786943252946
Il1a 10.5450729398403 4.76893634154782 4.31556511941403
Hpgds 9.14123713383759 5.49796323409688 4.97451436675861
Naip5 11.1347547074536 4.9730925305585 4.15267089234473
Ccl4 12.7516225784521 7.69816947102217 6.13657498355851
Stat6 10.5031698578152 6.13713354953776 4.79059662313852
Clec4a2 10.1190075949126 5.1115311716469 4.97468931546075
Fli1 10.0832277034328 4.01540459830889 3.79397340927789
Ets1 9.75745818736726 5.33703834555384 3.95960718853561
Ptprc 12.4215732421658 4.79235543991181 4.22029634895893
Fosb 11.9818678393755 8.34825899406382 5.54635098006684
Ccr5 11.7087776692335 4.82365841211848 4.39603216991454
Il6ra 12.6405285425734 5.95750368965207 5.47244716904454
Pla2g15 12.3512186582331 8.34998834788288 6.58319020634811
Ifi30 11.4062018650154 6.94752860482151 6.08435460929995
H2-DMa 11.3395300052483 7.5916869263509 6.08299642485813
Gpr34 12.142699851518 4.32722004083736 3.85738820827396
Rrad 10.0026571297703 5.84866725794747 5.03801711813523
Rnase4 13.0771643703574 6.342962944186 5.32265078684232
Hk2 12.3164140648536 7.47356025556999 5.84689572229942
Hfe 11.3196450739578 6.75146571734827 5.87723766543311
Pik3cg 10.1537853547168 6.145986322665 4.94982048470176
Cd84 9.96224237530016 4.76503049295807 4.30773173699662
Ly86 13.8305038298173 6.88516810861776 5.47292877380112
Vav1 10.4997459843954 4.23607995905323 4.0277517889955
Cfh 10.8438396260437 4.01931608625792 3.48881649629309
Tnfrsf13b 9.66545251361214 5.23424313236018 4.43545449087782
Hhex 10.060418644213 5.99297118597753 5.23909205888398
Entpd1 9.58873000960094 5.39586785584299 4.1472111010802
Ptgs1 12.1626150793908 8.16762269076362 4.8962308210978
Adrb1 10.5218876655346 7.19816210429282 4.78940722688412
Lyz2 12.5660138290276 7.18621836383854 6.1509230451104
Ctc1 11.7422487728519 7.82678709510321 7.14395331297709
Unc93b1 11.3066168079527 7.19069225779341 6.5491578447359
Hvcn1 10.2856187487951 5.76488923566812 5.44957648502404
Edem1 10.5644676490564 6.62344792773819 4.62240215688412
Icam1 12.144222640413 5.62860585818088 4.83791633843305
Rcsd1 12.3223507478265 7.63445278287602 6.51167662466025
Tmem140 8.46080936763924 4.63271069480049 4.32622883905857
Cd177 8.01898297885642 4.56599852467937 4.15846737241676
Casp8 9.83591177234681 5.26041601395578 4.92085425756452
F11r 12.1638127271072 6.463047927234 5.63587327576629
Tor4a 10.4213155961976 6.81653420507851 5.67621623513855
Lpxn 10.730982217212 5.14157882860119 4.51272239511848
Siglec5 8.337886172674 4.11229878404368 3.74432109583228
Fcrl1 9.27554865404005 5.59991562643817 5.20434558893709
P2ry6 11.5909433501351 4.71400465169035 4.03795642718023
H2-K1 12.7949568117272 8.12968236290402 7.3856898914426
Tgfbr2 12.4312251246194 7.86144861640743 6.10624239968332
Ceacam1 8.73427463823456 4.8033195852986 4.38047868866568
Mlph 9.52478746573067 5.81698897021918 5.14543778463547
Ncf1 9.01873662127703 5.54075563080069 4.97265425759001
Il13ra1 9.69650941211153 6.12506566856192 4.30747424173669
Adap2 10.4876327911899 5.3016870875039 5.06912708386363
Capn3 10.437566906065 5.1424116573227 4.4921176450543
Arrb2 11.5161791808491 7.13257313567283 6.60201752352753
Pros1 11.4244912078995 7.72147922933284 4.70485913401518
Arhgap17 11.0358082941061 7.40890796569783 4.87218751455982
Trim47 10.122871565472 6.12867821393421 5.12383302390216
Mlxip 11.0131464704826 7.63040420051607 7.04840590462273
Sash3 11.2528818012755 6.96993432998941 5.41956561936546
Themis2 9.94919523666928 5.33392349251532 5.08785542767124
Mpeg1 13.5339312443488 7.34417615806058 5.84895815284574
Cd48 9.99176185857167 4.87181146864715 4.37072185465408
Akna 10.5978331936346 6.30685136602571 4.70451352808817
Fes 10.5840546362038 6.92782782546484 5.93255280808347
Cep152 9.68353142517718 6.05942889222579 5.65637760164267
Egr2 11.2144151601674 6.73919944375023 4.18164274203552
Ccrl2 11.4107831106411 6.48128670417151 6.08281837688949
Lcn2 11.7182561949748 4.59183750818888 4.22066434240529
Hbb-b2 7.86146929235822 4.26014834500077 3.89507686256325
AF251705 12.0057126252299 7.61880586631817 6.51479315326381
Hmha1 10.4487011332694 6.24843744226431 5.3353039395179
Gmip 10.2055870255081 6.84400454723622 5.69117142016643
Nckap1l 11.1526856630168 6.28195592707985 5.0298361576048
Abcc3 9.7509259850256 5.68802207769291 5.05883867088191
Rhoh 10.7637079698635 5.79166075622485 5.02075417402036
1700017B05Rik 11.7522974287947 6.73617476301257 5.6378281109149
Lair1 10.6612900224916 5.6162504949113 4.89312723290358
P2ry12 12.4385715566921 5.47619608040815 4.67373013222235
Rnf19b 9.65744414029616 5.66347300001849 4.79771961049298
Pld4 12.1700437011819 5.9094692137407 5.36978902320772
Lrrfip1 10.7224886700699 7.37206619135064 4.70171909367553
AU020206 9.79768698851007 5.70561437903611 5.01584079560528
Fermt3 11.4207362066657 4.64786005034852 3.91162225518744
Ankrd44 11.5679366187782 7.94561450438303 5.02762605757627
H2-Aa 11.2644036954394 5.87608877058388 4.69633219362102
Fam105a 11.8820924454901 8.30815601053599 5.65627677002646
Herpud1 12.5116726598182 9.14037128830544 7.57074945455494
Cd300a 10.0530239896872 5.48854325182583 4.94439897580405
Lyz1 12.2502412289951 6.22026113426874 4.23459265121829
Clcf1 8.68466038510135 3.97187392139086 3.70991810010154
Adrb2 8.29734945321406 4.40464240740203 4.22740635233639
Lrrk1 9.1635528470806 5.33616718658293 4.60377936516982
Il10ra 11.9867649941734 5.21322786464778 4.79616774270968
Hexb 13.9214339669789 9.22007890581684 6.5439822484433
D530037H12Rik 10.4018822600769 6.73964888432981 4.51432703414864
Rab20 9.64744268247702 5.18535094044142 3.88315796754442
Grn 13.6303783372944 9.70833902329731 6.87596991251084
D9Ertd306e 8.20712585253381 4.57991117361171 4.27245557436754
Fam46c 12.2421510197398 6.28627759222597 4.60248949204083
Pald1 11.0128320429645 6.94782896566438 5.91990219107
Ifngr1 12.016051864462 8.17259832635399 7.203216415874
Anxa1 9.64055143138413 5.52834990904895 4.45496800955464
Lrmp 8.89491220593798 4.7057374818144 4.40800362696669
Olfml3 13.5644607358692 7.11431047736092 6.28975126044941
Ncf2 11.109264808914 6.29573863868261 5.50514961402233
Il7r 9.22711297999003 5.79941682304783 4.85045646691996
Ctss 14.1223387589978 8.11989535063321 4.61323467198184
Cd53 12.6270729328698 5.6196585649477 5.25985803517771
Fcgr3 13.3874319809845 6.31825151793019 5.25929630194037
S100a9 12.2965410503709 5.23631475672271 4.70299316985679
Klf2 12.9915058739807 7.88146794505982 5.58695656151802
Fcrls 13.5200887013828 6.68326453108094 5.70339213109349
Tlr1 9.55990391864875 4.29070615326501 4.12068648675414
Selplg 13.492313873689 7.84916171387897 6.17855439697933
Cd68 12.2825968841945 6.26561087016269 4.79517477710137
Gpr65 7.85611733273235 3.96192615789489 3.8010108237256
Casp1 8.72506021576845 4.78758228902645 4.35444834750572
Csf2rb2 9.46516272602394 5.02219898372664 4.60400499065017
Atf3 13.3007390383143 8.66118254483082 5.32693626056711
C1qc 13.5695399365939 6.37684673559916 5.06999283718323
Hck 11.7192724128215 5.58381180740153 4.88396841195701
Gcnt1 7.89240442650036 4.37474449102937 4.16096334094221
Casp4 9.17977855891737 4.90326764803098 4.07331844145473
Ehd4 10.2769858985773 6.65102311995411 5.10291532936658
Ly96 8.98885773803667 5.30895507699424 4.45190822695575
Lag3 9.94342037341401 6.19724619027555 5.49321267745814
Cxcl2 10.9236295592129 4.72178130718909 4.34613826769185
Ltf 11.9771261319803 7.79646183607879 6.18348884657993
Cx3cr1 12.8322911670036 6.67854123274573 5.24301901232038
H2-D1 12.6856010965553 7.99623237096705 7.1573720080264
Stab1 10.7835801182221 5.30629898053365 5.00056210809736
Il6 8.3523884587654 4.51086396125208 3.83087787813747
Mrc1 8.47267687587698 4.745453524352 4.43497943872051
Itgb2 11.8281947861841 5.14217978143044 4.66490632348897
Psmb9 9.49408509768935 5.91294772349957 5.45995595905828
Ang 8.67340897437916 4.17829392349899 3.91041785337185
Sh2b2 9.32069277757714 5.445817009763 4.62925008527059
Tyrobp 12.9035612805634 6.79519217737264 5.58237878264742
Emr1 12.777781853873 7.27501859391527 5.87766554939322
Nrros 12.3519497751025 8.12728826777458 5.31494697106825
Tmem119 13.699678559052 7.18041030583014 5.87719910794758
Ttr 13.1109777518357 7.11327777970395 3.92836079695585
Havcr2 10.710530075929 4.44166990467087 4.1839915157425
Alas2 9.97256535353661 5.45375227151531 4.8913396769836
Cmtm7 10.4036329494645 5.79811992374085 4.90821407091375
Blnk 11.8079240962002 6.85365752247457 5.11259475991045
Alox5ap 12.5749967599795 6.80462402219028 6.01187472371721
Fyb 11.7159427823204 6.12917003336333 5.90822750443344
Ctla2b 9.94438247489242 4.34698216477939 4.0774439736932
Zfp36 13.4960506681509 9.09379325918594 7.02768858537449
Abhd15 9.92497435981129 5.42041744403193 4.95369519296798
Cyba 11.7749627835735 7.2209700868719 5.07498626352336
Spata13 11.8360921296241 8.24854958227203 5.12051426386623
Ptpn6 11.3292345329635 7.58614131066217 6.4340502451849
4833441D16Rik 9.33372525445037 5.75955121528368 5.02258256525263
Tec 10.1967601761071 6.80251433458582 5.5620101541267
Cd52 8.83934325002235 4.89220562721651 4.63370738729425
Irf5 10.4417221455899 6.79778609493663 5.25957921732905
Naip2 10.8151812852359 4.71485899475178 4.3651447139998
Anxa3 12.9131833282778 6.21547746769042 4.92804934113399
