Gsn 12.2087238461611 8.28108073473025 4.74200651868972
Cldn11 10.9943427846604 5.33610999242436 4.19430821794668
Trim59 11.2741086707498 6.4840894202992 5.43145644700948
Apod 11.6788331406426 8.26958779461227 6.52921096082449
Lpar1 10.893678199035 7.45631523230995 5.8735891097759
Mal 13.7000214316231 6.98369275516245 5.0903543489103
Ppp1r14a 11.5122008133948 4.72937177096691 4.1880183591989
Ugt8a 12.3897358040146 6.3041936204302 4.28212134295299
Mbp 14.161781564122 8.6200760727488 5.63370234754926
Ndrg1 12.5361953697593 8.14202782553028 5.10215544938289
Mobp 12.6855360391807 6.31299951214775 4.8326847260011
Gamt 10.8420531027991 7.42291099315304 5.92320862718254
Ptgds 11.5214714807347 6.98398357768883 5.46033657807612
Pdlim2 11.9475061349839 8.38313546985625 5.5921744133026
Tspan2 12.4560815944501 7.90671630990746 4.98636577100943
Slain1 10.6179710991768 6.79617611734803 3.86114617590751
Plp1 13.4083743438536 9.11264763710545 4.53754544363781
Ddc 10.4410252042223 6.10406154211914 4.95795263073694
Nkx6-2 9.35632127310961 5.25260098806109 4.95526510138348
Anln 10.1427677005132 6.20732197750863 4.65919978138414
Erbb3 9.66078022481605 5.82540946266722 5.41325484272285
Plekhh1 8.28595575695099 4.91591991079646 4.40333966726484
Mog 11.2487843743929 4.38690536443206 4.02980331999338
Josd2 11.0429634278093 7.20214819287517 5.79499564471242
S1pr5 10.5973279595844 5.68781442052152 4.18161982504653
Mag 11.256671065003 7.61598841716767 5.97551042234804
