Pvalb 11.686934339121 7.79289753147678 6.29666491283261
Sst 14.2064566787267 8.32448694119071 5.95426948421766
Timp3 10.1926310060006 6.14991600477288 5.80874377082785
Npy 13.3454508642041 7.5474767739609 5.63293485350555
Lgals1 12.2721601262823 7.60948756052155 4.75174811385567
Dlx1as 8.90259504179084 5.24319797998539 3.88049156514943
Slc8a1 10.1950343963781 6.66925840322835 4.6348564957568
Arx 10.4072598695743 6.13813920661816 3.98932708947714
Col19a1 10.7576780703524 5.03936526407129 4.12124601725318
Gad2 10.1894812521186 6.70494386029321 5.71945796349655
Igfbp4 11.8971065152113 8.23482853972127 6.05817385410835
Lhx6 10.9293485821738 5.95209919871493 5.29297818884062
Rab3b 11.4455737716884 6.6487246961864 5.67494933285804
Ache 10.4180193965632 6.5971216551991 5.08741555230172
Slc32a1 12.6253178651895 7.47447480526785 4.76283037759845
Cdh13 11.7798765224806 8.36110087296693 5.70002368079842
Pnoc 10.8248174031488 5.70500040817893 5.46928752650363
Olfm3 11.8039589714852 8.00533601951838 4.91636098278418
Kcnmb2 10.2238167462415 6.27881162302688 5.42421086920436
Grik1 9.15476661666847 5.40153553303787 3.76037483496453
Abat 11.2798242379061 7.91155361442945 5.19587497658044
Fhod3 9.57646488405029 6.04962471968014 4.63772729744548
Rpp25 9.7856099246939 5.04011269059455 4.53650745506043
Reln 13.5398897525198 7.66154851050073 5.68410479400474
Cort 11.9208752264714 8.29334472822543 7.21083101638477
Grpr 10.0510154067124 5.9743683986884 4.82468201887458
Klf5 9.66698150148354 5.94827773505311 5.34507450455849
Slc6a1 12.0712282316546 8.60774994662527 4.52325101237445
Rgs8 11.6832234331956 7.98232563176942 4.93903025036398
Nxph1 8.99316321790731 5.63744616879116 5.3454373712418
