Golm1 14.5043983490498 10.0751301043325 6.96300173041214
Spint1 11.6518891116016 5.6566168757359 4.77864665389286
Slc2a5 11.9974441569728 6.76318517856828 6.20010984316701
Cd14 15.0881277812882 7.83461916887712 3.11481476945781
Rgs1 13.5896768601193 6.68190368110643 4.33324775788615
Tlr4 11.0317574107723 5.22349823456314 0.86945016357094
Crybb1 13.7915412039293 6.5746228873076 4.19681813370572
Plxdc2 13.8996477516206 9.98255946958305 6.38761990488505
Cysltr1 11.0256347725584 4.17348917548795 3.48616501512006
Cttnbp2nl 8.87883912502971 4.92233645914632 3.32621661415954
Pon3 10.7415012043785 5.57787277092613 3.88882546217033
C3ar1 12.7204297002934 4.54840429164082 2.35067053373123
Fgd2 12.7508960184864 5.1362643386633 4.72688362206283
Ltc4s 11.0231381962426 5.00207748233582 3.23387903752517
Tlr7 13.2033519216098 4.08036951697178 3.14081237591995
Csf1r 15.2958067018163 7.37435364042607 6.58839793281198
Rab3il1 10.489116073033 5.51408718855533 3.6004386935674
Ccl2 11.6059175361301 5.72986356879772 4.76456486914341
Cd86 11.916029399746 4.22448478820013 1.27142206197477
Tnfrsf17 8.60459414880303 5.1144069406872 3.73909252865118
Tgfbr1 8.38914891653409 4.13402070705034 2.76490807213304
Dst 11.1447280843955 3.84221893069582 2.49943815899178
Il1a 13.7992464133504 4.69756652041899 3.08658687001807
Hpgds 10.7546555828761 5.48542060311897 3.77053525251269
Ccl4 14.1591641440691 7.66380590419611 6.77826091326131
Tgfbr2 14.2113128556156 8.74436099704905 6.03261782046128
Ccr5 13.2200275105007 5.0547113442142 2.99170031953261
Pla2g15 8.89215284369139 5.28370892573488 3.16081005813903
Gpr34 13.7060492140353 4.43047538812812 3.94981095476463
Entpd1 11.338033403695 6.70044751520481 4.56022128106957
Icam1 13.7536817049972 7.32378908836258 2.80835053878736
F11r 13.6135438604943 6.84488492968619 4.3188895879657
P2ry6 13.3953363640041 4.63151888807099 4.11059758759477
Mlph 9.08328810702397 2.94268001352475 1.18347364631457
Adap2 11.7831206630109 6.19452351951792 5.51912007742454
Pros1 12.7760310089422 8.89107675284006 5.20431139293975
Ebf3 8.54968282153806 3.72016028112511 2.95022608627691
Abcc3 11.4286648326461 4.04948385606518 3.45761507618812
Lair1 12.6725347196519 7.60977012120836 4.84418827136575
P2ry12 14.4665870344514 7.27692860906374 2.88736519913056
Kctd12 14.0471029310739 9.45890292452882 6.77881724386493
Il10ra 13.4432896995709 2.62507572073538 1.77704862745704
Hexb 15.2176222803016 11.8932454560845 10.4844269736702
Pald1 12.020136834702 7.86515030121751 4.32289232818875
Ppp1r15a 13.8238492141806 10.2946797066638 8.5804334789287
Olfml3 14.6651015303204 6.72925552982514 3.50516983530229
Hps4 13.4522304927609 9.73500324207529 9.15962005518124
Lgmn 14.9249446664512 11.2905311550075 10.1965183793268
Fcrls 15.1865534569242 6.63963108494763 4.3253059664611
St3gal6 11.4859449005206 7.55679817087025 6.59526591663654
Atf3 15.1055328625467 10.4254058607453 4.1846627843604
Ly96 10.571818950155 6.41461526438475 5.98135611570812
Lag3 10.655916992608 3.83885649757403 3.14725688100922
Cx3cr1 14.4165442072339 6.95758761629193 5.06292962824971
Stab1 12.3964535379575 5.80738411121991 5.13775023706145
Pdgfb 11.8011938268598 7.08776693833229 5.3886421635648
Ang 11.1928615295694 4.48227149928369 3.01508963215697
Tmem119 14.833086477742 6.76227535204577 5.0237470976154
Havcr2 12.402013747959 4.91516126254035 3.93674990558032
Mafb 10.5362240192657 4.17586002523408 1.74151562637922
Blnk 13.5246639167472 6.05799031558078 5.46316276847782
