Tnfrsf19 11.720966566698 7.40245875847284 5.5797067057509
Cyr61 9.93682167865186 5.73180287270866 4.9925085511633
Elovl2 9.54261977065452 5.48635510985989 4.38468855313075
Ntsr2 13.5656677420223 9.30983660978211 5.59340645682354
F3 11.7277157052597 7.26283404503554 5.11429288802855
Cyp2d22 10.3544208143438 6.55085241570786 5.35646489745991
Cyp4f14 9.47143169472397 5.92589358945061 4.7666083235535
Slc7a10 12.0082796489695 7.77891006009699 6.09253505858954
Fgfr3 12.8758013458366 9.19517357793183 6.58632292158467
Acsbg1 11.9825695013646 7.41750024869597 5.74675768545884
Slco1c1 12.180723683793 7.19723078307164 5.22141989165954
S1pr1 12.1506812466013 8.36887451676841 6.20239115678129
Ccdc80 11.4911287893119 7.02254337298123 6.538810779262
Aldh1l1 11.4328997284096 7.23374175643426 5.0629607885439
Emp2 10.8666582293216 7.00198483602987 6.33967029790168
Aqp4 12.7949308571617 8.1713425899477 4.61829132416174
Cldn10 10.717178895912 6.94109927285469 5.5250855981274
Slc1a3 12.142456319575 7.92694350888291 5.00134660088046
Tlcd1 11.6234959491504 7.81800298447077 5.7827147139831
Scara3 10.6630954201464 7.01861352663781 4.78680046898855
Slc14a1 9.23149361143258 5.39051786106811 4.34996010861181
Tril 12.5902436977717 8.75502178010897 5.12106369110657
Itih5 10.8724032971477 7.10254033955357 5.87679918088931
Pla2g7 12.4372974303603 7.65098885220739 5.66196199938778
Cd38 10.5524516644774 6.24923633757634 5.90552480599122
Lrig1 10.9454604765597 6.90756366395695 4.48934860530793
AI464131 10.3444233494014 6.03706706051084 4.11140538459428
Mlc1 12.2496379715212 7.61303750262151 4.44412034185019
Gjb6 11.8769269675198 7.74872546069535 4.72648312468978
Cyp4f15 10.1905848578415 6.06116721443492 5.25846048774867
