Golm1 13.2088860971046 10.17354939862 3.73418779405046
Dusp6 12.1106891877544 10.17354939862 3.73418779405046
Sgpl1 9.65202662527855 10.17354939862 3.73418779405046
Enpp2 10.6556571510467 10.17354939862 3.73418779405046
Mgst1 8.23811789844394 10.17354939862 3.73418779405046
Junb 11.5348729987463 10.17354939862 3.73418779405046
Plod3 10.89386641188 10.17354939862 3.73418779405046
Creg1 11.431942679031 10.17354939862 3.73418779405046
Lcp1 11.8379992138945 10.17354939862 3.73418779405046
Vcam1 7.97356793401619 10.17354939862 3.73418779405046
Txnip 13.6791294028158 10.17354939862 3.73418779405046
Klf10 10.2322983288757 10.17354939862 3.73418779405046
Sgk1 13.2260804623238 10.17354939862 3.73418779405046
Cd9 11.7732224133317 10.17354939862 3.73418779405046
Ifrd1 11.2428543666426 10.17354939862 3.73418779405046
Cd34 10.3774455408259 10.17354939862 3.73418779405046
Tpst2 11.0906169506107 10.17354939862 3.73418779405046
Hist1h1c 11.890888490012 10.17354939862 3.73418779405046
Cd83 13.1517119399809 10.17354939862 3.73418779405046
Mmp2 8.7922296541492 10.17354939862 3.73418779405046
Hspa4 11.7831144125263 10.17354939862 3.73418779405046
Sipa1 11.0491157826369 10.17354939862 3.73418779405046
Coro1a 12.5292545103329 10.17354939862 3.73418779405046
Btg2 11.4551013031419 10.17354939862 3.73418779405046
Ets2 10.9375646531096 10.17354939862 3.73418779405046
Tnfaip2 9.10265124910753 10.17354939862 3.73418779405046
Litaf 12.4983539473891 10.17354939862 3.73418779405046
Cyfip1 12.6467245474294 10.17354939862 3.73418779405046
Lamp2 11.6194145923605 10.17354939862 3.73418779405046
Snx18 11.9053155899221 10.17354939862 3.73418779405046
Ctsc 12.6316085285889 10.17354939862 3.73418779405046
Rcbtb2 9.72307900109777 10.17354939862 3.73418779405046
Cd82 9.3157369854898 10.17354939862 3.73418779405046
Tubb6 9.85242182153089 10.17354939862 3.73418779405046
Ier2 13.4110457696294 10.17354939862 3.73418779405046
Nr4a1 12.062949010541 10.17354939862 3.73418779405046
Rab32 7.66476517985337 10.17354939862 3.73418779405046
Pnp 12.8858417164647 10.17354939862 3.73418779405046
Nfe2l2 11.3582431578503 10.17354939862 3.73418779405046
Socs3 12.872389729541 10.17354939862 3.73418779405046
Sparc 11.7641395212327 10.17354939862 3.73418779405046
Scamp2 12.177112436192 10.17354939862 3.73418779405046
Acss1 9.88171693983298 10.17354939862 3.73418779405046
4632428N05Rik 13.023417651154 10.17354939862 3.73418779405046
Spint1 10.3486258835977 10.17354939862 3.73418779405046
Slc2a5 10.7420519945533 10.17354939862 3.73418779405046
Afp 8.25927872186671 10.17354939862 3.73418779405046
Stxbp3a 9.14589985302713 10.17354939862 3.73418779405046
Clic1 11.3149596683149 10.17354939862 3.73418779405046
Plxnb2 11.1948611499116 10.17354939862 3.73418779405046
Irf8 12.5830920544812 10.17354939862 3.73418779405046
Mical1 8.6259861168379 10.17354939862 3.73418779405046
Fkbp7 9.43023161113024 10.17354939862 3.73418779405046
Tbxas1 9.82110086955256 10.17354939862 3.73418779405046
Slc39a8 8.53981315614105 10.17354939862 3.73418779405046
Parvg 10.3515058485033 10.17354939862 3.73418779405046
Mcl1 12.2087835671601 10.17354939862 3.73418779405046
Rps6ka1 12.4350911117328 10.17354939862 3.73418779405046
Parp9 9.59737310164525 10.17354939862 3.73418779405046
Erap1 8.29621561532572 10.17354939862 3.73418779405046
Tnfaip8 10.0379616559435 10.17354939862 3.73418779405046
Sirpa 12.5100346647181 10.17354939862 3.73418779405046
Mfng 10.0773132550699 10.17354939862 3.73418779405046
Slc40a1 11.6104164701375 10.17354939862 3.73418779405046
C1qb 13.334449855087 10.17354939862 3.73418779405046
Egr1 14.0292728577336 10.17354939862 3.73418779405046
Cyp4v3 11.0641916928349 10.17354939862 3.73418779405046
Qk 12.3204870335934 10.17354939862 3.73418779405046
Syngr2 11.4772980236412 10.17354939862 3.73418779405046
Man1a 10.487381138223 10.17354939862 3.73418779405046
Pmp22 12.2561794765965 10.17354939862 3.73418779405046
Usp2 11.7719760326918 10.17354939862 3.73418779405046
Ccl6 10.2968696260595 10.17354939862 3.73418779405046
Cd14 13.2858211222074 10.17354939862 3.73418779405046
Plekha2 10.4311418193647 10.17354939862 3.73418779405046
Tnfrsf1a 11.3648373358369 10.17354939862 3.73418779405046
Tob2 11.2110342965434 10.17354939862 3.73418779405046
Pycard 11.7476509071618 10.17354939862 3.73418779405046
C1qa 13.2023340640432 10.17354939862 3.73418779405046
Il16 10.5721616851226 10.17354939862 3.73418779405046
Slc7a7 10.8083190565862 10.17354939862 3.73418779405046
Klf4 12.6915189251281 10.17354939862 3.73418779405046
Sertad1 10.5663023888607 10.17354939862 3.73418779405046
Jun 13.1617299805308 10.17354939862 3.73418779405046
Srgn 13.2068622416084 10.17354939862 3.73418779405046
Myh9 12.4734956086251 10.17354939862 3.73418779405046
Nfkbiz 12.6004495355117 10.17354939862 3.73418779405046
Tgm2 11.642946111078 10.17354939862 3.73418779405046
Plek 13.0477422121131 10.17354939862 3.73418779405046
Itgb5 13.2913066952736 10.17354939862 3.73418779405046
Elf1 9.02649072365098 10.17354939862 3.73418779405046
Cln3 9.8253822565093 10.17354939862 3.73418779405046
Slc15a2 8.67656827980375 10.17354939862 3.73418779405046
Rgs1 11.0898478208524 10.17354939862 3.73418779405046
Ier5 13.0763760033494 10.17354939862 3.73418779405046
Rac2 9.65733636411487 10.17354939862 3.73418779405046
Nfatc1 9.99637924524422 10.17354939862 3.73418779405046
Mknk1 10.800314167277 10.17354939862 3.73418779405046
Cd79b 8.0542253469498 10.17354939862 3.73418779405046
Snx5 12.5389716579728 10.17354939862 3.73418779405046
Elk3 10.437348137504 10.17354939862 3.73418779405046
Gab1 9.69245744866565 10.17354939862 3.73418779405046
Soat1 8.97247350232105 10.17354939862 3.73418779405046
Laptm5 13.2497958585741 10.17354939862 3.73418779405046
Tjp1 12.0525883185267 10.17354939862 3.73418779405046
Slc25a37 10.7966850520022 10.17354939862 3.73418779405046
Ptgr1 9.97812873947007 10.17354939862 3.73418779405046
Dok1 9.05115009345003 10.17354939862 3.73418779405046
Serinc3 10.9280820038238 10.17354939862 3.73418779405046
Ctsz 13.0485403305481 10.17354939862 3.73418779405046
Fcgr1 12.2838802885119 10.17354939862 3.73418779405046
Slc16a6 11.5411253999105 10.17354939862 3.73418779405046
Pdlim4 9.52654344568754 10.17354939862 3.73418779405046
Ccl9 11.3508771596472 10.17354939862 3.73418779405046
Trim30a 9.8600658104235 10.17354939862 3.73418779405046
B4galt1 10.9185743862039 10.17354939862 3.73418779405046
Myo9b 10.1390783020653 10.17354939862 3.73418779405046
Nrp1 10.5845017423768 10.17354939862 3.73418779405046
Tnfrsf1b 11.7294024065306 10.17354939862 3.73418779405046
Inpp5d 12.4783900860876 10.17354939862 3.73418779405046
Aff1 10.469356712438 10.17354939862 3.73418779405046
Tlr4 9.37755048286687 10.17354939862 3.73418779405046
Sp1 10.6116571750759 10.17354939862 3.73418779405046
Pmaip1 7.91264692829158 10.17354939862 3.73418779405046
Aif1 11.8099905233592 10.17354939862 3.73418779405046
Il15 7.680079358248 10.17354939862 3.73418779405046
Lims1 11.3950265345756 10.17354939862 3.73418779405046
Syk 11.1736838971837 10.17354939862 3.73418779405046
Klf6 12.1197284009329 10.17354939862 3.73418779405046
Crybb1 12.2532048432707 10.17354939862 3.73418779405046
Fcer1g 12.6825054501545 10.17354939862 3.73418779405046
Ctsh 12.8742742032151 10.17354939862 3.73418779405046
Gpsm3 9.5878408034758 10.17354939862 3.73418779405046
Ncf4 10.7305401881173 10.17354939862 3.73418779405046
Nrip1 11.7630520200561 10.17354939862 3.73418779405046
Ggta1 10.3021085784473 10.17354939862 3.73418779405046
Calcrl 7.87647545215041 10.17354939862 3.73418779405046
Ptpre 10.843721694117 10.17354939862 3.73418779405046
Lcp2 10.4299333406719 10.17354939862 3.73418779405046
Ngp 12.2995043542679 10.17354939862 3.73418779405046
Spi1 10.3859436109085 10.17354939862 3.73418779405046
Atp7a 10.1676606708827 10.17354939862 3.73418779405046
Csf3r 10.5303261448833 10.17354939862 3.73418779405046
Ms4a6b 11.2757685053458 10.17354939862 3.73418779405046
Hcls1 8.63630419546985 10.17354939862 3.73418779405046
Abcb1b 7.97869555224804 10.17354939862 3.73418779405046
Pabpc1 11.2298634617249 10.17354939862 3.73418779405046
Skap2 12.0094790306754 10.17354939862 3.73418779405046
Cebpb 11.6743509032076 10.17354939862 3.73418779405046
Plxdc2 12.0529683323577 10.17354939862 3.73418779405046
Cxcl10 9.7662958946731 10.17354939862 3.73418779405046
Cysltr1 9.23363767777187 10.17354939862 3.73418779405046
Cebpa 9.78114583046527 10.17354939862 3.73418779405046
Cttnbp2nl 11.7692220388043 10.17354939862 3.73418779405046
Lyl1 10.013448973115 10.17354939862 3.73418779405046
Ptpn18 10.350655093353 10.17354939862 3.73418779405046
Tlr2 11.864186632689 10.17354939862 3.73418779405046
Serpine1 9.57269546409715 10.17354939862 3.73418779405046
Sox4 10.0789976366356 10.17354939862 3.73418779405046
Mlxipl 10.5927739153422 10.17354939862 3.73418779405046
Cd37 10.9462016903761 10.17354939862 3.73418779405046
Map3k8 10.1917146557049 10.17354939862 3.73418779405046
Rgs2 12.7232804969309 10.17354939862 3.73418779405046
Myd88 10.7885966963584 10.17354939862 3.73418779405046
Ccl12 10.4751595691536 10.17354939862 3.73418779405046
Jam2 8.91486266868458 10.17354939862 3.73418779405046
Arhgap4 9.38418443524174 10.17354939862 3.73418779405046
H2-Oa 8.62773488286702 10.17354939862 3.73418779405046
Pon3 9.10935515291671 10.17354939862 3.73418779405046
Slamf9 11.2066876411094 10.17354939862 3.73418779405046
Ss18 11.2521175801673 10.17354939862 3.73418779405046
S100a8 12.9638824039872 10.17354939862 3.73418779405046
Il10rb 10.594105170653 10.17354939862 3.73418779405046
C3ar1 11.6182149621142 10.17354939862 3.73418779405046
Ripk1 10.1083880816926 10.17354939862 3.73418779405046
Fgd2 12.1293203269256 10.17354939862 3.73418779405046
Rela 11.9778670098948 10.17354939862 3.73418779405046
Ccl3 13.5496556060224 10.17354939862 3.73418779405046
Ttc28 8.89711926518713 10.17354939862 3.73418779405046
Ms4a6d 11.498084859003 10.17354939862 3.73418779405046
Tnf 9.85321288324176 10.17354939862 3.73418779405046
Ier3 13.5855914649438 10.17354939862 3.73418779405046
Nupr1 9.98636391280088 10.17354939862 3.73418779405046
Camp 11.8351935968853 10.17354939862 3.73418779405046
Ltc4s 9.75785052472813 10.17354939862 3.73418779405046
Klk8 10.1637978906065 10.17354939862 3.73418779405046
Abcd2 8.60944954973413 10.17354939862 3.73418779405046
Chil3 10.6986949112657 10.17354939862 3.73418779405046
Arap3 10.0084235335535 10.17354939862 3.73418779405046
Tlr7 11.1690114771889 10.17354939862 3.73418779405046
Csf1r 14.0292728577336 10.17354939862 3.73418779405046
Trim25 10.7654788423984 10.17354939862 3.73418779405046
Hpgd 11.9284845304822 10.17354939862 3.73418779405046
Nfatc3 8.96048800585521 10.17354939862 3.73418779405046
Rab3il1 10.4344246472987 10.17354939862 3.73418779405046
Mcm3 8.86157244294894 10.17354939862 3.73418779405046
Nfkbia 13.559771287797 10.17354939862 3.73418779405046
Gdap10 8.70005361056442 10.17354939862 3.73418779405046
Slc11a1 11.348119903574 10.17354939862 3.73418779405046
Hnrnpa2b1 10.3678589554357 10.17354939862 3.73418779405046
Ccl2 9.39365889899599 10.17354939862 3.73418779405046
Cd86 11.7078926817195 10.17354939862 3.73418779405046
Prkd3 9.75622982659752 10.17354939862 3.73418779405046
Gpr84 11.5922078227709 10.17354939862 3.73418779405046
Vamp8 11.7887532870376 10.17354939862 3.73418779405046
Tcirg1 11.327613036728 10.17354939862 3.73418779405046
Sqrdl 11.0525062877998 10.17354939862 3.73418779405046
Trim12a 8.60607054794922 10.17354939862 3.73418779405046
Zfhx3 11.2458196415341 10.17354939862 3.73418779405046
Slc15a3 11.5031029092383 10.17354939862 3.73418779405046
Clec7a 9.10343532556032 10.17354939862 3.73418779405046
Rel 9.37584581713377 10.17354939862 3.73418779405046
Tsc22d3 11.4805096636109 10.17354939862 3.73418779405046
Sla 12.412369723073 10.17354939862 3.73418779405046
Itga9 7.48681708147096 10.17354939862 3.73418779405046
Tgfbr1 13.4953964323281 10.17354939862 3.73418779405046
Snap23 8.30473877019984 10.17354939862 3.73418779405046
Sgk3 9.74194633209768 10.17354939862 3.73418779405046
St6gal1 11.5626489698514 10.17354939862 3.73418779405046
Asph 11.1601915655921 10.17354939862 3.73418779405046
Ivns1abp 12.7570757853562 10.17354939862 3.73418779405046
Adcy7 12.0401852065097 10.17354939862 3.73418779405046
Rbm39 10.3141735206265 10.17354939862 3.73418779405046
Mef2c 11.6250445182649 10.17354939862 3.73418779405046
Ptger4 8.13597734327495 10.17354939862 3.73418779405046
Vamp3 10.8922604019769 10.17354939862 3.73418779405046
Bmp2k 11.469593488735 10.17354939862 3.73418779405046
Gpr56 11.1072648016331 10.17354939862 3.73418779405046
Itgav 11.4249163560326 10.17354939862 3.73418779405046
Lgals9 9.7144470271434 10.17354939862 3.73418779405046
Trem2 11.3744113100813 10.17354939862 3.73418779405046
Gna15 8.98838653928669 10.17354939862 3.73418779405046
Bach2 8.81323555007668 10.17354939862 3.73418779405046
Clec5a 8.13171145547263 10.17354939862 3.73418779405046
Myo7a 9.61175632860521 10.17354939862 3.73418779405046
Birc3 10.6680989517335 10.17354939862 3.73418779405046
Igsf6 8.76352354526292 10.17354939862 3.73418779405046
Samsn1 9.02117009275432 10.17354939862 3.73418779405046
Il1a 10.5627537042988 10.17354939862 3.73418779405046
Hpgds 9.22555193578103 10.17354939862 3.73418779405046
Naip5 11.1748062850229 10.17354939862 3.73418779405046
Ccl4 12.655502757357 10.17354939862 3.73418779405046
Klf3 8.53631488900221 10.17354939862 3.73418779405046
Itpr2 10.9235418495534 10.17354939862 3.73418779405046
Stat6 10.5002673668222 10.17354939862 3.73418779405046
Phxr1 9.55428321825257 10.17354939862 3.73418779405046
Msn 10.934809568914 10.17354939862 3.73418779405046
Bcl6 10.0980717450428 10.17354939862 3.73418779405046
Abca1 12.0522527378122 10.17354939862 3.73418779405046
Adam17 10.5698610751329 10.17354939862 3.73418779405046
Nr3c1 10.6462060993082 10.17354939862 3.73418779405046
Dapp1 10.6616079104408 10.17354939862 3.73418779405046
Clec4a2 10.2600474435221 10.17354939862 3.73418779405046
Fli1 10.0941254445629 10.17354939862 3.73418779405046
Mitf 10.3401241655234 10.17354939862 3.73418779405046
Ets1 9.55277010530181 10.17354939862 3.73418779405046
Itgam 7.72351039802672 10.17354939862 3.73418779405046
Ptprc 12.5235480291392 10.17354939862 3.73418779405046
Fosb 11.9510983205342 10.17354939862 3.73418779405046
Ccr5 11.7396919362898 10.17354939862 3.73418779405046
Il6ra 12.6715970650916 10.17354939862 3.73418779405046
Phxr4 9.18649240397513 10.17354939862 3.73418779405046
Tgif1 8.50945088524124 10.17354939862 3.73418779405046
Pla2g15 12.3259450180791 10.17354939862 3.73418779405046
Itga6 11.5653613108728 10.17354939862 3.73418779405046
Ifi30 11.3781163789488 10.17354939862 3.73418779405046
Cables1 10.7196378104376 10.17354939862 3.73418779405046
H2-DMa 11.2573253131557 10.17354939862 3.73418779405046
Zfp36l1 12.7051334383384 10.17354939862 3.73418779405046
Id2 12.2032928390954 10.17354939862 3.73418779405046
Gpr34 12.096128861767 10.17354939862 3.73418779405046
Rrad 10.1172735062529 10.17354939862 3.73418779405046
Cr1l 11.7633356155962 10.17354939862 3.73418779405046
Ndel1 9.39722597598048 10.17354939862 3.73418779405046
Rhog 11.2153941245626 10.17354939862 3.73418779405046
Rnase4 13.1184612117893 10.17354939862 3.73418779405046
Hk2 12.3862706589026 10.17354939862 3.73418779405046
Map4k4 8.8663962769023 10.17354939862 3.73418779405046
Fam111a 8.63296054191287 10.17354939862 3.73418779405046
Hfe 11.337741662807 10.17354939862 3.73418779405046
Naalad2 9.76797067590899 10.17354939862 3.73418779405046
Pik3cg 10.1956130518895 10.17354939862 3.73418779405046
Zeb2 11.4200634065622 10.17354939862 3.73418779405046
Btk 9.78197374603171 10.17354939862 3.73418779405046
Tlr3 9.64446847867037 10.17354939862 3.73418779405046
Dock2 8.92972325318732 10.17354939862 3.73418779405046
Prkcd 11.3204144141644 10.17354939862 3.73418779405046
Mertk 13.1217916703296 10.17354939862 3.73418779405046
Cd84 9.78822716908046 10.17354939862 3.73418779405046
Ly86 13.8305038298173 10.17354939862 3.73418779405046
Vav1 10.4293295887311 10.17354939862 3.73418779405046
Pag1 12.7340021971061 10.17354939862 3.73418779405046
Fos 13.9437278525404 10.17354939862 3.73418779405046
Cfh 11.031443374587 10.17354939862 3.73418779405046
Tnfrsf13b 9.62154101704082 10.17354939862 3.73418779405046
Cebpd 10.4638830746908 10.17354939862 3.73418779405046
Luc7l2 10.585512343916 10.17354939862 3.73418779405046
Smim3 9.1715788033918 10.17354939862 3.73418779405046
Hhex 10.1791275378831 10.17354939862 3.73418779405046
Entpd1 9.37032387449548 10.17354939862 3.73418779405046
Ptgs1 12.2066936221392 10.17354939862 3.73418779405046
Rock1 9.89063984973382 10.17354939862 3.73418779405046
Stk17b 9.76929078464475 10.17354939862 3.73418779405046
Tab2 11.94933585117 10.17354939862 3.73418779405046
Frrs1 10.4433587610755 10.17354939862 3.73418779405046
Nfix 9.5331414462952 10.17354939862 3.73418779405046
Lyz2 12.4203041170638 10.17354939862 3.73418779405046
Ssfa2 10.5053173268952 10.17354939862 3.73418779405046
Ccnl1 12.9368942943523 10.17354939862 3.73418779405046
Galnt4 9.34294526677315 10.17354939862 3.73418779405046
Ctc1 11.684666568769 10.17354939862 3.73418779405046
Fkbp9 10.3644595551044 10.17354939862 3.73418779405046
Unc93b1 11.4209147437175 10.17354939862 3.73418779405046
Mob1a 11.6102028819568 10.17354939862 3.73418779405046
Cmtm6 12.3089984078596 10.17354939862 3.73418779405046
Sfpq 11.5973070285364 10.17354939862 3.73418779405046
Wls 8.2518542645957 10.17354939862 3.73418779405046
Tmem63a 11.3090792003542 10.17354939862 3.73418779405046
Tspan14 11.1207155751017 10.17354939862 3.73418779405046
Lpcat3 11.5785330904885 10.17354939862 3.73418779405046
Numa1 11.0896148678668 10.17354939862 3.73418779405046
Abl1 11.1804894374133 10.17354939862 3.73418779405046
Pxn 11.8707334790657 10.17354939862 3.73418779405046
Hvcn1 10.2816397991105 10.17354939862 3.73418779405046
Srsf7 12.2179384855055 10.17354939862 3.73418779405046
Edem1 10.6216568370496 10.17354939862 3.73418779405046
Icam1 12.0685839298591 10.17354939862 3.73418779405046
Ptbp3 11.2472405918636 10.17354939862 3.73418779405046
Oaf 8.51310185570322 10.17354939862 3.73418779405046
Epb4.1 9.11131329188766 10.17354939862 3.73418779405046
Prkab1 10.8355194367992 10.17354939862 3.73418779405046
Rbl1 8.55134046564386 10.17354939862 3.73418779405046
Rcsd1 12.2491457547791 10.17354939862 3.73418779405046
Sirt7 10.2979505558656 10.17354939862 3.73418779405046
Npl 10.001127646462 10.17354939862 3.73418779405046
Tmem140 8.43942036859799 10.17354939862 3.73418779405046
0610040J01Rik 10.7636422265407 10.17354939862 3.73418779405046
Tm6sf1 11.2609540254992 10.17354939862 3.73418779405046
Cklf 11.3887159381797 10.17354939862 3.73418779405046
Cd177 7.89852531580111 10.17354939862 3.73418779405046
Casp8 9.83466998065678 10.17354939862 3.73418779405046
Tmed5 10.6438973211329 10.17354939862 3.73418779405046
F11r 12.1660086110926 10.17354939862 3.73418779405046
Eva1a 8.59272796994992 10.17354939862 3.73418779405046
Mfap3 11.5292136076852 10.17354939862 3.73418779405046
Reep3 10.7838089345004 10.17354939862 3.73418779405046
Tor4a 10.3275630348071 10.17354939862 3.73418779405046
Trim34a 8.56320405975431 10.17354939862 3.73418779405046
Ptbp1 9.13537300639005 10.17354939862 3.73418779405046
Trib1 9.86087216117656 10.17354939862 3.73418779405046
Plxdc1 11.0459664793296 10.17354939862 3.73418779405046
Lpxn 10.7589192457976 10.17354939862 3.73418779405046
Siglec5 8.37803746411404 10.17354939862 3.73418779405046
Mylip 12.4448215476567 10.17354939862 3.73418779405046
Fcrl1 9.2345619860761 10.17354939862 3.73418779405046
Lifr 10.773092535359 10.17354939862 3.73418779405046
Csf1 9.70224927506678 10.17354939862 3.73418779405046
Sppl2a 11.2656068290913 10.17354939862 3.73418779405046
Clcc1 8.84342686585932 10.17354939862 3.73418779405046
P2ry6 11.5687601975602 10.17354939862 3.73418779405046
Wsb1 12.2689369964062 10.17354939862 3.73418779405046
H2-K1 12.8220187202518 10.17354939862 3.73418779405046
Slc3a2 12.5499014410621 10.17354939862 3.73418779405046
Tgfbr2 12.4852370462276 10.17354939862 3.73418779405046
Prpf4b 10.1625902874336 10.17354939862 3.73418779405046
Ceacam1 8.89348245863094 10.17354939862 3.73418779405046
Mlph 9.42445206203504 10.17354939862 3.73418779405046
Ncf1 8.82497080443061 10.17354939862 3.73418779405046
Il13ra1 9.86451620775328 10.17354939862 3.73418779405046
Adap2 10.5685173068896 10.17354939862 3.73418779405046
Elovl1 10.5843280047725 10.17354939862 3.73418779405046
Akr1b10 8.35011600348348 10.17354939862 3.73418779405046
Lrba 12.2919124748407 10.17354939862 3.73418779405046
Pld1 10.7972506121956 10.17354939862 3.73418779405046
Pon2 9.31355681171094 10.17354939862 3.73418779405046
Ggnbp2 9.14383515526131 10.17354939862 3.73418779405046
Capn3 10.5561819143241 10.17354939862 3.73418779405046
Btg1 12.8116682446636 10.17354939862 3.73418779405046
Tor1aip1 9.72010018842884 10.17354939862 3.73418779405046
ND5 12.0185280894261 10.17354939862 3.73418779405046
Rrbp1 12.1145818395139 10.17354939862 3.73418779405046
Clk1 11.9513540021191 10.17354939862 3.73418779405046
Smarcd2 11.6799259701261 10.17354939862 3.73418779405046
Vwa5a 10.3889653824051 10.17354939862 3.73418779405046
Glul 11.7849610224289 10.17354939862 3.73418779405046
Arrb2 11.4717203569511 10.17354939862 3.73418779405046
Pros1 11.415313090188 10.17354939862 3.73418779405046
Ifih1 8.88841546660143 10.17354939862 3.73418779405046
Frmd4b 12.1904726516763 10.17354939862 3.73418779405046
Rin2 10.0137972126995 10.17354939862 3.73418779405046
Arhgdib 10.677726097009 10.17354939862 3.73418779405046
Tifa 10.6723597482397 10.17354939862 3.73418779405046
Arhgap17 11.1079285558079 10.17354939862 3.73418779405046
Phgdh 10.9712292951051 10.17354939862 3.73418779405046
Map3k3 9.20002523986776 10.17354939862 3.73418779405046
Appl2 10.8486048843585 10.17354939862 3.73418779405046
Maml1 8.77062104072085 10.17354939862 3.73418779405046
Parp12 9.33903499881959 10.17354939862 3.73418779405046
Trim47 10.0914805439239 10.17354939862 3.73418779405046
Lgals3 8.39129093689733 10.17354939862 3.73418779405046
Kdm3a 10.4744787376825 10.17354939862 3.73418779405046
Ddx26b 12.2468247856479 10.17354939862 3.73418779405046
Slc25a45 10.8446724447982 10.17354939862 3.73418779405046
Jmjd1c 12.6964155907754 10.17354939862 3.73418779405046
Plcg2 11.1456382313506 10.17354939862 3.73418779405046
Ccdc93 11.6280726820727 10.17354939862 3.73418779405046
Mlxip 10.979316932642 10.17354939862 3.73418779405046
Sash3 11.2827116875116 10.17354939862 3.73418779405046
Themis2 10.0072343518523 10.17354939862 3.73418779405046
Smo 8.90264219609323 10.17354939862 3.73418779405046
Stard8 9.0910710928602 10.17354939862 3.73418779405046
Mpeg1 13.5781184656323 10.17354939862 3.73418779405046
Hspa1b 12.6715792604311 10.17354939862 3.73418779405046
Pcf11 9.47016745398787 10.17354939862 3.73418779405046
Xist 12.7814738520482 10.17354939862 3.73418779405046
Cd48 10.0036336466823 10.17354939862 3.73418779405046
Akna 10.6519382313125 10.17354939862 3.73418779405046
2810474O19Rik 10.2582255456019 10.17354939862 3.73418779405046
Sult1a1 9.83315975441973 10.17354939862 3.73418779405046
Fes 10.6453727108248 10.17354939862 3.73418779405046
Cep152 9.46016705782019 10.17354939862 3.73418779405046
B2m 13.1977909317878 10.17354939862 3.73418779405046
Diap2 10.2534156378815 10.17354939862 3.73418779405046
Egr2 11.2779367742076 10.17354939862 3.73418779405046
Ccrl2 11.412796081801 10.17354939862 3.73418779405046
Lcn2 11.5003470873269 10.17354939862 3.73418779405046
Hbb-b2 7.85273730267384 10.17354939862 3.73418779405046
Gimap6 8.35675485784954 10.17354939862 3.73418779405046
Myo1g 9.16480303343511 10.17354939862 3.73418779405046
Tmem173 11.0209006256616 10.17354939862 3.73418779405046
BC028528 8.86286621957845 10.17354939862 3.73418779405046
Erbb2ip 11.0004376177812 10.17354939862 3.73418779405046
AF251705 12.004730998868 10.17354939862 3.73418779405046
Arap1 9.10079518529151 10.17354939862 3.73418779405046
Hmha1 10.4033953674837 10.17354939862 3.73418779405046
Tnks2 11.7411792020809 10.17354939862 3.73418779405046
Rreb1 9.70547877386974 10.17354939862 3.73418779405046
Gmip 10.1713248884895 10.17354939862 3.73418779405046
Nckap1l 11.1568327951404 10.17354939862 3.73418779405046
Macf1 9.98576548532623 10.17354939862 3.73418779405046
Atad2b 10.0724034854329 10.17354939862 3.73418779405046
Abcc3 9.76277744586897 10.17354939862 3.73418779405046
Rnf130 12.3494664534299 10.17354939862 3.73418779405046
Rhoh 10.549623104043 10.17354939862 3.73418779405046
1700017B05Rik 11.7692217223209 10.17354939862 3.73418779405046
Srgap2 11.8017176592162 10.17354939862 3.73418779405046
2810043O03Rik 8.44135319965957 10.17354939862 3.73418779405046
Gusb 11.5188785741544 10.17354939862 3.73418779405046
Lair1 10.6130187631943 10.17354939862 3.73418779405046
Twf2 10.8208380782391 10.17354939862 3.73418779405046
P2ry12 12.4746819840061 10.17354939862 3.73418779405046
Apoe 11.4022383248619 10.17354939862 3.73418779405046
Fubp1 7.87516806308546 10.17354939862 3.73418779405046
Epb4.1l2 12.5141878325852 10.17354939862 3.73418779405046
Pld4 12.0206051656766 10.17354939862 3.73418779405046
Nisch 8.62180777785386 10.17354939862 3.73418779405046
Lrrfip1 10.9400431244598 10.17354939862 3.73418779405046
AU020206 9.79188957346073 10.17354939862 3.73418779405046
Fermt3 11.3312647513459 10.17354939862 3.73418779405046
AW112010 8.18369323968373 10.17354939862 3.73418779405046
Tgif2 9.99623865035626 10.17354939862 3.73418779405046
Dennd4c 8.60705417353 10.17354939862 3.73418779405046
Ankrd44 11.6744535697079 10.17354939862 3.73418779405046
Kctd12 12.185543532286 10.17354939862 3.73418779405046
Mtdh 11.8406694857093 10.17354939862 3.73418779405046
H2-Aa 10.7894269702174 10.17354939862 3.73418779405046
Fam105a 11.8900076562701 10.17354939862 3.73418779405046
Cpne3 9.42163896746908 10.17354939862 3.73418779405046
Herpud1 12.5159313960105 10.17354939862 3.73418779405046
2610528A11Rik 7.86623713531595 10.17354939862 3.73418779405046
Mast3 10.820337953907 10.17354939862 3.73418779405046
Cd300a 9.88309640091064 10.17354939862 3.73418779405046
Osbpl11 9.85663628268376 10.17354939862 3.73418779405046
Tmem71 7.88522201218847 10.17354939862 3.73418779405046
Wipf1 10.4629969820139 10.17354939862 3.73418779405046
Lyz1 12.1662559978148 10.17354939862 3.73418779405046
Clcf1 8.65510766759181 10.17354939862 3.73418779405046
Adrb2 8.04029829865073 10.17354939862 3.73418779405046
Lrrk1 9.2169215889832 10.17354939862 3.73418779405046
Zfp36l2 12.439882687873 10.17354939862 3.73418779405046
Il10ra 11.9839212283458 10.17354939862 3.73418779405046
Hexb 13.9346832426844 10.17354939862 3.73418779405046
D530037H12Rik 10.2564249540948 10.17354939862 3.73418779405046
Rbm5 8.3025396995835 10.17354939862 3.73418779405046
Rab20 9.52042754395053 10.17354939862 3.73418779405046
Slc9a3r1 10.4599610051368 10.17354939862 3.73418779405046
Vim 7.9306019252528 10.17354939862 3.73418779405046
Grn 13.5521140781199 10.17354939862 3.73418779405046
Bach1 11.8613788138478 10.17354939862 3.73418779405046
D9Ertd306e 8.19945017537725 10.17354939862 3.73418779405046
C79242 8.62864714756362 10.17354939862 3.73418779405046
Fam46c 12.3550028613422 10.17354939862 3.73418779405046
Ctsa 12.9509349108417 10.17354939862 3.73418779405046
Pald1 10.9785325599872 10.17354939862 3.73418779405046
Ifngr1 12.0357079893049 10.17354939862 3.73418779405046
Tcn2 12.2009774284341 10.17354939862 3.73418779405046
Anxa1 9.44951730885527 10.17354939862 3.73418779405046
Cmtm3 9.86902934165744 10.17354939862 3.73418779405046
Ppp1r15a 12.6949179793628 10.17354939862 3.73418779405046
Slc15a4 11.2945119129819 10.17354939862 3.73418779405046
Dhrs3 10.9504578835445 10.17354939862 3.73418779405046
Lrmp 8.81165282774176 10.17354939862 3.73418779405046
Olfml3 13.5847807250187 10.17354939862 3.73418779405046
Pla2g4a 9.53408946100642 10.17354939862 3.73418779405046
Ncf2 10.9263417405773 10.17354939862 3.73418779405046
Il7r 9.24960705759555 10.17354939862 3.73418779405046
Ctss 14.1436377001564 10.17354939862 3.73418779405046
Cd53 12.7058528961117 10.17354939862 3.73418779405046
Fcgr3 13.3678397073662 10.17354939862 3.73418779405046
Hps4 12.4032005490264 10.17354939862 3.73418779405046
Lrp1 11.0278863741599 10.17354939862 3.73418779405046
S100a9 12.1512954978643 10.17354939862 3.73418779405046
Dusp1 14.0972400899769 10.17354939862 3.73418779405046
Traf5 8.95498899555541 10.17354939862 3.73418779405046
Lgmn 13.3819300248455 10.17354939862 3.73418779405046
Klf2 12.9546948291203 10.17354939862 3.73418779405046
Fcrls 13.538343734353 10.17354939862 3.73418779405046
Trip6 9.13109177292618 10.17354939862 3.73418779405046
Tlr1 9.60520010506197 10.17354939862 3.73418779405046
St3gal6 9.57804078151655 10.17354939862 3.73418779405046
Rhob 13.4348557298283 10.17354939862 3.73418779405046
Selplg 13.5701528797604 10.17354939862 3.73418779405046
Cd68 12.2655547644002 10.17354939862 3.73418779405046
Gpr65 7.70886230022633 10.17354939862 3.73418779405046
Ebi3 9.33772747039388 10.17354939862 3.73418779405046
Csf2rb2 9.47900201616068 10.17354939862 3.73418779405046
Atf3 13.284073086988 10.17354939862 3.73418779405046
C1qc 13.5961558255427 10.17354939862 3.73418779405046
Chst7 10.8148655259312 10.17354939862 3.73418779405046
Hck 11.7859620796645 10.17354939862 3.73418779405046
Tmem100 8.41986387792518 10.17354939862 3.73418779405046
Gcnt1 7.991253437913 10.17354939862 3.73418779405046
Casp4 9.26315299804554 10.17354939862 3.73418779405046
Abcb4 9.37605780578859 10.17354939862 3.73418779405046
Per1 12.1017921149289 10.17354939862 3.73418779405046
Ly96 8.91937274322914 10.17354939862 3.73418779405046
Lag3 9.80016274610109 10.17354939862 3.73418779405046
Cxcl2 10.7266031675695 10.17354939862 3.73418779405046
Ltf 11.851175722853 10.17354939862 3.73418779405046
Cx3cr1 12.8730629616277 10.17354939862 3.73418779405046
H2-D1 12.6327304628196 10.17354939862 3.73418779405046
Stab1 10.7605924600716 10.17354939862 3.73418779405046
Ms4a6c 8.68050527596187 10.17354939862 3.73418779405046
Evi2a 12.5942263303086 10.17354939862 3.73418779405046
Il6 8.13911235858362 10.17354939862 3.73418779405046
Pdgfb 10.7325445782435 10.17354939862 3.73418779405046
Mrc1 7.99313411604932 10.17354939862 3.73418779405046
Cbl 10.680668532199 10.17354939862 3.73418779405046
Cd33 8.96248766850356 10.17354939862 3.73418779405046
Itgb2 11.9243168449721 10.17354939862 3.73418779405046
Rgl2 11.1504283303664 10.17354939862 3.73418779405046
Adamts1 11.4689263478583 10.17354939862 3.73418779405046
Ang 8.34675454689537 10.17354939862 3.73418779405046
Sh2b2 9.2750055292418 10.17354939862 3.73418779405046
Tyrobp 12.872201384089 10.17354939862 3.73418779405046
Ptplad2 9.63872914137264 10.17354939862 3.73418779405046
Slc29a3 11.7903703089593 10.17354939862 3.73418779405046
Vasp 10.5536942779316 10.17354939862 3.73418779405046
Pbxip1 10.4609020888979 10.17354939862 3.73418779405046
Emr1 12.7903721087621 10.17354939862 3.73418779405046
Nrros 12.3097176638707 10.17354939862 3.73418779405046
Tmem119 13.7335005220805 10.17354939862 3.73418779405046
Pnpla7 10.5591266313939 10.17354939862 3.73418779405046
1810011O10Rik 8.45121368033437 10.17354939862 3.73418779405046
Slc46a3 9.89987469037992 10.17354939862 3.73418779405046
Parp14 9.22364341007536 10.17354939862 3.73418779405046
Ttr 13.2899892726514 10.17354939862 3.73418779405046
Havcr2 10.538253418377 10.17354939862 3.73418779405046
Alas2 10.1462688588052 10.17354939862 3.73418779405046
Cmtm7 10.4128713125775 10.17354939862 3.73418779405046
Mafb 11.0489700121364 10.17354939862 3.73418779405046
Apobec1 9.60585585332662 10.17354939862 3.73418779405046
Blnk 11.8256575206264 10.17354939862 3.73418779405046
Tmcc3 9.18215566840257 10.17354939862 3.73418779405046
Notch2 10.9771741155417 10.17354939862 3.73418779405046
Daglb 9.97127658837575 10.17354939862 3.73418779405046
Alox5ap 12.5974435879102 10.17354939862 3.73418779405046
Fyb 11.6377216118874 10.17354939862 3.73418779405046
Sepp1 13.7329438196343 10.17354939862 3.73418779405046
Nup153 10.7524576815046 10.17354939862 3.73418779405046
Ctla2b 9.67840248028284 10.17354939862 3.73418779405046
Sall3 9.65254474009787 10.17354939862 3.73418779405046
Hspa1a 11.8173372899826 10.17354939862 3.73418779405046
Slc37a2 8.79411898885638 10.17354939862 3.73418779405046
Zfp36 13.4481818753213 10.17354939862 3.73418779405046
Abhd15 9.85244350316464 10.17354939862 3.73418779405046
Cyba 11.683487063587 10.17354939862 3.73418779405046
Iffo1 10.7691049921289 10.17354939862 3.73418779405046
Spata13 11.8423721764084 10.17354939862 3.73418779405046
Wasf2 12.4099034178626 10.17354939862 3.73418779405046
Scarb2 11.7967322153137 10.17354939862 3.73418779405046
Vgll4 9.89051963441657 10.17354939862 3.73418779405046
Ptpn6 11.3447432428118 10.17354939862 3.73418779405046
4833441D16Rik 9.44333514879099 10.17354939862 3.73418779405046
Tec 10.193963488774 10.17354939862 3.73418779405046
Cd52 8.77120540091781 10.17354939862 3.73418779405046
Irf5 10.3658986193304 10.17354939862 3.73418779405046
Wdr81 11.5953862047792 10.17354939862 3.73418779405046
Klrd1 7.50002953623071 10.17354939862 3.73418779405046
Naip2 10.6301514409205 10.17354939862 3.73418779405046
Anxa3 12.8961234593997 10.17354939862 3.73418779405046
