Gja1 10.7501454396572 5.70995139444461 4.77581017041243
Syt4 9.51327807480019 4.53588058690996 3.78848537329462
Cldn11 8.93605876100143 4.54453902028363 4.159821357329
Olig1 11.0966629325493 4.75132341799453 4.45571251673816
Plekhb1 10.1953058015495 6.78971292526968 6.40244590164617
Il33 9.2311165032287 5.07915974326494 4.81267855643085
Pdyn 8.83743581573293 4.95936054833338 4.53429258215449
Cryab 11.2020615123885 5.98178316621349 4.74411993602542
Thbs3 9.47530496288299 5.68291968036351 5.30505553127977
Tppp3 11.614054553236 6.86414991460575 6.05188372446234
S100a10 11.5613522171225 7.37920687746477 5.26460936080796
Tac1 9.86505566547701 6.4031271941467 6.27020996453625
Sox2 8.84828221232423 4.76176481865446 3.97671483192042
Pcdh8 8.35759082295191 4.82460958568245 4.26558659633135
Rab27b 9.47488507130566 5.82780937586802 4.4779962917443
Mal 11.1321090455843 6.55012347748784 4.94239798301968
Dmd 8.06912452951233 4.28903189955423 4.02971559073028
Fxyd6 10.4315189466292 6.44558658431877 4.99726832207823
Calb1 12.4523500110088 4.67871936313774 4.57252397671725
Cyb561 11.2409645421069 7.83469226210312 6.37893396497334
Kcna5 9.32722565582299 4.78265788099146 4.48555011534656
Cidea 9.35583588097026 5.44811373423286 5.26497331101893
Ngb 11.7119940213767 7.29840842321618 6.09694205458789
Ppp1r14a 8.56480325390172 4.63310528987546 4.29050199221529
Lhx2 8.64556327527206 4.5021170345041 4.46972851436558
Foxg1 9.84268827652283 4.5078372292254 4.05575319804936
Tpd52l1 10.290996831811 6.41839804832382 6.08336150671825
Avpr1a 8.90331763559194 4.97996659582604 4.54410037046675
Slc17a6 10.6061522751798 4.94718586674182 4.67799739691097
Ccdc109b 9.25640040184716 5.48194245547816 4.68630920438248
Ugt8a 9.64700835440006 5.28632027425812 4.28212134295299
Lhx9 9.89650151753568 4.44347364206912 4.21298870009105
S100b 8.94423317446673 5.15560107628334 5.13768141674894
Cck 9.7895709817447 6.10547991264276 5.75272830962722
Mbp 12.5124529476143 6.71381807963564 6.65933971803544
Lor 9.26529931119843 5.47039977672275 5.43585824604675
Hcrt 13.8400493748251 6.75425346805371 6.32617431199587
Epha5 9.02332639743921 4.9744495137663 4.77822791133774
Mt3 11.7461151816438 7.7790180717516 7.14360435121843
Nptx2 10.0327709352716 5.90745674953495 4.46076987503009
Ndrg1 10.5220541421661 7.17237897974536 5.05611378515158
Mobp 9.5344288375858 5.14995659206786 5.00560385847125
Nkx2-2 8.37069892900947 4.75297181206265 4.53710415592198
Cckar 9.57285395188322 4.35457905642416 4.08965293982878
Pcsk1 10.16597054232 6.62758142601075 5.25242821658728
2010204K13Rik 13.481734517258 7.27006119824252 6.16402588034291
Rit2 11.947317393039 6.52548610265934 5.76085122839262
Elavl2 10.9021050692905 5.34123992228117 3.96490990519268
Rprm 8.6856314740076 4.89456334225219 4.60013210565644
Nts 9.36761277338016 5.59211485038457 5.08174592298915
Igfbp3 8.70370116777851 4.52242013856907 4.38178781496626
Id4 10.4395125596805 5.98922340070208 5.19574794365202
Cbln1 12.4502487965846 4.44823340880057 4.41641986532907
Timp4 8.9947821794659 5.04055256512091 4.47889769341516
Zic1 9.63641667714679 5.17668280074973 4.90891765190558
Nnat 12.0742058276553 5.8000625762877 5.31247118866322
Zwint 10.6798356166938 6.35123094296341 5.8850205430862
Ptgds 10.7327815491146 6.01571134796179 5.25301968036465
Mmd2 10.3941488850137 5.59165052592536 5.26924727266131
Tspan2 9.42643248048363 5.23532612000295 4.98636577100943
Cdh22 10.2435028692537 6.87259017333255 5.77162362495849
Car8 8.94870278949264 4.91055689601565 4.73512015065282
Aqp4 8.69091177470535 4.70953760114534 4.68018951371101
Plp1 11.677268838257 6.24825944861692 4.52139492413932
Tsc22d1 12.4087106754765 8.63559625898849 8.48384089920897
Rab40b 9.2552481630179 4.86246135442993 4.55347271326116
Hmx2 7.87318756926406 4.30151130013616 4.29506341156164
Ddc 10.0817610159972 5.13898006844343 4.87853682935521
6330403K07Rik 14.2441769882763 10.921230727285 5.49148890338074
Penk 9.76773374660113 6.29544571156456 6.23257394845997
Mal2 9.84246219530395 4.60446723153928 3.99793190726517
Tmem158 10.4805057194226 6.03980226862491 5.39302467905623
Tdrp 9.43770901923264 6.08961891721142 5.67259220913076
Rhpn2 7.61430176650136 3.86789349513386 3.81396206287948
Mela 11.1090403068843 4.3437115127413 4.11532180692941
Clvs1 10.105883485922 6.74641884183391 5.76652959839034
Lrrtm1 9.74577322708507 5.73509695024606 4.62985166849414
Spint2 9.60684026824707 6.03902057766597 5.47016193753088
Ctla2a 8.32813574511137 4.61194387345766 3.70051942727056
Mog 8.04097142007193 4.22895818578005 4.04688390730576
Gpx3 12.6111063593571 7.91346307365423 6.64670614960687
Cdkl2 9.52659324795217 6.09335962849557 4.34104803764499
Rspo1 8.73536859196915 5.09091131447845 4.74804932219088
Trhr 9.7744986394931 4.67846132251314 4.05990402972886
2010005H15Rik 8.88994120203661 4.91918681149363 4.86098264299168
Dlk1 10.4766581874079 6.83718045631954 5.69653759709951
Spock3 8.29534417357903 4.7708624753211 3.60042042850014
Fabp7 9.24290177053388 5.21372209712263 5.05515172445386
Gpr37 8.32086950049726 4.78546126597273 4.34119012774805
Calb2 11.889857528334 7.956037701814 6.4500255925184
