Golm1 13.1709345745481 7.81787646688469 6.55500863867678
Dusp6 12.2043335698759 5.40984717292094 5.16494928688017
Tgfbi 10.1729708775644 5.74252925029047 5.5821805279521
Sgpl1 9.54910293773426 4.84233102700729 4.70217563942192
Junb 11.5780026398467 5.68326778329059 4.75293528312553
Lcp1 11.8463632704423 4.74946477988088 4.41941096939895
Txnip 13.6993914736524 7.48153976349653 6.30113629634528
Klf10 10.1153774463127 5.48528277759816 4.63882851066019
Cd9 11.8962881279299 7.01530000660622 5.4879467043964
Cd34 10.5911587485583 5.97255844828044 4.56193746196467
Zfand5 13.0724898086973 9.67982918486339 8.02970605439531
Tpst2 11.1246231388186 7.55654787244061 6.57323900205072
Cd83 13.2264749464343 9.34171464945699 7.53461579142187
Sipa1 11.1257432146877 6.36543130071142 5.8610911800249
Coro1a 12.6004028717715 8.64250814057157 5.48311729038173
Btg2 11.4968904593275 5.86594479176929 5.5329254734423
Tnfaip2 9.08145533726492 4.33824011960917 4.23499337881242
Cyfip1 12.6066769077138 8.52994712971533 7.50566268510502
Lamp2 11.6172171151883 7.50294580114196 7.48926702427109
Snx18 11.9105809619856 8.4294740205294 7.83684361224507
Ctsc 12.6065842886925 5.12589769697533 5.11672618480191
Rcbtb2 9.51693799161507 5.67608434017099 5.28108261653305
Tubb6 9.94309885815544 6.25472550909518 6.09538184630612
Ier2 13.4150634942812 6.7491876354616 6.07781503488277
Rab32 7.60118101811754 4.08811797686037 3.84374928095191
Nfe2l2 11.3735710823378 5.47588526795278 5.44486306766406
Socs3 12.8363611039744 4.68358519453261 3.97488239695901
Scamp2 12.0782300087712 8.60873013295488 6.60952106170499
4632428N05Rik 12.9592128362635 5.78460567275198 5.09072465032576
Spint1 10.3415667614487 6.79288207133088 5.33614406933543
Afp 8.20241684612463 4.24719404367252 3.98590187855466
Clic1 11.3846871257571 7.6290619545259 5.93020676039455
Plxnb2 11.1751053377305 7.08543072707076 6.43777554202865
Irf8 12.5606886061131 5.69208098197253 5.46671668367055
Dnajb1 11.4072973894197 7.89165757776188 6.17805799078972
Mical1 8.88736256308852 5.36374981338975 5.04461906174011
Fkbp7 9.58447874704344 6.04267768477331 5.09010505462687
Tbxas1 9.77227819439976 6.41418598600752 6.22566218166564
Slc39a8 8.3702572354114 4.25508445836668 3.80356287480195
Mcl1 12.1472433486191 7.39196044045732 6.32092440357137
Rps6ka1 12.439882687873 9.07303459931466 7.0026964451835
Tnfaip8 9.91373565516323 5.19044036573458 4.76862672761103
Sirpa 12.4962163654576 8.73235796872189 8.55629015825447
Slc40a1 11.6365802495677 7.20548302369409 5.84109318794398
C1qb 13.3846079047961 5.16996411734997 4.9544211246104
Syngr2 11.4559121689701 5.78045829582971 4.8366299563652
Man1a 10.4296468533452 6.38101390063941 5.4430899848412
Plekho1 10.6038456884602 6.93437053045245 5.64309156601397
Pmp22 12.2653168767854 8.48537862151248 8.08739370087142
Usp2 11.7287066241903 7.33779506640921 6.17529345687099
Ccl6 10.223717633042 4.77690356896696 4.49657186678096
Cd14 13.3052539164274 7.23293369561454 5.81237559338127
Tob2 11.2284375997777 7.6485491172776 5.65048085457943
Pycard 11.8185468367102 6.59977367024725 5.49297517117774
C1qa 13.2380236204344 6.65420385646279 5.89784695377695
Il16 10.7022595486227 6.04141502223308 5.62442110426338
Slc7a7 11.052383619296 5.48616603685868 4.86285110800583
Klf4 12.698526861476 5.17977833127529 4.98429445771538
Sertad1 10.6747710405396 6.71238909504598 5.86357805711282
Jun 13.1567215574815 6.93074626595586 6.76415624382569
Srgn 13.2509970787582 7.39064193911756 6.16140278275713
Myh9 12.5865032254667 8.00133473247199 7.03889876546411
Nfkbiz 12.6860754101133 5.00382498983108 4.89447606328195
Tgm2 11.7718766956168 7.76107698006436 6.21360226870599
Plek 13.0669588958399 7.53413918681714 5.83596454015247
Itgb5 13.3318370523038 5.31153306009077 4.34113809878336
Elf1 9.08676867890006 4.65213592789317 4.43338478500491
Cln3 9.94836220653156 6.44524330168079 6.0174149536933
Rgs1 11.2541972267774 5.05438915706028 4.76713171037749
Ier5 13.0591463203827 6.84232156175131 5.58009828829705
Snx5 12.5628056055199 8.86931028970735 4.9222138062941
Elk3 10.4901390004177 6.38542826911907 4.76408485489287
Naglu 9.26626288253695 5.59467991715346 5.38226043308133
Laptm5 13.2497958585741 8.65440236921423 7.16325607165464
Ptgr1 10.0953671914278 5.75332400784642 5.70119782740985
Serinc3 10.8737843005988 6.94241001007782 6.32069192469956
Ctsz 13.0341451754765 9.25124861709975 5.17892077253871
Fcgr1 12.3056772228307 4.58284480008779 4.58002307715704
Slc16a6 11.601886645942 6.6263065837295 5.86456588112715
Pdlim4 9.4700059993897 5.10537620575198 4.88927404943171
Ccl9 11.5606702750711 5.52188095084674 4.94474005160343
Tnfrsf1b 11.5849644137814 7.43726839678541 6.0360449385543
Inpp5d 12.5199395399242 7.03014396230399 6.44272060680746
Aff1 10.5286978143419 7.10653841737235 6.66416950960704
Tlr4 9.52419084436795 4.88713787597248 4.47612886996073
Pmaip1 7.94812896443572 3.99442360946552 3.98202256577992
Aif1 11.8782125697407 6.11790994057383 4.85540286932947
Lims1 11.3895886323577 7.71893246692577 6.9771433621346
Syk 11.2305153374971 6.38897849139146 6.24692632674482
Klf6 12.1614928848338 6.47679420820429 6.46598880920181
Mknk2 10.9559680185081 7.52249256330338 6.6783168511981
Crybb1 12.3010895138039 6.71801019816564 6.68444230675597
Fcer1g 12.6409109862305 7.41130904557362 5.94991686359854
Ctsh 12.8519091129382 6.42388880106216 5.60927182921131
Gbp3 8.5913202656342 5.02277775915445 4.99813535163871
Gpsm3 9.66649074936397 5.36090413193814 5.29319669942605
Ncf4 10.7081144474155 5.56035060288513 5.3309925147691
Nrip1 11.6975319588524 6.77172718777623 6.7183447822658
Ggta1 10.3145780373454 4.77909861154971 4.6989669145929
Calcrl 7.84138491604448 4.27450625754152 4.07142460177632
Lcp2 10.3889718130272 5.08499053761248 4.79241833023248
Ngp 12.4329204009581 6.4874713929252 5.5766298330813
Spi1 10.2850028049619 6.19803687271543 6.15216045951948
Atp7a 10.1404314445784 6.52317153068692 5.51280669049432
Csf3r 10.4703586336665 6.75617697337457 5.33485372204955
Ms4a6b 11.1222234312687 5.40129215033183 4.77646803918208
Hcls1 8.83239317939796 4.91920300202301 4.7605150281509
Pabpc1 11.1513836653323 5.50257396199869 4.22173130596204
Skap2 11.9890479352489 8.01936727371687 7.95776920431615
Cebpb 11.6879517821222 7.75308045260049 6.22893007825679
Plxdc2 12.0633823649962 6.79281789527198 5.87075821520247
Cxcl10 9.83264446685726 5.78360145180604 5.38683573418712
Cysltr1 9.33333349087416 4.51518553133666 3.97070946459673
Cebpa 9.88957255483431 6.00640439012915 5.22835553061529
Cttnbp2nl 11.7204560544011 5.94909234671835 5.35367810986219
Lyl1 9.97533629065994 5.47466786290175 5.13154208961031
Ptpn18 10.4025712369028 6.61093345343117 6.47729001042149
Tlr2 11.9268402473875 6.36833032210211 5.72000785951619
Serpine1 9.52331793271942 6.17695944851696 5.03631312480609
Sox4 9.95630765129675 6.44296680514083 5.53106553707081
Cd37 10.9048574016166 7.06355432547475 5.49805032883379
Map3k8 10.2849700718244 4.82360959627746 4.77025950115854
Myd88 10.7278217724093 6.55493498033037 6.13553505919202
Ccl12 10.5112043294489 4.65508810475518 4.51172839699346
Arhgap4 9.36525554969312 5.85227023957944 5.31906839120905
H2-Oa 8.7917936065526 5.29809836998236 5.01001192406197
Pon3 9.20297150005047 4.76497697171239 4.22350334069156
S100a8 13.0395448654869 4.84118070817487 4.57564722388281
Il10rb 10.7116513838826 6.97734579943377 6.92589588053404
C3ar1 11.7072754362155 6.88232538118501 5.28647222573661
Fgd2 12.1304825880125 6.34242133832525 5.95044766851686
Rela 11.8428094359349 8.40457452136663 6.65532131553377
Ccl3 13.4953964323281 5.61318733211268 4.46578135019015
Ms4a6d 11.3799791784438 4.83386329757179 4.77282534926274
Ier3 13.4963591841383 9.44613162228789 8.03579821490133
Nupr1 9.93831898336817 6.41680902138036 5.23626734399373
Camp 12.113738407204 6.29227962065202 5.64065655637959
Klk8 10.2464469222101 5.54258326514076 5.3650752786797
Actb 12.5645790625352 9.14518456592369 7.68727010838995
Chil3 11.1159878878753 5.25876066875018 3.92584729176653
Arap3 9.86775374576886 4.39222588813888 4.04763699102234
Tlr7 11.2112407400947 5.55922902566912 4.89457861813598
Hpgd 12.0107499612859 5.03236307145536 4.8189109676016
Mcm3 8.92535440058905 5.49977742861227 5.32621099955123
Slc11a1 11.4154854568916 7.84282837122722 5.28384223943574
Ccl2 9.49866288250659 5.28615012090923 5.19594696991683
Cd86 11.6419705628058 5.14556553113073 4.71105149249163
Prkd3 9.70383275414416 6.25785177100352 6.18230049590258
Gpr84 11.5935377294956 5.71332074914037 5.62847258310739
Vamp8 11.9027573726861 6.76829972551242 6.59686758321236
Tcirg1 11.3257053795282 7.8999957905781 6.99379959832159
Trim12a 8.5835260320544 4.33101920973239 4.32168627078033
Slc15a3 11.5219827541908 5.30375301539832 5.20380307155055
Rel 9.30153835661437 5.35714751854281 5.10731123549168
Tsc22d3 11.4721491337919 7.35148347765647 5.60194231799799
Sla 12.3378861062474 5.92554103453677 5.86385432355273
Tgfbr1 13.4953964323281 7.22513356299372 6.52681076174848
Snap23 8.47917138557207 4.3733602568434 4.04575753320395
Asph 11.1131392793095 6.38425466819652 4.94693801382238
Ivns1abp 12.7182126498181 8.56283111000062 7.63941913049674
Adcy7 11.9646243532397 8.50881023018353 8.19066068182659
Rbm39 10.4094928984617 5.29673889461482 4.92653325654345
Mef2c 11.5742405985012 8.12143657888112 7.54334296025416
Vamp3 10.8638436564196 7.37100374959721 7.09179557425524
Bmp2k 11.3162621163235 7.16325401601719 5.93443667688005
Lgals9 9.80576100376818 5.68188361671842 5.61207617952951
Trem2 11.528689695107 7.46665973273315 6.47261880044463
Gna15 8.93153578094543 5.58012243960327 5.38286526075618
Birc3 10.7521481640029 6.71056433420743 6.59000585318106
Igsf6 8.68495551282954 4.34841829209232 4.20432681199864
Samsn1 8.95535277925432 4.65069343449407 4.56878647713538
Il1a 10.5450729398403 4.67201176038911 4.15335539227649
Naip5 11.1347547074536 5.25827665345403 4.4618623786546
Ccl4 12.7516225784521 7.35305755503366 5.84096613377892
Klf3 8.44575749935971 4.80111620902187 4.47261031019392
Itpr2 10.8613975316724 6.65820574621794 6.06346270903409
Stat6 10.5031698578152 6.66234421654616 5.17351426792897
Msn 10.7217422633417 7.29118812541452 6.18305370599614
Abca1 12.0785728549459 7.79565747260817 6.00743646164653
Adam17 10.581995677351 6.14203316272621 5.33952476585896
Dapp1 10.626591308075 5.60481075596276 5.15182885219031
Clec4a2 10.1190075949126 5.20320714723349 5.19195358518618
Fli1 10.0832277034328 4.20313729918387 4.16211750437254
Ets1 9.75745818736726 4.21522068561254 4.0734092412638
Ptprc 12.4215732421658 4.73579946406633 4.44235096474408
Fosb 11.9818678393755 6.07031062520937 4.80268566230972
Ccr5 11.7087776692335 4.93106916445857 4.55749944942569
Il6ra 12.6405285425734 5.75125295474753 5.63453526477188
Tgif1 8.50458243562559 4.73587523569667 4.35015193791767
Pla2g15 12.3512186582331 8.01301640865359 7.19434679753938
Itga6 11.5906633280243 7.55462072669497 7.27594085548509
Ifi30 11.4062018650154 7.56660678081504 5.59655585354158
Cables1 10.7158993683559 7.18455126175335 6.50413680234024
H2-DMa 11.3395300052483 7.39224297718042 6.1680627533706
Zfp36l1 12.7019764996359 6.63967980150289 6.29059988174635
Gpr34 12.142699851518 4.32370705319971 3.90979543511672
Cr1l 11.6955153199688 8.3117703839726 7.6648613701595
Rnase4 13.0771643703574 6.4744876189018 5.85101623070616
Hk2 12.3164140648536 7.29208317722277 6.92884922879382
Fam111a 8.33832002390926 4.85496547523205 4.53708599238479
Hfe 11.3196450739578 7.6445650328459 7.5340817472141
Zeb2 11.4350095719432 7.34053499773457 6.9303816813628
Tlr3 9.63659550839082 6.18634654834201 5.27373065519736
Prkcd 11.3607793398998 7.1115401016635 6.81621297970915
Mertk 13.0985151577591 6.53127498003341 5.89126792992204
Cd84 9.96224237530016 4.69587305184597 4.60699044282793
Ly86 13.8305038298173 7.98739527185274 6.33479479715789
Vav1 10.4997459843954 4.27346509807157 4.13002858761693
Pag1 12.6736213180298 8.10992994408442 7.74341995258803
Fos 13.9327205870223 10.4866059880019 9.19506316547859
Cfh 10.8438396260437 4.17363360003381 3.86533217301116
Tnfrsf13b 9.66545251361214 4.73818280246355 4.25909738756217
Cebpd 10.5744174492867 5.03855347090166 4.36861052095891
Hhex 10.060418644213 6.69950046488996 5.214466738708
Entpd1 9.58873000960094 4.62121195048847 4.44542432944815
Ptgs1 12.1626150793908 6.1231322717275 5.32122628605669
Adrb1 10.5218876655346 5.6548355142415 4.58069145721325
Stk17b 9.80355004387352 5.98192180926035 5.62358583762197
Frrs1 10.6966078261321 7.20309701466953 5.1930912665689
Lyz2 12.5660138290276 7.0202325313281 6.2801046153638
Ssfa2 10.4026641404164 6.44237282988295 6.42320341070904
Ccnl1 12.9368942943523 9.60683771103579 7.28586977159095
Galnt4 9.11869231898454 5.16240189863682 5.09089284841703
Ctc1 11.7422487728519 7.56724656278019 6.85406505057441
Unc93b1 11.3066168079527 7.05762133748959 6.55173138628791
Mob1a 11.6304802850351 7.85441439545368 6.6419840827322
Cmtm6 12.2803328178186 7.33295878079481 6.72109680174229
Wls 8.21516176510327 4.83121725446687 4.58546470198771
Tspan14 11.2007785813707 6.77339714591138 6.11652317681538
Lpcat3 11.4786154330381 7.46880743374793 6.99002984309491
Hvcn1 10.2856187487951 5.53340915804928 5.26639326056864
Edem1 10.5644676490564 5.06759915971348 4.9487972326617
Icam1 12.144222640413 5.78977854093053 4.79174868421074
Prkab1 10.8728158992286 7.45694587642143 6.52688804124042
Rbl1 8.51194870241016 5.13934414131404 4.91838348497935
Rcsd1 12.3223507478265 8.13291119235589 6.80159200940158
Npl 10.119227368812 5.81377039475901 5.31233030568056
Tmem140 8.46080936763924 4.83610033690029 4.64896618670351
0610040J01Rik 10.8106638816197 6.10370079527634 5.75239115543082
Tm6sf1 11.273380881778 7.64956375549523 4.27069247671389
Cklf 11.3324839569912 6.84115791875352 6.39069761867425
Casp8 9.83591177234681 5.78757941024193 4.72811542991976
Tmed5 10.4601759587631 6.63116616390831 5.89138303206582
F11r 12.1638127271072 6.11784196722112 5.80224920260734
Eva1a 8.63294613398656 4.99773824693711 4.33650922790503
Tor4a 10.4213155961976 6.67965728524297 5.4872276449647
Ptbp1 9.02225932629817 5.59109857517864 5.20355143549675
Glipr1 8.88148604367629 5.4946378955087 5.36259841178816
Lpxn 10.730982217212 5.4994384885886 4.41547112882727
Siglec5 8.337886172674 4.27089155834937 4.06043558283892
Fcrl1 9.27554865404005 5.89260978535975 5.12573849667197
Sppl2a 11.1847931951435 7.37796336900663 6.7910037693665
P2ry6 11.5909433501351 4.95126904549949 4.50613037810776
H2-K1 12.7949568117272 8.4182624515889 7.98268378597613
Tgfbr2 12.4312251246194 6.41737250988155 6.08457162055184
H2-Ab1 8.4512011309411 4.76966024882103 4.72173892608728
Ptprj 8.50606143624069 5.18372849303076 4.92443793995729
Ncf1 9.01873662127703 5.52978292743318 5.19079215636181
Il13ra1 9.69650941211153 5.86862901643534 5.27387422343229
Adap2 10.4876327911899 5.68034594298752 5.57874089246272
Lrba 12.293139019726 8.88047564548794 7.72232248930889
Pld1 10.7880824610021 6.8830257091043 5.93280841258443
Pon2 9.26937417743214 4.86844583376546 4.72912976025981
Capn3 10.437566906065 5.00896336879169 4.60280387063765
Casp7 8.22612436421626 4.7507843633869 4.69038526912893
Gem 8.28009388336886 4.05910261428733 4.01003183038157
Rrbp1 12.1135184174842 8.75744012231878 7.19490400649189
Glul 11.9439234863599 7.37318693554237 6.08537331422552
Arrb2 11.5161791808491 7.47352983560845 6.36006004389888
Pros1 11.4244912078995 5.8826829853297 5.56671884696719
Rin2 10.1302854085197 5.75380892027509 5.20925078986394
Tifa 10.6649959627868 7.00792902529347 6.25519004561217
Arhgap17 11.0358082941061 5.2616573919501 4.98789300318395
Phgdh 11.0663668828628 7.55944543059299 7.25313135462978
Parp12 9.52345845288495 5.51219439348794 4.88644994001266
Trim47 10.122871565472 5.58122520444851 5.29779250759136
Lgals3 8.71732817427299 5.01588506165466 4.67422782774782
Jmjd1c 12.7042728123964 8.78308950061492 7.93826674069487
Mlxip 11.0131464704826 7.60280981988392 7.06358439774213
Arsg 8.21968836256545 4.65556775285743 4.40977551261743
Sash3 11.2528818012755 7.69812331110833 5.53224985660829
Themis2 9.94919523666928 5.68128548127487 5.27916982022847
Mpeg1 13.5339312443488 6.93809272251488 6.52547168638096
Hspa1b 12.7328150924375 8.57179220601413 7.93281293950083
Xist 12.7732517233129 5.47593552836824 4.21387671200415
Cd48 9.99176185857167 4.81705441068342 4.55950832873004
Akna 10.5978331936346 4.92180412480329 4.70489332636654
Fes 10.5840546362038 6.89852240385802 6.33456734497372
Myo1b 8.42949791093437 4.99655235430223 4.7506636583374
Cep152 9.68353142517718 5.81651293190872 5.53544362623374
Diap2 9.90635960665803 5.37692416663113 5.33606436724605
Egr2 11.2144151601674 5.03008356269328 4.71319929697433
Ccrl2 11.4107831106411 6.15189241292606 5.60469416501455
Lcn2 11.7182561949748 4.26087059104156 4.19355366278901
Hbb-b2 7.86146929235822 4.18334716755007 4.15364184301453
Myo1g 9.04216166021584 5.64571968244042 4.78402987420586
Tmem173 11.1696407087511 7.03704036428038 6.44260241398404
AF251705 12.0057126252299 7.99554507903986 6.87680684123204
Hmha1 10.4487011332694 6.5191151805977 5.78718071319707
Gmip 10.2055870255081 6.26511576569285 6.19365230401276
Nckap1l 11.1526856630168 7.29967461065137 5.21433739588029
Abcc3 9.7509259850256 6.11293229508587 4.94744800253799
Rhoh 10.7637079698635 5.03907835362719 4.95741569873469
1700017B05Rik 11.7522974287947 5.81131267585253 5.65304962441263
Srgap2 11.7585843286276 8.391635535624 7.55255745865493
Gusb 11.4803411718158 5.79719894036024 5.31143963432973
Lair1 10.6612900224916 5.41300258879105 4.82626920939608
Twf2 10.9336973935694 7.50107465459595 5.51266832870824
P2ry12 12.4385715566921 5.12658227581261 4.3720735570862
Rnf19b 9.65744414029616 5.7298833668025 5.08721450939172
Epb4.1l2 12.5432840929574 6.73988019469425 6.4571173538093
Pld4 12.1700437011819 6.52829300213206 5.56579154083889
D15Ertd621e 10.0624486421296 6.22939826165825 3.9290877376301
Lrrfip1 10.7224886700699 5.34517037449896 5.00239665923768
Fermt3 11.4207362066657 4.65766809380069 4.20529545106803
Ankrd44 11.5679366187782 6.45804878353198 5.40124480040567
Kctd12 12.099676793357 6.20354610411539 5.09033216314013
H2-Aa 11.2644036954394 6.46420028396629 5.33373723557546
Fam105a 11.8820924454901 6.89954134391824 6.67110788564296
Herpud1 12.5116726598182 8.54503782161682 6.6435492519423
Cd300a 10.0530239896872 6.07864636401229 5.30579738577046
Tmem179b 9.57494076147868 6.25178799399633 5.33337692921118
Lyz1 12.2502412289951 6.23028696837688 4.80433306757938
Zfp110 10.6738601357144 6.4310035544113 5.34881970002771
Clcf1 8.68466038510135 4.05190922179894 3.85236355956429
Hmgb2 9.04290768492065 5.39878575328492 4.24957468895244
Zfp36l2 12.4004422821899 7.18735825239208 6.46032187129871
Il10ra 11.9867649941734 5.04251299420963 4.74863123296938
Hexb 13.9214339669789 10.0524428272525 8.76776170181956
Rab20 9.64744268247702 4.07058111119405 4.02116208642251
Grn 13.6303783372944 8.46943849855966 6.85805089536917
Bach1 11.7684659473826 8.13528307341213 7.54707163414478
Usp24 8.70392300506957 5.01171275421751 4.85445039363343
Fam46c 12.2421510197398 6.25214251934611 5.43317984205191
Ctsa 12.9644748360344 8.74430853117594 7.59009316531882
Ifngr1 12.016051864462 8.35887754022489 7.68102315495342
Tcn2 12.1195930224409 7.74380422058951 6.66511369928564
Cmtm3 10.0110497819572 6.27214393682427 6.05751064698942
Ppp1r15a 12.6593601245383 8.08614079265997 7.70662559318205
Slc15a4 11.356384012252 7.88291296771166 6.98244319632193
Dhrs3 10.8328899765314 6.81311570153196 6.52253840326691
Lrmp 8.89491220593798 4.67163098932571 4.48851222905984
Olfml3 13.5644607358692 6.88317544391589 6.40501626104174
Pla2g4a 9.55730250855793 5.48426148956823 5.34311241640977
Ncf2 11.109264808914 6.10209253761419 5.77909901633532
Ctss 14.1223387589978 9.30575971161671 8.47220670724221
Cd53 12.6270729328698 5.74630523466163 5.46247957581362
Fcgr3 13.3874319809845 6.29081022641214 6.09318016697289
Hps4 12.4456398299555 8.9442179990019 8.86138330180545
S100a9 12.2965410503709 4.97907610831983 4.82171338301467
Dusp1 14.1813580097059 9.31766798575217 8.51638603089032
Lgmn 13.4068999504885 9.07876133137598 6.64167512475472
Klf2 12.9915058739807 5.79664263465172 5.5546281578858
Fcrls 13.5200887013828 7.82131805887358 5.51075121122222
Tlr1 9.55990391864875 4.02640142648294 3.89858322706903
Rhob 13.3993450977518 10.040387527904 8.83404597727875
Selplg 13.492313873689 9.28317416153388 6.6164966012346
Cd68 12.2825968841945 4.99842811084089 4.99369779887918
Gpr65 7.85611733273235 3.95934440366926 3.80508172825176
Atf3 13.3007390383143 5.37030313286133 4.73198070268884
C1qc 13.5695399365939 6.39518933058799 5.33374371705563
Chst7 11.0545300964632 7.10654812763903 6.34257742881914
Hck 11.7192724128215 5.65535667198293 5.26748425031503
Gcnt1 7.89240442650036 4.41652121201327 4.32362172415443
Casp4 9.17977855891737 5.01755732567018 4.03630713652505
Ly96 8.98885773803667 4.44549066164947 4.26709327609885
Lag3 9.94342037341401 6.24593355904894 5.58287392113202
Cxcl2 10.9236295592129 4.82159544677216 4.21243785984126
Ltf 11.9771261319803 8.53512868980648 6.90053122367526
Cx3cr1 12.8322911670036 7.39471193230506 5.79170348141226
H2-D1 12.6856010965553 8.60949748814581 8.18015400591021
Stab1 10.7835801182221 5.46677951448556 5.36220051259505
Evi2a 12.5801879760248 6.57473401357951 6.49691507142977
Il6 8.3523884587654 4.13068865518257 3.94157508863074
Pdgfb 10.6620659529342 6.67385966475237 6.21832789583523
Mrc1 8.47267687587698 4.44841854520459 4.38189670096874
Itgb2 11.8281947861841 5.3797186852969 4.50848683910261
Psmb9 9.49408509768935 5.92048579220037 5.52260996985799
Adamts1 11.3973807177838 6.44338801529684 5.2885976540503
Ang 8.67340897437916 4.19276182518067 4.13164981395149
Sh2b2 9.32069277757714 4.70244446790851 4.65202795714965
Tyrobp 12.9035612805634 6.2812651710676 6.0934763406847
Slc29a3 11.6835560124248 7.103024551484 6.61803492121507
Emr1 12.777781853873 6.6091101147581 6.0771975783929
Nrros 12.3519497751025 6.76661886097697 5.73040464097619
Fus 10.7051445337461 7.16213085808206 7.16071775766435
Tmem119 13.699678559052 7.65813002787746 6.09725230139991
Pnpla7 10.5843197435089 6.83557974728636 5.33927352651593
1810011O10Rik 8.37120216738482 4.84218657765022 4.56749346826551
Havcr2 10.710530075929 4.39402547040201 4.21424389803198
Alas2 9.97256535353661 5.64001445333377 4.95229339471766
Cmtm7 10.4036329494645 5.23360535115782 5.15438100089297
Mafb 10.9849900615298 5.88188763806724 5.63439889025485
Blnk 11.8079240962002 6.02788486324073 5.85246709925485
Tmcc3 9.16895367720384 5.67832372240406 5.20213544175222
Notch2 11.035203297165 6.03790205053595 6.03733985114276
Vrk2 8.87003271247097 4.74286689764356 4.53367651608253
Alox5ap 12.5749967599795 7.61690292467359 6.97620906113473
Fyb 11.7159427823204 6.23551114507754 6.18032717579617
Ctla2b 9.94438247489242 5.83567796712374 4.44886754937479
Hspa1a 11.9245276178108 7.15283657022572 6.9464295527641
Zfp36 13.4960506681509 8.12253145359261 6.07525539751586
Abhd15 9.92497435981129 6.19571302664042 4.68113298640264
Lmo2 12.1717394598769 8.09253279909816 7.98354274769981
Cyba 11.7749627835735 5.84373824406793 5.37884281916888
Spata13 11.8360921296241 6.88894421714913 6.75725633874472
4833441D16Rik 9.33372525445037 5.47124097553219 4.69021293444009
Cd52 8.83934325002235 5.19499467908525 4.57833113247037
Irf5 10.4417221455899 6.69423639184584 5.87585653935651
Naip2 10.8151812852359 4.5957311884122 4.49400937905135
Anxa3 12.9131833282778 5.86818327692192 5.40053727781939
