Golm1 13.2088860971046 7.52773520859601 7.08726260678362
Cdc42 12.2814271639464 8.51632655008829 7.31502093506658
Ncl 8.89803829102399 5.45441380951383 4.83492860691242
Srsf2 9.43322429080775 5.88648558660314 5.66614278110177
Lbr 9.26026700746368 5.83377047491668 5.56705767046357
Tgfbi 10.1405547174483 4.66293191570835 4.60058591673906
Sgpl1 9.65202662527855 4.69576861770486 4.68371731403118
Mgst1 8.23811789844394 4.78592358978175 4.7125199738513
Junb 11.5348729987463 7.43242937244627 7.01029312115251
Creg1 11.431942679031 7.62908668081572 6.5743146704006
Marcks 10.1821516513047 6.38615133138424 5.52821220392749
Lcp1 11.8379992138945 4.34166339677852 4.32777026819968
Vcam1 7.97356793401619 3.98860927745854 3.96546550781469
Txnip 13.6791294028158 6.73883327518658 6.72499889089612
Cd24a 8.63220033720758 4.86684655317824 4.55653574337988
Sgk1 13.2260804623238 7.66139924310201 7.56774149621889
Flii 10.3803104347031 7.02251497304468 6.05353712031513
Cd9 11.7732224133317 5.25883731020997 5.04532814172071
Cd34 10.3774455408259 6.15274659858153 5.75272728626657
Hist1h1c 11.890888490012 6.64958586306386 5.03413419777243
Cd83 13.1517119399809 8.58600865862356 6.07012901214769
Serpinf1 9.39104855160023 4.79588580430628 4.64866310473487
Rdx 10.6914720152126 7.34107646140645 5.4985335705282
Pnrc2 11.1206908571715 6.45206110197259 6.32710263470065
Sipa1 11.0491157826369 6.6997597799671 6.50037859213498
Btg2 11.4551013031419 6.79008371404322 6.51904884885209
Tnfaip2 9.10265124910753 3.90122178396587 3.89122221617427
Litaf 12.4983539473891 7.71018202670967 7.68900475342491
Lamp2 11.6194145923605 6.90925451189307 5.6211185715545
Snx18 11.9053155899221 7.91446639635697 7.74615818672596
Ctsc 12.6316085285889 4.68703253511362 4.3320179321284
Rcbtb2 9.72307900109777 4.93555189808647 4.78196253861507
Cd82 9.3157369854898 5.97376572483938 5.59409705946493
Cat 10.1585476558835 6.49468692085124 5.83191354671129
Tubb6 9.85242182153089 5.6483655139879 5.36220052637056
Pfkfb3 9.94583213370668 5.40067313879885 5.08663936832184
Cd164 13.2978034137987 9.44490637699207 8.23090951919689
Ier2 13.4110457696294 6.1600247792081 5.90139421200434
Rab32 7.66476517985337 3.86016305148678 3.77410280910717
Pnp 12.8858417164647 7.24282295269513 6.70401595148988
Nfe2l2 11.3582431578503 4.84558763857338 4.67570686125167
Slc13a3 8.13492293346365 4.29215329557401 4.21788239887784
Socs3 12.872389729541 4.21631858983797 4.12110970218129
Sparc 11.7641395212327 4.5881730936793 4.55537111799748
Scamp2 12.177112436192 7.97628476153719 7.42902897036313
Acss1 9.88171693983298 5.04395417907581 4.92796782512944
4632428N05Rik 13.023417651154 5.12352501259295 4.87438061839895
Spint1 10.3486258835977 6.34296973706783 5.86459803952784
Smpdl3a 8.70716951484021 5.34131172657741 4.70571855474999
Afp 8.25927872186671 3.95714247164638 3.84273715563929
Stxbp3a 9.14589985302713 4.51241813464442 4.18453901109705
Clic1 11.3149596683149 5.64755254280773 5.10135196922863
Serpine2 12.4292988458714 8.1532128281725 8.10064514301363
Plxnb2 11.1948611499116 7.56097702236207 6.9972599654312
Tspo 8.76782882569728 4.60410172313441 4.4638207230197
Irf8 12.5830920544812 5.70677502040311 5.65818189934508
Mical1 8.6259861168379 4.23901454532075 4.22152312322888
Fkbp7 9.43023161113024 6.0009288417278 5.39286058988389
Tbxas1 9.82110086955256 6.40315481246274 6.05204437775667
Slc39a8 8.53981315614105 4.14831789232053 4.13538865665847
Parvg 10.3515058485033 6.52257221184849 5.95448049134682
Mcl1 12.2087835671601 7.23929892541612 7.15500403993893
Numb 12.2370666835434 8.61607087580201 8.50758927757228
Fam107b 10.6551081084502 6.84331994930881 5.63311241146732
Rps6ka1 12.4350911117328 7.36835679510282 7.13011845125481
Npc2 12.90173282109 8.47658158195052 8.46455970521342
Trp53inp1 9.67167265057964 5.55145144727791 5.50898799152452
Erap1 8.29621561532572 4.58713442499861 4.50276476535905
Tnfaip8 10.0379616559435 4.52566631577346 4.38266936681232
Fcgrt 9.44504578763108 5.9019493385391 5.71942772058373
Mfng 10.0773132550699 6.2499331716698 5.986277329596
Tmem206 10.0929242148177 6.0326418002789 5.99234978990158
Slc40a1 11.6104164701375 6.07560548064881 5.91368306698744
C1qb 13.334449855087 3.94383010300484 3.83647284260402
Cyp4v3 11.0641916928349 6.15353614656263 5.93739393784833
Qk 12.3204870335934 5.007169517428 4.14193175658821
Syngr2 11.4772980236412 4.78471223744273 4.49761521737618
Plekho1 10.5586272766999 5.9718691963287 5.43170948453233
Pmp22 12.2561794765965 5.36947757743432 5.04669196809572
Tmbim1 10.2174211647131 6.46893664483788 6.46651664372392
Tmem123 9.29418178130993 3.78704805928489 3.7185193590536
Ccl6 10.2968696260595 4.78212005438613 4.6985545638857
Cd14 13.2858211222074 7.04806595209688 6.91225714964943
Tob2 11.2110342965434 4.96941828018115 4.57138334079253
Pycard 11.7476509071618 5.40704257011686 5.31848407154783
Hsd17b4 10.6991305094227 7.24005194076191 6.84516523865536
C1qa 13.2023340640432 5.98441021847714 5.86190843603014
Il16 10.5721616851226 5.93504113955605 5.87454863024882
Slc7a7 10.8083190565862 5.47919726067047 5.34688351530983
Klf4 12.6915189251281 4.9278783040842 4.69374514252197
Sertad1 10.5663023888607 7.23989424108257 7.04112756056628
Jun 13.1617299805308 8.70126613055548 8.40731967614949
Srgn 13.2068622416084 5.71424614301454 5.64512395416812
Cks2 10.0756669607178 5.52824937463497 5.44172097578604
Nfkbiz 12.6004495355117 4.57172859416588 4.45973762978401
Tgm2 11.642946111078 5.56135157569102 5.39688346525184
Plek 13.0477422121131 5.66039355747484 5.3269274475642
Itgb5 13.2913066952736 3.91153152694339 3.76334326463988
Elf1 9.02649072365098 4.13889759886897 4.10708126994139
Rgs1 11.0898478208524 4.71285391057445 4.5664753884045
Ier5 13.0763760033494 9.22848778101875 7.06668609078878
Slc12a2 9.38731313205308 5.57047748321126 5.54689552412558
Mknk1 10.800314167277 6.98385300880667 6.77107542280508
Snx5 12.5389716579728 6.84133923502732 6.36084705000019
Elk3 10.437348137504 4.62057248369996 4.3215898269894
Gab1 9.69245744866565 5.40219749742162 5.28738138959095
Soat1 8.97247350232105 5.33187001705335 5.13364158291341
Laptm5 13.2497958585741 4.10617565395559 3.88921623013449
Ube2j1 8.59303200131881 5.03807095551523 4.89950076279094
Slc25a37 10.7966850520022 6.63495821082581 6.05932264165179
Ptgr1 9.97812873947007 5.49196771480829 5.35899787073434
Rgs19 10.1981713053925 6.21350803985399 5.31822715962437
Dok1 9.05115009345003 5.47940170372846 5.26935281667763
Serinc3 10.9280820038238 6.58458771133163 6.54391492496099
Ctsz 13.0485403305481 4.27790220613464 4.09088271933916
Fcgr1 12.2838802885119 4.87533819712774 4.70208874263708
Slc16a6 11.5411253999105 6.23264273965749 5.3537607888177
Pdlim4 9.52654344568754 4.70230503758376 4.614713562118
Ccl9 11.3508771596472 5.06493539072303 4.90597689906323
Trim30a 9.8600658104235 6.40886396904927 6.37868907294671
Tmem176b 13.0534256974988 7.82031710950628 7.70133082749048
St6galnac4 9.97513933820492 6.49113352996672 6.38567880536105
Tnfrsf1b 11.7294024065306 6.43035579811634 6.39363286349116
Inpp5d 12.4783900860876 7.2641407344675 7.19057735075982
Tor1aip2 7.30973551380507 3.82340293950848 3.66081749380854
Aff1 10.469356712438 6.09446186800962 5.73152483031938
Tlr4 9.37755048286687 4.6025627674454 4.4287162313173
Pmaip1 7.91264692829158 4.09066469647799 4.08580554906315
Aif1 11.8099905233592 5.92499216605896 5.3421217048815
Lims1 11.3950265345756 7.1315016495618 6.48812416971608
Gbp2 7.75131948277657 4.3769396690833 4.25915138718146
Syk 11.1736838971837 7.07129245508112 6.7194921244388
Klf6 12.1197284009329 6.98501856425955 6.11983770086644
Crybb1 12.2532048432707 6.44578723104619 6.28137128977311
Fcer1g 12.6825054501545 6.47033587542633 6.14505363732501
Ctsh 12.8742742032151 5.57929582240496 5.53931297898653
Gbp3 8.5116214988133 4.66736662730277 4.6616756867126
Gpsm3 9.5878408034758 5.46200390222334 5.33447601317845
Dusp16 10.6289677446979 6.90440537573996 5.67379025592983
Ncf4 10.7305401881173 5.15136626028761 5.00309189873834
Ggta1 10.3021085784473 4.34076642235051 4.1361465295578
Calcrl 7.87647545215041 4.02865949268333 3.72929447318272
Lcp2 10.4299333406719 5.59982692488856 4.73539669075618
Fech 9.52037975834441 5.55507941616494 5.06234248701078
Ngp 12.2995043542679 6.64861840226322 6.25067110313544
Spi1 10.3859436109085 5.90524799385356 5.90260046263923
Atp7a 10.1676606708827 5.57322433169105 5.23322421004171
Csf3r 10.5303261448833 7.13291952699602 6.28104569025093
Ms4a6b 11.2757685053458 5.60043193933473 5.52895886719099
Hcls1 8.63630419546985 4.87998789530444 4.80004863771963
Abcb1b 7.97869555224804 4.53847951648395 4.33002584325121
Pabpc1 11.2298634617249 4.61863863184843 4.60721508265005
Cebpb 11.6743509032076 6.93649247288374 6.01048522294052
Plxdc2 12.0529683323577 8.10558580664231 7.91655192784573
Cxcl10 9.7662958946731 5.11041011304076 5.04050662571986
Maff 10.1052633096456 6.49591531140651 6.45038019181289
Cysltr1 9.23363767777187 4.62671457564461 4.3888357466123
Bcl10 11.3909679958387 7.17199597508151 6.99616834538663
Cttnbp2nl 11.7692220388043 6.397522580769 5.69340002271244
Gltp 10.8120849891235 7.41652145560975 7.00539349316215
Lyl1 10.013448973115 5.56674857306659 5.27199383536821
Ptpn18 10.350655093353 6.59620186552854 6.48242254767016
Tlr2 11.864186632689 5.95065065423287 5.75204197758588
Cd163 7.48039184356858 4.15096986709116 4.11636626060205
Serpine1 9.57269546409715 5.19530308208337 5.05213215919377
Sox4 10.0789976366356 5.36581667061151 5.26256030545667
Mlxipl 10.5927739153422 6.86212141348556 6.33134469104603
Cd37 10.9462016903761 6.36115917279613 6.13089241604666
Map3k8 10.1917146557049 5.03749448822347 4.90310970149359
Myd88 10.7885966963584 6.53424423511424 6.19975764651937
Ccl12 10.4751595691536 4.67501849675953 4.47164980771243
Arhgap4 9.38418443524174 5.63429122660043 5.56909834932589
Pon3 9.10935515291671 4.29246913317814 4.21300577147015
Ss18 11.2521175801673 7.85801077651203 7.68368208059822
S100a8 12.9638824039872 4.86786422310622 4.58323047945659
Il10rb 10.594105170653 5.57154627687814 5.32140855516045
C3ar1 11.6182149621142 6.62419462521426 6.38506639978946
Ripk1 10.1083880816926 6.71629853470837 6.49206345718024
Fgd2 12.1293203269256 6.30414401934758 6.14778378944828
Rela 11.9778670098948 8.03991443356711 7.39545321567492
Ccl3 13.5496556060224 5.10838799053776 4.93130448283608
Ms4a6d 11.498084859003 4.5238940122943 4.5015248800092
Ier3 13.5855914649438 8.08356305350643 7.57718493463142
Nupr1 9.98636391280088 4.99871114558631 4.95596225255712
Camp 11.8351935968853 5.66020371809578 5.59500296642687
Chil3 10.6986949112657 4.35700654636839 4.3294106129207
Arap3 10.0084235335535 4.18665721678429 4.00486001054011
Tlr7 11.1690114771889 5.45639647454668 5.36003203542038
Tnpo1 10.129800738575 5.61318064207443 5.41205154472835
Csf1r 14.0292728577336 8.27708590727771 7.58280992661929
Trim25 10.7654788423984 5.44566456977703 5.38605157322532
Hpgd 11.9284845304822 5.41022871552432 4.6165596304742
Nfatc3 8.96048800585521 4.57271240594269 4.33860405457394
Mcm3 8.86157244294894 5.03880912590283 4.91064510718661
Slc35c2 8.31015791157003 4.77968559147928 4.74266388949228
Morc3 9.96930687302898 6.1886573933354 5.01096939314275
Pttg1ip 11.4936932253989 7.69631141545626 7.34275282910304
Spsb1 10.0841355871722 6.15462049461457 5.55704461572313
Slc11a1 11.348119903574 6.42887134529047 6.4045144784049
Ccl2 9.39365889899599 5.31193063639592 5.1026949985685
Cd86 11.7078926817195 5.03240902409316 5.01244754032969
Sat1 12.105173512767 6.09270798987135 4.53923518162476
Prkd3 9.75622982659752 5.42789271184837 5.05920217902657
Gpr84 11.5922078227709 6.55916571721469 6.07708943767996
Anp32e 9.88544943935723 6.22002120712003 6.20289660422402
Ptp4a2 12.5129862945892 8.02765872414541 7.50048229327427
Vamp8 11.7887532870376 6.43213688480818 6.19584944643644
Tcirg1 11.327613036728 6.50442882849257 6.43218743179309
Sqrdl 11.0525062877998 6.78287032722324 5.97243718452082
Trim12a 8.60607054794922 3.99596008103162 3.95559498460864
Zfhx3 11.2458196415341 4.98131112837827 4.65191053572432
Slc15a3 11.5031029092383 5.31776083693684 5.25404297842999
Rel 9.37584581713377 5.89290013127787 5.68906660023448
Tsc22d3 11.4805096636109 5.40509176618797 4.89698790054299
Sla 12.412369723073 8.37299295064169 6.4206812731893
Myl12a 11.9132205321416 7.08646510112296 6.84506589986526
Sgpp1 7.83989095395222 3.98289392931581 3.86931180693417
Tgfbr1 13.4953964323281 6.22577203802228 5.54673036991009
Snap23 8.30473877019984 4.14118501109134 4.06559219365313
Cd2ap 10.226899555298 6.28952068086535 5.60997011506975
Asph 11.1601915655921 5.00729328649988 4.82763155329561
Ivns1abp 12.7570757853562 7.39157359878543 7.10678453851275
Adcy7 12.0401852065097 7.90124291678277 4.86102496486925
Rbm39 10.3141735206265 5.06362019935084 4.76851014007199
Vamp3 10.8922604019769 6.55824927909608 6.50769056891246
Bmp2k 11.469593488735 5.50471835589954 5.37868712303272
Gpr56 11.1072648016331 7.51669344154915 7.33896735631357
Tial1 9.50604186427466 5.30509482337305 5.11935005675426
Lgals9 9.7144470271434 5.74383810000107 5.62726408854556
Trem2 11.3744113100813 7.20518101531763 6.8878241280799
Gna15 8.98838653928669 5.46494354508819 5.43361853064434
H2-M3 10.4949717598892 6.90174771369378 6.66348768270363
Birc3 10.6680989517335 6.40025364388293 6.20957657957227
Igsf6 8.76352354526292 4.13730833510787 4.11329614867528
Npnt 8.13299376102998 4.4728763299965 3.88955764377175
Samsn1 9.02117009275432 4.75150872029285 4.55384635635095
Il1a 10.5627537042988 4.6094293163643 4.38368856156677
Hpgds 9.22555193578103 5.42238829594926 5.16391863270155
Naip5 11.1748062850229 5.18303013175104 4.37115623313623
Ccl4 12.655502757357 7.61079915554365 7.16572621555355
Itpr2 10.9235418495534 5.82313964180841 5.45037732212386
Stat6 10.5002673668222 5.56608707137806 5.46688193374202
Tapbp 11.453866406777 7.15905348946075 6.64379894843202
Msn 10.934809568914 6.29643552292041 6.08957902228391
Bcl6 10.0980717450428 5.49110571008289 5.33667067916267
Abca1 12.0522527378122 5.9826925865982 5.90082589489326
Adam17 10.5698610751329 5.60169983773912 5.59508566073666
Dapp1 10.6616079104408 5.03997437125163 5.03047894245024
Eif4e2 10.3641596283947 5.87804840915991 5.74196319844368
Igfbp4 8.23482853972127 4.62670394656134 4.59603277532945
Clec4a2 10.2600474435221 5.06779172508839 4.81448872855488
Fli1 10.0941254445629 3.79891381750575 3.67597546228188
Mitf 10.3401241655234 5.53268955562606 5.43904202410416
Ets1 9.55277010530181 3.88137392468326 3.86099497852185
Itgam 7.72351039802672 4.34073913687638 4.21627560550268
Fosb 11.9510983205342 6.04633495877954 5.73551083845159
Ccr5 11.7396919362898 4.37550473203231 4.28795340732795
Il6ra 12.6715970650916 5.77752260803091 5.53867487631454
Tgif1 8.50945088524124 4.9908074746832 4.76202235666522
Pla2g15 12.3259450180791 8.27789205639846 8.08536612996956
Itga6 11.5653613108728 6.10139141220082 5.97496386470513
Ifi30 11.3781163789488 6.31735816428552 6.01558680452728
Cables1 10.7196378104376 6.7834724667064 6.78144752251325
Zfp36l1 12.7051334383384 4.88243262870484 4.84155100590607
Id2 12.2032928390954 8.6899927464946 8.57248854747396
Gpr34 12.096128861767 4.2696011279805 4.14047099486928
Gna13 11.481510389828 7.81506267287003 7.21494280187238
Rrad 10.1172735062529 5.56070069177839 5.40235376689255
Cr1l 11.7633356155962 7.73413876269425 7.64833220676982
Ndel1 9.39722597598048 5.75625791729007 5.57939313112569
Rhog 11.2153941245626 7.47419346051077 7.24431205625429
Rnase4 13.1184612117893 5.8556478435595 5.3791457984269
Hk2 12.3862706589026 6.71277397941213 6.46342636297851
Map4k4 8.8663962769023 4.59531741304274 4.32815135439751
Fam111a 8.63296054191287 4.93127366872255 4.84376509136111
Hfe 11.337741662807 6.45765154012734 6.03140437457964
Lgals8 10.3810714762131 6.80377240792832 6.49643231537167
Naalad2 9.76797067590899 6.35255704278467 5.6886865755846
Pmepa1 11.4552214136716 6.89171700043809 6.32031289707588
Pik3cg 10.1956130518895 5.659708108922 5.60164618770525
Btk 9.78197374603171 6.43485023050414 6.23792427201506
Tlr3 9.64446847867037 4.99120403927415 4.87338610298386
Zfp191 9.55157979874929 5.96000417121528 5.88266387400378
Prkcd 11.3204144141644 6.84939408530542 6.74408410593919
Mertk 13.1217916703296 5.53670083849206 5.38915382007461
Cd84 9.78822716908046 4.54249657945397 4.4662583056063
Ly86 13.8305038298173 6.36430117273376 6.319379767513
Vav1 10.4293295887311 4.15319420984314 4.05829053304021
Thrsp 10.536790243709 7.13867404047673 6.41256215320371
Pag1 12.7340021971061 6.57775212502012 5.84673383649094
Stt3a 9.80262646618402 5.28527742738689 5.12875919526596
Fos 13.9437278525404 10.2513239077209 10.0637651775004
Ube2d3 9.29230383554821 5.37390378491008 5.05132074067101
Gtpbp4 10.1858078068625 6.25365737840144 5.52539361063462
Cfh 11.031443374587 3.5377469403152 3.52998991976722
Tnfrsf13b 9.62154101704082 5.32616811374614 4.96867956864701
Arhgap5 9.78794387400341 4.75612924783829 4.49443059446546
Cebpd 10.4638830746908 4.32778916482535 4.32234152480635
Tm9sf2 7.79220504602986 4.45078557437496 4.05593346122938
Hhex 10.1791275378831 6.2172545186902 5.56465476184339
Entpd1 9.37032387449548 4.21396263822263 4.16051426119613
Clic4 7.9672588632991 4.60392637802341 4.46768101942235
Chtop 9.26510017353808 5.55186695974771 4.75131930690192
Ptgs1 12.2066936221392 4.57350386851489 4.55960589248505
Adrb1 10.605744756129 7.11523687152214 6.16030188145961
Stk17b 9.76929078464475 5.84866576072096 5.31481309940466
Frrs1 10.4433587610755 5.58345239221449 5.15150531995555
Lyz2 12.4203041170638 6.88163543246707 6.3563580239181
Ssfa2 10.5053173268952 6.35599519317407 6.17290086086442
Galnt4 9.34294526677315 4.70854244836995 4.69726332654775
Ctc1 11.684666568769 7.92955518292119 7.69845175686602
Unc93b1 11.4209147437175 7.36223306003027 7.16361600832527
Mob1a 11.6102028819568 7.10986801718169 6.50488771641523
Cmtm6 12.3089984078596 6.20199705715522 5.82122237544282
Sfpq 11.5973070285364 7.74086586089398 7.30370973596159
Tmem168 8.13685388688724 4.13359785892797 3.69581901992691
Tmem63a 11.3090792003542 7.97126786799859 7.54567343007722
Tmem176a 10.8884133112011 7.55766908529121 6.57533520599977
Tspan14 11.1207155751017 7.46112740326475 6.97421422305128
Lpcat3 11.5785330904885 7.60459256847451 7.2804180471105
Gatad2a 8.23230662502892 4.77310386968074 4.49936063808551
Hvcn1 10.2816397991105 5.49917625423297 5.43629869608787
Edem1 10.6216568370496 4.80903011688931 4.49296513424541
Icam1 12.0685839298591 5.19096353359211 5.02090045760686
Ptbp3 11.2472405918636 7.86761625078253 7.04929868301052
Epb4.1 9.11131329188766 5.61204597313811 5.33652784009468
Rbl1 8.55134046564386 4.60416437282153 4.38250731529745
Rcsd1 12.2491457547791 7.55487837771003 7.11626499743014
Papola 9.80129792798867 6.26178462558489 6.04639667227247
Npl 10.001127646462 5.20661014773413 5.08081105925456
Smox 10.8326565486745 6.96031971108556 6.65384514343613
Tmem140 8.43942036859799 4.30573077121674 4.24802854968832
Nupl1 10.5454412195573 6.59115779475327 6.06436848283115
0610040J01Rik 10.7636422265407 5.46246078059859 5.25168524760427
Tmem189 8.74546689873294 5.2402838121465 4.74277792391833
Leprot 11.7722372620618 8.00483287269947 7.90409457817456
Tm6sf1 11.2609540254992 4.2084849338752 3.97611136902918
Cklf 11.3887159381797 6.63990551141178 5.36318177327566
Casp8 9.83466998065678 5.35043706905565 5.00045267535243
Tmed5 10.6438973211329 5.22663837810805 4.83220450363326
F11r 12.1660086110926 6.47450039973499 6.11334129500431
Sumf1 8.51142190086792 4.78628761244013 4.46353775787297
Ifi35 9.19995898169176 5.53088335616217 5.4375592536395
Eva1a 8.59272796994992 4.32092830157691 4.25247812472255
Reep3 10.7838089345004 4.48508767908641 4.37027222720126
Tor4a 10.3275630348071 6.51888118570404 6.37872951919885
Ptbp1 9.13537300639005 5.54086749954531 5.14509397028394
Lpxn 10.7589192457976 5.10893809028199 4.88491676937366
Siglec5 8.37803746411404 3.90146311371966 3.88454109187631
Fcrl1 9.2345619860761 5.72020813012416 5.66508934082573
Snx6 8.78338560963754 5.38242368743717 5.30244117349383
Sppl2a 11.2656068290913 6.52293647117594 5.89004889437706
Clcc1 8.84342686585932 4.69548256089833 4.50700255945121
P2ry6 11.5687601975602 4.60423058320912 4.3829601154912
Wsb1 12.2689369964062 8.79950581540903 8.73512708246358
Ighm 11.7506088279992 8.11399249899284 6.60282575580242
H2-K1 12.8220187202518 7.50645272735817 7.20241534554328
Tgfbr2 12.4852370462276 5.56384816199138 5.21560229235336
Zfp62 8.95853031890982 4.41445871189756 4.40055934593508
Ceacam1 8.89348245863094 4.58552146686015 4.55452886917179
Tmem33 11.3431825736583 7.81014816101663 6.94786529094855
Mlph 9.42445206203504 5.89797258815693 5.78871299942869
Ncf1 8.82497080443061 5.27412238284909 5.12642866864972
Il13ra1 9.86451620775328 4.2513149156747 4.22781423546986
Adap2 10.5685173068896 5.16210281029676 4.97531684508834
Elovl1 10.5843280047725 6.6501069896059 6.0888720109364
Lrba 12.2919124748407 8.50412925630084 8.23476367577006
Nmi 8.81250636103391 4.9499073374405 4.80238471202295
Pld1 10.7972506121956 6.52010622769799 6.26838680735873
Pon2 9.31355681171094 4.06890603304834 3.86162021641013
Capn3 10.5561819143241 5.22204078470232 4.85852140018152
Gem 8.23875211178378 4.05034274952244 3.97356717163802
Btg1 12.8116682446636 6.01613718296313 5.55423901736872
Rrbp1 12.1145818395139 7.88200681422845 7.24715628952827
Vwa5a 10.3889653824051 5.19518114351528 5.06974558271926
Glul 11.7849610224289 5.30579969939225 5.25494462360789
Arrb2 11.4717203569511 7.21923850084448 6.85396053581943
Pros1 11.415313090188 4.87870711137914 4.76204391173369
Ifih1 8.88841546660143 5.27144590577963 5.05694311342458
Snx20 9.32248887538029 5.97464166563828 5.9505952238851
Frmd4b 12.1904726516763 4.33991643750024 3.9339499769864
Rin2 10.0137972126995 5.48330565001405 5.09965012718717
Tifa 10.6723597482397 6.71059235916261 6.45671117169709
Scpep1 11.2203442179537 7.12471045775279 6.59069636771348
Rnasel 8.55347724571796 5.13608096614665 4.87502863449713
Arhgap17 11.1079285558079 5.34554588674448 5.17325389769604
Phgdh 10.9712292951051 5.09011028663611 5.05021769057424
Slc46a1 9.38086842286645 5.82621019150673 5.41872115116111
Gspt1 9.78823247357284 6.1550214786676 5.36364287526409
Armc5 10.410015621735 6.52025171240339 6.30545206221881
Parp12 9.33903499881959 4.68073226792075 4.63937527591478
Trim47 10.0914805439239 5.35427508779624 5.30280570994648
Lgals3 8.39129093689733 4.82930168530978 4.76591244226337
Fmnl3 8.97083461756612 5.5908360574297 5.45202781649466
Ythdc1 10.2304254911229 5.85607863652718 5.67310095641377
Cln5 10.9138121274813 6.48383409628847 6.13210763837326
Jmjd1c 12.6964155907754 8.93197083533386 8.82026362260727
Plcg2 11.1456382313506 7.72424640251816 7.32710658478996
Arsg 8.085063848132 4.09757390713829 4.07405783800426
Sash3 11.2827116875116 7.08271490096103 6.64757098193269
Themis2 10.0072343518523 5.26760114102732 5.21320725682058
Stard8 9.0910710928602 5.57746890186793 5.55217691749888
Mpeg1 13.5781184656323 6.9552588369559 6.62901541085925
Pcf11 9.47016745398787 6.11924394491237 6.00621695259847
Xist 12.7814738520482 4.32748636028021 4.27580926134655
Cd48 10.0036336466823 4.80518094777207 4.79209878558054
Akna 10.6519382313125 4.71014586332759 4.51412479935805
Sult1a1 9.83315975441973 5.8930189121353 5.64530418271621
Fes 10.6453727108248 6.93132383923585 6.73249038526511
Taf4a 7.4109192282884 3.81245224049557 3.6955883434533
Cep152 9.46016705782019 5.81204121983814 5.7789746170845
B2m 13.1977909317878 9.34129893965566 7.7803431560709
Egr2 11.2779367742076 5.54768252288762 4.92113858663351
Ccrl2 11.412796081801 6.43952665983528 6.22723762508748
Lcn2 11.5003470873269 4.37117015153251 4.36792513768122
Hbb-b2 7.85273730267384 4.12519005647964 3.95961204874776
Dnttip2 9.96811375208304 6.53661591254916 5.76857066825593
Tmem173 11.0209006256616 7.53665369690732 7.37763363777036
Erbb2ip 11.0004376177812 4.7489247010153 4.31750806421485
AF251705 12.004730998868 7.34231943594838 7.19859309189528
Hmha1 10.4033953674837 5.93113738942847 5.59816608145374
Ebf3 7.88209472710919 4.36959180367658 4.23062341056165
3110043O21Rik 10.5659330761561 5.91120084331133 5.71630043414001
Chn2 8.39980303418484 4.38426288521257 4.2912541182234
Nckap1l 11.1568327951404 6.98309080226009 6.90274058033197
Abcc3 9.76277744586897 5.71629037960696 5.67470988998064
Rnf130 12.3494664534299 8.34082861887975 8.29503893542622
Rhoh 10.549623104043 5.20809961083487 5.17173539438337
Zfp869 8.83435777516986 5.10571109445188 4.94676942680083
1700017B05Rik 11.7692217223209 6.36030511628157 5.94267599927944
Gusb 11.5188785741544 4.7970440333987 4.708491046932
Lair1 10.6130187631943 5.11714624141722 5.04388886218509
Twf2 10.8208380782391 7.48871611862113 6.49362594065816
P2ry12 12.4746819840061 4.98488164383211 4.94450431845049
Rffl 9.92583231085204 4.86231390923522 4.47117502457536
As3mt 8.63724807205561 4.8834566283205 4.87701824219864
Apoe 11.4022383248619 5.59537570362566 5.18426470806168
Rnf19b 9.48505322764021 4.95233849280361 4.93770278731918
Epb4.1l2 12.5141878325852 7.52886786605148 6.74127476274898
Pnrc1 12.6029928470577 8.20273584957305 8.10018056776132
Pld4 12.0206051656766 5.73269835308963 5.674659199044
Sesn1 11.2974237827995 7.28493184003523 7.19409766913786
D15Ertd621e 10.1076206667302 4.42822042126053 4.27243696573206
Lrrfip1 10.9400431244598 5.11003525458281 4.81690911825335
AU020206 9.79188957346073 5.33403016150525 5.13293399349428
Fermt3 11.3312647513459 3.96164480603272 3.87740724795563
Znrf2 10.0243020233081 5.366733247541 4.97254049183732
Cerk 10.9145809916775 6.29018840586486 6.19988443574665
Tgif2 9.99623865035626 6.5937538624547 6.44536167479851
Plk3 11.1217064828555 6.65325740851321 6.03396614454581
Dennd4c 8.60705417353 5.04784100221833 4.84310766999767
Ankrd44 11.6744535697079 5.27808304738176 4.88387847595273
Kctd12 12.185543532286 6.31588360219001 5.21418224129027
Derl2 10.6054091624256 7.12551200965773 5.76280224951764
H2-Aa 10.7894269702174 5.24614723861516 5.23828860588494
Cd300a 9.88309640091064 5.56891906538907 5.52243966860945
Osbpl11 9.85663628268376 5.42205641527847 5.33713792393674
Tmem243 7.79691477494935 4.40564777270964 4.40065366651566
Ppp1r14b 10.5315474704465 6.77405351836411 6.7717818311429
Wipf1 10.4629969820139 6.69231837544008 5.87635461588238
Tmem179b 9.43843558016582 6.08857640054623 5.97590254330884
Lyz1 12.1662559978148 4.58005387597975 4.30131088715475
Zfp110 10.6629985029049 5.11434390180424 4.5804199265725
Clcf1 8.65510766759181 3.86818421949818 3.72469455006452
Adrb2 8.04029829865073 4.4090997054851 4.23416945222312
Hmgb2 8.93163848816194 4.01219110870352 3.99182961318187
Lrrk1 9.2169215889832 4.86257563677131 4.6080722072617
Zfp36l2 12.439882687873 6.33724316857226 6.18124162770962
Il10ra 11.9839212283458 5.19820741989077 5.02644045710486
Hexb 13.9346832426844 4.57454718485589 4.03096453766356
D530037H12Rik 10.2564249540948 5.29191924986426 4.85799860880313
Rab20 9.52042754395053 4.00790773558131 3.85874704209234
Slc9a3r1 10.4599610051368 6.21925463933286 5.85854026300067
Vim 7.9306019252528 3.53555557026506 3.4458457328748
Grn 13.5521140781199 9.08485236979382 8.52930229006821
2510039O18Rik 8.53971117421306 4.88485335895001 4.77596260277154
Mavs 9.49021897689434 4.30695305040829 3.59966159617236
Capza1 12.0531141886993 7.30973215882834 6.31899067822869
Bach1 11.8613788138478 5.62293694963846 5.18355551936908
D9Ertd306e 8.19945017537725 4.42218196778968 4.29437121090132
C79242 8.62864714756362 4.90027784511081 4.87962647810105
Usp24 8.50734791051459 4.96066316107816 4.90135023727603
Fam46c 12.3550028613422 4.62671976606863 4.49628871400822
Ctsa 12.9509349108417 9.51003106164882 9.31511954740428
Pald1 10.9785325599872 6.53011537951476 6.23780481870589
Ifngr1 12.0357079893049 7.51296346073569 7.35130989031258
Tcn2 12.2009774284341 7.43137951051637 6.99870432932406
Anxa1 9.44951730885527 4.78094077720665 4.60986796501193
Cmtm3 9.86902934165744 5.68648473157421 5.49424775016822
Ppp1r15a 12.6949179793628 7.67327837677391 7.47861128911047
Slc15a4 11.2945119129819 7.91962152533187 7.70928337039027
Dhrs3 10.9504578835445 6.80124544508753 6.60597769678204
Lrmp 8.81165282774176 4.71699422673816 4.44061863277365
Olfml3 13.5847807250187 6.92636481690642 6.18578605215531
Pla2g4a 9.53408946100642 4.97298413784305 4.86515379160458
Ncf2 10.9263417405773 5.58046815094628 5.37189384319663
Ctss 14.1436377001564 5.25004989675212 5.2339957265491
Cd53 12.7058528961117 5.33387884412183 5.20348464176896
Fcgr3 13.3678397073662 5.54542959821385 5.45481742494646
Eed 10.8829455966791 7.34503506882515 6.10617704226343
S100a9 12.1512954978643 5.41607450236561 5.02751019664428
Dusp1 14.0972400899769 9.46512383455912 8.71711384408873
Lgmn 13.3819300248455 9.37435787045724 8.22424525195954
Klf2 12.9546948291203 5.64102411931561 5.46407579458758
Fcrls 13.538343734353 6.66207985696346 6.45799188913094
Cd302 10.5286231266122 6.09331640525576 5.37186836491415
Tlr1 9.60520010506197 4.24494494764812 4.04046933945544
St3gal6 9.57804078151655 5.18818481325752 5.07588608614252
Selplg 13.5701528797604 7.89107235613141 7.73999923159469
Cd68 12.2655547644002 6.19550531855495 5.00868865475595
Gpr65 7.70886230022633 3.91572049490902 3.86652688605564
Casp1 8.69693600519687 4.73169105976049 4.5109680589679
Csf2rb2 9.47900201616068 4.99260655490047 4.95142295449861
Atf3 13.284073086988 5.36313324990585 5.31518388326614
C1qc 13.5961558255427 5.77723585684564 5.61478193374971
Hck 11.7859620796645 5.48196065302765 5.43315590920893
Tmem100 8.41986387792518 4.69131824040278 4.56264881354192
Gcnt1 7.991253437913 4.65359492632447 4.34262021112978
Casp4 9.26315299804554 4.97837475443728 4.59825021985317
Ehd4 10.3117326305577 6.81620977153778 6.67339363826266
Ly96 8.91937274322914 4.65548663423886 4.43417595978642
Cxcl2 10.7266031675695 4.53894465902433 4.30835575663902
Ltf 11.851175722853 7.62424407990458 7.41100158759112
Cx3cr1 12.8730629616277 5.98314510252236 5.64478539510949
H2-D1 12.6327304628196 6.98313614967507 6.37425033077627
Stab1 10.7605924600716 5.33586634421492 4.96431324455489
Evi2a 12.5942263303086 5.18865182674755 4.75205492570913
Il6 8.13911235858362 4.20232831843767 3.87221621103377
Hps3 10.8090339030534 7.14958509142216 6.55445620337908
Itgb2 11.9243168449721 5.27742393574175 4.87559304461685
Psmb9 9.4278289264293 5.89366896673868 5.4948678925732
Selenbp1 8.40165955058789 4.44192812611599 4.37002982521956
Adamts1 11.4689263478583 5.71552360723075 5.40031433712393
Ang 8.34675454689537 4.09191535281917 3.98493136601624
Sh2b2 9.2750055292418 4.91392797061999 4.76253624496078
Tyrobp 12.872201384089 6.59857820786058 6.23943724666137
Crot 9.82234601786947 5.35842556570501 5.28245932925041
Ptplad2 9.63872914137264 6.18984734534671 6.10551282529023
Slc29a3 11.7903703089593 6.44880939235038 6.3779550733332
Vasp 10.5536942779316 6.64201684006836 6.45992401341547
Pbxip1 10.4609020888979 6.41809421796736 6.25553568946673
Emr1 12.7903721087621 6.41975911357815 6.0322882993773
Nrros 12.3097176638707 7.50190480791713 6.64864947473678
Tmem119 13.7335005220805 6.77277784954252 6.48104207862861
Pnpla7 10.5591266313939 5.75410640359054 5.72621305015488
1810011O10Rik 8.45121368033437 4.30593726240607 4.16670588597119
Arhgap12 10.0809196205637 5.83685942453793 5.44713102745104
Parp14 9.22364341007536 5.89090567621808 5.26409072100311
Ttr 13.2899892726514 4.03616704202923 3.97420820495126
Havcr2 10.538253418377 4.31729542467608 4.24137032348618
Alas2 10.1462688588052 5.23453534899306 5.06023078188785
Cmtm7 10.4128713125775 5.59506808354597 5.52644060994689
Mafb 11.0489700121364 5.42368349510791 5.41798569499804
Blnk 11.8256575206264 6.5547276804814 5.80155169798287
Tmcc3 9.18215566840257 4.97384597264064 4.92375286564252
Notch2 10.9771741155417 5.28406920246718 5.09251367307971
Vrk2 8.89925651350072 4.63951092892363 4.42056198638691
Daglb 9.97127658837575 6.14732140359343 5.81671362796374
Alox5ap 12.5974435879102 7.16362411308226 6.38542897021956
Fyb 11.6377216118874 6.65188630376111 6.06248411200477
Sepp1 13.7329438196343 6.43862426013851 6.20522985159957
Nup153 10.7524576815046 6.87529785580334 6.86187778671055
Ostf1 9.94784613426571 4.8987074445612 4.77416941074768
Sos2 8.50526333330813 5.14031116233827 4.86028393412679
Ctla2b 9.67840248028284 4.22581512898807 4.17608868384031
Sall3 9.65254474009787 6.2322159703844 6.15426270399886
Hspa1a 11.8173372899826 7.92512943656112 7.83474072659957
Ccdc86 9.43169065303666 5.86458509477715 5.10277726083693
Zfp36 13.4481818753213 7.23572936608118 7.22719761444429
A130040M12Rik 11.7571872755883 7.00957275718719 6.84639749775718
Abhd15 9.85244350316464 5.24182600169939 5.07139378207873
Lmo2 12.173746157097 7.43066002092356 6.85325522837851
Cyba 11.683487063587 5.2056448611556 4.96974129353669
Spata13 11.8423721764084 5.94523733090853 5.20909750773447
Wasf2 12.4099034178626 7.67397576368735 7.30076237313503
Scarb2 11.7967322153137 7.25047960698445 7.18043185747773
Foxn2 8.71930843751168 5.00341307365797 5.00021472732684
Ptpn6 11.3447432428118 7.52052846176123 7.38731840089416
4833441D16Rik 9.44333514879099 5.48883293728778 5.42748418443606
Tec 10.193963488774 6.73439278258491 6.19396151665948
Cd52 8.77120540091781 4.59425716749739 4.59018923347896
Irf5 10.3658986193304 6.76162996539938 6.11263122827035
Naip2 10.6301514409205 4.43835979452889 4.41974039974055
Anxa3 12.8961234593997 5.18845794768478 5.10475703448605
Crlf3 9.77133207895773 4.72376205333067 4.65419574973552
