Golm1 14.5043983490498 9.69350624798966 7.1068057472497
Spint1 11.6518891116016 6.96166127542199 4.76636318773671
Slc2a5 11.9974441569728 7.59262025828877 5.95783210861397
Cd14 15.0881277812882 10.2940039632316 4.29093574520127
Rgs1 13.5896768601193 8.42177159011041 4.21239294533971
Tlr4 11.0317574107723 3.48772220316611 2.16911167130052
Crybb1 13.7915412039293 6.05727711115351 3.86965243065768
Cysltr1 11.0256347725584 6.63489765301704 3.90288381625137
Cttnbp2nl 8.87883912502971 4.92233645914632 1.23046941854205
Pon3 10.7415012043785 5.49302626477933 3.88882546217033
C3ar1 12.7204297002934 7.37405183269897 3.40731551945248
Fgd2 12.7508960184864 6.44447455997781 4.80697158859425
Ltc4s 11.0231381962426 5.63342666884185 3.24673220110032
Tlr7 13.2033519216098 4.75863273350638 2.71212708194346
Csf1r 15.2958067018163 11.9556588060683 6.50623442072515
Rab3il1 10.489116073033 6.04989520722875 3.28069931895069
Ccl2 11.6059175361301 7.20403392058506 4.02118308859993
Cd86 11.916029399746 4.42740555271506 3.84236514234546
Tnfrsf17 8.60459414880303 5.00158005892505 3.73909252865118
Tgfbr1 8.38914891653409 4.10830493050935 2.76490807213304
Dst 11.1447280843955 4.40790774562789 2.82830450904374
Bco2 10.1141356267677 6.76963576952153 4.9602693336736
Tlr6 9.92130030334183 6.49126933425581 4.38173464853094
Il1a 13.7992464133504 7.08222679193809 2.67456076258093
Hpgds 10.7546555828761 6.31953509528609 3.77053525251269
Ccl4 14.1591641440691 9.30432388844106 6.56318881031082
Tgfbr2 14.2113128556156 10.5426617690933 6.65863349785602
Ccr5 13.2200275105007 7.4912132696025 4.57908067532619
Pla2g15 8.89215284369139 5.17332854668798 3.55945783357235
Gpr34 13.7060492140353 7.12008628493965 4.42754918238295
Entpd1 11.338033403695 6.63420002824845 3.20855287736052
Icam1 13.7536817049972 8.46754119373114 2.81508764316482
F11r 13.6135438604943 8.04349999032247 4.3188895879657
P2ry6 13.3953363640041 7.1058950732812 3.23392278911602
Mlph 9.08328810702397 4.13231194437292 2.72482652226878
Adap2 11.7831206630109 7.64432893422273 5.32313318486461
Pros1 12.7760310089422 8.29497686639679 5.57494440384926
Abcc3 11.4286648326461 5.17971016327651 4.04948385606518
Lair1 12.6725347196519 7.52726064275105 5.34343485728531
P2ry12 14.4665870344514 8.71188802594297 4.64211146478101
Kctd12 14.0471029310739 9.72445728389962 7.5031306564401
Il10ra 13.4432896995709 4.45552488863874 2.26308247711541
Ppp1r15a 13.8238492141806 9.76567705026805 7.99908575192033
Olfml3 14.6651015303204 7.73940871635382 5.635637228325
Lgmn 14.9249446664512 11.3770802374727 9.85777927626805
Fcrls 15.1865534569242 8.95326863054782 6.41721985857205
Atf3 15.1055328625467 11.4763358747906 4.31924334371443
Lag3 10.655916992608 6.38312748774859 3.14725688100922
Cx3cr1 14.4165442072339 10.0705431330065 4.16474597250399
Stab1 12.3964535379575 7.49283734413557 2.5524083342154
Ang 11.1928615295694 4.73612512149766 3.18023487593392
Tmem119 14.833086477742 9.60061682775926 6.55715719611894
Havcr2 12.402013747959 6.26391832840599 4.3875848134419
Mafb 10.5362240192657 5.46556829821202 2.72837877283071
Blnk 13.5246639167472 7.1349037584232 5.82455066625073
