Elovl2 10.2608644876615 6.52182281109761 4.45565126083742
Aldh1a1 13.2815739173778 9.72362324010087 6.58889950399636
Ntsr2 12.7510388588174 8.55232167329759 5.58918420367047
Dao 9.97385001249885 6.2109887487791 4.71512625054509
Fxyd1 12.867038259934 9.16578525881117 6.84117282934361
Cldn10 10.8152381410526 7.12057931654752 4.94325962799872
Baalc 11.1329675547506 7.53273664717249 5.96997334432456
Tlcd1 12.464513206592 8.84264697357995 5.80420336577983
Ttpa 10.9436073737112 6.34130167394684 4.68508481561865
Slc14a1 9.82411585637529 6.0597264974997 4.74280989932337
Gjb6 10.9422100875982 6.801025405002 4.74807908865654
