Golm1 13.1709345745481 7.10613381872863 6.34800040260749
Dusp6 12.2043335698759 8.45232654174188 5.36839364658763
Sgpl1 9.54910293773426 5.86262817767666 5.40733377070226
Junb 11.5780026398467 6.34617091770948 5.5333616911587
Marcksl1 12.1999211654877 8.63651207321569 8.25866950272044
Creg1 11.4502595824185 8.03065391105497 7.24473797713416
Lcp1 11.8463632704423 5.95649625444264 4.5551565960841
Txnip 13.6993914736524 6.41307018114394 6.22821688131888
Cd9 11.8962881279299 6.45703788115297 5.98630656580146
Cd34 10.5911587485583 7.09110381916947 5.02116206171537
Tpst2 11.1246231388186 7.68172608522375 7.66936655753243
Cd83 13.2264749464343 8.65697776894191 5.88284102102783
Mmp2 8.84546583079709 5.22545945074046 4.64162155890348
Sipa1 11.1257432146877 6.78894609337688 6.54250670568511
Coro1a 12.6004028717715 9.1617660188547 8.67599739702822
Btg2 11.4968904593275 6.06079640247603 5.85432144577624
Tnfaip2 9.08145533726492 4.43829491325933 4.36836492499007
Litaf 12.5127367018525 7.04449851659198 7.03141972829456
Cyfip1 12.6066769077138 8.28570571750166 7.15429855928162
Lamp2 11.6172171151883 7.49382036731873 6.21851441487412
Snx18 11.9105809619856 8.40990744007022 7.93261298063679
Ctsc 12.6065842886925 4.70477201822859 4.53204240901929
Cd82 9.38715719713112 5.85632633585526 5.44766476223295
Tubb6 9.94309885815544 5.72303134260195 5.66843031253509
Ier2 13.4150634942812 7.39642646287056 5.96242635943631
Nr4a1 12.1604408921049 8.23595422533015 7.9818301769571
Pnp 12.8627608953087 8.73833333842009 7.61782875807909
Nfe2l2 11.3735710823378 5.90432502630436 5.71563139794999
Socs3 12.8363611039744 4.25816058196703 4.19962322054011
Sparc 11.723215805215 6.37823657828772 5.41347047091602
Scamp2 12.0782300087712 6.62674931800023 6.20388172401226
Acss1 9.58139552895345 6.19816547307696 5.25425313182788
4632428N05Rik 12.9592128362635 5.14456645820536 5.07466549563616
Slc2a5 10.7506339487812 6.34770916931462 6.29316355081338
Clic1 11.3846871257571 6.54499807938742 5.60442178344855
Plxnb2 11.1751053377305 6.63578736096879 6.19309709622986
Tspo 8.96653892538565 5.58598038333842 4.45844166245558
Irf8 12.5606886061131 6.29337074725796 5.53429034821917
Dnajb1 11.4072973894197 8.07911462437454 6.8241722711481
Mical1 8.88736256308852 5.15958598023108 4.6731767222678
Tbxas1 9.77227819439976 6.20530589515296 5.91960780485607
Slc39a8 8.3702572354114 4.29866672253954 3.91182786271407
Parvg 10.3224146114506 5.62516304103509 5.60231833240459
Mcl1 12.1472433486191 7.51389030893302 6.85971386444078
Rps6ka1 12.439882687873 7.55263416373873 6.6862152523938
Parp9 9.82908871348782 5.20423376920254 5.17315274432685
Tnfaip8 9.91373565516323 5.22356995952904 5.03840132245074
Fcgrt 9.65042068842126 6.31155041778638 5.86540445036499
Mfng 10.1100884876208 5.82330185249667 5.59738490195885
Slc40a1 11.6365802495677 5.81739510714295 4.78926388250285
C1qb 13.3846079047961 4.67777960550275 4.35978509888893
Cyp4v3 11.0721852303594 5.71410951030057 5.21150758796871
Qk 12.3621647632087 8.98053850590482 8.83066084784909
Syngr2 11.4559121689701 5.17782123415796 5.03366402746506
Pmp22 12.2653168767854 7.98849862724027 6.41272096050806
Igtp 10.5169764277721 6.88725156975836 6.11623123756491
Ccl6 10.223717633042 4.50585602191715 4.27055403784127
Cd14 13.3052539164274 6.25524551082045 5.91410107290407
Tnfrsf1a 11.3244537624855 7.10679418396875 7.03059419886976
Tob2 11.2284375997777 7.47736702314427 7.09830564635003
Pycard 11.8185468367102 6.00975913708872 5.54467866968349
C1qa 13.2380236204344 6.56831797908196 5.88144055107194
Il16 10.7022595486227 5.67991372484136 5.38374103609098
Slc7a7 11.052383619296 5.226757465613 4.88267085561171
Klf4 12.698526861476 4.97555788105793 4.96935179821266
Jun 13.1567215574815 7.33653052152548 6.20634835226686
Srgn 13.2509970787582 6.15296763643325 5.12000624523686
Myh9 12.5865032254667 8.05131305161881 6.94577160786943
Nfkbiz 12.6860754101133 4.96883031469134 4.17948694841247
Tgm2 11.7718766956168 6.23547543712499 6.0251043288016
Plek 13.0669588958399 7.60345747568757 7.30401971362227
Itgb5 13.3318370523038 5.11772581434824 4.94947085977301
Elf1 9.08676867890006 4.79961142480547 4.61778360194596
Cln3 9.94836220653156 6.34869784135284 6.04772728993399
Rgs1 11.2541972267774 4.45888833772237 4.4439492679164
Rac2 9.75239695917386 6.1163640767608 5.89115790361467
Nfatc1 10.1057640630075 6.27849074043771 6.16414461775527
Cd79b 8.31573716498709 4.99125532310828 4.71895291856268
Snx5 12.5628056055199 8.95798434094179 8.27901383167481
Elk3 10.4901390004177 4.87061653255011 4.78851745903251
Soat1 9.02708526356189 5.36238756621336 4.9902284711661
Laptm5 13.2497958585741 6.18195155542921 5.62563756727507
Ptgr1 10.0953671914278 5.5285776948599 5.30010815329272
Dok1 9.09517514267858 5.76768553259606 5.57828702249448
D17H6S56E-5 9.99291673904863 6.55474371393562 6.04221862090173
Ctsz 13.0341451754765 8.78024689196179 8.01475270044076
Fcgr1 12.3056772228307 5.55860161784767 4.73971848566889
Slc16a6 11.601886645942 7.31030182543362 7.1400420566269
Pdlim4 9.4700059993897 4.85300732677578 4.84419737717418
Ccl9 11.5606702750711 5.25909075687331 4.85117307805825
Trim30a 9.82440837349698 5.23828848062027 5.07470121054515
B4galt1 11.050190662426 5.90778414357246 5.89618065799977
Nrp1 10.4416176811946 6.71321420421513 5.44566996283572
Tnfrsf1b 11.5849644137814 6.02816803133305 5.88092034943105
Inpp5d 12.5199395399242 6.76252446094178 6.434772896668
Tlr4 9.52419084436795 4.58605310913152 4.29569549917242
Pmaip1 7.94812896443572 4.24698211146567 4.02606254488197
Aif1 11.8782125697407 7.11754425255632 5.78539928130884
Il15 7.4967535230896 4.16345335585427 4.08972437189221
Lims1 11.3895886323577 7.47733199337218 7.34833237780477
Syk 11.2305153374971 5.91923281436612 5.82063285032792
Klf6 12.1614928848338 7.83030205325309 6.13375209605359
Crybb1 12.3010895138039 6.53445665002354 6.28903385904706
Fcer1g 12.6409109862305 5.96925782639356 5.91784846588418
Ctsh 12.8519091129382 5.35253611005983 5.32538252717235
Gpsm3 9.66649074936397 5.47720352621822 5.33821579973876
Ncf4 10.7081144474155 4.99984609944836 4.92075676506679
Ggta1 10.3145780373454 4.21942260240865 4.18936695408371
Calcrl 7.84138491604448 4.383069998 3.81429328471681
Lcp2 10.3889718130272 5.12756069443875 4.94700326419491
Ngp 12.4329204009581 5.35512799953317 5.24404695091347
Spi1 10.2850028049619 5.98856169946168 5.83008618461786
Atp7a 10.1404314445784 6.06880867928439 5.5603571673275
Csf3r 10.4703586336665 5.21573888538681 4.9183408815315
Irgm1 9.78478714225044 6.22600152636364 6.15379995631699
Ms4a6b 11.1222234312687 4.75373748043519 4.71149366373212
Hcls1 8.83239317939796 4.84232086717413 4.69400084721865
Abcb1b 8.00305280287427 4.62591365814296 4.58108534287025
Pabpc1 11.1513836653323 4.26209594415845 4.06200779241287
Cebpb 11.6879517821222 7.6536154982603 7.30786277308102
Plxdc2 12.0633823649962 6.55691894139034 6.24545161934024
Cxcl10 9.83264446685726 5.27296580820617 5.20039811062614
Maff 10.2395219098757 6.67795954701452 5.86860586459029
Cysltr1 9.33333349087416 3.95086414980223 3.79213611963154
Cebpa 9.88957255483431 6.1438039652841 5.57963727334987
Cttnbp2nl 11.7204560544011 6.92769364228542 5.51129949968947
Lyl1 9.97533629065994 4.97583182185984 4.76619408525991
Ptpn18 10.4025712369028 6.09232297953062 6.00071384047767
Tlr2 11.9268402473875 5.53413028083243 5.3248182494082
Serpine1 9.52331793271942 5.17003224139316 4.76679190205066
Mlxipl 10.549742788076 4.87556408318868 4.59188327735865
Cd37 10.9048574016166 5.62735927596958 5.43016939157629
Map3k8 10.2849700718244 4.77119643880568 4.42820789177136
Myd88 10.7278217724093 5.94834791232095 5.48424179132512
Ccl12 10.5112043294489 4.83336243876346 4.50144093385336
Jam2 8.80820666224123 5.33706239730647 5.31936266880404
Arhgap4 9.36525554969312 5.49732277451672 5.38579304956925
H2-Oa 8.7917936065526 5.0954531488382 4.75484363071621
Pon3 9.20297150005047 4.22845267515869 4.2228024332389
Slamf9 11.1882832385642 6.63365721869694 6.14566076982677
S100a8 13.0395448654869 4.93365388034471 4.92221709675919
Il10rb 10.7116513838826 6.71702823241668 5.32281508604933
C3ar1 11.7072754362155 5.76079674538268 5.42601522866138
Ripk1 10.1243899929041 5.84491919213557 5.29993938531667
Fgd2 12.1304825880125 5.91683106131366 5.85685975293888
Rela 11.8428094359349 7.1538530959298 7.12822110621239
Ccl3 13.4953964323281 4.59229254151284 4.57834467441812
Ms4a6d 11.3799791784438 4.78242580642721 4.2680135407059
Tnf 10.0055468588953 6.28003843173384 6.14776348435634
Was 8.0303356973264 4.5915558530011 4.48925804392931
Ier3 13.4963591841383 9.78158133395045 7.44071983917588
Nupr1 9.93831898336817 5.6826255588871 5.65189705062713
Camp 12.113738407204 5.5749420997373 5.45730028591742
Ltc4s 9.78168546230716 6.12276674473951 5.91738215514466
Klk8 10.2464469222101 5.52437199118268 5.47142808955413
Chil3 11.1159878878753 4.03642138802529 4.01224452999713
Arap3 9.86775374576886 5.05657382285441 4.65811673862238
Tlr7 11.2112407400947 4.98702922034755 4.76285231246934
Csf1r 14.0460007158016 7.33884197931552 6.97377348189605
Trim25 10.8969751411857 7.35226095405225 5.70530171989775
Hpgd 12.0107499612859 6.86088346723202 5.36158884184249
Rab3il1 10.4710400563943 6.80971078540632 6.16516727698872
Mcm3 8.92535440058905 5.22244666790366 4.98408845823296
Nfkbia 13.5863871767458 10.1169799928863 9.55315179439384
Gdap10 8.80480802896476 4.44173526775682 4.3721291127882
Slc11a1 11.4154854568916 5.49185115400385 5.35504699167805
Hnrnpa2b1 10.315155226878 6.74940747784513 6.05440569349913
Ccl2 9.49866288250659 5.37615456707563 5.29171666233283
Cd86 11.6419705628058 4.95292083357236 4.86462193956897
Prkd3 9.70383275414416 6.00174274544871 5.43916548862237
Gpr84 11.5935377294956 5.61633140293964 5.40344739704333
Vamp8 11.9027573726861 6.60194539231203 6.05221691479711
Tcirg1 11.3257053795282 6.87318195998986 6.45944768624355
Sqrdl 11.0518617676912 7.55395609750441 5.9945882755027
Trim12a 8.5835260320544 4.25077650586956 4.10866708016069
Slc15a3 11.5219827541908 5.52406011734845 5.18606956337888
Clec7a 9.36335652990378 4.79711624986859 4.69574033651089
Rel 9.30153835661437 5.04553344149377 4.65173616010463
Tsc22d3 11.4721491337919 7.62974719159473 6.21134576629398
Sla 12.3378861062474 6.06075508821997 5.57144217092939
Tgfbr1 13.4953964323281 6.83831592836794 6.21782035128641
Snap23 8.47917138557207 4.87460302870443 4.33544470982384
St6gal1 11.5108116293154 7.82401811719384 7.44690844683514
Asph 11.1131392793095 7.03613356462151 6.40294220888973
Adcy7 11.9646243532397 6.46111954833699 5.40314602374459
Rbm39 10.4094928984617 6.63340728942684 6.20356231033499
Rsad2 9.55409990020448 5.9967375590424 5.78824919847155
Gpr56 11.0473777353108 7.29941767761089 6.95389711135604
Lgals9 9.80576100376818 5.31182440162821 5.26806866674541
Bco2 8.88551273021649 5.45968142395364 5.20684173763943
Trem2 11.528689695107 6.50432171647708 6.30422363613936
Gna15 8.93153578094543 5.38861617181495 5.3155228803082
Myo7a 9.61565808015342 6.02238398727008 5.97159760127567
Birc3 10.7521481640029 6.56441208366787 6.07492837110415
Igsf6 8.68495551282954 4.44303915752532 4.25185956475493
Samsn1 8.95535277925432 4.96331772487129 4.58441958576738
Il1a 10.5450729398403 4.19294230367165 4.06651214886252
Hpgds 9.14123713383759 5.46880018554891 5.17081251052914
Naip5 11.1347547074536 4.36274052466241 4.35475327523274
Ccl4 12.7516225784521 5.83667593179976 5.78999034539328
Itpr2 10.8613975316724 5.83836537580829 5.32156503643389
Stat6 10.5031698578152 6.25031980619433 5.79211715018699
Phxr1 9.60550945602768 5.74554602242987 5.71094801869206
Tapbp 11.4240903434095 8.00165617467371 7.13366296714726
Msn 10.7217422633417 6.14793078795596 5.92065147736271
Abca1 12.0785728549459 6.55722782780494 6.29453282571492
Adam17 10.581995677351 6.1193708191299 5.34292694747477
Dapp1 10.626591308075 5.24465532632748 5.16072957115048
Clec4a2 10.1190075949126 5.05599886766962 4.86622167953068
Fli1 10.0832277034328 4.31532807241324 3.94773547114125
Ets1 9.75745818736726 4.19651653544994 4.00960432689453
Ptprc 12.4215732421658 4.67859071010749 4.37526560512565
Fosb 11.9818678393755 6.57257286431738 4.89298157611328
Ccr5 11.7087776692335 4.60714609618193 4.47694023521423
Il6ra 12.6405285425734 5.82216971434886 5.53429700937103
Tgif1 8.50458243562559 4.65987618077145 4.29374383897557
Pla2g15 12.3512186582331 7.90257871381053 7.10818756211001
Itga6 11.5906633280243 6.13977759500195 5.62878991462358
Ifi30 11.4062018650154 7.34063137263952 5.4676986867624
Zfp36l1 12.7019764996359 6.36091936163475 5.52833868924723
Id2 12.1636087237592 8.51051481968021 7.79729892937346
Gpr34 12.142699851518 4.19879775178541 4.01053831293378
Rrad 10.0026571297703 5.44543314808896 5.25230652966268
Cr1l 11.6955153199688 8.01237267245411 7.66871980156156
Ndel1 9.26249492481989 4.41440779125715 4.34784811576174
Rhog 11.2037880767617 7.09926613579914 6.88834685055863
Rnase4 13.0771643703574 5.35215868295527 5.05373031082935
Hk2 12.3164140648536 6.13592106824921 6.0483122921774
Fam111a 8.33832002390926 4.95187056651744 4.38831495617259
Hfe 11.3196450739578 6.91630195263907 4.95179258217631
Naalad2 9.64837692903074 5.51088244080267 5.43365102717568
Pik3cg 10.1537853547168 5.20217996071182 5.14091926093017
Zeb2 11.4350095719432 6.53991461846282 5.73602621857984
Btk 9.58917222158551 5.70154743065807 5.28519641254412
Tlr3 9.63659550839082 5.47124108342318 5.2589357437989
Dock2 8.86389566600281 5.29501063177548 5.05162739470185
Prkcd 11.3607793398998 7.92147821079484 6.43727930025114
Mertk 13.0985151577591 5.66336049545185 5.57447477649306
Cd84 9.96224237530016 5.04185648753049 4.80402195460516
Ly86 13.8305038298173 5.91282443264873 5.4038186216391
Vav1 10.4997459843954 4.60746711273579 4.39822863666633
Pag1 12.6736213180298 7.9957062591887 7.39560304430638
Fos 13.9327205870223 8.84747179158335 7.58674269105731
Cfh 10.8438396260437 4.37278574359003 3.62180239631365
Tnfrsf13b 9.66545251361214 4.49316763175221 4.354788983484
Cebpd 10.5744174492867 5.55455578505901 4.60897983020313
Luc7l2 10.6746402351895 5.5607457137629 5.48736416788353
Smim3 9.32886126195367 5.91576246337437 5.83698644902579
Hhex 10.060418644213 5.304833599389 5.08482230512191
Entpd1 9.58873000960094 5.33741611744952 4.3507415642842
Ptgs1 12.1626150793908 5.52339409195818 5.13554960103228
Stk17b 9.80355004387352 5.4708030706531 5.45547344313212
Frrs1 10.6966078261321 4.94774557167478 4.68868119703136
Lyz2 12.5660138290276 6.38420948159142 6.25779783653347
Ssfa2 10.4026641404164 6.51127434312395 5.98651954823168
Ccnl1 12.9368942943523 7.7228280985159 7.29911695428656
Galnt4 9.11869231898454 4.93835573086202 4.89133132066233
Ctc1 11.7422487728519 7.51974988500421 7.28239964189052
Unc93b1 11.3066168079527 6.15252441645053 6.07168656801242
Mob1a 11.6304802850351 7.81628618970283 7.345339145317
Cmtm6 12.2803328178186 6.66755658199469 6.45236931394864
Sfpq 11.5708095722532 5.60576477979211 5.55843206555942
Wls 8.21516176510327 4.58835601196432 4.46539985669014
Tmem63a 11.3727165126659 7.24537402144453 7.02400883416522
Tspan14 11.2007785813707 7.32688463401181 7.02610578443838
Lpcat3 11.4786154330381 7.14506436229941 6.77535310383597
Pxn 11.8612215849744 6.80348912972903 6.3206763171738
Hvcn1 10.2856187487951 6.39687694549733 5.51285934401634
Srsf7 12.1714156611169 8.74524098487167 8.59218516540084
Edem1 10.5644676490564 6.03628603739045 4.85366003213072
Icam1 12.144222640413 4.9434239898714 4.68098216139364
Ptbp3 11.2952745829932 7.87942505557014 6.60878977853061
Prkab1 10.8728158992286 6.96454834391398 6.88137753446717
Rbl1 8.51194870241016 4.80334422026325 4.54914494321042
Rcsd1 12.3223507478265 6.79470172707868 6.57830221710632
Tmem140 8.46080936763924 4.61526678879514 4.52603199442137
0610040J01Rik 10.8106638816197 5.91803274432161 5.47826211103968
Cklf 11.3324839569912 6.45555443473044 5.44776331063658
Cd177 8.01898297885642 4.22092341529239 4.13124310015175
Casp8 9.83591177234681 4.92223752028245 4.45430437818185
Tmed5 10.4601759587631 7.02645593684684 5.95285952485963
F11r 12.1638127271072 6.5055215841932 5.75520863380004
Eva1a 8.63294613398656 4.770511540392 4.55733859050838
Mfap3 11.4258563297422 7.88815526373537 7.60001803283179
Reep3 10.7593284719606 6.43812829647913 5.31354555696177
Tor4a 10.4213155961976 5.4245497311426 5.1706583089886
Trim34a 8.69868770830196 5.14756418890985 5.1260866902648
Trib1 9.86334646135101 6.46728731458342 6.30254570639615
Lpxn 10.730982217212 4.82859689974967 4.38119609779198
Siglec5 8.337886172674 3.87168554866685 3.86951716404193
Mylip 12.3804927223987 7.48407734065496 7.22262351672432
Cflar 9.90032647661365 6.45042490334183 5.93499659355982
Fcrl1 9.27554865404005 5.29751004620428 5.17135145054316
Lifr 10.914871574386 7.48728841664227 7.25432116378292
Csf1 9.80595405056766 6.09067290935386 5.85104779599824
P2ry6 11.5909433501351 4.44198434143052 4.27924517704145
Wsb1 12.1955534450875 7.94065825574215 6.61545213102342
H2-K1 12.7949568117272 8.77232937773806 6.56281214352556
Slc3a2 12.5439222171533 9.14502088704551 8.06940867272741
Tgfbr2 12.4312251246194 5.88826805778935 5.81741519561515
H2-Ab1 8.4512011309411 4.9749623075815 4.49128993461608
Prpf4b 10.2022154854581 6.52867640618831 5.9548678544577
Ceacam1 8.73427463823456 4.37996122127237 4.23677128298486
Mlph 9.52478746573067 5.23307478443323 4.98255534694809
Ncf1 9.01873662127703 5.28879341210443 5.22345607917923
Il13ra1 9.69650941211153 5.88072580625978 4.92648716097172
Adap2 10.4876327911899 5.31513369413464 5.29008170438464
Akr1b10 8.35430474274704 4.60963641699142 4.45482924119163
Lrba 12.293139019726 8.8236937638665 6.86336726165218
Pld1 10.7880824610021 5.81749709608439 5.68075515164859
Pon2 9.26937417743214 5.54123395006285 4.71614624473415
Capn3 10.437566906065 4.97429178472873 4.81362322640745
Gem 8.28009388336886 4.35370203500407 4.08440423550553
Tor1aip1 9.84392113236668 6.46129671434364 6.14003623271887
ND5 11.9712888648361 8.44209444654741 7.95130677973415
Rrbp1 12.1135184174842 8.09956127880634 6.69992412118502
Clk1 11.9971319270739 7.62157021907811 7.6192188272934
Vwa5a 10.3690918760756 6.60699653030125 5.09047920391501
Glul 11.9439234863599 7.50494830718313 7.09759987107735
Arrb2 11.5161791808491 8.07074215900206 7.23792026067821
Pros1 11.4244912078995 5.17928993328148 5.17533455394641
Ifih1 8.66416697609045 5.30535204222327 4.75074622844939
Rin2 10.1302854085197 6.10152166931531 5.97158241557657
Tifa 10.6649959627868 6.01416012168697 5.88927259674649
Arhgap17 11.0358082941061 5.26595551655929 5.26298770784472
Phgdh 11.0663668828628 7.62468126419823 6.95683237269666
Parp12 9.52345845288495 4.8685662264874 4.7984079398247
Trim47 10.122871565472 5.17189973705744 5.03422218761363
Lgals3 8.71732817427299 4.79076475568059 4.78539256182344
Ddx26b 12.2655895521916 7.93836396304987 7.66373344634895
Slc25a45 10.8783954265567 6.15494112057501 6.06821643045047
Plcg2 11.2395812321787 7.08835293762927 6.582714548252
Ccdc93 11.589408707358 8.11769196129395 7.98048616508472
Mlxip 11.0131464704826 7.26463902322996 6.80433760329407
Sash3 11.2528818012755 5.90219235731348 5.32467756836076
Themis2 9.94919523666928 5.21608506540285 5.01930530867632
Smo 8.91822177549275 5.25859417082494 5.2460056008122
Stard8 9.02643397069546 5.60611954260958 5.04037962202499
Mpeg1 13.5339312443488 6.2468272049101 5.82326920215505
Hspa1b 12.7328150924375 7.71355080380494 6.59089861055361
Xist 12.7732517233129 4.40482813019372 4.23639228800832
Cd48 9.99176185857167 5.17652226301172 4.57042711577677
Akna 10.5978331936346 4.98969557979056 4.89709752443173
2810474O19Rik 10.2420219780856 6.89101529877182 5.9511155569592
Sult1a1 9.92143049281146 5.04380318357101 4.8610152004125
Fes 10.5840546362038 5.96485892760851 5.87639738092285
Cep152 9.68353142517718 5.53393212611584 5.19215670398014
B2m 13.2088860971046 9.47311643573335 7.4521441443553
Gsap 7.5615053421719 4.10259042622156 3.9541963669546
Ccrl2 11.4107831106411 5.7452795150091 5.3733419488857
Lcn2 11.7182561949748 4.61194719265171 4.41310709433291
Hbb-b2 7.86146929235822 4.16251252287788 4.10657377015771
Gimap6 8.28896486111756 4.63376750252209 4.57800828715989
Myo1g 9.04216166021584 5.02204730666245 4.94741344904013
Tmem173 11.1696407087511 6.20537941907 5.98202262833828
BC028528 9.01173787915138 5.00569947922155 4.9947261341581
AF251705 12.0057126252299 6.78102246482787 6.40452641217478
Hmha1 10.4487011332694 5.68362541511582 5.67055938423121
Rreb1 9.66195512280759 5.7524378490276 5.07923475671254
Gmip 10.2055870255081 6.23845962495123 5.66797777396235
Nckap1l 11.1526856630168 6.60024039282111 5.27352289451486
Abcc3 9.7509259850256 5.30159338226048 5.02066794185725
Rhoh 10.7637079698635 5.12516480656732 4.82800571769643
1700017B05Rik 11.7522974287947 5.74698412645523 5.58494581237264
Srgap2 11.7585843286276 8.32941140320575 8.30830491269418
2810043O03Rik 8.32709215618797 4.20061451561486 4.06031692435651
Gusb 11.4803411718158 6.4640928651905 5.07444523273745
Lair1 10.6612900224916 4.79873096905164 4.67594041724215
P2ry12 12.4385715566921 4.81972760880354 4.69767521354058
Apoe 11.7960795852016 8.10797935939921 7.58707035785771
Epb4.1l2 12.5432840929574 7.23573398205759 6.26443910196871
Pld4 12.1700437011819 5.31040769149089 5.24918625534563
Lrrfip1 10.7224886700699 5.44749447558064 5.41621511132906
AU020206 9.79768698851007 5.6068451944357 5.2525496271789
Fermt3 11.4207362066657 4.85584570164348 4.61004335838504
Tgif2 9.9426138283241 6.23682637243108 5.92370483050951
Ankrd44 11.5679366187782 8.2281315732028 5.71991341714998
Kctd12 12.099676793357 8.50461790678808 6.60485560280939
H2-Aa 11.2644036954394 4.69025320867924 4.59817327699969
Fam105a 11.8820924454901 8.39884083959722 7.5227794011251
Cpne3 9.50290347799534 5.86989581233757 5.69493627367714
Herpud1 12.5116726598182 8.49718878290943 7.48804533642471
Cd300a 10.0530239896872 4.94747345651551 4.85848841296063
Tmem71 7.83337212150143 4.25208243911504 4.18603672841565
Lyz1 12.2502412289951 4.92543651114493 4.46427153087432
Zfp110 10.6738601357144 7.0133253978011 6.54069180398367
Clcf1 8.68466038510135 4.0629973272331 3.83389254262482
Adrb2 8.29734945321406 4.40146630578827 4.36009905123235
Hmgb2 9.04290768492065 5.68015404542767 5.57254925348293
Lrrk1 9.1635528470806 4.8517531354032 4.64663509097824
Zfp36l2 12.4004422821899 7.11203782272937 6.39844289758476
Il10ra 11.9867649941734 5.31556733528546 5.05113786066152
D530037H12Rik 10.4018822600769 4.24886683828445 3.93304652546954
Rab20 9.64744268247702 4.12011462417814 4.08044596591186
Slc9a3r1 10.5341792603602 6.99751131204338 6.62225433722358
Vim 8.20604281286246 4.60537283201518 4.27921342150835
Grn 13.6303783372944 8.80105462185825 7.43456791085309
Mavs 9.23385264584594 5.50227090496176 4.31760083152113
Bach1 11.7684659473826 7.86384266372235 7.168980161311
D9Ertd306e 8.20712585253381 4.11256755060657 3.92021976239516
C79242 8.41316050528701 4.58485392349868 4.43455247572392
Fam46c 12.2421510197398 6.95311697172751 4.72514247213329
Ctsa 12.9644748360344 9.31425805952449 8.57050636169407
Pald1 11.0128320429645 6.07289874192926 5.91117056950826
Ifngr1 12.016051864462 7.44646747600892 7.23458177953545
Ucp2 10.8156159051053 6.92707067614623 6.88209578424101
Tcn2 12.1195930224409 6.73785821991309 6.05070545902676
Anxa1 9.64055143138413 4.64225707814325 4.17132002209727
Cmtm3 10.0110497819572 5.69720549027749 5.67416273459828
Ppp1r15a 12.6593601245383 8.15206580599965 7.29987135916089
Slc15a4 11.356384012252 7.77550926921524 7.36902430186811
Dhrs3 10.8328899765314 7.05116197382012 6.37230255664362
Lrmp 8.89491220593798 4.61542399912961 4.37365377335814
Olfml3 13.5644607358692 6.24311806195907 6.20358856781323
Pla2g4a 9.55730250855793 5.2733446211056 5.02937373509828
Ncf2 11.109264808914 5.70475828653357 5.6325881837374
Il7r 9.22711297999003 5.01863510813424 4.91811884188408
Ctss 14.1223387589978 7.62368916302958 7.18236013311208
Cd53 12.6270729328698 5.44022665009986 5.35911330338704
Fcgr3 13.3874319809845 6.21418817456446 5.89996946855955
Hps4 12.4456398299555 7.83397446646611 7.73903600641417
S100a9 12.2965410503709 4.82827865056954 4.82027162061121
Dusp1 14.1813580097059 9.57241924047947 9.20634814636501
Traf5 9.0214474215703 5.62575391846749 5.49347453329887
Lgmn 13.4068999504885 9.84140315460244 6.80032785079027
Klf2 12.9915058739807 5.33315127656027 5.0661348236034
Fcrls 13.5200887013828 5.87674578547735 5.7332594329375
Trip6 9.31751803635675 5.58165729927243 5.34419379886472
Tlr1 9.55990391864875 4.16302541053668 4.13989552400675
Selplg 13.492313873689 6.73951672522676 6.57575554764974
Cd68 12.2825968841945 7.37371836367951 5.03019989216659
Gpr65 7.85611733273235 4.2226236460722 3.92244643630794
Ebi3 9.38512048892932 5.87676123809196 5.50181844603545
Csf2rb2 9.46516272602394 4.48047069291794 4.34955915896484
Atf3 13.3007390383143 4.91242976744685 4.78383149046562
Il1b 8.75804374629313 5.34830783392732 5.26124320630075
C1qc 13.5695399365939 6.05087122080544 5.34237601502188
Chst7 11.0545300964632 6.17542337889662 5.63375019177704
Hck 11.7192724128215 5.60163067607922 4.77829380501635
Gcnt1 7.89240442650036 4.35794987504556 4.33876538907228
Casp4 9.17977855891737 4.19410806250217 4.04956413658279
Lag3 9.94342037341401 5.6607742314757 5.65926970892181
Cxcl2 10.9236295592129 4.21743769621466 4.17897295331183
Ltf 11.9771261319803 7.52627884863529 6.21082575474005
Cx3cr1 12.8322911670036 5.73633048907046 5.64499956058808
H2-D1 12.6856010965553 8.90839238256519 6.47973404184952
Stab1 10.7835801182221 5.64410422802314 5.37897202263101
Evi2a 12.5801879760248 6.5594916574067 6.31710996693327
Il6 8.3523884587654 3.91843381979311 3.84459185929287
Pdgfb 10.6620659529342 6.3094188784502 6.14959659262048
Mrc1 8.47267687587698 4.21435236046321 4.16289698667003
Cd33 8.91751905662005 5.04023620156918 4.91341398229877
Itgb2 11.8281947861841 4.8277097297417 4.69931371832612
Rgl2 11.0627483576315 7.33644670568432 6.97037314902012
Psmb9 9.49408509768935 5.93931120039728 5.77450760027476
Adamts1 11.3973807177838 5.65004190875266 5.39656696841517
Ang 8.67340897437916 4.18415684905905 4.14175725931129
Sh2b2 9.32069277757714 4.66039551385462 4.6385930078751
Tyrobp 12.9035612805634 5.91222992841455 5.87287383801564
Ptplad2 9.63817330010533 5.47996610713217 5.40771696135922
Slc29a3 11.6835560124248 5.67632055443024 5.45677335179785
Pbxip1 10.3716503756831 6.36600585546829 6.35671893739825
Emr1 12.777781853873 5.57597583034498 5.40398267633913
Nrros 12.3519497751025 6.02633804203961 5.50280916508752
Tmem119 13.699678559052 6.09665383080002 6.01728281068543
Pnpla7 10.5843197435089 5.86677236526525 5.3259753150996
1810011O10Rik 8.37120216738482 4.39862484084245 4.30457819784213
Slc46a3 9.85031592896195 6.49529527053022 6.02388457170751
Parp14 9.10437062254361 5.15073509521494 5.08256455705639
Havcr2 10.710530075929 4.54764682355558 4.40991258999489
Alas2 9.97256535353661 5.02344471495347 5.01172788744299
Cmtm7 10.4036329494645 5.1790058509961 5.11754094805258
Mafb 10.9849900615298 5.77515505463921 4.992263409774
Apobec1 9.7227717478305 5.4264843995198 5.33382978543849
Blnk 11.8079240962002 5.65734488378914 5.58031224733317
Tmcc3 9.16895367720384 5.32945376963065 4.90780034388425
Notch2 11.035203297165 6.64395235193491 5.87169738722543
Alox5ap 12.5749967599795 7.62863099689419 6.12600879508072
Fyb 11.7159427823204 6.06084633992615 6.04873985945374
Sepp1 13.725757445204 9.058259663794 8.22126444824088
Ctla2b 9.94438247489242 4.48485223551046 4.24001891468257
Hspa1a 11.9245276178108 6.05116161370001 5.6636262932882
Slc37a2 8.79282849614854 5.4206456395589 5.24427308504863
Zfp36 13.4960506681509 6.28968472804651 5.70493904129854
Abhd15 9.92497435981129 4.83350385947504 4.79769870514243
Cyba 11.7749627835735 5.34775544880762 5.16250944275198
Wasf2 12.4660305697947 7.49231629472522 6.61512950588974
Ptpn6 11.3292345329635 6.65347958532608 6.64079654294238
4833441D16Rik 9.33372525445037 5.07456672963114 4.60524488004281
Tec 10.1967601761071 5.57644578227021 5.0248127834072
Cd52 8.83934325002235 5.21682140984132 4.67884068255186
Irf5 10.4417221455899 6.17941770644529 5.82298578177433
Wdr81 11.507769957771 7.90399413272221 7.55737137461248
Klrd1 7.52307482814316 4.13659695218796 4.04445371565049
Naip2 10.8151812852359 4.5904852268456 4.48428645678822
Anxa3 12.9131833282778 5.47217766824842 5.34238256625472
