Ceacam10 8.58805950444034 4.78030655881883 4.23635284627348
Ccdc109b 8.86707072407506 5.48194245547816 4.64697978057075
Gdnf 8.85973243742801 5.07404983518385 4.68386389603572
Sgcg 9.68134655970576 4.76729864317056 3.64449064335847
Klk1b27 8.07978719807353 4.48912897261729 4.27813552870855
Elavl2 11.7824507170826 8.10710065502703 3.96490990519268
Serpinb1b 11.4438098699387 5.65772431610192 4.71531324980899
Lypd1 11.6953602688917 8.28257376887396 5.89502223431979
Lrrtm1 10.9232150703372 7.04174505626095 4.62985166849414
Cacng3 9.47140635253197 6.05115821307287 5.49148983361158
