BP	Cont	SCZ
OLFML3	0.292759520026635	0.293807095668437	0.295172463391805
ENTPD1	0.308150728660283	0.225044443262667	0.30590618920812
MLPH	0.269091245908124	0.222492428553571	0.337276644620564
STAB1	0.233455021483355	0.281132502355483	0.295069442660337
CX3CR1	0.283143344839114	0.278546467113726	0.191859360890474
LAIR1	0.077862889174478	0.321278773776616	0.334971223983847
CCL13	0.247676947841375	0.163072217463453	0.254640540026108
CSF1R	0.212581759541492	0.284621800112634	0.110100629239236
PDGFB	0.186724936851317	0.236353212367108	0.108152145453756
TGFBR2	0.246262914922311	0.0600052830959005	0.104367115793415
CD14	-0.0640304134888686	0.248629822228314	-0.225150978051507
ICAM1	-0.0301818347710621	-0.0550572463343064	0.0385439547924144
LGMN	-0.170929006353415	-0.0332630977397555	-0.0372883032176703
HEXB	-0.221082413115382	0.0161443279381064	-0.16689540180429
PPP1R15A	-0.116834726139736	-0.21467553707232	-0.224397193257025
ADAMTS1	-0.165405317896485	-0.242593527993267	-0.17946929771726
GOLM1	-0.124187852189541	-0.213658107380184	-0.262933297438162
ATF3	-0.283487735348563	-0.212605728650601	-0.203471774556627
HSPA1A	-0.279186646465034	-0.2774425648832	-0.166352873005956
JUN	-0.326032195249858	-0.218271665584206	-0.260210795048221
