BP	Cont	SCZ
ELOVL1	0.179205037774561	0.174557255630241	0.181612731850122
PLA2G16	0.178381755071861	0.175659072694972	0.178753309216453
PLLP	0.182044893918458	0.173400605558363	0.174804897455858
MAG	0.176922062215641	0.17238965709016	0.178736112187303
MAL	0.176663668769328	0.172286056029289	0.176980757274894
LITAF	0.174389082484032	0.172691359346647	0.176566995965422
MOG	0.17818610596988	0.172723501952813	0.172223583251186
TF	0.176891704020486	0.171747553198419	0.174215294357808
FA2H	0.173487154836556	0.166053594855238	0.173355451498379
ERBB3	0.168692952365309	0.172307749487087	0.171318147164581
SOX10	0.171107308347771	0.166777518443903	0.17350684502485
ASPA	0.171910488086758	0.173054378291629	0.164842085554986
EFHD1	0.168240952975768	0.168638773281421	0.171431297914212
GPR37	0.16211006917788	0.170281554926101	0.172349831494755
UGT8	0.170471891484544	0.166226735611464	0.167972180495878
EVI2A	0.167317585158608	0.159220877582033	0.174664106640109
PLP1	0.173282482006606	0.163875595053493	0.163945939865636
NKX2-2	0.169965267707914	0.16559954067629	0.158131216686473
GSN	0.16970489936014	0.168962205323811	0.153798326674337
GAL3ST1	0.161142216732699	0.167981823216732	0.157791833161309
PDE8A	0.160586791758096	0.162920199801583	0.158735129406682
TGFA	0.161881635345776	0.160152212084154	0.157761044174244
CDC42EP1	0.155501745569393	0.161510501337576	0.159367683610668
OLIG2	0.153971891671735	0.158591945370739	0.158871308007031
GLTP	0.140632677023578	0.16199217470676	0.156604187176697
LPAR1	0.154291135108288	0.145331230417359	0.157446123011597
TPPP3	0.152593122514188	0.158937525729198	0.140412048373436
TESK2	0.156912049866664	0.138866971438651	0.147694236882026
NDRG1	0.137282142251579	0.154980550074991	0.14750240976269
PHLDB1	0.148558593519307	0.134629155674307	0.155547871895078
PTGDS	0.153269322358588	0.121449938821898	0.136481675728038
FAM102A	0.151397183301179	0.12646419254496	0.127878956617978
APOD	0.155346782838924	0.0849974806501167	0.145532749233394
VAMP3	0.115324354179886	0.144216986909291	0.122892844363168
SH3GL3	0.109175550072868	0.115678855028694	0.129442422213381
GAMT	0.104375494184388	0.133629040837702	0.107241096199617
MOBP	0.0813872341685947	0.116889035823574	0.142838128368727
SLC44A1	0.124967039638264	0.117474516051992	0.0867066499384645
KCNJ10	0.0902020697393739	0.126016756713022	0.100269966462161
GATM	0.108692329129777	0.120317989971292	0.0841230490779607
WIPF1	0.0960540934174653	0.113629600660076	0.0989386197698455
CLDN11	0.0921013995102423	0.0732056298067176	0.0959733543332168
MBP	0.0655653421325458	0.0986352329283714	0.0734901523134476
CARHSP1	0.0103173064029285	0.062151149570435	0.0743920544812557
LIMS2	-0.0273302394759791	-0.0395069178507129	0.033348159461302
PDLIM2	-0.0148689225975493	-0.00587971663956668	-0.0436553218199024
THBS3	-0.00581621294423291	-0.0692888963652846	-0.00883646566304644
