Tppp3 10.7940547651326 7.03285041055233 6.05188372446234
Hspb8 10.7091786563235 6.2626254470365 6.15775619772383
Tmsb10 9.99351772953214 5.78224444490903 4.95975736922233
Trpc3 11.1003964994168 6.58619034150576 5.43349951394977
Sncg 10.3504767184407 4.9944187116796 4.65593975056404
Ufsp1 9.81272038268381 6.30950761314167 6.13675308426012
Resp18 11.4908949806773 6.93320319058795 4.35554039415347
Unc119 11.300606434165 7.27925812121851 6.63624414133315
Cxcl14 10.9392485818273 5.83637737145052 4.90651041147964
Pcbd1 12.0412416278747 7.91384827192146 6.58859536357141
Hebp2 9.89745573051577 6.45156547607024 6.18506784207012
Ctse 7.75311067996897 4.4290636361618 4.35583106717021
Mt3 12.15679341395 8.30129849900112 7.14360435121843
Sln 9.26648127721676 4.91344637554447 4.71730193614404
Ngfr 9.84547745196339 6.38461095015229 5.83881274632405
Slc5a7 8.3474119889148 4.75626808429375 4.50344521610539
Slc18a3 11.756889799387 5.28034708027394 4.81075064211953
Ecel1 11.4517182872967 6.99033900461597 6.11461737384965
Ache 11.6732551009221 6.87697062862435 6.34999102714592
Stmn2 11.2504417263556 7.46827723294815 4.53507066064454
Zic1 11.5025038048557 6.91140004024134 5.17668280074973
Tspan17 10.3807320024579 6.96607928773274 5.04258466820477
Uqcr10 10.2979553371495 6.41968725823121 6.17928249481026
Lhx8 11.9203627402028 6.51894794579648 4.19755371924047
Hopx 10.5357568589324 6.41744772785282 6.32376741648267
Dgcr6 9.7683313995886 6.38742726471025 5.8083248532019
Mela 9.99359065743726 4.3437115127413 4.18493962694509
Tacr3 9.31354863939639 5.24294972584517 4.55878699822034
Gpx3 10.7986483584317 6.78114091357865 6.64670614960687
Fkbp1b 11.8822590838469 8.08302358310498 6.53639820734365
Crabp2 10.4512801955294 5.63814391207277 5.17707605466351
