Golm1 13.1709345745481 7.03893465895834 6.47808197328249
Dusp6 12.2043335698759 8.8680457679143 5.18729524439091
Sgpl1 9.54910293773426 6.01156720121255 5.26539914429396
Junb 11.5780026398467 6.66420322621614 5.47096092051842
Marcksl1 12.1999211654877 8.71169087215708 8.3844658018933
Creg1 11.4502595824185 7.89931278463613 7.48218099402111
Lcp1 11.8463632704423 5.89182478055727 4.50639318227261
Txnip 13.6993914736524 6.42713752405511 6.29117343460449
Cd9 11.8962881279299 6.45942202714478 6.13112110767166
Cd34 10.5911587485583 7.10072922661347 5.15774729767399
Tpst2 11.1246231388186 7.76291198422319 7.5069966277961
Cd83 13.2264749464343 8.58953993727103 6.02336126714608
Mmp2 8.84546583079709 5.22811120445733 4.7902566778223
Sipa1 11.1257432146877 6.85855261675438 6.48487350326266
Coro1a 12.6004028717715 9.09338854660817 8.37322191254293
Btg2 11.4968904593275 6.13480601295481 5.98627289892518
Tnfaip2 9.08145533726492 4.35365136279419 4.17751529532982
Litaf 12.5127367018525 7.14319915321361 6.95413984387103
Cyfip1 12.6066769077138 8.72060549986052 7.08139948326488
Lamp2 11.6172171151883 7.44951771706449 6.5982768555965
Snx18 11.9105809619856 8.36451145053565 7.88417613056908
Ctsc 12.6065842886925 4.8368694397752 4.82976632932048
Cd82 9.38715719713112 5.74896100005133 5.56196554440556
Tubb6 9.94309885815544 5.74452693578798 5.50785452509418
Ier2 13.4150634942812 7.14137173523788 5.86517220731619
Pnp 12.8627608953087 8.68190611097167 8.13577597227967
Nfe2l2 11.3735710823378 5.92875366800065 5.89215485490049
Socs3 12.8363611039744 4.30239799760346 4.08701648731818
Sparc 11.723215805215 6.17866555946135 5.03079402315208
Scamp2 12.0782300087712 6.83717479343799 6.28126578820441
4632428N05Rik 12.9592128362635 5.4018901361602 4.86529583753842
Spint1 10.3415667614487 6.99508293650244 5.14992572933985
Slc2a5 10.7506339487812 6.52146621952439 6.33248104809112
Clic1 11.3846871257571 6.64228355733117 5.5193405873544
Plxnb2 11.1751053377305 6.95329316848795 6.04609358607576
Irf8 12.5606886061131 6.47110433310818 5.54156157738714
Mical1 8.88736256308852 5.11565881362772 4.92153022465356
Tbxas1 9.77227819439976 6.12141516414062 5.93552207962622
Slc39a8 8.3702572354114 4.14578707603184 3.75610529404513
Parvg 10.3224146114506 5.85468922184267 5.77502389974612
Mcl1 12.1472433486191 7.4359526185549 6.73825436372341
Rps6ka1 12.439882687873 7.40527708766674 6.85146889377362
Parp9 9.82908871348782 5.36121118765173 5.34732416204596
Tnfaip8 9.91373565516323 5.08683550426281 5.01882939614295
Fcgrt 9.65042068842126 6.27977093023209 5.85633695121391
Mfng 10.1100884876208 5.70592200802834 5.66203652255479
Slc40a1 11.6365802495677 5.74410887847894 4.99187255017454
C1qb 13.3846079047961 4.0714609392477 4.0478965791658
Cyp4v3 11.0721852303594 5.48871068852968 5.36092106100899
Qk 12.3621647632087 8.77416550996082 8.76110557964913
Syngr2 11.4559121689701 5.45013933714421 4.86580989899374
Pmp22 12.2653168767854 7.9815317729298 6.56186594208995
Igtp 10.5169764277721 6.87492883686002 6.26397900110087
Ccl6 10.223717633042 4.47095830076612 4.36559645549118
Cd14 13.3052539164274 6.10919583328232 6.00216069104751
Tnfrsf1a 11.3244537624855 7.37326552482167 6.97473242610112
Tob2 11.2284375997777 7.67029117480335 6.99143574164372
Pycard 11.8185468367102 6.00045665475129 5.48834409963337
C1qa 13.2380236204344 6.30471651133585 5.82563450915721
Il16 10.7022595486227 5.75914826928101 5.62453413842128
Slc7a7 11.052383619296 5.08300089499819 4.83966555120798
Klf4 12.698526861476 5.04152881839124 5.00129571971553
Jun 13.1567215574815 6.90412087175563 5.99888905670498
Srgn 13.2509970787582 5.89015807171308 5.18265306036153
Myh9 12.5865032254667 7.51086802741806 6.93876744848306
Nfkbiz 12.6860754101133 4.87832029753825 4.38197334838297
Tgm2 11.7718766956168 6.09014525511166 5.81976159945146
Plek 13.0669588958399 7.6896476417308 7.62013573979356
Itgb5 13.3318370523038 5.15580120419889 4.73318975784651
Elf1 9.08676867890006 5.20441793811826 4.51919809763348
Cln3 9.94836220653156 6.28452812975111 6.1515121583543
Rgs1 11.2541972267774 4.57923808331909 4.4383826783478
Rac2 9.75239695917386 6.21747517045082 6.16979669129867
Nfatc1 10.1057640630075 6.39917299671696 6.13541377733496
Cd79b 8.31573716498709 4.9384448291885 4.69171122441381
Snx5 12.5628056055199 8.97798673488699 8.03034075170789
Elk3 10.4901390004177 5.05010105193147 4.66672726055222
Soat1 9.02708526356189 5.10944655809433 5.02194627761638
Laptm5 13.2497958585741 5.77719929811265 5.1464833466971
Ptgr1 10.0953671914278 5.57841017545341 5.25748405541927
Serinc3 10.8737843005988 6.95041171586321 6.42925794973556
D17H6S56E-5 9.99291673904863 6.47732468230867 6.30790514089035
Ctsz 13.0341451754765 8.81297939745918 8.36370086628987
Fcgr1 12.3056772228307 5.16115330624013 4.69359405043305
Slc16a6 11.601886645942 7.3255503933135 7.30242291238049
Pdlim4 9.4700059993897 4.75130133946476 4.69526211638045
Ccl9 11.5606702750711 5.41501127140394 4.93770448203254
Trim30a 9.82440837349698 5.44330323879052 5.25668756465427
B4galt1 11.050190662426 6.17764952021503 6.15655251190413
Nrp1 10.4416176811946 6.91185618214863 5.2587195499827
Tnfrsf1b 11.5849644137814 6.06972085197253 5.79734059037314
Inpp5d 12.5199395399242 7.27825501307916 6.3465757729795
Tlr4 9.52419084436795 4.28105014309074 4.2490537781969
Pmaip1 7.94812896443572 4.52674106741617 4.09115138219467
Aif1 11.8782125697407 6.94034524326688 5.65305792411602
Il15 7.4967535230896 4.10210404088001 4.06347354459407
Lims1 11.3895886323577 7.36864092728163 7.08801721123446
Syk 11.2305153374971 6.04714522073141 5.81392848175845
Klf6 12.1614928848338 7.72106718518256 6.11345547511815
Crybb1 12.3010895138039 6.48446208380372 6.41535217172005
Fcer1g 12.6409109862305 5.88741479668656 5.8667308997616
Ctsh 12.8519091129382 5.37287955991478 5.29705286588782
Gpsm3 9.66649074936397 5.47244161893756 5.26152612292731
Ncf4 10.7081144474155 5.07648714098546 4.78202309995127
Ggta1 10.3145780373454 4.12600065899507 4.06544563511735
Calcrl 7.84138491604448 4.44061967260143 3.97001090432429
Lcp2 10.3889718130272 4.95795541702184 4.92971111597216
Ngp 12.4329204009581 5.67888353523111 5.28972366878229
Spi1 10.2850028049619 6.00463265751564 5.8405120134841
Atp7a 10.1404314445784 5.97110478000987 5.39444112535113
Csf3r 10.4703586336665 5.43221987713731 4.86895536570706
Ms4a6b 11.1222234312687 4.81244203631798 4.76777619268664
Hcls1 8.83239317939796 4.92485028134647 4.71514982062111
Abcb1b 8.00305280287427 4.5440655305488 4.46030071334022
Pabpc1 11.1513836653323 4.24266190892744 3.90831049027965
Cebpb 11.6879517821222 7.62980847025108 7.3075037935203
Plxdc2 12.0633823649962 6.25720932655917 5.89365452682372
Cxcl10 9.83264446685726 5.29423995219812 5.18090005401643
Maff 10.2395219098757 6.63301220886762 5.88299058217914
Cysltr1 9.33333349087416 4.08770363638751 3.93664906588044
Cebpa 9.88957255483431 6.16402700050917 5.51721463455367
Cttnbp2nl 11.7204560544011 6.06940421098716 5.74495665352952
Lyl1 9.97533629065994 4.99513024711531 4.78669381613256
Ptpn18 10.4025712369028 6.18879037758092 5.92765193817382
Tlr2 11.9268402473875 5.57240541240433 5.36461661505407
Serpine1 9.52331793271942 5.05471624015257 4.6081601589122
Mlxipl 10.549742788076 5.16338704658337 4.61627966222547
Cd37 10.9048574016166 5.65879735087018 5.53742607625527
Map3k8 10.2849700718244 4.79236511723493 4.49665486501836
Myd88 10.7278217724093 5.99638424913798 5.65719091102725
Ccl12 10.5112043294489 4.52294910618211 4.51723046194358
Jam2 8.80820666224123 5.2506286104566 5.11840159002177
Arhgap4 9.36525554969312 5.47197596206395 5.37110645582591
H2-Oa 8.7917936065526 5.17078345105818 4.68137196486037
Pon3 9.20297150005047 4.33939942614546 4.29752706848015
Slamf9 11.1882832385642 6.41971360370428 6.39223698435278
S100a8 13.0395448654869 4.90598524578285 4.89220338755639
Il10rb 10.7116513838826 6.96610612290815 5.43953475717758
C3ar1 11.7072754362155 5.51912712146865 5.47128993031268
Ripk1 10.1243899929041 5.71432209678895 5.55800639580018
Fgd2 12.1304825880125 5.82242868112958 5.81406132920553
Rela 11.8428094359349 7.47638199156155 7.05785288268594
Ccl3 13.4953964323281 4.71488325006976 4.5145229353056
Ms4a6d 11.3799791784438 4.85943725892161 4.48548826112252
Tnf 10.0055468588953 6.33508358715836 6.27929987780005
Was 8.0303356973264 4.60667138270839 4.31882925123526
Ier3 13.4963591841383 9.76531285886071 7.68312311734645
Nupr1 9.93831898336817 5.659286889878 5.37437149482089
Camp 12.113738407204 5.62500259050018 5.4336042971337
Ltc4s 9.78168546230716 6.21592305121146 6.16766829995881
Klk8 10.2464469222101 5.57148091366396 5.53155283820922
Chil3 11.1159878878753 4.32750581539042 3.97339475094167
Arap3 9.86775374576886 4.69072727894476 4.59377903878712
Tlr7 11.2112407400947 5.04163067191303 4.86242114390078
Csf1r 14.0460007158016 7.3432152573092 7.24620300160681
Hpgd 12.0107499612859 6.74995157127285 5.35029938714346
Rab3il1 10.4710400563943 6.79260167622488 6.41931546403847
Mcm3 8.92535440058905 4.89139083343184 4.73974424509567
Gdap10 8.80480802896476 4.46229591127378 4.21256724378224
Slc11a1 11.4154854568916 5.52418625307429 5.29330344217603
Hnrnpa2b1 10.315155226878 6.47733989691559 6.05191353903648
Ccl2 9.49866288250659 5.34419985392042 5.27055337174595
Cd86 11.6419705628058 5.19869796557502 4.95609794469101
Prkd3 9.70383275414416 6.34263451016192 5.44188126483546
Gpr84 11.5935377294956 5.57896627284151 5.50043800062681
Vamp8 11.9027573726861 6.72417484691436 6.1462449601634
Tcirg1 11.3257053795282 6.74996480208176 6.57118015109037
Sqrdl 11.0518617676912 7.65485689820845 6.11979691663065
Trim12a 8.5835260320544 4.17980912038532 4.11094346656428
Slc15a3 11.5219827541908 5.51497805318744 5.31324267909792
Clec7a 9.36335652990378 4.98249610048595 4.91986935582126
Rel 9.30153835661437 5.10038460809655 4.65418793577816
Tsc22d3 11.4721491337919 7.93115156938408 6.17999792808017
Sla 12.3378861062474 6.37931354643903 5.50080279507209
Tgfbr1 13.4953964323281 6.93178351474195 6.36696267600821
Snap23 8.47917138557207 4.49384709293845 4.1293575349711
St6gal1 11.5108116293154 7.70704820103689 7.58470990871382
Asph 11.1131392793095 7.04721654519992 6.24348592009262
Adcy7 11.9646243532397 6.561656013859 5.32462425369077
Rbm39 10.4094928984617 5.88080697205769 5.38618706457947
Rsad2 9.55409990020448 6.10675647849736 6.09503511329433
Vamp3 10.8638436564196 7.46518466104601 7.4529600285266
Gpr56 11.0473777353108 7.3991530847188 7.07800912216453
Lgals9 9.80576100376818 5.28751725939297 5.1545154205645
Bco2 8.88551273021649 5.39314692875861 5.02781481114022
Trem2 11.528689695107 6.51290212474773 6.4330984186771
Gna15 8.93153578094543 5.37627419690501 5.24872201947956
Myo7a 9.61565808015342 5.82475717289275 5.64458011484646
Birc3 10.7521481640029 6.32629094471252 6.11970889789276
Igsf6 8.68495551282954 4.27575736470742 4.27434043570483
Samsn1 8.95535277925432 5.16972656260348 4.54396942423605
Il1a 10.5450729398403 4.19140851996336 4.16998372013779
Hpgds 9.14123713383759 5.35746389260065 5.13678304349488
Naip5 11.1347547074536 4.30382442436743 4.24422387428064
Ccl4 12.7516225784521 6.28688724070675 5.99414238530605
Itpr2 10.8613975316724 5.72373510956097 5.39208699622998
Stat6 10.5031698578152 6.23665878890361 5.58054915341867
Phxr1 9.60550945602768 6.04104938536493 5.574053441795
Tapbp 11.4240903434095 8.09347929468764 7.11924901723485
Msn 10.7217422633417 6.29466124549451 6.02503244515775
Abca1 12.0785728549459 6.8551252917229 6.38749400142976
Adam17 10.581995677351 5.95676893462498 5.12469459153471
Dapp1 10.626591308075 5.3464488784413 5.17385388037573
Clec4a2 10.1190075949126 5.04970167152291 4.93148079580646
Fli1 10.0832277034328 4.38407465554254 3.90747943998377
Ets1 9.75745818736726 4.26384596229597 3.98916165566551
Itgam 7.64683147867138 4.31219723643223 4.2345144407572
Ptprc 12.4215732421658 4.8215079903143 4.50374517001446
Fosb 11.9818678393755 6.36629526530404 4.72290540804826
Ccr5 11.7087776692335 4.6642738291354 4.5883441793886
Il6ra 12.6405285425734 5.70884815277732 5.60944429479669
Tgif1 8.50458243562559 4.66831608526998 4.47747328408161
Pla2g15 12.3512186582331 7.91275920397729 7.33916503897821
Itga6 11.5906633280243 6.18786645055802 5.78356319112767
Ifi30 11.4062018650154 7.22335726229366 5.5017625303027
Zfp36l1 12.7019764996359 6.15281629380891 5.45039650532347
Gpr34 12.142699851518 4.10617776415483 3.96439895930827
Rrad 10.0026571297703 5.79566000150859 5.18370219500046
Cr1l 11.6955153199688 7.83744442207461 7.64436901181358
Ndel1 9.26249492481989 4.3873147778522 4.28865322243466
Rhog 11.2037880767617 7.17986919078272 7.13393672521282
Rnase4 13.0771643703574 5.36938490836404 5.33685581766547
Hk2 12.3164140648536 6.12085756439899 6.00553803727501
Hfe 11.3196450739578 6.96018806660694 5.18512881295234
Naalad2 9.64837692903074 5.60423162826684 5.4078337448229
Pik3cg 10.1537853547168 5.3813595354931 5.34639286838557
Zeb2 11.4350095719432 6.22560340389799 5.20568837968067
Btk 9.58917222158551 5.63260230024968 5.56110095373627
Tlr3 9.63659550839082 5.22840048762789 5.02235107723601
Dock2 8.86389566600281 5.30040200931403 5.28826705705924
Prkcd 11.3607793398998 7.76686510119836 6.6314699101097
Mertk 13.0985151577591 5.68804118291771 5.38949810527599
Cd84 9.96224237530016 5.03386057490861 4.7378527660769
Ly86 13.8305038298173 5.67658648290986 5.493145402671
Vav1 10.4997459843954 4.35048666633863 4.20920158700825
Pag1 12.6736213180298 8.36369976707263 7.35141255436564
Fos 13.9327205870223 8.49266605444805 8.3156497287092
Cfh 10.8438396260437 4.13036774577888 3.61813412450198
Tnfrsf13b 9.66545251361214 4.52069045816963 4.49671764723093
Cebpd 10.5744174492867 5.54558185894975 4.46168078760344
Luc7l2 10.6746402351895 5.54615642124486 5.25162781387765
Smim3 9.32886126195367 5.93673752375401 5.56073382310441
Hhex 10.060418644213 5.39861163294204 5.17305820835896
Entpd1 9.58873000960094 5.05432444459804 4.34094514239679
Ptgs1 12.1626150793908 5.46156153778069 5.23967522026195
Rock1 9.72163310525527 6.39355216645598 5.73016522741622
Stk17b 9.80355004387352 5.61403042804216 5.35597027892979
Frrs1 10.6966078261321 4.96628378014743 4.87099791994934
Lyz2 12.5660138290276 6.39520880474407 6.27827858179974
Ssfa2 10.4026641404164 6.61399722134557 6.19148236376985
Ccnl1 12.9368942943523 7.71031864472178 7.20319938546355
Galnt4 9.11869231898454 4.88344318376516 4.72723795218052
Ctc1 11.7422487728519 7.71137186318576 7.52880121058532
Unc93b1 11.3066168079527 6.56409081341817 6.11631927422651
Mob1a 11.6304802850351 7.87781863110786 7.50808517683002
Cmtm6 12.2803328178186 6.96722828105863 6.69083734873699
Sfpq 11.5708095722532 5.32527199517399 5.24189933204536
Wls 8.21516176510327 4.66931136549202 4.6441912667958
Tmem63a 11.3727165126659 7.02909491887614 6.9863693431368
Tspan14 11.2007785813707 7.16114764835765 7.06676535449867
Lpcat3 11.4786154330381 7.18506841772133 7.09715317962329
Pxn 11.8612215849744 6.92918186021899 6.26360448642474
Hvcn1 10.2856187487951 6.34861148453443 5.42055508293202
Srsf7 12.1714156611169 8.80421969906869 8.04995425528402
Edem1 10.5644676490564 6.05596498339094 4.51094824097789
Icam1 12.144222640413 4.69694484880801 4.55978540368089
Ptbp3 11.2952745829932 7.77407778770681 6.55609749540767
Prkab1 10.8728158992286 7.14233702960852 6.94392898275314
Rbl1 8.51194870241016 4.86368311328043 4.63244207803855
Rcsd1 12.3223507478265 7.10775537597454 6.56564765879617
Tmem140 8.46080936763924 4.43001677361396 4.34842988124865
0610040J01Rik 10.8106638816197 5.80922368787322 5.53637954222936
Cklf 11.3324839569912 6.2314355309806 5.54356525714643
Cd177 8.01898297885642 4.24523615798584 4.0234600515294
Casp8 9.83591177234681 4.81766977977211 4.50999360127006
Tmed5 10.4601759587631 6.86432780620335 6.1651493702697
F11r 12.1638127271072 6.01243450646349 5.93341323620117
Eva1a 8.63294613398656 4.73636376005887 4.50825037557633
Mfap3 11.4258563297422 8.06368739774025 7.49885010558038
Reep3 10.7593284719606 6.76900887973464 5.58701448513498
Tor4a 10.4213155961976 5.71671400893905 5.13938004271245
Trim34a 8.69868770830196 5.33765743312795 5.23913890070752
Ptbp1 9.02225932629817 5.46295014785079 5.01464309625587
Lpxn 10.730982217212 4.80897171964684 4.49683647170289
Siglec5 8.337886172674 3.93215737393257 3.84106786499926
Mylip 12.3804927223987 8.08890104236172 7.36363057680379
Fcrl1 9.27554865404005 5.31565264141299 5.25821213215406
Lifr 10.914871574386 7.47797628099699 7.46474437419163
Csf1 9.80595405056766 6.1868890295269 5.9738595891356
P2ry6 11.5909433501351 4.37680647085991 4.37358436605876
Wsb1 12.1955534450875 7.74523548833219 6.61530848760495
H2-K1 12.7949568117272 8.77886834977019 6.76457753201443
Slc3a2 12.5439222171533 9.05423611346606 8.24491603098357
Tgfbr2 12.4312251246194 6.16915929693512 5.89810303284415
H2-Ab1 8.4512011309411 4.91466340883653 4.55033138361352
Prpf4b 10.2022154854581 6.58146862588263 6.08900263023983
Ceacam1 8.73427463823456 4.36530274116788 4.33014690534856
Mlph 9.52478746573067 5.27041730619588 4.93164147404257
Ncf1 9.01873662127703 5.30140189055835 5.21406273976271
Il13ra1 9.69650941211153 5.53393419506404 5.05350615721929
Adap2 10.4876327911899 5.29710103014652 5.16834255762599
Akr1b10 8.35430474274704 4.57454822916086 4.49564022175493
Pld1 10.7880824610021 5.91365663673185 5.57692316178268
Pon2 9.26937417743214 5.51331953225089 4.48046342173904
Capn3 10.437566906065 4.66748782483137 4.65300016917328
Gem 8.28009388336886 4.35821360652606 3.98915100484853
Tor1aip1 9.84392113236668 6.48599109260947 5.98080999798092
ND5 11.9712888648361 8.0412286461257 7.3354476390628
Rrbp1 12.1135184174842 7.85935681515651 6.53070411510079
Clk1 11.9971319270739 7.55195200837056 7.4741078644485
Vwa5a 10.3690918760756 6.44915518824009 5.15886375978272
Glul 11.9439234863599 7.07154476588105 6.87893454994713
Arrb2 11.5161791808491 8.02054020420874 6.921429360577
Pros1 11.4244912078995 5.21720300712568 5.11201978244109
Rin2 10.1302854085197 6.22284997495916 5.89290959757706
Tifa 10.6649959627868 6.20930942810668 5.71635918297763
Arhgap17 11.0358082941061 5.31930183902329 5.24526915258135
Phgdh 11.0663668828628 7.51601731159532 6.91069400210413
Parp12 9.52345845288495 4.99981401422992 4.7594525368092
Trim47 10.122871565472 5.25364230898077 5.02798027735903
Lgals3 8.71732817427299 4.70673703342859 4.66794819577953
Ddx26b 12.2655895521916 7.91373472803916 7.64071050078662
Slc25a45 10.8783954265567 6.59204473603455 6.21904495258971
Plcg2 11.2395812321787 7.19800470879415 7.04454278655441
Mlxip 11.0131464704826 7.20805683150781 6.43003386184636
Sash3 11.2528818012755 6.03379943234135 5.57786884196095
Themis2 9.94919523666928 5.23629603901397 5.13698284865853
Mpeg1 13.5339312443488 6.18437202915691 6.05733565173248
Hspa1b 12.7328150924375 7.72191181391677 7.45372812357676
Xist 12.7732517233129 4.44045159776551 4.24682774028849
Cd48 9.99176185857167 4.99675913394029 4.64822206801786
Akna 10.5978331936346 4.89823581546065 4.82463116677263
Sult1a1 9.92143049281146 5.12465295192637 4.68196563683638
Fes 10.5840546362038 6.10455945073831 6.06906683289755
Cep152 9.68353142517718 5.55775092460269 5.21298049667039
B2m 13.2088860971046 9.73579358010716 7.2881065353589
Ccrl2 11.4107831106411 5.59009218019556 5.45269959642041
Lcn2 11.7182561949748 4.4510386181755 4.37742873411249
Hbb-b2 7.86146929235822 4.42457410971555 4.0092792913232
Gimap6 8.28896486111756 4.66081296487236 4.47722340132577
Myo1g 9.04216166021584 5.08375798039114 5.016667324027
Tmem173 11.1696407087511 6.39436542914194 6.1161730047233
BC028528 9.01173787915138 5.04037486963411 4.75464786217034
AF251705 12.0057126252299 6.70922229468536 6.69460560716159
Hmha1 10.4487011332694 5.58559165295948 5.55482529380084
Rreb1 9.66195512280759 5.52225423419606 4.98049354369945
Gmip 10.2055870255081 6.09450582340918 5.76311585586036
Nckap1l 11.1526856630168 6.73696917155232 5.35729756569364
Abcc3 9.7509259850256 5.29785236234742 4.97759440466255
Rhoh 10.7637079698635 5.07289116181139 4.92143384141036
1700017B05Rik 11.7522974287947 5.76487543813706 5.56257341271135
Srgap2 11.7585843286276 8.25386331816696 8.19881784824069
2810043O03Rik 8.32709215618797 4.13510153002752 4.02985336659734
Gusb 11.4803411718158 6.59665121124455 4.95819095763101
Lair1 10.6612900224916 4.74438069911442 4.38743430951063
P2ry12 12.4385715566921 4.61522956687734 4.55256172454724
Apoe 11.7960795852016 7.92907186917272 7.73904057634912
Epb4.1l2 12.5432840929574 7.33892571041702 6.38373479167513
Pld4 12.1700437011819 5.55555305492759 5.31227351784349
Lrrfip1 10.7224886700699 5.71565249206646 5.38161117192237
AU020206 9.79768698851007 5.88180218174539 5.20653251322382
Fermt3 11.4207362066657 4.56477229156999 4.47404116581323
Tgif2 9.9426138283241 6.23395046119957 5.89229442308194
Ankrd44 11.5679366187782 8.16587847457597 5.62827514111277
H2-Aa 11.2644036954394 4.65539986004757 4.63786122874943
Fam105a 11.8820924454901 8.4815819053786 7.55766577928136
Cpne3 9.50290347799534 6.0676568839644 5.9397625582568
Herpud1 12.5116726598182 8.37515129018309 7.84612576279285
2610528A11Rik 7.85521558302243 4.45046591974234 4.42628094433361
Cd300a 10.0530239896872 4.90529907286454 4.84381658023793
Tmem71 7.83337212150143 4.30282893268322 4.10889890788657
Lyz1 12.2502412289951 4.95018248791441 4.31949694418375
Zfp110 10.6738601357144 7.1376434253997 6.97450697372122
Clcf1 8.68466038510135 4.26396923492288 3.76913155101067
Adrb2 8.29734945321406 4.32617094469581 4.19258120255
Hmgb2 9.04290768492065 5.55197171684542 5.50371288521794
Lrrk1 9.1635528470806 4.82749382342064 4.70719994730894
Zfp36l2 12.4004422821899 6.9233454050125 6.08962934443365
Il10ra 11.9867649941734 5.20797156466009 5.08600087447737
Hexb 13.9214339669789 10.4784948811777 7.45942580894719
D530037H12Rik 10.4018822600769 4.08472590621626 3.97152110123042
Rbm5 8.25606928937062 4.09124741403754 4.02318811177002
Rab20 9.64744268247702 4.05994026157957 4.00295038378998
Slc9a3r1 10.5341792603602 7.11336329752027 6.55728964950037
Vim 8.20604281286246 4.24776425005705 3.84991604683609
Grn 13.6303783372944 8.78383024160784 7.28413705987288
Mavs 9.23385264584594 5.49448329793071 4.28098248418367
Bach1 11.7684659473826 8.221030530901 6.988181864149
D9Ertd306e 8.20712585253381 4.00242784367631 3.97670272748558
C79242 8.41316050528701 4.48043476335419 4.43625229299284
Fam46c 12.2421510197398 7.33014480730021 4.70179527879603
Ctsa 12.9644748360344 9.18330475160487 8.60884122150788
Pald1 11.0128320429645 6.13436566529345 6.07630237359728
Ifngr1 12.016051864462 7.5119886847013 7.33883923666164
Ucp2 10.8156159051053 7.06636763219623 6.90355293909786
Tcn2 12.1195930224409 6.77129098479459 6.26487079094546
Anxa1 9.64055143138413 4.76852269513629 4.54941062333577
Cmtm3 10.0110497819572 5.66562691248595 5.60149334057146
Ppp1r15a 12.6593601245383 7.99993453568607 7.34077880250544
Slc15a4 11.356384012252 7.74897413112789 7.60815959705129
Dhrs3 10.8328899765314 7.07328814157943 6.23106745531239
Lrmp 8.89491220593798 4.58202446898778 4.50798753586952
Olfml3 13.5644607358692 6.38864128995956 6.02345443801225
Pla2g4a 9.55730250855793 5.12459997264068 5.04630084498161
Ncf2 11.109264808914 5.6333792307151 5.58772356184123
Il7r 9.22711297999003 5.09628741528881 4.93494956106398
Ctss 14.1223387589978 7.64544255897854 7.61720362202562
Cd53 12.6270729328698 5.49076301513881 5.29776660748003
Fcgr3 13.3874319809845 6.0396655266117 5.77705231112362
Hps4 12.4456398299555 7.88297983550435 7.87379295168544
S100a9 12.2965410503709 4.87331473641727 4.66017070193054
Dusp1 14.1813580097059 9.8709712568123 9.17404058513155
Traf5 9.0214474215703 5.61879001231807 5.50555520346867
Lgmn 13.4068999504885 9.79756404841762 7.29911592683411
Klf2 12.9915058739807 5.31307957084776 5.05343320988804
Fcrls 13.5200887013828 5.69255133343924 5.68574681260403
Trip6 9.31751803635675 5.75066966531527 5.52521441539055
Tlr1 9.55990391864875 4.15260610569977 4.08498904680028
St3gal6 9.54566709615045 6.17913101080923 5.82084324498397
Selplg 13.492313873689 6.75304063582364 6.72652355155848
Cd68 12.2825968841945 7.00737672102635 5.31250214197696
Gpr65 7.85611733273235 4.2868059845193 3.89831129962508
Ebi3 9.38512048892932 5.87317997869545 5.59193236426357
Csf2rb2 9.46516272602394 4.52558149958898 4.15216241446612
Atf3 13.3007390383143 4.97583696303977 4.8634613956869
Il1b 8.75804374629313 5.41206361016086 5.29485695679897
C1qc 13.5695399365939 5.86168290746827 5.28269253458092
Chst7 11.0545300964632 5.98690015135668 5.77510119416864
Hck 11.7192724128215 5.68873171631606 4.89423017839385
Gcnt1 7.89240442650036 4.40178631149205 4.22486105050612
Casp4 9.17977855891737 4.3313728493086 4.05919860994166
Lag3 9.94342037341401 5.61722230978675 5.60377833860915
Cxcl2 10.9236295592129 4.24736888513836 4.21909679758293
Ltf 11.9771261319803 7.90573664118435 6.36263302109978
Cx3cr1 12.8322911670036 5.70855841387439 5.59799794736177
H2-D1 12.6856010965553 9.08190351477622 6.71054928638856
Stab1 10.7835801182221 5.52601514419263 5.2613731494824
Evi2a 12.5801879760248 6.391795989281 6.15457960929328
Il6 8.3523884587654 4.09084501438593 3.84163585522568
Pdgfb 10.6620659529342 6.36959754917883 6.32401068561719
Mrc1 8.47267687587698 4.29938946376234 4.1161321835344
Cd33 8.91751905662005 5.38038721194742 4.95332591969353
Itgb2 11.8281947861841 4.99219951032332 4.76519047143404
Rgl2 11.0627483576315 7.37359927555586 7.20301941562941
Psmb9 9.49408509768935 6.08021514848771 5.67714015259685
Adamts1 11.3973807177838 5.49171697824676 5.39781785424659
Ang 8.67340897437916 4.06541033021904 3.97232665661977
Sh2b2 9.32069277757714 4.57679113208059 4.56692024124971
Tyrobp 12.9035612805634 5.87881564479335 5.77519446879251
Ptplad2 9.63817330010533 5.38102705412913 5.32803561206576
Slc29a3 11.6835560124248 5.73344115678092 5.49669185116455
Pbxip1 10.3716503756831 6.52730823428331 6.34027755585351
Emr1 12.777781853873 5.75987988029813 5.63970253929158
Nrros 12.3519497751025 6.19192206565149 5.78028546064021
Tmem119 13.699678559052 6.24395301773135 6.00890178945786
Pnpla7 10.5843197435089 5.81818732056327 5.47309469360824
1810011O10Rik 8.37120216738482 4.32771424453883 4.28815263496335
Slc46a3 9.85031592896195 6.30381887890665 6.15477951719764
Parp14 9.10437062254361 5.14857440453639 5.12582900737535
Havcr2 10.710530075929 4.37722883740015 4.35793312912391
Alas2 9.97256535353661 5.05750877526294 5.00934086048603
Cmtm7 10.4036329494645 5.29628479494745 5.16049326872902
Mafb 10.9849900615298 5.72942154192078 5.21946423794451
Apobec1 9.7227717478305 5.62829285208128 5.34862387596903
Blnk 11.8079240962002 5.9504942725828 5.89697311746153
Tmcc3 9.16895367720384 5.22525611379401 4.9630687294602
Notch2 11.035203297165 6.33343283744217 5.58441472359457
Vrk2 8.87003271247097 5.25980941068503 5.23622987607897
Daglb 9.94097644340737 6.60842214489755 6.54350840766154
Alox5ap 12.5749967599795 7.65791617022246 6.38112902922507
Fyb 11.7159427823204 6.14232131331843 5.91538957094251
Sepp1 13.725757445204 8.71440742288445 8.29296379523147
Ctla2b 9.94438247489242 4.51530966856923 4.15645189551581
Hspa1a 11.9245276178108 6.26249521881082 5.80120910723375
Slc37a2 8.79282849614854 5.37426434053129 5.22427090096765
Zfp36 13.4960506681509 6.1525318156752 5.77649638214332
Abhd15 9.92497435981129 4.90796154714528 4.80360806303463
Cyba 11.7749627835735 5.45533018614834 5.14606675739192
Wasf2 12.4660305697947 7.51710689963631 6.74581986852188
Scarb2 11.7293389223241 8.40160190746456 6.5790168926034
Ptpn6 11.3292345329635 6.70581913536795 6.59802514068948
4833441D16Rik 9.33372525445037 5.06814891735621 4.70180596703748
Tec 10.1967601761071 5.74312167338474 5.08047866732108
Cd52 8.83934325002235 5.19227017109408 4.73734240861535
Irf5 10.4417221455899 5.95128114593718 5.83961009748346
Wdr81 11.507769957771 8.07320634727995 7.7090231686231
Klrd1 7.52307482814316 4.16902630192377 4.05886155684447
Naip2 10.8151812852359 4.52923469279115 4.33762068591109
Anxa3 12.9131833282778 5.5111405375861 5.15614007453875
