Coq7 11.3581427087712 7.89955216018118 7.8988613107939
Tppp3 11.2911658308802 7.57936172174632 6.08051980038777
S100a10 11.8767029115162 8.38363639925944 7.36779643628833
Tac1 12.6428291152275 8.8490561253519 6.58787896353476
Abhd8 10.227004799779 6.70154155382376 6.65537575079065
Pfdn1 10.9289024564269 7.21030667888846 5.99849290702367
C1qtnf4 9.74166962146664 5.84130563829769 4.4889886981026
Ceacam10 8.44121593384538 4.62502419335418 4.3210843223882
Slc6a4 13.2660186856197 7.19321109025776 5.9295203022213
Fxyd6 10.8396009515793 7.20726040243621 5.09730387550101
Kcna5 8.63174493447676 5.24186733068959 4.23448443405118
Sncg 11.8900477343409 8.51035492314843 4.57738507879294
Synj2bp 10.813352803668 6.827988761622 6.73886865265362
Nenf 11.4180691055405 8.02671435719442 7.91599387010227
Tpd52l1 11.1263479642597 6.85304294434876 6.52157358392205
Slc22a3 10.4324476591074 5.87898017453728 4.94389178319506
Cend1 9.16277000480052 5.3853869053307 4.42595026989111
2010204K13Rik 12.9347545890062 8.278162257858 6.30516297746268
Klk1b27 8.83871598323633 4.8601223606066 4.15678648128682
Nedd4 9.74136229022505 5.78759444396247 5.7862471914828
Polr3k 9.85859826274516 6.44262945431915 6.25046856207866
Id4 11.6599930786167 6.16624211114985 4.81305865292679
Stmn2 11.0804932888449 7.57597935993306 4.5170715092632
Zwint 9.54445078474068 5.94492112626831 4.81646368961565
Tmem242 9.84533839903933 5.82600001491262 5.36986771468248
Pmm1 9.85288977488107 6.48427386231568 5.22997703883792
Flywch2 10.0204962205109 6.1978525154368 4.19438154823987
Fev 10.7667269048981 6.86570575429928 5.20068476077937
Ppp2r2b 9.79750503119114 6.3350899165041 6.32957499087684
Qpct 8.91581318410383 4.99580580266557 4.8691574421247
Mal2 10.7174383706644 4.86551782740365 3.83023747459371
Timm8b 12.7599989410628 9.15723793122977 8.53850913165206
Kcnj9 8.52540534165737 5.12275890221233 5.08850926468681
Mela 10.0026314200545 4.43724692178199 4.02085867600149
Dos 10.3099297228743 6.84367285683173 6.3162930087031
A530058N18Rik 7.62756119456449 4.21583046155201 3.57320738625109
Ctla2a 8.94820812122566 4.63139551948865 3.94290858310682
Myh7 10.3735787687922 6.73679375091361 5.27484252717132
Rpp25 8.64410906853828 4.53650745506043 4.51868525283711
Gata3 8.51158068423698 4.67715541879873 4.45955861198918
Cited1 9.0604479806201 5.28748694867423 5.0582124226535
Spock3 9.34159179992348 5.03986375184994 3.52819978426415
Chodl 8.59288870912552 5.16574087151582 4.48320172595877
Fam92a 11.4700908434925 7.34981398743684 6.93968199997287
