Ceacam10 8.610759832207 4.66946359233809 4.31578580500407
Ccdc109b 9.00091424675738 5.3049536954926 4.76167402846355
Gdnf 8.72002553541619 5.07404983518385 4.6737386090372
Sgcg 9.52512791328822 4.84275030148078 3.62909401171306
Klk1b27 8.00632168274638 4.4805141034759 4.15678648128682
Hapln1 7.83258554721897 4.5008438433445 3.85524498467993
Elavl2 11.839035493152 8.29439971835182 4.10090376611033
Serpinb1b 11.4466203527729 5.64244197115426 4.71531324980899
Lypd1 11.5528616730544 8.19863362852663 5.95137903105625
Lrrtm1 10.7931299621001 7.0031666117944 4.58567471302218
