Tnfrsf19 13.0018564991993 7.83437587710686 5.78438497086622
Fkbp10 9.12410383749549 5.70498393203938 5.02838799654429
Vcam1 12.3929491233355 7.97356793401619 4.02228904807181
Cyr61 10.9959600609751 5.8269023537688 5.25911854343879
Gldc 10.7486757444651 6.74963332594762 4.81864523381248
Glud1 13.0938298200263 9.65194636352664 8.81133855299086
Elovl2 10.7045883816083 5.42546821487854 4.11635746948841
Aldh1a1 12.9479740462605 8.42502167498861 4.59403964426099
Ppic 9.14722961732418 5.25663736173259 4.54691782721935
Id3 11.0919275863145 7.72609836729329 4.6531006496861
Smpdl3a 12.0857533868173 8.70716951484021 5.14097935678918
Lcat 10.4268306042058 6.71192583683494 5.34911240767619
Pdgfrb 9.49399287654257 5.06866816527387 4.05078021459062
Ntsr2 13.5433900397122 9.1650844100854 5.6046423440907
F3 12.046858941471 7.25478082510789 4.64896437085556
Tspan7 12.1971439474922 8.08182306174666 6.76139709994884
Slc15a2 12.8515915560421 8.67656827980375 4.96894884334644
Prodh 11.5570945696488 7.2777393489624 6.18040292821146
Wwtr1 11.2891910474882 7.11548805446319 5.03515211714931
Entpd2 11.0209535809569 7.6625016075482 5.8809410400868
Lhx2 10.6192542909112 7.15558317140196 4.48129439287351
Fzd2 10.9219675636019 7.10228016373748 5.60291895561546
Osmr 8.05891078594142 4.48412505237408 4.00954023477748
Slc38a3 11.9946206880177 7.90346848757509 6.77804029047535
Dio2 13.7075714520868 8.86622439978058 5.44233767902017
Fads2 11.6100482486408 7.7465154287922 5.65063663086259
Cyp2d22 10.5032782141718 6.11385076948768 5.33196616924745
Cyp4f14 10.4876568274442 5.94666946326152 4.70077295456906
Tmem47 11.0487403533928 6.25954804820269 4.61894488212708
Cyp7b1 10.9183729902927 6.82896055577235 4.29029118758351
Slc7a10 11.9907195457607 6.97463287445951 6.06385938274544
Myo6 11.2983410380988 7.84937128372059 5.46005404703317
Chrdl1 8.70484370492258 4.83791119946491 4.47783449628987
Fxyd1 11.6471131690215 8.08299583540466 6.80589986239062
Hapln1 9.15497826699135 5.04422814530115 3.85524498467993
Fgfr3 12.978403379467 8.45084216356688 6.15991500343
Phkg1 9.24460946071246 5.17376397957314 4.11188882355606
Acsbg1 12.5561219741604 7.4118198926556 5.57891160322141
Id4 13.3274437479135 9.32456373561458 4.81305865292679
Slco1c1 12.9156129450902 7.02160492740425 5.11571276002948
S1pr1 12.8954296083567 8.24575573386833 7.00142026917444
Axl 10.376813463072 6.06487562650691 5.46916834423538
Cbs 10.9440294202575 6.72848513840628 5.6554690331904
Ccdc80 12.2804139354384 7.16067537961391 6.17763523233549
Adhfe1 11.0055411814471 7.11016759224154 4.64674844537791
Aldh1l1 11.7969252409185 7.12934454903365 5.01444793609626
Emp2 11.5813403849635 6.69621739880552 6.11270757438919
Aqp4 13.3317577866316 8.16324629886474 4.64109841656934
Col4a5 8.46756084170596 4.17448901639837 3.79288841046499
Ppp1r3c 12.3992487774161 9.03669083844274 5.52439493793444
Amot 11.5651260492706 7.57211213143776 5.28008360120294
Cldn10 11.427477768378 6.78023666605213 5.35527558045897
Cth 10.6632472716645 6.23878873840304 4.60576868001971
Slc1a3 13.1185958759032 8.02153579215394 4.4810221521194
Tlcd1 11.8706489810631 7.79418120349652 5.80373289094099
Nhsl1 10.0215222567882 6.65573388285204 4.79326284039122
Scara3 11.5669597770191 7.94233075598845 4.829893451183
Gabrg1 11.3801334964114 7.18538143432989 4.80976699759845
Ttpa 10.3132942933807 6.02930284116664 4.57370814408383
Atp1a2 12.7730230034308 8.24421257395444 4.6123284686779
Slc14a1 9.97550775801048 5.34904223834777 4.29450048100001
Btbd17 9.29219035907704 5.65529065797593 4.52906322249981
Tril 12.4923090063915 8.64996319199974 4.9823880328696
Itih5 11.6030915588945 7.06733899476987 4.53184016353111
Pla2g7 13.0044315423776 7.57271416425828 5.55020500577856
Cd38 10.6533207272686 5.7822149982743 5.17343308790116
Lgi4 9.96023816448966 6.56261693791128 5.92758627756456
Lrig1 10.6582805228039 6.82870075464659 4.43384348196135
AI464131 10.7536473694453 6.01001340545454 4.0796034767499
Mlc1 12.8557599857415 7.49633723570584 4.38861046017984
Gjb6 12.1555953563466 7.65437634803949 4.57588074090212
Heph 8.11704224431769 4.30088453677684 3.90597277671091
Grin2c 11.0798354491927 6.19023787425644 5.16237174486628
Cyp4f15 10.9460279593568 6.02174837371864 5.24619529253243
Myoc 9.34548543543468 5.88200728468953 4.6594079922311
Slc1a2 11.9669799727402 6.66575609595815 5.34082484773998
Igfbp2 11.5269113352783 6.9792217428945 5.24921322996068
