Dpysl3 12.1945067191894 8.17588637193148 5.06677746129366
Rrm2 10.7863205058682 7.24304972869417 4.30091404755612
Nusap1 9.77423811670984 6.14350497697338 5.09021398965481
Dcx 12.1039576535511 7.90884332297248 4.87315578641304
Isg20 12.0765678185315 8.23888862410917 5.2016623976463
Rsad2 13.3109135616375 9.55409990020448 5.76516346437769
Aspm 9.48903060806143 5.90161388713221 4.80688631160794
Mki67 11.8414140963639 7.36839424356177 5.15954518966929
Cenpf 9.36525893400998 5.61299159363042 4.6326747163638
Hbb-b2 11.6127918139473 7.86146929235822 3.89199785297726
Cdca7 9.80824546516877 6.24956058547595 4.86690039857207
Kif2c 8.5191585229009 5.15234898216644 4.13222860306069
Sox11 11.2750923053776 5.6623820117202 4.08952173088687
Cenpe 8.20964573013695 4.17596846876221 3.72357639300862
Dlx2 10.071096323942 6.73599618507896 4.90149940795325
Dlx1 11.7429896384459 8.38059706634055 4.27819565922872
Gdpd3 13.5902528646468 9.67853318616176 5.59142664523131
Ccr6 11.4765667264666 7.78204165268854 5.37991054246934
Alas2 13.4464550600504 9.97256535353661 4.70884930315278
Ube2c 10.2016309337015 6.18927530853104 4.60114233962222
