Lpl 11.4016022000863 8.0570871152985 7.24730156376378
Crym 10.3794250395038 6.94905318667954 4.85637663129947
Tac1 13.0216017393452 9.61210834937579 6.4031271941467
Meis2 11.9327687426478 7.51273941553367 4.71966209044129
Itpr1 10.0934301545304 6.53121303839609 6.20225148318158
Icam5 11.2644538785795 7.67858070649315 6.53178409724149
Arpp21 10.965320337572 7.11066592456078 4.67924307211791
Krt12 9.2109860748459 5.70466558549873 5.17843716542695
Pde10a 8.71359453029829 5.27432474730567 5.0098601813064
Ldb2 9.93310459685079 6.48615401953558 5.61342224219943
Pou3f1 10.8393352261903 6.33865385239412 4.7972397474335
Gpr88 10.9480843290573 6.97214228183429 3.85569751268963
Tiam2 9.66465607595654 6.13545615788649 5.05323455851351
Camkv 11.9273653614504 8.0430820327922 6.28534070233071
Lamp5 10.8274958388028 6.98026366046616 5.40167317316179
Itpka 11.3662876065941 7.10147120428923 4.96218046424553
Ccsap 11.1468773879097 7.30580801927796 6.18783446422971
Baiap2 10.4061773072357 6.7284254423044 5.74997654840478
Rab40b 11.8226354933974 8.38859874805885 4.55347271326116
Ppp3ca 12.7381354853344 9.05525645445711 8.75613102696381
Plk2 12.0411288264107 7.93969993675092 7.01825028704925
Kalrn 12.1183430232757 8.17387582121746 4.72314880185512
Kcnab1 12.5910467340459 8.46974379303021 5.79066138253817
Ngef 12.6085997057617 8.54684867616569 5.71295183824819
Bcl11b 11.3274264038512 7.63018406235298 5.15374225206082
Rerg 9.2282118154708 5.24342386719487 4.41714780131537
Ppp1r1b 12.2868528989009 8.35829214578843 6.61759625810597
Rarb 10.6610131134122 6.14092246606378 4.71490703761627
Lmo7 10.2971290389437 6.38665703565876 4.782811001762
