Tnfrsf19 13.0018564991993 7.73607437263115 5.68860091988845
Fkbp10 9.12410383749549 5.62542553857659 4.90681316303461
Vcam1 12.3929491233355 8.18118631825557 4.08791178372228
Cyr61 10.9959600609751 5.7796472471778 5.12489623598137
Gldc 10.7486757444651 6.77059091090885 4.76922810698914
Glud1 13.0938298200263 9.42939879273002 8.56996383680465
Elovl2 10.7045883816083 5.44646378819225 4.28884493786224
Aldh1a1 12.9479740462605 8.49287155410924 4.73922690948466
Ppic 9.14722961732418 5.22842984583949 4.55284871214465
Lcat 10.4268306042058 6.74410514461772 5.42864496184195
Pdgfrb 9.49399287654257 5.10016451711711 4.04764643674432
Ntsr2 13.5433900397122 9.2160247171014 5.53528029183511
F3 12.046858941471 7.16625164248317 4.5941260851153
Tspan7 12.1971439474922 8.05065995030066 6.74442668763496
Slc15a2 12.8515915560421 8.84529439707958 5.13254585251834
Prodh 11.5570945696488 7.30146126785816 6.20276946908562
Wwtr1 11.2891910474882 7.12510554883694 5.00728526261531
Entpd2 11.0209535809569 7.65300282822791 5.95452714229846
Lhx2 10.6192542909112 7.1347821224637 4.46972851436558
Fzd2 10.9219675636019 7.1390751972102 5.7142712851975
Osmr 8.05891078594142 4.50640185127494 3.97601195208878
Ptprz1 12.2939710035561 8.68201112367514 5.79323210780622
Slc38a3 11.9946206880177 7.77036931527703 6.64726344868143
Dio2 13.7075714520868 9.0663680138617 5.46436298120136
Fads2 11.6100482486408 7.66995923308703 5.78480148620385
Cyp2d22 10.5032782141718 6.21332010619448 5.22990949532343
Dtna 11.1015860786357 7.75377565697416 3.73825009510347
Cyp4f14 10.4876568274442 5.87056145473318 4.87351513954973
Tmem47 11.0487403533928 6.41144394418864 4.60544189527875
Cyp7b1 10.9183729902927 6.67042644739689 4.54851527851229
Slc7a10 11.9907195457607 7.10500921334492 6.03905199026398
Myo6 11.2983410380988 7.74771840182746 5.31356407535851
Chrdl1 8.70484370492258 4.78412927667184 4.53162099246561
Fxyd1 11.6471131690215 8.18609470778353 6.69961596620637
Hapln1 9.15497826699135 4.97085561574998 3.89384442984399
Fgfr3 12.978403379467 8.40360582254221 6.36235112774176
Papss2 9.44814438915199 5.98738075862009 4.66890927296646
Phkg1 9.24460946071246 4.95982419447984 4.05725932103953
Acsbg1 12.5561219741604 7.40064807388472 5.47446897709083
Id4 13.3274437479135 9.45872017399153 5.19574794365202
Slco1c1 12.9156129450902 7.24155263899532 5.0933254111313
S1pr1 12.8954296083567 8.42396300333168 6.98792279466293
Axl 10.376813463072 6.06790416492004 5.4747601529315
Cbs 10.9440294202575 6.82722751118345 5.59911345633735
Ccdc80 12.2804139354384 7.14347602614462 6.0634687312293
Adhfe1 11.0055411814471 6.96869349050762 4.51389137597315
Aldh1l1 11.7969252409185 7.20276765081651 5.06573469561095
Emp2 11.5813403849635 6.77592424044143 6.05015843711767
Aqp4 13.3317577866316 8.09723757565076 4.57357265644383
Col4a5 8.46756084170596 4.16391431099992 3.74429527914691
Ppp1r3c 12.3992487774161 9.04193220293793 5.50343997629819
Amot 11.5651260492706 7.38597907870485 5.49603881746243
Cldn10 11.427477768378 6.85158875875439 5.38460384346424
Cth 10.6632472716645 6.14457119403583 4.63881057609555
Slc1a3 13.1185958759032 7.88743489253179 4.55381618648721
Tlcd1 11.8706489810631 7.7527245307486 5.75304454834617
Nhsl1 10.0215222567882 6.64202215342246 4.79208987828075
Scara3 11.5669597770191 8.12404343237828 4.6591139148873
Gabrg1 11.3801334964114 7.15647272255677 4.79421069608055
Ttpa 10.3132942933807 6.10501513103668 4.42770360532943
Atp1a2 12.7730230034308 8.28731319366141 4.67904908871819
Slc14a1 9.97550775801048 5.42015525429764 4.25247355347604
Btbd17 9.29219035907704 5.61613431422358 4.61197950523039
Tril 12.4923090063915 8.71816925607405 5.16422119701935
Itih5 11.6030915588945 7.42801246564991 4.69764283595135
Pla2g7 13.0044315423776 7.55414684748027 5.55371404982466
Cd38 10.6533207272686 6.2087471434466 5.13077149111736
Lrig1 10.6582805228039 6.71775409619936 4.45486868808381
AI464131 10.7536473694453 5.97247232417935 4.04083004776513
Mlc1 12.8557599857415 7.55740321156749 4.42370448235774
Gjb6 12.1555953563466 7.70901656187585 4.76532291520519
Heph 8.11704224431769 4.32468276626989 3.85559856102256
Grin2c 11.0798354491927 6.20165664482245 5.24953415910839
Cyp4f15 10.9460279593568 5.94694514515268 5.16604878986504
Myoc 9.34548543543468 5.87424002064333 4.70141369399126
Slc1a2 11.9669799727402 6.66451948966928 5.46310557072158
Igfbp2 11.5269113352783 7.01754240536909 5.38703692732794
