Tgfbi 10.1729708775644 6.5890273371474 4.49303579822313
Lcp1 11.8463632704423 6.4405960299627 4.30016558921552
Cd83 13.2264749464343 7.58605879222981 5.58405105957202
Sipa1 11.1257432146877 7.18607185331028 6.28334364422026
Tnfaip2 9.08145533726492 5.2638239501642 3.90173852262921
Tubb6 9.94309885815544 6.50136389102639 5.48950921089931
Ier2 13.4150634942812 9.70321789337444 6.17792432993448
Socs3 12.8363611039744 8.54371339582012 4.07524754097052
4632428N05Rik 12.9592128362635 8.5721834088109 4.84384917730122
Spint1 10.3415667614487 6.14089302728717 5.32140896378336
Afp 8.20241684612463 3.97133320699518 3.66296252850525
Clic1 11.3846871257571 7.70810020158444 5.46578359287703
Irf8 12.5606886061131 5.71961229665023 5.21988653222913
Dnajb1 11.4072973894197 7.86219427406766 6.7929993193124
Tbxas1 9.77227819439976 6.39088895208928 5.8532542233234
Parvg 10.3224146114506 6.63228029199579 5.36651618517573
Rps6ka1 12.439882687873 8.36927695251351 7.41064092353406
Mfng 10.1100884876208 6.44231191117679 5.69366356595703
Slc40a1 11.6365802495677 6.69659985956782 5.61761600984585
C1qb 13.3846079047961 5.25879000141293 3.78858281053259
Ccl6 10.223717633042 4.89342457285125 4.10969299327648
Cd14 13.3052539164274 7.8061605699732 6.18751009872849
Pycard 11.8185468367102 6.28942630780629 5.33510543433008
C1qa 13.2380236204344 7.07454507609398 5.25932815667497
Il16 10.7022595486227 5.87583840692246 5.43640926584128
Slc7a7 11.052383619296 5.73846795159116 5.09603741080816
Srgn 13.2509970787582 6.60130427143692 5.43845687781053
Myh9 12.5865032254667 8.89963487963593 7.45843854455607
Nfkbiz 12.6860754101133 8.96925728275913 4.30519068125258
Tgm2 11.7718766956168 7.35104976929651 5.12951149908809
Plek 13.0669588958399 6.35884684084159 5.76210808065603
Rgs1 11.2541972267774 4.86459402183925 4.45204378272878
Cd79b 8.31573716498709 4.73258509771557 4.48256794771254
Snx5 12.5628056055199 8.58225124797386 6.69681972393522
Elk3 10.4901390004177 6.03688900002573 4.42251205582833
Laptm5 13.2497958585741 6.70706628897365 3.89956790241383
Slc25a37 10.6378478547555 7.09502227833792 5.97970915502034
Rgs19 10.139947557409 6.16092608853772 4.60538755768582
Serinc3 10.8737843005988 7.13655004701132 6.42259040390428
Fcgr1 12.3056772228307 5.21932734144084 4.42409397342882
Slc16a6 11.601886645942 7.35559801031482 5.66278125871509
Ccl9 11.5606702750711 5.17100010963301 4.72145167947353
Trim30a 9.82440837349698 6.44233328856361 5.42207759576751
B4galt1 11.050190662426 7.54988685639638 5.91235863014909
Tnfrsf1b 11.5849644137814 6.83429536048017 5.92640133292057
Inpp5d 12.5199395399242 7.08096800459748 6.37135076558284
Tlr4 9.52419084436795 5.22233541703166 4.37525541828348
Pmaip1 7.94812896443572 4.52748655389015 3.94180245830357
Aif1 11.8782125697407 5.2802333190143 4.88223391123711
Syk 11.2305153374971 7.08200021202032 6.22974999426116
Klf6 12.1614928848338 8.11333613705797 6.41192813927174
Crybb1 12.3010895138039 7.14602442876454 6.37937963382853
Fcer1g 12.6409109862305 6.80241344965675 5.77097915017351
Ctsh 12.8519091129382 6.09924260324999 5.15941027863003
Gpsm3 9.66649074936397 5.59048673631638 4.73904531918133
Ncf4 10.7081144474155 5.33938345661998 5.00161714586672
Lcp2 10.3889718130272 5.04461732271666 4.65259342286242
Ngp 12.4329204009581 6.44172223385175 5.39358132399658
Spi1 10.2850028049619 6.17312559058363 5.82383616135408
Ms4a6b 11.1222234312687 5.14327550550582 4.79401201551326
Hcls1 8.83239317939796 4.95532217146414 4.68036014279402
Pabpc1 11.1513836653323 6.51927441338879 4.51953330214616
Cebpb 11.6879517821222 7.71124942336773 5.86749964844276
Plxdc2 12.0633823649962 8.15742170179432 5.1604314975585
Cxcl10 9.83264446685726 5.67375396724177 5.09003532512762
Cysltr1 9.33333349087416 4.78515088938708 4.02114545399955
Cebpa 9.88957255483431 6.31674134533882 5.4162341929784
Cttnbp2nl 11.7204560544011 7.33828774160239 5.74542900376746
Lyl1 9.97533629065994 5.73503761243778 5.01222254050019
Ptpn18 10.4025712369028 6.8077966986409 5.74246959374279
Tlr2 11.9268402473875 6.12988004563919 5.51821699784218
Cd163 7.66769719158114 4.13352701845909 4.00553332589875
Serpine1 9.52331793271942 5.54280211176507 4.50413403745752
Mlxipl 10.549742788076 6.65817087496869 5.19185595742145
Cd37 10.9048574016166 6.81593043724128 5.36821387624259
Map3k8 10.2849700718244 4.96746429370245 4.73214274903051
Myd88 10.7278217724093 6.7413966116931 5.96532965923037
Ccl12 10.5112043294489 4.66345617169105 4.33828275775802
Arhgap4 9.36525554969312 5.54141272783354 5.19503413030892
H2-Oa 8.7917936065526 5.46111830175928 5.07248572476768
Pon3 9.20297150005047 4.50342565016534 4.20282411486175
S100a8 13.0395448654869 4.80260536798535 4.52642322796171
Il10rb 10.7116513838826 6.66206283392018 5.16210291419389
C3ar1 11.7072754362155 6.60756744760421 5.39342347414321
Fgd2 12.1304825880125 6.88748709932733 5.92847199175283
Ccl3 13.4953964323281 5.29729699700406 4.71754641414743
Ms4a6d 11.3799791784438 4.6656133912136 4.41784920946763
Ier3 13.4963591841383 8.75684869741547 7.20204953177483
Camp 12.113738407204 6.05294008448372 5.34061330982475
Klk8 10.2464469222101 6.00401238790023 5.43648341293638
Chil3 11.1159878878753 4.49968669191073 4.07113205234458
Arap3 9.86775374576886 4.42648178959459 3.98468547756635
Tlr7 11.2112407400947 5.40909762747515 4.80011965385167
Csf1r 14.0460007158016 9.55316451171028 6.94153207766805
Hpgd 12.0107499612859 5.99836739138376 4.17254049472427
Slc11a1 11.4154854568916 6.84486742232107 5.26033213959333
Ccl2 9.49866288250659 5.37352836310705 5.16230492093681
Cd86 11.6419705628058 5.60763936587905 4.86251909317764
Gpr84 11.5935377294956 6.30924998520414 5.39832060975313
Tcirg1 11.3257053795282 7.99211951005963 7.00766730217532
Trim12a 8.5835260320544 4.60920694088508 3.9344795343443
Zfhx3 11.2942984484453 5.30063234051373 4.32636134864122
Slc15a3 11.5219827541908 5.42052106921189 5.09413346921565
Sla 12.3378861062474 7.86821683560887 5.66357111193482
Tgfbr1 13.4953964323281 7.80945098784355 5.33875682975203
Lgals9 9.80576100376818 5.92659523395971 5.16850696474246
Trem2 11.528689695107 6.81476246230616 6.25222314809369
Gna15 8.93153578094543 5.57945064081354 5.09593797228623
Birc3 10.7521481640029 6.77996226588029 5.89119602309196
Igsf6 8.68495551282954 4.33709025763672 4.10940417989697
Samsn1 8.95535277925432 4.84336991047163 4.4911598685677
Il1a 10.5450729398403 4.64439298354229 4.31556511941403
Hpgds 9.14123713383759 5.65262306383073 5.0221318445739
Naip5 11.1347547074536 4.9730925305585 4.13322922171262
Ccl4 12.7516225784521 7.68150160091443 5.99281838757845
Stat6 10.5031698578152 6.38373917848813 4.86436219423704
Clec4a2 10.1190075949126 5.24413165911751 4.97145948011802
Fli1 10.0832277034328 4.03756393292954 3.72886370991294
Ets1 9.75745818736726 5.33603186755586 3.95960718853561
Ptprc 12.4215732421658 4.70064763186834 4.22029634895893
Fosb 11.9818678393755 8.34825899406382 5.54635098006684
Ccr5 11.7087776692335 4.75608886055959 4.39770629961563
Il6ra 12.6405285425734 5.95296834737579 5.49661909980489
Tgif1 8.50458243562559 5.07760259636984 4.51346807016215
Pla2g15 12.3512186582331 8.34998834788288 6.54553636630686
Ifi30 11.4062018650154 6.94752860482151 5.97751166333367
H2-DMa 11.3395300052483 7.76941800306131 6.08299642485813
Gpr34 12.142699851518 4.19240353732015 3.85738820827396
Rrad 10.0026571297703 5.84866725794747 5.09990968098645
Rnase4 13.0771643703574 6.40135979051815 5.32265078684232
Hk2 12.3164140648536 7.47356025556999 6.04880501560076
Hfe 11.3196450739578 6.75146571734827 5.87794410788115
Naalad2 9.64837692903074 6.27989996890848 5.41062361449045
Pik3cg 10.1537853547168 5.97093817739297 5.04770889011632
Cd84 9.96224237530016 4.76503049295807 4.36120109881595
Ly86 13.8305038298173 6.95836301329708 5.47292877380112
Vav1 10.4997459843954 4.13013016866812 4.00560214021206
Cfh 10.8438396260437 3.89779086464824 3.48057230632119
Tnfrsf13b 9.66545251361214 5.38462240796096 4.43545449087782
Hhex 10.060418644213 6.05392614531855 5.24793709685527
Entpd1 9.58873000960094 5.39586785584299 4.1472111010802
Ptgs1 12.1626150793908 8.20246058560352 4.92870553212847
Adrb1 10.5218876655346 7.19816210429282 4.76856875146031
Lyz2 12.5660138290276 7.29273309414544 6.1509230451104
Ctc1 11.7422487728519 8.09984264801717 7.14395331297709
Unc93b1 11.3066168079527 7.34738082945849 6.5491578447359
Hvcn1 10.2856187487951 5.88553886317819 5.33380376141753
Edem1 10.5644676490564 6.62344792773819 4.54419802837652
Icam1 12.144222640413 5.62860585818088 4.7774638278843
Ptbp3 11.2952745829932 7.87724615510152 6.05585421550918
Rcsd1 12.3223507478265 7.74372715045345 6.55678195275181
Tmem140 8.46080936763924 4.58974610613715 4.39395558145888
Cd177 8.01898297885642 4.56599852467937 4.14552592528348
Casp8 9.83591177234681 5.2852748099288 4.84719652251732
F11r 12.1638127271072 6.68374104277726 5.63587327576629
Lpxn 10.730982217212 5.12698257896787 4.5097692532819
Siglec5 8.337886172674 4.11229878404368 3.74432109583228
Fcrl1 9.27554865404005 5.71776968541498 5.20434558893709
P2ry6 11.5909433501351 4.75858924354822 4.03795642718023
H2-K1 12.7949568117272 8.12968236290402 7.407132046922
Tgfbr2 12.4312251246194 7.62957910941725 4.91938174876294
Ceacam1 8.73427463823456 4.72761797823464 4.43480873177166
Mlph 9.52478746573067 5.97729283078601 5.15158041900028
Ncf1 9.01873662127703 5.50241484388022 4.97265425759001
Il13ra1 9.69650941211153 6.12506566856192 4.26484404420143
Adap2 10.4876327911899 5.27364502508423 5.0202515818693
Capn3 10.437566906065 5.14939653671155 4.4921176450543
Arrb2 11.5161791808491 7.07157910352812 6.31404784061067
Pros1 11.4244912078995 7.72147922933284 4.70485913401518
Arhgap17 11.0358082941061 7.45844336877524 4.87218751455982
Trim47 10.122871565472 6.12867821393421 5.25042194181665
Mlxip 11.0131464704826 7.60163741821806 7.04840590462273
Sash3 11.2528818012755 7.0504000306282 5.41956561936546
Themis2 9.94919523666928 5.28699793155865 5.08785542767124
Mpeg1 13.5339312443488 7.24124689919286 5.84895815284574
Cd48 9.99176185857167 4.80240916010216 4.40506777869269
Akna 10.5978331936346 6.30685136602571 4.72388811398073
Fes 10.5840546362038 6.96732303807414 5.97389970078652
Cep152 9.68353142517718 6.05942889222579 5.61419732136105
Egr2 11.2144151601674 6.72594775533189 4.39900913213071
Ccrl2 11.4107831106411 6.48186636692335 6.08281837688949
Lcn2 11.7182561949748 4.51038421363076 4.23102134758728
Hbb-b2 7.86146929235822 4.21000075974015 3.8994654818127
AF251705 12.0057126252299 7.66848621514614 6.51479315326381
Hmha1 10.4487011332694 6.05539163098179 5.3353039395179
Gmip 10.2055870255081 6.61996089301424 5.69117142016643
Nckap1l 11.1526856630168 6.28018787723974 5.0298361576048
Abcc3 9.7509259850256 5.81162078167455 4.95546985757677
Rhoh 10.7637079698635 5.67311355563939 4.99964368494004
1700017B05Rik 11.7522974287947 6.73617476301257 5.61268126606765
Lair1 10.6612900224916 5.6162504949113 4.8523442639474
P2ry12 12.4385715566921 5.47619608040815 4.68632257156708
Rnf19b 9.65744414029616 5.58027439647777 4.55322745547807
Pld4 12.1700437011819 5.95294060643548 5.32453462233085
Lrrfip1 10.7224886700699 7.37206619135064 4.6920996921415
AU020206 9.79768698851007 5.67780487545689 5.00080805544841
Fermt3 11.4207362066657 4.49646280377048 3.82447034939189
Ankrd44 11.5679366187782 7.84172209721312 5.02762605757627
H2-Aa 11.2644036954394 5.91178947825974 4.8101995945125
Fam105a 11.8820924454901 8.28716947680986 5.65627677002646
Herpud1 12.5116726598182 9.14037128830544 7.6288130810475
Cd300a 10.0530239896872 5.63818891735356 4.90378888351982
Lyz1 12.2502412289951 6.32990787295407 4.23459265121829
Clcf1 8.68466038510135 3.97187392139086 3.70835640222048
Adrb2 8.29734945321406 4.37267762503055 4.24233144601084
Lrrk1 9.1635528470806 5.33616718658293 4.59856113731715
Il10ra 11.9867649941734 5.46288744932474 4.79303053551387
Hexb 13.9214339669789 9.16071703356246 6.5439822484433
D530037H12Rik 10.4018822600769 6.73964888432981 4.5037083881916
Rab20 9.64744268247702 5.03589968434203 3.88315796754442
Grn 13.6303783372944 9.70833902329731 6.98790998362006
D9Ertd306e 8.20712585253381 4.57991117361171 4.27322194619899
Fam46c 12.2421510197398 5.99828545859139 4.6704255630588
Pald1 11.0128320429645 6.94782896566438 6.08936441065087
Ifngr1 12.016051864462 8.17259832635399 7.203216415874
Anxa1 9.64055143138413 5.50851377652601 4.45610606254915
Lrmp 8.89491220593798 4.7057374818144 4.40800362696669
Olfml3 13.5644607358692 7.0152257297997 6.28975126044941
Ncf2 11.109264808914 6.37097194650873 5.50514961402233
Il7r 9.22711297999003 5.81939043839864 4.87547455217704
Ctss 14.1223387589978 7.86049038726043 4.61323467198184
Cd53 12.6270729328698 5.39721286650459 5.13848409506615
Fcgr3 13.3874319809845 6.43054772774632 5.305048585972
S100a9 12.2965410503709 5.34942310096296 4.70299316985679
Klf2 12.9915058739807 7.88146794505982 5.58695656151802
Fcrls 13.5200887013828 6.79813613670913 5.70339213109349
Tlr1 9.55990391864875 4.50765652804359 4.12052034200649
Selplg 13.492313873689 7.89069297529175 6.17855439697933
Cd68 12.2825968841945 5.94717160449162 4.79517477710137
Gpr65 7.85611733273235 3.92730146478694 3.8010108237256
Casp1 8.72506021576845 4.78758228902645 4.31986956130554
Csf2rb2 9.46516272602394 5.08850189206817 4.64405343727527
Atf3 13.3007390383143 8.66118254483082 5.21291813090081
C1qc 13.5695399365939 6.4715544492615 5.06999283718323
Hck 11.7192724128215 5.6148074122476 4.88396841195701
Gcnt1 7.89240442650036 4.45023505852488 4.1895225146053
Casp4 9.17977855891737 4.95304692492815 4.10842860531161
Ehd4 10.2769858985773 6.77104540577878 5.10291532936658
Ly96 8.98885773803667 5.32161201490942 4.45190822695575
Lag3 9.94342037341401 6.209602109092 5.49321267745814
Cxcl2 10.9236295592129 4.72178130718909 4.20545914363876
Ltf 11.9771261319803 7.73392118037709 6.18348884657993
Cx3cr1 12.8322911670036 6.66732686557294 5.24301901232038
H2-D1 12.6856010965553 7.99623237096705 7.19764251895095
Stab1 10.7835801182221 5.19393918969619 5.00056210809736
Il6 8.3523884587654 4.51086396125208 3.78086510666544
Mrc1 8.47267687587698 4.52231389815714 4.309028636995
Itgb2 11.8281947861841 5.29594936767639 4.66490632348897
Psmb9 9.49408509768935 5.89103382741479 5.48902135332829
Ang 8.67340897437916 4.22715876343649 3.93124657650025
Sh2b2 9.32069277757714 5.38170682605749 4.68653130745117
Tyrobp 12.9035612805634 6.75402194776184 5.58237878264742
Emr1 12.777781853873 7.40567077927302 5.90082154490804
Nrros 12.3519497751025 8.12728826777458 5.64052229976024
Tmem119 13.699678559052 7.20564535440049 5.87719910794758
Parp14 9.10437062254361 5.78231465101062 5.15420139445243
Ttr 13.1109777518357 7.01028509976375 3.86245839685832
Havcr2 10.710530075929 4.47889194516964 4.1839915157425
Alas2 9.97256535353661 5.31602777529155 4.76784287742967
Cmtm7 10.4036329494645 5.86407222971899 4.90821407091375
Blnk 11.8079240962002 7.10263292552111 5.11259475991045
Alox5ap 12.5749967599795 6.90621107585594 6.01781982745739
Fyb 11.7159427823204 6.12263501961216 5.90822750443344
Ctla2b 9.94438247489242 4.35410153189768 4.06079887564357
Zfp36 13.4960506681509 9.09379325918594 6.98181176379803
Abhd15 9.92497435981129 5.42041744403193 4.95610825510045
Cyba 11.7749627835735 7.2209700868719 5.07805538586287
Spata13 11.8360921296241 8.39672076898671 5.15295608330473
Ptpn6 11.3292345329635 7.6005012347549 6.4340502451849
4833441D16Rik 9.33372525445037 5.88532936013683 4.99941301044795
Tec 10.1967601761071 6.84905897279052 5.5620101541267
Cd52 8.83934325002235 4.94529363887863 4.63370738729425
Irf5 10.4417221455899 6.67418914236372 5.25957921732905
Naip2 10.8151812852359 4.74520793808571 4.3651447139998
Anxa3 12.9131833282778 6.30374905783091 4.92804934113399
