Golm1 13.2088860971046 9.48825141781856 7.12636818662859
Dusp6 12.1106891877544 8.54967416202533 5.3769885178037
Tgfbi 10.1405547174483 6.57089591355313 4.16418401928713
Junb 11.5348729987463 6.38710056862191 4.95088546097573
Lcp1 11.8379992138945 7.21557415091733 4.31871729217987
Txnip 13.6791294028158 8.29728021098584 5.78808245199676
Cd34 10.3774455408259 4.9701871517682 4.39952567271857
Tpst2 11.0906169506107 7.66714090225022 7.17835881557952
Cd83 13.1517119399809 8.47011017616482 5.58590775568181
Fkbp5 11.2778896576637 7.70276332401404 6.5502408304042
Sipa1 11.0491157826369 6.96787159401596 6.10188837140821
Btg2 11.4551013031419 7.22932776737072 5.69908756066101
Ctsc 12.6316085285889 6.05057621125756 4.27923390498438
Ier2 13.4110457696294 8.8269949089332 6.81043124241551
Socs3 12.872389729541 5.19072939091188 3.94961045358626
Scamp2 12.177112436192 8.25513344036757 6.80715593860305
4632428N05Rik 13.023417651154 5.45357674724274 4.88171967798975
Spint1 10.3486258835977 6.56571989129375 5.04577607672727
Slc2a5 10.7420519945533 7.31883812012296 6.22405397073847
Irf8 12.5830920544812 5.84887843442064 5.38670794421969
Dnajb1 11.1943774753435 7.81261037405503 6.94514830957802
Slc39a8 8.53981315614105 4.95152130150503 3.93138087680261
Parvg 10.3515058485033 6.59751767733116 5.37169902940279
Mcl1 12.2087835671601 8.86189460439505 7.14304877580546
Mfng 10.0773132550699 5.85292647276836 5.58494095101087
Slc40a1 11.6104164701375 5.9740854832069 5.046669684018
C1qb 13.334449855087 5.07458586288964 3.89520055886847
Ccl6 10.2968696260595 4.66584797253147 4.23897971217932
Cd14 13.2858211222074 6.45260839312724 5.59940684347786
Pycard 11.7476509071618 7.47434440064731 5.01742218993397
C1qa 13.2023340640432 6.72195815415929 5.4332422840151
Slc7a7 10.8083190565862 5.78333498397696 5.01546351147905
Klf4 12.6915189251281 6.53462053392414 4.90054271586181
Jun 13.1617299805308 9.12937985957209 5.37920895784938
Srgn 13.2068622416084 5.82739041747456 5.30475359506015
Nfkbiz 12.6004495355117 6.93770978734613 4.556845071698
Tgm2 11.642946111078 6.69852381719631 5.40454520721337
Plek 13.0477422121131 7.44647023685419 6.00778410251729
Rgs1 11.0898478208524 4.69010274709777 4.29069852342386
Ier5 13.0763760033494 8.78020688820654 7.536515137109
Laptm5 13.2497958585741 6.06104817469462 4.48872923298124
Rgs19 10.1981713053925 6.75372063773051 6.03406358484922
Ctsz 13.0485403305481 8.8760493146118 6.11421596634304
Fcgr1 12.2838802885119 6.1714067250987 4.38339927168623
Slc16a6 11.5411253999105 7.20338992494884 6.11751819431152
Ccl9 11.3508771596472 4.7999683136008 4.55949843454401
Trim30a 9.8600658104235 5.95331204277808 4.93034803783719
B4galt1 10.9185743862039 7.06882625912588 5.77714999466228
Nrp1 10.5845017423768 5.7969844156805 5.01740221569465
Tnfrsf1b 11.7294024065306 6.54122346261985 5.77255244883616
Inpp5d 12.4783900860876 6.79789519793765 5.58402109216834
Tlr4 9.37755048286687 5.50103150291912 4.25101202570398
Pmaip1 7.91264692829158 4.47129272935506 3.87185391638389
Aif1 11.8099905233592 5.3193844903028 4.7560189306882
Syk 11.1736838971837 6.30790293092287 5.69645987532587
Klf6 12.1197284009329 7.17106699376646 4.84709958825472
Crybb1 12.2532048432707 6.95387190522629 6.45156831370537
Fcer1g 12.6825054501545 6.20836662290165 5.41896971224438
Ctsh 12.8742742032151 5.67469344340574 5.11280104117951
Gbp3 8.5116214988133 5.14104554270659 4.83098726109793
Gpsm3 9.5878408034758 5.69188380561528 5.36271751991893
Ncf4 10.7305401881173 5.33674965721357 4.88787470524537
Ggta1 10.3021085784473 4.34619821674724 3.95816749864419
Lcp2 10.4299333406719 5.54071993682069 4.76871200253365
Ngp 12.2995043542679 6.44142839015132 5.07967637467347
Spi1 10.3859436109085 6.83653906192171 6.02035954530134
Atp7a 10.1676606708827 6.474210813932 5.11367346393669
Csf3r 10.5303261448833 6.27677940902971 4.8624466470281
Ms4a6b 11.2757685053458 5.29273597421139 4.57674524752164
Hcls1 8.63630419546985 5.06184443010983 4.63007681148123
Pabpc1 11.2298634617249 6.28157811002453 4.13479383313132
Cebpb 11.6743509032076 7.85076886795727 6.4825647381469
Cxcl10 9.7662958946731 5.71406951917209 4.90197715415023
Maff 10.1052633096456 6.77276424161732 6.07736048539709
Cysltr1 9.23363767777187 4.05614054431379 3.78428611805228
Cebpa 9.78114583046527 6.43756876396189 5.25107412652252
Cttnbp2nl 11.7692220388043 8.42981644099276 6.23009540392944
Lyl1 10.013448973115 5.42961975247093 4.85162466197613
Ptpn18 10.350655093353 6.60573717752299 5.94600418578978
Tlr2 11.864186632689 6.38569131388178 5.40502860645933
Serpine1 9.57269546409715 5.45006347501232 4.38253687497039
Mlxipl 10.5927739153422 6.54505885547875 4.49396054473796
Cd37 10.9462016903761 6.13963344522613 5.45813810319349
Map3k8 10.1917146557049 5.5020792607212 4.62130401982187
Rgs2 12.7232804969309 9.3285990866806 7.32149938736532
Myd88 10.7885966963584 6.91048288310208 5.73288756113816
Ccl12 10.4751595691536 4.78256602888201 4.2829956325896
Arhgap4 9.38418443524174 5.7882675252455 5.27622819564434
H2-Oa 8.62773488286702 5.28989659481122 4.93984446485042
Pon3 9.10935515291671 4.4557097538058 4.2646772470768
Slamf9 11.2066876411094 7.64002086097622 6.12372508885104
S100a8 12.9638824039872 5.07382279137027 4.7839025161234
Il10rb 10.594105170653 6.51641826253353 5.16387088198213
C3ar1 11.6182149621142 6.04468956942627 5.06634956503532
Ripk1 10.1083880816926 6.77807590187244 5.47749147591943
Fgd2 12.1293203269256 6.10889365488929 5.75207864123295
Ccl3 13.5496556060224 5.40274217088618 4.49250748554863
Ms4a6d 11.498084859003 5.0348536333659 4.58806674634779
Ier3 13.5855914649438 10.1526144097514 7.21402773193258
Camp 11.8351935968853 5.79743716520937 5.35554369302445
Klk8 10.1637978906065 5.79877355275575 5.54598425048185
Chil3 10.6986949112657 4.41212337448844 3.88058891976793
Arap3 10.0084235335535 4.54216098807114 4.06558641940494
Tlr7 11.1690114771889 5.6564868752677 4.63439494223695
Csf1r 14.0292728577336 8.32268524016689 6.5788384176244
Rab3il1 10.4344246472987 6.90776649097905 6.24020806699251
Slc11a1 11.348119903574 6.36446193487643 5.30236888305014
Ccl2 9.39365889899599 5.5131975361427 5.21712199245487
Cd86 11.7078926817195 5.22007464268867 4.83764981482562
Gpr84 11.5922078227709 6.15518173180758 5.18749392711777
Tcirg1 11.327613036728 7.25984879729723 6.5336146702288
Trim12a 8.60607054794922 4.35914875472663 4.11970004652375
Zfhx3 11.2458196415341 5.52471057147246 4.43653100111273
Slc15a3 11.5031029092383 5.62563158444997 5.21375617468149
Clec7a 9.10343532556032 5.22701127083654 4.63994698971947
Rel 9.37584581713377 5.38570460987044 4.78386209777042
Tgfbr1 13.4953964323281 7.14768361838711 4.61334593644178
Adcy7 12.0401852065097 7.91419900477315 4.60506850261029
Gpr56 11.1072648016331 7.66818104759944 6.58324005589792
Lgals9 9.7144470271434 5.95389045831284 5.20049589159722
Trem2 11.3744113100813 7.39898890113015 6.1647294835129
Myo7a 9.61175632860521 6.26711281740134 5.19753734151027
Birc3 10.6680989517335 7.25136017753725 6.01418785102564
Igsf6 8.76352354526292 4.49713797044609 4.16476394628018
Samsn1 9.02117009275432 4.65016148618617 4.48556409500334
Il1a 10.5627537042988 4.36526862277134 4.01823778481032
Hpgds 9.22555193578103 5.66066244374433 4.93778944053641
Naip5 11.1748062850229 4.85947693207716 4.18415457010376
Ccl4 12.655502757357 7.24480163226726 5.29671028536587
Itpr2 10.9235418495534 7.05868698433896 5.34690203734344
Stat6 10.5002673668222 5.50939952612289 4.46307463005189
Abca1 12.0522527378122 8.48453513718661 5.54053700437315
Dapp1 10.6616079104408 5.063908618474 4.79510114976664
Clec4a2 10.2600474435221 5.14465694612565 4.56532565205998
Fli1 10.0941254445629 4.68101250519709 3.85192513882568
Ets1 9.55277010530181 4.73313930533989 3.97971201113691
Itgam 7.72351039802672 4.37866486465209 4.06030332588057
Ptprc 12.5235480291392 4.53116885840764 4.12727362429327
Fosb 11.9510983205342 5.54042150135775 4.77945436811263
Ccr5 11.7396919362898 4.73670081380451 4.39104554269873
Il6ra 12.6715970650916 6.21127548523634 5.66764356760145
Pla2g15 12.3259450180791 6.91847407061751 5.96581812153101
Ifi30 11.3781163789488 7.9275190554752 5.53857725514314
H2-DMa 11.2573253131557 6.78370437576053 5.76899087922765
Gpr34 12.096128861767 4.36451259668851 3.8753322021787
Rrad 10.1172735062529 6.30926998909775 4.87783371037687
Rnase4 13.1184612117893 6.52820045561267 5.2042906302448
Fam111a 8.63296054191287 5.02986347237263 4.32279518657244
Hfe 11.337741662807 7.91975744536162 4.83414674476231
Naalad2 9.76797067590899 6.33217777408878 5.30327951698925
Pik3cg 10.1956130518895 5.4845984591651 4.87206216024385
Btk 9.78197374603171 6.31177843968561 5.40847070330659
Dock2 8.92972325318732 5.46269595345154 4.93307471090307
Mertk 13.1217916703296 8.07368117837316 5.28834227617068
Cd84 9.78822716908046 4.81612753987806 4.53284599312186
Ly86 13.8305038298173 6.61810556550139 5.28082628047796
Vav1 10.4293295887311 4.51265583348554 4.10026864984364
Cfh 11.031443374587 3.90279837997164 3.58496590260375
Tnfrsf13b 9.62154101704082 4.8766372168124 4.26194402065949
Hhex 10.1791275378831 5.56844417620941 5.02605470062743
Entpd1 9.37032387449548 4.79267915523001 4.13603270491171
Ptgs1 12.2066936221392 4.96870288639585 4.61412177020293
Frrs1 10.4433587610755 5.71533852912204 4.85334963590915
Lyz2 12.4203041170638 7.00266093233263 6.21701288313979
Ctc1 11.684666568769 7.64686753867298 6.93040936448706
Unc93b1 11.4209147437175 7.32603176647017 6.08602583559115
Hvcn1 10.2816397991105 5.87330313750777 5.42510798183061
Edem1 10.6216568370496 6.77254989306849 4.34705972957086
Icam1 12.0685839298591 5.13536594183653 4.60900957791267
Ptbp3 11.2472405918636 7.82977209856849 5.90430049013514
Rcsd1 12.2491457547791 7.58253340209033 5.93658534501398
Tmem140 8.43942036859799 5.0589635011762 4.5740886199901
Cd177 7.89852531580111 4.46517465258006 3.9975266035165
Casp8 9.83466998065678 5.42376102820773 4.71322462929962
Tmed5 10.6438973211329 7.12539612548512 5.04561457686551
F11r 12.1660086110926 7.4133207598531 5.48615597425245
Glipr1 8.85932478234233 5.24129572873839 4.96051356748368
Lpxn 10.7589192457976 5.11484458147597 4.47171715369383
Siglec5 8.37803746411404 4.09287219637819 3.75072901119711
Fcrl1 9.2345619860761 5.62383446652493 5.12250084924285
P2ry6 11.5687601975602 4.7983337945627 4.23043976087768
Ighm 11.7506088279992 7.28891583848503 5.71595622008123
Tgfbr2 12.4852370462276 6.21611688934446 4.98269214103138
Ceacam1 8.89348245863094 4.73317618724935 4.13113018314664
Il13ra1 9.86451620775328 4.82508684882044 4.33802343157404
Adap2 10.5685173068896 6.19556332028009 5.29264235317629
Pld1 10.7972506121956 7.438688868667 5.74667186574736
Ggnbp2 9.14383515526131 5.56852929453131 4.63742544169353
Capn3 10.5561819143241 5.09452002140688 4.17893366762602
Gem 8.23875211178378 4.17066837220009 3.85950788478095
Rrbp1 12.1145818395139 8.60648121181755 6.34686406988533
Vwa5a 10.3889653824051 6.82293967404029 4.72111203837838
Arrb2 11.4717203569511 8.0635357693417 6.74564039073424
Pros1 11.415313090188 5.96492354893847 5.46637134037838
Arhgdib 10.677726097009 6.90233309448462 5.66268951511024
Arhgap17 11.1079285558079 6.85472608329639 5.07716034685884
Trim47 10.0914805439239 5.31658277433466 4.7305879390997
Sash3 11.2827116875116 6.2605325285017 5.12862535299301
Themis2 10.0072343518523 5.40139397338003 4.88497197060564
Mpeg1 13.5781184656323 6.26057187614466 5.72152897309417
Cd48 10.0036336466823 4.73346307952756 4.38057094296251
Akna 10.6519382313125 6.76629561679293 4.74529502211859
Fes 10.6453727108248 7.31199103694982 5.51597084280622
Cep152 9.46016705782019 5.83668890202702 5.45087130301773
Egr2 11.2779367742076 5.16369035626719 4.20431611263177
Ccrl2 11.412796081801 6.83560317238181 5.51430892511113
Lcn2 11.5003470873269 4.46355168322829 4.15843778343028
Hbb-b2 7.85273730267384 4.43972796457814 3.98578790615589
Tmem173 11.0209006256616 6.80707658291226 5.5318912258864
AF251705 12.004730998868 8.24141102592465 6.16474811894633
Hmha1 10.4033953674837 6.30688615439008 5.62082130026393
Gmip 10.1713248884895 6.28599484036038 5.63229659614822
Nckap1l 11.1568327951404 6.40045095307148 4.97859534610193
Abcc3 9.76277744586897 5.79880541092765 4.86454731468299
Rhoh 10.549623104043 5.33834504983014 4.66069115440101
1700017B05Rik 11.7692217223209 6.62966750683098 5.4709336086352
Gusb 11.5188785741544 6.94097396222709 4.71423327902702
Lair1 10.6130187631943 5.39632873525733 4.73111723222878
P2ry12 12.4746819840061 5.11010133673379 4.23687865492883
Epb4.1l2 12.5141878325852 8.92163921789559 4.97008743316226
Pld4 12.0206051656766 5.83023132531046 5.18320907989815
AU020206 9.79188957346073 5.58629392705782 4.87737791046388
Fermt3 11.3312647513459 4.97469683029497 4.36271452110656
Ankrd44 11.6744535697079 7.49136397893592 5.80894099232339
H2-Aa 10.7894269702174 4.80621337963892 4.30873672827083
Fam105a 11.8900076562701 6.94207859195628 5.55495687214595
Herpud1 12.5159313960105 8.99855305039769 7.75249779391667
Cd300a 9.88309640091064 5.44336492826597 4.80256851971961
Lyz1 12.1662559978148 5.29768242723577 4.32721539463969
Clcf1 8.65510766759181 3.96732050870345 3.74476958106322
Il10ra 11.9839212283458 5.10707902956376 4.75563189567002
Hexb 13.9346832426844 9.22268036518307 7.31785481108369
D530037H12Rik 10.2564249540948 5.50914379603857 3.94515631665341
Rab20 9.52042754395053 4.57869706515926 3.83920050977148
Grn 13.5521140781199 8.46927879562321 7.33558066062484
Fam46c 12.3550028613422 6.71727251251733 4.28257293114889
Ctsa 12.9509349108417 9.18110201081785 8.22253795485111
Pald1 10.9785325599872 7.42789983810683 5.76220996782999
Ifngr1 12.0357079893049 7.83928374680351 7.13743888774927
Tcn2 12.2009774284341 8.50340117824977 6.44031242798911
Anxa1 9.44951730885527 4.99218214363738 4.43209734267883
Ppp1r15a 12.6949179793628 8.24836286159883 7.41638207620878
Olfml3 13.5847807250187 6.93289822541769 6.05570739449609
Ncf2 10.9263417405773 6.34359415145797 5.79006551103434
Il7r 9.24960705759555 5.70130082994345 4.66059674894851
Ctss 14.1436377001564 7.45939696705759 5.34775654783699
Cd53 12.7058528961117 5.98458400171279 4.9464120504784
Fcgr3 13.3678397073662 6.63455535858356 5.30955688836998
Hps4 12.4032005490264 8.6668428315088 7.83154716828444
S100a9 12.1512954978643 5.50832346675121 4.67565430495431
Lgmn 13.3819300248455 9.10722232668853 7.82809668653736
Klf2 12.9546948291203 6.05064580871412 5.35172845782564
Fcrls 13.538343734353 6.64227579568486 5.29076326394513
Tlr1 9.60520010506197 4.64095552164321 4.07486450777082
Selplg 13.5701528797604 8.30689928428447 6.13209190045916
Cd68 12.2655547644002 5.16666998368317 4.394784980665
Gpr65 7.70886230022633 4.30665023047837 3.83198078140386
Csf2rb2 9.47900201616068 5.07008531279212 4.22114915393009
Atf3 13.284073086988 5.5873453122596 4.78702030712877
C1qc 13.5961558255427 5.84457518804195 4.99937174878155
Chst7 10.8148655259312 7.15118936734974 6.16178341775671
Hck 11.7859620796645 6.95779396410935 4.95336287307832
Casp4 9.26315299804554 4.37238084536415 3.98510363537688
Ehd4 10.3117326305577 6.78558641030264 5.04308428542484
Lag3 9.80016274610109 6.06157260666636 5.37432043360803
Cxcl2 10.7266031675695 4.3679266583761 4.11573038439195
Ltf 11.851175722853 7.25738476356904 6.32126305705826
Cx3cr1 12.8730629616277 6.59429824671033 5.24923942736377
Stab1 10.7605924600716 5.60947736235868 5.16606300065478
Il6 8.13911235858362 4.00834263856176 3.80034505694665
Pdgfb 10.7325445782435 6.3855837486073 5.42835602040751
Mrc1 7.99313411604932 4.3023832766033 4.01463175884142
Itgb2 11.9243168449721 4.95211386051989 4.61295849155923
Adamts1 11.4689263478583 7.76845977028899 5.27923646744419
Ang 8.34675454689537 4.31643361432211 4.04539194584826
Tyrobp 12.872201384089 6.20119155787998 5.42953395454009
Ptplad2 9.63872914137264 6.09761619125301 5.34048847049369
Slc29a3 11.7903703089593 7.4924815825591 5.21497688607081
Emr1 12.7903721087621 6.77232264287465 5.46949243854306
Nrros 12.3097176638707 7.07881803663604 5.49918632366234
Tmem119 13.7335005220805 7.04373288127572 5.4598428197333
1810011O10Rik 8.45121368033437 4.86047543937647 4.31904134883231
Parp14 9.22364341007536 5.70653352996315 5.08056625378303
Havcr2 10.538253418377 4.61816056736492 4.15414186390336
Alas2 10.1462688588052 5.75162941092782 4.82390089739595
Cmtm7 10.4128713125775 6.7149041270253 5.10719737574806
Mafb 11.0489700121364 5.75296497564994 5.21191524837733
Blnk 11.8256575206264 5.91193735956908 5.27083926745144
Alox5ap 12.5974435879102 8.6430011655548 5.76094538938568
Fyb 11.6377216118874 6.61729688181391 5.8819643737644
Ctla2b 9.67840248028284 4.33591972970449 4.06805374370705
Hspa1a 11.8173372899826 7.1775931054548 5.76704578747909
Zfp36 13.4481818753213 7.74467308391821 6.07753941977425
Abhd15 9.85244350316464 6.32327402148149 5.045964512071
Cyba 11.683487063587 8.11301496709845 5.22803583186152
Ptpn6 11.3447432428118 7.6524856555158 6.33016836988179
4833441D16Rik 9.44333514879099 5.8581239543963 4.59240829166344
Tec 10.193963488774 6.69799854402819 5.2048789439119
Cd52 8.77120540091781 5.21795114239871 4.57892750215311
Irf5 10.3658986193304 6.28589198082641 5.62187403690426
Naip2 10.6301514409205 4.73031565250007 4.36456034258891
Anxa3 12.8961234593997 5.6414015045075 5.0772244179072
