Golm1 13.2088860971046 9.60202231355186 7.12636818662859
Dusp6 12.1106891877544 8.54967416202533 5.48463182907824
Tgfbi 10.1405547174483 6.36655674524538 4.15844228650957
Junb 11.5348729987463 6.3983363024545 5.01448186848175
Lcp1 11.8379992138945 6.84650905939458 4.31871729217987
Txnip 13.6791294028158 8.29728021098584 5.78808245199676
Cd34 10.3774455408259 5.06833937996404 4.39952567271857
Tpst2 11.0906169506107 7.66714090225022 7.07954322403683
Cd83 13.1517119399809 8.64878712354028 5.58590775568181
Fkbp5 11.2778896576637 7.73266719604568 6.5502408304042
Sipa1 11.0491157826369 6.96787159401596 6.05450179082322
Btg2 11.4551013031419 7.27563954333129 5.69908756066101
Tnfaip2 9.10265124910753 5.7473734781423 4.38025083536203
Ctsc 12.6316085285889 6.05057621125756 4.27923390498438
Ier2 13.4110457696294 8.73300001003589 6.81043124241551
Socs3 12.872389729541 5.15369006141257 3.91946268459861
Scamp2 12.177112436192 8.25513344036757 6.72353985107079
4632428N05Rik 13.023417651154 5.45357674724274 4.8922153187476
Spint1 10.3486258835977 6.49843938889868 5.07089601302952
Slc2a5 10.7420519945533 7.32519216859554 6.20859210289014
Irf8 12.5830920544812 5.84887843442064 5.39250089333905
Dnajb1 11.1943774753435 7.79469551827642 6.92397780138925
Slc39a8 8.53981315614105 4.95152130150503 3.8565420415292
Parvg 10.3515058485033 6.52245028136549 5.40818567164941
Mcl1 12.2087835671601 8.86189460439505 7.14304877580546
Mfng 10.0773132550699 5.90569537386403 5.52592531888033
Slc40a1 11.6104164701375 5.9740854832069 5.10786530172823
C1qb 13.334449855087 5.26678130182769 3.8771315434465
Ccl6 10.2968696260595 4.71910555356092 4.24836522234667
Cd14 13.2858211222074 6.45123360825406 5.70302748151441
Pycard 11.7476509071618 7.47434440064731 5.01742218993397
C1qa 13.2023340640432 6.66492823456461 5.4332422840151
Slc7a7 10.8083190565862 5.67103725990454 5.01546351147905
Klf4 12.6915189251281 6.53462053392414 4.80510836237328
Jun 13.1617299805308 9.05036109904427 5.37920895784938
Srgn 13.2068622416084 6.000508636496 5.32113297153793
Nfkbiz 12.6004495355117 6.93770978734613 4.556845071698
Tgm2 11.642946111078 6.64447723931263 5.40454520721337
Plek 13.0477422121131 7.44647023685419 6.06371861455846
Rgs1 11.0898478208524 4.81797479189127 4.36793181274441
Ier5 13.0763760033494 8.78020688820654 7.53476211274894
Laptm5 13.2497958585741 6.12742262223764 4.45302463090168
Rgs19 10.1981713053925 6.75372063773051 5.94416738726347
Ctsz 13.0485403305481 8.8760493146118 5.87590459524437
Fcgr1 12.2838802885119 6.02693735537429 4.38533379544327
Slc16a6 11.5411253999105 7.03995011887155 6.13051570501954
Ccl9 11.3508771596472 4.85066080439874 4.58747256179683
Trim30a 9.8600658104235 6.14611824646495 4.87545727100427
B4galt1 10.9185743862039 7.04919566956645 5.73780323577269
Nrp1 10.5845017423768 5.9498652437817 4.95246718783499
Tnfrsf1b 11.7294024065306 6.48115641118003 5.79512061647449
Inpp5d 12.4783900860876 6.79789519793765 5.59986870002495
Tlr4 9.37755048286687 5.50103150291912 4.25101202570398
Pmaip1 7.91264692829158 4.47717854069306 3.87558148588958
Aif1 11.8099905233592 5.32123509722137 4.7560189306882
Syk 11.1736838971837 6.33156673441962 5.63751263761814
Klf6 12.1197284009329 7.11214138908714 4.76890288377201
Crybb1 12.2532048432707 6.90291418592447 6.47068576669734
Fcer1g 12.6825054501545 6.27600451459476 5.49136563868757
Ctsh 12.8742742032151 5.66244364037183 5.11280104117951
Gbp3 8.5116214988133 5.16576547088509 4.82654068647839
Gpsm3 9.5878408034758 5.66560130952871 5.41050933224243
Ncf4 10.7305401881173 5.35160765838891 4.89333578144884
Ggta1 10.3021085784473 4.36088668753862 3.95633583563398
Lcp2 10.4299333406719 5.54071993682069 4.64009084484045
Ngp 12.2995043542679 6.38274018895518 5.01689786978227
Spi1 10.3859436109085 6.83837714036162 5.97264492207403
Atp7a 10.1676606708827 6.45361218976522 5.11367346393669
Csf3r 10.5303261448833 6.27473721534022 4.9064544474015
Ms4a6b 11.2757685053458 5.21915893077979 4.57674524752164
Hcls1 8.63630419546985 5.06184443010983 4.67472923984727
Pabpc1 11.2298634617249 6.20722229149994 4.13479383313132
Cebpb 11.6743509032076 7.85076886795727 6.54088749997035
Cxcl10 9.7662958946731 5.71406951917209 4.90197715415023
Maff 10.1052633096456 6.77276424161732 6.14821808683767
Cysltr1 9.23363767777187 4.09021300367513 3.78428611805228
Cebpa 9.78114583046527 6.40655352415445 5.15907406351234
Cttnbp2nl 11.7692220388043 8.40979956307945 6.22282134837201
Lyl1 10.013448973115 5.42961975247093 4.83802208329915
Ptpn18 10.350655093353 6.58961620120282 5.94600418578978
Tlr2 11.864186632689 6.37567822335362 5.40879939466453
Serpine1 9.57269546409715 5.35304597775812 4.38253687497039
Mlxipl 10.5927739153422 6.53938750958133 4.51997636415155
Cd37 10.9462016903761 6.12891778808007 5.5418317998858
Map3k8 10.1917146557049 5.42458603238916 4.62130401982187
Rgs2 12.7232804969309 9.3285990866806 7.33621668882123
Myd88 10.7885966963584 6.91048288310208 5.68880379968612
Ccl12 10.4751595691536 4.7900923031371 4.25959598839962
Arhgap4 9.38418443524174 5.81067471279544 5.27622819564434
Pon3 9.10935515291671 4.4445794986003 4.08894504543969
Slamf9 11.2066876411094 7.53750886258479 6.14156527404559
S100a8 12.9638824039872 5.12374126875881 4.74092553656486
Il10rb 10.594105170653 6.51641826253353 5.16825215485426
C3ar1 11.6182149621142 5.99570534351237 5.0014138267225
Ripk1 10.1083880816926 6.77807590187244 5.43524150479517
Fgd2 12.1293203269256 6.10313867476822 5.75359956991959
Ccl3 13.5496556060224 5.42751259163791 4.35978181725661
Ms4a6d 11.498084859003 5.04989359382528 4.60080953820076
Ier3 13.5855914649438 10.1674958027246 7.28262011316117
Camp 11.8351935968853 5.71351969790715 5.37700239426716
Klk8 10.1637978906065 5.79877355275575 5.50770050314969
Chil3 10.6986949112657 4.42534084874074 3.89862885659605
Arap3 10.0084235335535 4.38966671987497 4.08576337670505
Tlr7 11.1690114771889 5.6564868752677 4.65100169334865
Csf1r 14.0292728577336 8.43203289811505 6.52156951389042
Rab3il1 10.4344246472987 6.92928948122017 6.27704777737296
Slc11a1 11.348119903574 6.40200757638421 5.30236888305014
Ccl2 9.39365889899599 5.58813955582309 5.22003159891997
Cd86 11.7078926817195 5.34325251861968 4.83405706192809
Gpr84 11.5922078227709 6.16005214781944 5.18409895341648
Tcirg1 11.327613036728 7.19102745042895 6.49954892671125
Trim12a 8.60607054794922 4.35718986351714 4.11673763079752
Zfhx3 11.2458196415341 5.49030175985412 4.4579425205757
Slc15a3 11.5031029092383 5.62994741741237 5.21375617468149
Clec7a 9.10343532556032 5.16918959513058 4.56712701074809
Rel 9.37584581713377 5.38570460987044 4.77521742937047
Tgfbr1 13.4953964323281 7.11797792440211 4.6279033860056
Adcy7 12.0401852065097 8.22517096119753 4.60506850261029
Gpr56 11.1072648016331 7.66818104759944 6.69694496298167
Lgals9 9.7144470271434 5.94218500732663 5.18142184709423
Trem2 11.3744113100813 7.39898890113015 6.17297819372687
Myo7a 9.61175632860521 6.2850800904557 5.19753734151027
Birc3 10.6680989517335 7.30050282692357 5.95975749794608
Igsf6 8.76352354526292 4.48026039377602 4.15253947156638
Samsn1 9.02117009275432 4.5549549366018 4.47221525891807
Il1a 10.5627537042988 4.43885674153849 4.04271834114392
Hpgds 9.22555193578103 5.34911792343404 4.93778944053641
Naip5 11.1748062850229 4.87986747707247 4.2135049139307
Ccl4 12.655502757357 7.26304988886027 5.41401933350524
Itpr2 10.9235418495534 7.01392327877738 5.17924840537182
Stat6 10.5002673668222 5.61025576743962 4.46307463005189
Abca1 12.0522527378122 8.48453513718661 5.54053700437315
Dapp1 10.6616079104408 5.04884511913415 4.80590918372662
Clec4a2 10.2600474435221 5.13875900042258 4.56532565205998
Fli1 10.0941254445629 4.66773923840216 3.82040302050322
Ets1 9.55277010530181 4.83375290529585 3.99941128551867
Ptprc 12.5235480291392 4.56397002086284 4.12727362429327
Fosb 11.9510983205342 5.61767990636437 4.77945436811263
Ccr5 11.7396919362898 4.72158895335484 4.41426200575847
Il6ra 12.6715970650916 6.12255891747377 5.66764356760145
Pla2g15 12.3259450180791 7.05728807347265 6.1096347782802
Ifi30 11.3781163789488 7.9275190554752 5.51007071545219
H2-DMa 11.2573253131557 6.90924254763218 5.78940280783056
Gpr34 12.096128861767 4.36161283236713 3.84239035397701
Rrad 10.1172735062529 6.30926998909775 4.87783371037687
Rnase4 13.1184612117893 6.47988500157865 5.3250725479031
Fam111a 8.63296054191287 4.98443788698049 4.32279518657244
Hfe 11.337741662807 7.91975744536162 5.09423302962749
Naalad2 9.76797067590899 6.38522127428454 5.30327951698925
Pik3cg 10.1956130518895 5.49262054145263 4.88573724557689
Btk 9.78197374603171 6.32666903018035 5.40847070330659
Dock2 8.92972325318732 5.54332289582026 5.05008497940154
Mertk 13.1217916703296 8.07368117837316 5.33301806611051
Cd84 9.78822716908046 4.82293745952779 4.49084936641929
Ly86 13.8305038298173 6.66351176137817 5.26129119850455
Vav1 10.4293295887311 4.50329251957071 4.07457458497938
Pik3cd 8.85981255781389 5.46236297266134 5.01316128871484
Cfh 11.031443374587 3.91312177987708 3.4601979257453
Tnfrsf13b 9.62154101704082 4.84388885324383 4.24671646075833
Hhex 10.1791275378831 5.59829316491142 5.04063897989453
Entpd1 9.37032387449548 4.71964586504317 4.13603270491171
Ptgs1 12.2066936221392 4.96870288639585 4.65279300249149
Frrs1 10.4433587610755 5.68042433212862 4.84902378874536
Lyz2 12.4203041170638 6.93719051839493 6.16765950350204
Ctc1 11.684666568769 7.72092602486996 6.90750043356885
Unc93b1 11.4209147437175 7.31120233789785 6.07167778083817
Hvcn1 10.2816397991105 5.93868593343198 5.54433679738026
Edem1 10.6216568370496 6.67711586476964 4.45511141330525
Icam1 12.0685839298591 5.03675558892594 4.71027577128222
Ptbp3 11.2472405918636 7.76831690081064 5.90430049013514
Rcsd1 12.2491457547791 7.58253340209033 5.97735250186162
Tmem140 8.43942036859799 5.0589635011762 4.50668735348045
Cd177 7.89852531580111 4.49381396792306 4.12416574772929
Casp8 9.83466998065678 5.47459304759929 4.71322462929962
Tmed5 10.6438973211329 7.16322918788024 5.04561457686551
F11r 12.1660086110926 7.4133207598531 5.44834240908353
Glipr1 8.85932478234233 5.26749898982201 5.03141260585278
Lpxn 10.7589192457976 4.92502370779975 4.46727915095569
Siglec5 8.37803746411404 4.17988640516996 3.75459963560037
Fcrl1 9.2345619860761 5.63241244214788 5.17411325249036
P2ry6 11.5687601975602 4.78288695032488 4.33127777917271
Ighm 11.7506088279992 7.24048427245487 5.71595622008123
Tgfbr2 12.4852370462276 6.16457362553471 4.98269214103138
Ceacam1 8.89348245863094 4.85315310776677 4.12638978271645
Il13ra1 9.86451620775328 4.59805506766418 4.3843058630127
Adap2 10.5685173068896 6.12383003351388 5.23626148178371
Ggnbp2 9.14383515526131 5.3594967388447 4.61407045372695
Capn3 10.5561819143241 5.12444284767413 4.17893366762602
Gem 8.23875211178378 4.30251116471241 3.85647485914799
Rrbp1 12.1145818395139 8.60648121181755 6.34686406988533
Vwa5a 10.3889653824051 6.82293967404029 4.72949439659327
Arrb2 11.4717203569511 7.90677540047056 6.81570819737194
Pros1 11.415313090188 5.96492354893847 5.52682167324477
Arhgdib 10.677726097009 6.91218242414173 5.67858912045619
Arhgap17 11.1079285558079 6.83495591185324 5.07716034685884
Trim47 10.0914805439239 5.31658277433466 4.7305879390997
Sash3 11.2827116875116 6.24226336821978 5.11639667867912
Themis2 10.0072343518523 5.29524403443332 4.88497197060564
Mpeg1 13.5781184656323 6.21602608841856 5.66473446586836
Xist 12.7814738520482 9.08932406171822 4.12879951636035
Cd48 10.0036336466823 4.67806571585289 4.31084722017036
Akna 10.6519382313125 6.76629561679293 4.70718714591976
Fes 10.6453727108248 7.31199103694982 5.45969265460658
Cep152 9.46016705782019 5.83668890202702 5.51215426507734
Egr2 11.2779367742076 5.07186450048464 4.20431611263177
Ccrl2 11.412796081801 6.83560317238181 5.52612958344076
Lcn2 11.5003470873269 4.46355168322829 4.14768319462695
Hbb-b2 7.85273730267384 4.43259207344908 3.95538721997164
Tmem173 11.0209006256616 6.87282217496111 5.66754059702904
AF251705 12.004730998868 8.18740716284682 6.19571940999653
Hmha1 10.4033953674837 6.2267350584929 5.62082130026393
Gmip 10.1713248884895 6.30676992271465 5.52139602764652
Nckap1l 11.1568327951404 6.36983330797787 4.97859534610193
Abcc3 9.76277744586897 5.77257970497931 4.8715879398049
Rhoh 10.549623104043 5.42831781609973 4.66069115440101
1700017B05Rik 11.7692217223209 6.62966750683098 5.51177392523505
Gusb 11.5188785741544 6.97212350107814 4.69357863861906
Lair1 10.6130187631943 5.39632873525733 4.69358668901276
P2ry12 12.4746819840061 5.11010133673379 4.36766285866014
Epb4.1l2 12.5141878325852 8.92891936923017 4.97008743316226
Pld4 12.0206051656766 5.6809961327714 5.18320907989815
AU020206 9.79188957346073 5.56266733708459 4.87737791046388
Fermt3 11.3312647513459 5.08544351842292 4.36271452110656
Plk3 11.1217064828555 7.78813853534528 6.33317249257272
Ankrd44 11.6744535697079 7.48865347741536 5.76219981066754
H2-Aa 10.7894269702174 4.84427753193384 4.30873672827083
Fam105a 11.8900076562701 6.94207859195628 5.55495687214595
Herpud1 12.5159313960105 8.67342002461654 7.76578224257397
Cd300a 9.88309640091064 5.46704516037273 4.80256851971961
Lyz1 12.1662559978148 5.23386738470242 4.32721539463969
Clcf1 8.65510766759181 4.11315892367523 3.74476958106322
Il10ra 11.9839212283458 5.14290835190256 4.71903136986479
Hexb 13.9346832426844 9.22268036518307 7.22171187723069
D530037H12Rik 10.2564249540948 5.23198403971159 3.94515631665341
Rab20 9.52042754395053 4.60609027852379 3.83920050977148
Grn 13.5521140781199 8.46927879562321 7.33558066062484
Fam46c 12.3550028613422 6.70847539426432 4.31700258921227
Ctsa 12.9509349108417 9.21794832868472 8.17367630489866
Pald1 10.9785325599872 7.42789983810683 5.80740355117173
Ifngr1 12.0357079893049 7.77991545285348 7.15767259574319
Tcn2 12.2009774284341 8.50340117824977 6.32711694187794
Anxa1 9.44951730885527 5.03964267390023 4.52880243738569
Ppp1r15a 12.6949179793628 8.13873500534284 7.53621358615341
Olfml3 13.5847807250187 6.7809349491005 6.05570739449609
Ncf2 10.9263417405773 6.28901987434051 5.78044036078383
Il7r 9.24960705759555 5.70905529178895 4.66059674894851
Ctss 14.1436377001564 7.74081495709154 5.34775654783699
Cd53 12.7058528961117 6.0393033967838 4.9464120504784
Fcgr3 13.3678397073662 6.51566798712275 5.30955688836998
Hps4 12.4032005490264 8.95965364713851 7.94970370876465
S100a9 12.1512954978643 5.63545086340303 4.68856777177924
Lgmn 13.3819300248455 9.10722232668853 7.75449502754172
Klf2 12.9546948291203 6.05813554187395 5.4231277348497
Fcrls 13.538343734353 6.60262597961199 5.29076326394513
Tlr1 9.60520010506197 4.57802196952016 4.07978700857172
Selplg 13.5701528797604 8.29138175338754 6.07316958234462
Cd68 12.2655547644002 5.14183907101412 4.394784980665
Gpr65 7.70886230022633 4.30665023047837 3.83423340824822
Csf2rb2 9.47900201616068 5.08860744359707 4.22114915393009
Atf3 13.284073086988 5.57477121368727 4.80870084146317
C1qc 13.5961558255427 5.84673304994411 4.99937174878155
Chst7 10.8148655259312 7.07972833704672 6.24060313434404
Hck 11.7859620796645 6.95779396410935 4.97703992257784
Gcnt1 7.991253437913 4.62591990429645 4.14079986343274
Casp4 9.26315299804554 4.39455859402772 3.94654052548998
Ehd4 10.3117326305577 6.82028773510154 5.04308428542484
Lag3 9.80016274610109 6.03719287143948 5.35830105602347
Cxcl2 10.7266031675695 4.3679266583761 4.16305628574366
Ltf 11.851175722853 7.26444193861875 6.23536988268579
Cx3cr1 12.8730629616277 6.75481424086937 5.26939900915263
Stab1 10.7605924600716 5.78126363014098 5.16606300065478
Il6 8.13911235858362 4.06238673809179 3.79745940731586
Pdgfb 10.7325445782435 6.3855837486073 5.42835602040751
Mrc1 7.99313411604932 4.290125401053 4.01463175884142
Itgb2 11.9243168449721 4.95211386051989 4.56105427938603
Adamts1 11.4689263478583 7.76845977028899 5.27923646744419
Ang 8.34675454689537 4.44045670882103 4.11972895724439
Tyrobp 12.872201384089 6.24707370079198 5.42953395454009
Ptplad2 9.63872914137264 6.08475363795032 5.3738393556549
Slc29a3 11.7903703089593 7.50694905688555 5.29811377161867
Emr1 12.7903721087621 6.77232264287465 5.43058629777962
Nrros 12.3097176638707 6.99397118429098 5.4855290397049
Tmem119 13.7335005220805 7.06854119995833 5.39684448281304
1810011O10Rik 8.45121368033437 4.76427546261903 4.21292638858244
Parp14 9.22364341007536 5.6862978595852 5.11568671219785
Havcr2 10.538253418377 4.66890209730229 4.15414186390336
Alas2 10.1462688588052 5.75162941092782 4.6761665724493
Cmtm7 10.4128713125775 6.45127783706879 5.10719737574806
Mafb 11.0489700121364 5.75296497564994 5.21191524837733
Blnk 11.8256575206264 5.91193735956908 5.31533395916743
Alox5ap 12.5974435879102 8.56482016172655 5.76094538938568
Fyb 11.6377216118874 6.61729688181391 5.86350098303365
Ctla2b 9.67840248028284 4.39537959009141 4.00518763648017
Hspa1a 11.8173372899826 7.13253929492077 5.76704578747909
Zfp36 13.4481818753213 7.76352681192258 6.18950699900938
Abhd15 9.85244350316464 6.36777112221287 5.08067458117867
Cyba 11.683487063587 8.11301496709845 5.31455857022098
Ptpn6 11.3447432428118 7.62223296102202 6.39638408041587
4833441D16Rik 9.44333514879099 6.07686285460633 4.59240829166344
Tec 10.193963488774 6.64707807877361 5.2048789439119
Cd52 8.77120540091781 5.20109643651303 4.44750516955503
Irf5 10.3658986193304 6.29741728290742 5.56181934291932
Naip2 10.6301514409205 4.71726725024976 4.18862431032925
Anxa3 12.8961234593997 5.6414015045075 5.0772244179072
