Tnfrsf19 12.7642431122239 8.26877613172352 5.27789499599053
Fkbp10 10.2624460048996 5.6128196686659 3.32781942741677
Vcam1 13.3937574356865 9.98714568598604 4.09588943131395
Cyr61 12.6930016376476 7.4279655671631 5.97131706371344
Gldc 11.9722587597634 7.99894817856448 3.16102248516076
Slc26a6 10.8353233742707 7.46794642233424 6.13707188058402
Prelp 10.2269605457825 6.40020453490445 5.81055434246432
Elovl2 11.4664815023599 6.73844438757512 3.76280292910406
Lcat 11.94353125314 7.78386942085061 6.03069297448128
Angptl4 10.2847939896505 6.02887986531377 4.84011888615051
Pdgfrb 11.0847835194799 5.60810801872447 3.10524143285697
Ntsr2 14.6890660027143 10.5091979438062 5.58982372250042
Fzd6 9.47171740297105 6.01402489042104 5.48706670635083
F3 13.3038453137736 8.27330147009572 5.88553650870736
Fmo1 11.6190052244518 6.80300691516419 6.1217114647904
Slc15a2 13.643022086923 10.1663928569475 7.65440184957652
Prodh 12.3188409859533 7.50000468595703 6.62591774498906
Amy1 9.45708181188605 5.96679141378113 3.92152704726556
Wwtr1 9.17177720212808 5.59137277491612 3.81148846452927
Gpld1 13.5287624255734 9.64171031182441 3.63975245220079
Entpd2 12.845239874356 8.44818085869938 6.41227571828412
Islr 9.33144215768196 5.7408484994299 5.36185165542634
Cxcl14 11.452055537888 7.90934457035713 3.73844320565044
Fzd2 11.8456583123786 8.02622830062556 3.56896197302271
Ptprz1 13.5172579592109 7.86579070265939 2.51989574423787
Slc38a3 12.9308055861639 8.49718980976866 5.43787702759621
Celsr1 9.27350231254506 4.91839737401988 2.33219338428196
Dio2 13.3538198601289 9.70939079518862 4.43396550896515
Fads2 12.6434180583231 9.02540152943432 5.43706869254677
Cyp2d22 10.9904114826687 5.87296451492429 4.379476677324
Timp3 12.1956933729267 8.78674045495661 6.43797256170517
Sorcs2 11.2114638112758 6.90295005930516 4.75467669782591
Slc2a10 8.428244239798 4.61439321448729 1.27116463773879
Nat8 10.5780560093454 7.12572206991778 4.48865369212981
Cyp4f14 10.7064870685731 5.62566780960603 2.86586545022189
Mia1 8.40010240024398 5.05054286474544 4.16120361527172
Gabrb1 13.971356393021 9.93098414787758 5.05659216206852
Slc7a11 9.51006686334078 5.9598501913544 4.93060886573693
Tmem47 12.1023945983491 7.09063964955307 4.12744951437445
Mfge8 14.3267465489862 10.978351749798 7.94134868438379
Cyp7b1 12.2050739112253 8.16236804332358 4.14086104462802
Slc7a10 12.9710118829552 7.80365447188986 6.81144657305019
Syne1 11.8512160316076 8.18961884844451 6.4416164491972
Hapln1 8.68802893744238 5.26607179226022 1.280182773791
Fgfr3 13.7983170025117 9.17446989568517 7.04272034449055
Notch3 10.3199993637955 6.72414322762252 6.40111675344399
Papss2 11.1515561850145 7.30610875778941 4.48288558442838
Atp1b2 14.4159956002101 10.2542114715022 3.64340971079634
Zbtb20 12.8959711208205 9.05830267774761 5.96876977274585
Igfbp5 12.3727921619561 7.85563578047644 4.3778728739141
Phkg1 10.630161794178 5.41438761780274 2.02973955726812
Acsbg1 13.4464261834187 8.20421700557102 3.41969912081217
Fjx1 11.026740919486 6.12779918126802 1.62147090469657
Phka1 11.6006117699748 8.08682114705703 7.40042758105032
Tgfb2 9.10217188983686 5.6783457991253 3.28589094790222
Id4 13.9016388265527 10.4942848853143 3.68429526868435
Gjb2 9.59182793162623 6.26663019923826 5.10588526540744
Slco1c1 13.8074983327895 8.25116585346965 3.4084971488421
Agt 11.982888071876 7.53021469833962 3.01455862014178
Aass 9.58997304491433 5.37839929663912 4.53207314541817
Slc1a4 10.3605806973924 6.58774053158537 5.677643415946
S1pr1 12.3416307852198 9.01280461425133 5.94676785892068
Cbs 12.3123582202353 7.68856191905566 6.24311138314517
Dag1 11.8400221529711 8.1107609356217 6.8534448312918
Gdf10 10.0386029229892 6.19071859002906 3.13832853698973
Tmem51 11.5454335635643 7.74490793533895 6.66526165046416
Aldh1l1 13.0454530930023 8.55050490336116 5.83987656630146
Lmcd1 9.38661110845817 5.99855988554662 2.6139179135686
Aldoc 13.0572183618222 8.53193649880919 2.25291505980323
Egfr 10.1646713018906 4.11128082912296 2.68726390165338
Sox9 10.1751196895234 5.85809191776111 2.05052005971747
Rarres2 9.59774205852365 6.06708200151328 4.11691305743113
Emp2 12.0831760887616 8.18980780727591 7.64532690813346
Aqp4 14.0164866755657 9.54028731408236 4.84025496411379
2610034M16Rik 9.89396865530751 6.47558626043391 2.7913796664753
Col4a5 9.82910533072949 5.67155737118709 4.38318172163548
Ppp1r3c 13.5504188057789 10.1277504571047 3.57338548880225
Amot 11.9003911612129 7.77428164322598 2.89133819889793
Cldn10 12.4485479039688 8.12479620908912 5.87930698649703
Cth 10.9316072629206 6.81976896377544 4.72248766070946
Ntm 11.5985829095567 8.25714241141507 3.24584251770627
Slc1a3 14.1254598727761 10.4433205029547 5.86532835479973
Tlcd1 12.8510189845642 8.84879661431033 6.18919176368447
Scara3 12.3126392367391 7.67723825366995 0.825786218582423
Gabrg1 9.19462158516371 5.45167530364203 3.69274713448056
Ttpa 11.0829500160442 7.30395751921799 2.37497624999302
Atp1a2 14.4463600324139 8.9948121019283 5.61711510145359
Slc14a1 10.6090127727135 5.33182196343483 3.94808033537008
Btbd17 10.4406671923987 6.87615008945738 5.10514585621059
Tril 13.8548729876275 9.86646451566893 3.98516544617331
Gdpd2 10.1456070528274 4.31227170278953 1.99772732325954
Itih5 12.4609898466299 8.54891800210461 7.95797223030018
Ppap2b 14.9143731686583 11.5467815820081 7.21120652299763
Cd38 6.80287112574266 2.89360551210973 1.9444991555478
Lgi4 11.5983251604344 7.46559980134313 6.59120919101114
Lrig1 12.4430823356804 8.13307285735113 4.16466041725375
AI464131 12.5742454368573 7.51557692943049 2.00493551355611
DXErtd242e 8.78154235274222 3.40361467802707 1.78943393079201
Gli2 10.9547337337287 6.71217486612074 3.07655387459196
Mlc1 14.111488809085 9.26922350477633 1.09903640219331
Gjb6 13.9496737826117 9.50777051241514 4.68614956316849
Pygm 10.2502320116354 5.99955335844103 4.44266914337507
Heph 9.9856654280404 4.24179839803151 1.91224154445828
Hsd11b1 12.6432273085291 8.82192804791849 7.8903549802099
Ppara 9.10106728088433 5.11125186690572 2.97131133085462
Grin2c 12.1611779942229 6.07705633443824 4.38739647218578
Cyp4f15 12.0576141128209 6.331038006244 3.41077388904866
Rhpn1 8.25694377236185 4.07795974542592 1.73338273041703
Slc1a2 12.2270662761016 6.68661236500147 2.38845386056451
Farp1 12.4359957006748 8.91780188285678 7.74942409092476
Igfbp2 11.7996617796806 8.16510789847222 6.48990803772197
Slc41a1 12.9652705385952 9.59210367276157 9.04623096835815
