Golm1 14.5043983490498 10.0751301043325 7.31688261071667
Spint1 11.6518891116016 5.61907379897585 4.39601520125061
Slc2a5 11.9974441569728 6.50616429024796 6.02153834777456
Cd14 15.0881277812882 7.83461916887712 5.18481551403454
Rgs1 13.5896768601193 6.68190368110643 4.10800581456243
Tlr4 11.0317574107723 5.22349823456314 3.48772220316611
Crybb1 13.7915412039293 7.85162612654163 5.97200790257329
Plxdc2 13.8996477516206 9.98255946958305 9.20215886268511
Cysltr1 11.0256347725584 4.37596701691792 3.90288381625137
Cttnbp2nl 8.87883912502971 4.92233645914632 2.78442009210034
Pon3 10.7415012043785 5.57787277092613 3.64483130456847
C3ar1 12.7204297002934 4.54840429164082 3.40731551945248
Fgd2 12.7508960184864 5.18540333505241 4.80697158859425
Ltc4s 11.0231381962426 5.00207748233582 3.5793300053278
Tlr7 13.2033519216098 4.63089192507363 3.14081237591995
Csf1r 15.2958067018163 7.42498981586036 7.22192176727003
Rab3il1 10.489116073033 5.51408718855533 1.49563281773699
Ccl2 11.6059175361301 5.72986356879772 4.76456486914341
Cd86 11.916029399746 4.22448478820013 2.03989227806453
Tnfrsf17 8.60459414880303 4.58968196109173 1.97345627743761
Tgfbr1 8.38914891653409 4.13402070705034 1.65351612189691
Dst 11.1447280843955 3.84221893069582 2.89465776450544
Il1a 13.7992464133504 4.69756652041899 2.13164129604484
Hpgds 10.7546555828761 5.3701354367135 3.77053525251269
Ccl4 14.1591641440691 7.66380590419611 6.44719291480774
Tgfbr2 14.2113128556156 8.80229990269131 7.19631773499402
Ccr5 13.2200275105007 5.0547113442142 4.23650448315392
Pla2g15 8.89215284369139 5.28370892573488 3.55945783357235
Gpr34 13.7060492140353 4.43047538812812 3.06605249524266
Entpd1 11.338033403695 6.70044751520481 4.09875608784124
Icam1 13.7536817049972 7.32378908836258 1.58928331306538
F11r 13.6135438604943 5.54043728394264 4.3188895879657
P2ry6 13.3953363640041 4.63151888807099 2.6059135902439
Mlph 9.08328810702397 4.59651591797194 2.19393659624079
Adap2 11.7831206630109 6.19452351951792 5.48314436481927
Pros1 12.7760310089422 8.89107675284006 6.72089913881652
Abcc3 11.4286648326461 7.07855388718624 3.49253348895256
Lair1 12.6725347196519 7.60977012120836 4.43060826799604
P2ry12 14.4665870344514 7.27692860906374 4.4506130423941
Kctd12 14.0471029310739 9.45890292452882 7.50522344576975
Il10ra 13.4432896995709 2.62507572073538 1.92977075392581
Hexb 15.2176222803016 11.087168878738 10.4844269736702
Pald1 12.020136834702 7.86515030121751 4.90897525179567
Ppp1r15a 13.8238492141806 10.2946797066638 7.86288897140254
Olfml3 14.6651015303204 6.72925552982514 4.88911385254072
Hps4 13.4522304927609 9.73500324207529 9.2689286158922
Fcrls 15.1865534569242 6.63963108494763 5.00958943002162
Atf3 15.1055328625467 10.4254058607453 5.27228339859256
Ly96 10.571818950155 6.41461526438475 5.02309553298952
Lag3 10.655916992608 4.42542879836967 3.14725688100922
Cx3cr1 14.4165442072339 6.95758761629193 5.20388266045344
Stab1 12.3964535379575 6.12891457176733 5.13775023706145
Pdgfb 11.8011938268598 7.19487121194166 5.3886421635648
Ang 11.1928615295694 4.60020580777168 3.92348707805864
Tmem119 14.833086477742 6.76227535204577 5.87090023512192
Havcr2 12.402013747959 4.91516126254035 4.0242973996396
Mafb 10.5362240192657 4.17586002523408 3.39181255436081
Blnk 13.5246639167472 6.05799031558078 5.46316276847782
