Golm1 13.1709345745481 10.2621959388775 3.64930661631618
Dusp6 12.2043335698759 10.2621959388775 3.64930661631618
Spry1 10.0988742437527 10.2621959388775 3.64930661631618
Sgpl1 9.54910293773426 10.2621959388775 3.64930661631618
Mgst1 8.2714639401547 10.2621959388775 3.64930661631618
Junb 11.5780026398467 10.2621959388775 3.64930661631618
Plod3 11.0096799388708 10.2621959388775 3.64930661631618
Creg1 11.4502595824185 10.2621959388775 3.64930661631618
Lcp1 11.8463632704423 10.2621959388775 3.64930661631618
Vcam1 8.18118631825557 10.2621959388775 3.64930661631618
Txnip 13.6993914736524 10.2621959388775 3.64930661631618
Klf10 10.1153774463127 10.2621959388775 3.64930661631618
Sgk1 13.2007291352408 10.2621959388775 3.64930661631618
Cd9 11.8962881279299 10.2621959388775 3.64930661631618
Ifrd1 11.3040305700896 10.2621959388775 3.64930661631618
Cd34 10.5911587485583 10.2621959388775 3.64930661631618
Tpst2 11.1246231388186 10.2621959388775 3.64930661631618
Hist1h1c 11.8476499855546 10.2621959388775 3.64930661631618
Cd83 13.2264749464343 10.2621959388775 3.64930661631618
Mmp2 8.84546583079709 10.2621959388775 3.64930661631618
Rab31 11.3247596461851 10.2621959388775 3.64930661631618
Sipa1 11.1257432146877 10.2621959388775 3.64930661631618
Coro1a 12.6004028717715 10.2621959388775 3.64930661631618
Btg2 11.4968904593275 10.2621959388775 3.64930661631618
Ets2 10.8279407472273 10.2621959388775 3.64930661631618
Tnfaip2 9.08145533726492 10.2621959388775 3.64930661631618
Plod1 9.23012146683775 10.2621959388775 3.64930661631618
Litaf 12.5127367018525 10.2621959388775 3.64930661631618
Cyfip1 12.6066769077138 10.2621959388775 3.64930661631618
Lamp2 11.6172171151883 10.2621959388775 3.64930661631618
Snx18 11.9105809619856 10.2621959388775 3.64930661631618
Ctsc 12.6065842886925 10.2621959388775 3.64930661631618
Cd82 9.38715719713112 10.2621959388775 3.64930661631618
Tubb6 9.94309885815544 10.2621959388775 3.64930661631618
Ier2 13.4150634942812 10.2621959388775 3.64930661631618
Nr4a1 12.1604408921049 10.2621959388775 3.64930661631618
Rab32 7.60118101811754 10.2621959388775 3.64930661631618
Pnp 12.8627608953087 10.2621959388775 3.64930661631618
Nfe2l2 11.3735710823378 10.2621959388775 3.64930661631618
Socs3 12.8363611039744 10.2621959388775 3.64930661631618
Sparc 11.723215805215 10.2621959388775 3.64930661631618
Scamp2 12.0782300087712 10.2621959388775 3.64930661631618
Acss1 9.58139552895345 10.2621959388775 3.64930661631618
4632428N05Rik 12.9592128362635 10.2621959388775 3.64930661631618
Spint1 10.3415667614487 10.2621959388775 3.64930661631618
Slc2a5 10.7506339487812 10.2621959388775 3.64930661631618
Afp 8.20241684612463 10.2621959388775 3.64930661631618
Stxbp3a 9.18980767526913 10.2621959388775 3.64930661631618
Clic1 11.3846871257571 10.2621959388775 3.64930661631618
Plxnb2 11.1751053377305 10.2621959388775 3.64930661631618
Irf8 12.5606886061131 10.2621959388775 3.64930661631618
Mical1 8.88736256308852 10.2621959388775 3.64930661631618
Fkbp7 9.58447874704344 10.2621959388775 3.64930661631618
Tbxas1 9.77227819439976 10.2621959388775 3.64930661631618
Slc39a8 8.3702572354114 10.2621959388775 3.64930661631618
Parvg 10.3224146114506 10.2621959388775 3.64930661631618
Mcl1 12.1472433486191 10.2621959388775 3.64930661631618
Rps6ka1 12.439882687873 10.2621959388775 3.64930661631618
Parp9 9.82908871348782 10.2621959388775 3.64930661631618
Erap1 8.15112431133349 10.2621959388775 3.64930661631618
Tnfaip8 9.91373565516323 10.2621959388775 3.64930661631618
Sirpa 12.4962163654576 10.2621959388775 3.64930661631618
Mfng 10.1100884876208 10.2621959388775 3.64930661631618
Slc40a1 11.6365802495677 10.2621959388775 3.64930661631618
C1qb 13.3846079047961 10.2621959388775 3.64930661631618
Egr1 14.0125449996656 10.2621959388775 3.64930661631618
Ptpn1 11.9354465668477 10.2621959388775 3.64930661631618
Cyp4v3 11.0721852303594 10.2621959388775 3.64930661631618
Qk 12.3621647632087 10.2621959388775 3.64930661631618
Syngr2 11.4559121689701 10.2621959388775 3.64930661631618
Man1a 10.4296468533452 10.2621959388775 3.64930661631618
Pmp22 12.2653168767854 10.2621959388775 3.64930661631618
Usp2 11.7287066241903 10.2621959388775 3.64930661631618
Ccl6 10.223717633042 10.2621959388775 3.64930661631618
Cd14 13.3052539164274 10.2621959388775 3.64930661631618
Plekha2 10.2816668147149 10.2621959388775 3.64930661631618
Tnfrsf1a 11.3244537624855 10.2621959388775 3.64930661631618
Tob2 11.2284375997777 10.2621959388775 3.64930661631618
Rasa4 8.07932266485112 10.2621959388775 3.64930661631618
Pycard 11.8185468367102 10.2621959388775 3.64930661631618
C1qa 13.2380236204344 10.2621959388775 3.64930661631618
Il16 10.7022595486227 10.2621959388775 3.64930661631618
Slc7a7 11.052383619296 10.2621959388775 3.64930661631618
Klf4 12.698526861476 10.2621959388775 3.64930661631618
Sertad1 10.6747710405396 10.2621959388775 3.64930661631618
Jun 13.1567215574815 10.2621959388775 3.64930661631618
Srgn 13.2509970787582 10.2621959388775 3.64930661631618
Myh9 12.5865032254667 10.2621959388775 3.64930661631618
Nfkbiz 12.6860754101133 10.2621959388775 3.64930661631618
Tgm2 11.7718766956168 10.2621959388775 3.64930661631618
Plek 13.0669588958399 10.2621959388775 3.64930661631618
Itgb5 13.3318370523038 10.2621959388775 3.64930661631618
Elf1 9.08676867890006 10.2621959388775 3.64930661631618
Cln3 9.94836220653156 10.2621959388775 3.64930661631618
Slc15a2 8.84529439707958 10.2621959388775 3.64930661631618
Rgs1 11.2541972267774 10.2621959388775 3.64930661631618
Tmem37 9.67735583887507 10.2621959388775 3.64930661631618
Ier5 13.0591463203827 10.2621959388775 3.64930661631618
Rac2 9.75239695917386 10.2621959388775 3.64930661631618
Nfatc1 10.1057640630075 10.2621959388775 3.64930661631618
Mknk1 10.6885605319743 10.2621959388775 3.64930661631618
Cd79b 8.31573716498709 10.2621959388775 3.64930661631618
Snx5 12.5628056055199 10.2621959388775 3.64930661631618
Elk3 10.4901390004177 10.2621959388775 3.64930661631618
Gab1 9.65193276191746 10.2621959388775 3.64930661631618
Soat1 9.02708526356189 10.2621959388775 3.64930661631618
Naglu 9.26626288253695 10.2621959388775 3.64930661631618
Laptm5 13.2497958585741 10.2621959388775 3.64930661631618
Tjp1 11.9606953410398 10.2621959388775 3.64930661631618
Slc25a37 10.6378478547555 10.2621959388775 3.64930661631618
Ptgr1 10.0953671914278 10.2621959388775 3.64930661631618
Dok1 9.09517514267858 10.2621959388775 3.64930661631618
Serinc3 10.8737843005988 10.2621959388775 3.64930661631618
Ctsz 13.0341451754765 10.2621959388775 3.64930661631618
Fcgr1 12.3056772228307 10.2621959388775 3.64930661631618
Slc16a6 11.601886645942 10.2621959388775 3.64930661631618
Pdlim4 9.4700059993897 10.2621959388775 3.64930661631618
Ccl9 11.5606702750711 10.2621959388775 3.64930661631618
Trim30a 9.82440837349698 10.2621959388775 3.64930661631618
B4galt1 11.050190662426 10.2621959388775 3.64930661631618
Myo9b 10.1613169450561 10.2621959388775 3.64930661631618
Nrp1 10.4416176811946 10.2621959388775 3.64930661631618
Tnfrsf1b 11.5849644137814 10.2621959388775 3.64930661631618
Inpp5d 12.5199395399242 10.2621959388775 3.64930661631618
Aff1 10.5286978143419 10.2621959388775 3.64930661631618
Tlr4 9.52419084436795 10.2621959388775 3.64930661631618
Pmaip1 7.94812896443572 10.2621959388775 3.64930661631618
Aif1 11.8782125697407 10.2621959388775 3.64930661631618
Lims1 11.3895886323577 10.2621959388775 3.64930661631618
Syk 11.2305153374971 10.2621959388775 3.64930661631618
Klf6 12.1614928848338 10.2621959388775 3.64930661631618
Mknk2 10.9559680185081 10.2621959388775 3.64930661631618
Crybb1 12.3010895138039 10.2621959388775 3.64930661631618
Fcer1g 12.6409109862305 10.2621959388775 3.64930661631618
Ctsh 12.8519091129382 10.2621959388775 3.64930661631618
Gpsm3 9.66649074936397 10.2621959388775 3.64930661631618
Ncf4 10.7081144474155 10.2621959388775 3.64930661631618
Nrip1 11.6975319588524 10.2621959388775 3.64930661631618
Ggta1 10.3145780373454 10.2621959388775 3.64930661631618
Calcrl 7.84138491604448 10.2621959388775 3.64930661631618
Ptpre 10.8354103326392 10.2621959388775 3.64930661631618
Lcp2 10.3889718130272 10.2621959388775 3.64930661631618
Ngp 12.4329204009581 10.2621959388775 3.64930661631618
Spi1 10.2850028049619 10.2621959388775 3.64930661631618
Atp7a 10.1404314445784 10.2621959388775 3.64930661631618
Csf3r 10.4703586336665 10.2621959388775 3.64930661631618
Ms4a6b 11.1222234312687 10.2621959388775 3.64930661631618
Hcls1 8.83239317939796 10.2621959388775 3.64930661631618
Abcb1b 8.00305280287427 10.2621959388775 3.64930661631618
Pabpc1 11.1513836653323 10.2621959388775 3.64930661631618
Skap2 11.9890479352489 10.2621959388775 3.64930661631618
Cebpb 11.6879517821222 10.2621959388775 3.64930661631618
Plxdc2 12.0633823649962 10.2621959388775 3.64930661631618
Cxcl10 9.83264446685726 10.2621959388775 3.64930661631618
Maff 10.2395219098757 10.2621959388775 3.64930661631618
Hlx 8.13967568380746 10.2621959388775 3.64930661631618
Cysltr1 9.33333349087416 10.2621959388775 3.64930661631618
Cebpa 9.88957255483431 10.2621959388775 3.64930661631618
Cttnbp2nl 11.7204560544011 10.2621959388775 3.64930661631618
Lyl1 9.97533629065994 10.2621959388775 3.64930661631618
Ptpn18 10.4025712369028 10.2621959388775 3.64930661631618
Tlr2 11.9268402473875 10.2621959388775 3.64930661631618
Cd163 7.66769719158114 10.2621959388775 3.64930661631618
Serpine1 9.52331793271942 10.2621959388775 3.64930661631618
Sox4 9.95630765129675 10.2621959388775 3.64930661631618
Mlxipl 10.549742788076 10.2621959388775 3.64930661631618
Cd37 10.9048574016166 10.2621959388775 3.64930661631618
Map3k8 10.2849700718244 10.2621959388775 3.64930661631618
Rgs2 12.8270914592276 10.2621959388775 3.64930661631618
Myd88 10.7278217724093 10.2621959388775 3.64930661631618
Ccl12 10.5112043294489 10.2621959388775 3.64930661631618
Jam2 8.80820666224123 10.2621959388775 3.64930661631618
Arhgap4 9.36525554969312 10.2621959388775 3.64930661631618
H2-Oa 8.7917936065526 10.2621959388775 3.64930661631618
Pon3 9.20297150005047 10.2621959388775 3.64930661631618
Slamf9 11.1882832385642 10.2621959388775 3.64930661631618
Ss18 11.2969679127442 10.2621959388775 3.64930661631618
S100a8 13.0395448654869 10.2621959388775 3.64930661631618
Il10rb 10.7116513838826 10.2621959388775 3.64930661631618
C3ar1 11.7072754362155 10.2621959388775 3.64930661631618
Ripk1 10.1243899929041 10.2621959388775 3.64930661631618
Fgd2 12.1304825880125 10.2621959388775 3.64930661631618
Rela 11.8428094359349 10.2621959388775 3.64930661631618
Ccl3 13.4953964323281 10.2621959388775 3.64930661631618
Ttc28 8.85992329825693 10.2621959388775 3.64930661631618
Ms4a6d 11.3799791784438 10.2621959388775 3.64930661631618
Tnf 10.0055468588953 10.2621959388775 3.64930661631618
Ccr1 7.78848129734312 10.2621959388775 3.64930661631618
Was 8.0303356973264 10.2621959388775 3.64930661631618
Ier3 13.4963591841383 10.2621959388775 3.64930661631618
Myo1c 9.7594621537842 10.2621959388775 3.64930661631618
Nupr1 9.93831898336817 10.2621959388775 3.64930661631618
Camp 12.113738407204 10.2621959388775 3.64930661631618
Ltc4s 9.78168546230716 10.2621959388775 3.64930661631618
Klk8 10.2464469222101 10.2621959388775 3.64930661631618
Chil3 11.1159878878753 10.2621959388775 3.64930661631618
Arap3 9.86775374576886 10.2621959388775 3.64930661631618
Tlr7 11.2112407400947 10.2621959388775 3.64930661631618
Csf1r 14.0460007158016 10.2621959388775 3.64930661631618
Trim25 10.8969751411857 10.2621959388775 3.64930661631618
Hpgd 12.0107499612859 10.2621959388775 3.64930661631618
Nfatc3 8.87143809052763 10.2621959388775 3.64930661631618
Rab3il1 10.4710400563943 10.2621959388775 3.64930661631618
Mcm3 8.92535440058905 10.2621959388775 3.64930661631618
Nfkbia 13.5863871767458 10.2621959388775 3.64930661631618
Gdap10 8.80480802896476 10.2621959388775 3.64930661631618
Slc11a1 11.4154854568916 10.2621959388775 3.64930661631618
Hnrnpa2b1 10.315155226878 10.2621959388775 3.64930661631618
Ccl2 9.49866288250659 10.2621959388775 3.64930661631618
Cd86 11.6419705628058 10.2621959388775 3.64930661631618
Prkd3 9.70383275414416 10.2621959388775 3.64930661631618
Gpr84 11.5935377294956 10.2621959388775 3.64930661631618
Vamp8 11.9027573726861 10.2621959388775 3.64930661631618
Tcirg1 11.3257053795282 10.2621959388775 3.64930661631618
Sqrdl 11.0518617676912 10.2621959388775 3.64930661631618
Trim12a 8.5835260320544 10.2621959388775 3.64930661631618
Zfhx3 11.2942984484453 10.2621959388775 3.64930661631618
Slc15a3 11.5219827541908 10.2621959388775 3.64930661631618
Clec7a 9.36335652990378 10.2621959388775 3.64930661631618
Rel 9.30153835661437 10.2621959388775 3.64930661631618
Tsc22d3 11.4721491337919 10.2621959388775 3.64930661631618
Sla 12.3378861062474 10.2621959388775 3.64930661631618
Itga9 7.35656542889308 10.2621959388775 3.64930661631618
Tgfbr1 13.4953964323281 10.2621959388775 3.64930661631618
Snap23 8.47917138557207 10.2621959388775 3.64930661631618
Sgk3 9.74194633209768 10.2621959388775 3.64930661631618
St6gal1 11.5108116293154 10.2621959388775 3.64930661631618
Asph 11.1131392793095 10.2621959388775 3.64930661631618
Ivns1abp 12.7182126498181 10.2621959388775 3.64930661631618
Adcy7 11.9646243532397 10.2621959388775 3.64930661631618
Rbm39 10.4094928984617 10.2621959388775 3.64930661631618
Vamp3 10.8638436564196 10.2621959388775 3.64930661631618
Gpr56 11.0473777353108 10.2621959388775 3.64930661631618
Itgav 11.507195343065 10.2621959388775 3.64930661631618
Lgals9 9.80576100376818 10.2621959388775 3.64930661631618
Bco2 8.88551273021649 10.2621959388775 3.64930661631618
Trem2 11.528689695107 10.2621959388775 3.64930661631618
Gna15 8.93153578094543 10.2621959388775 3.64930661631618
Bach2 8.81723367907835 10.2621959388775 3.64930661631618
Myo7a 9.61565808015342 10.2621959388775 3.64930661631618
Birc3 10.7521481640029 10.2621959388775 3.64930661631618
Igsf6 8.68495551282954 10.2621959388775 3.64930661631618
Samsn1 8.95535277925432 10.2621959388775 3.64930661631618
Il1a 10.5450729398403 10.2621959388775 3.64930661631618
Hpgds 9.14123713383759 10.2621959388775 3.64930661631618
Naip5 11.1347547074536 10.2621959388775 3.64930661631618
Ccl4 12.7516225784521 10.2621959388775 3.64930661631618
Klf3 8.44575749935971 10.2621959388775 3.64930661631618
Itpr2 10.8613975316724 10.2621959388775 3.64930661631618
Stat6 10.5031698578152 10.2621959388775 3.64930661631618
Phxr1 9.60550945602768 10.2621959388775 3.64930661631618
Msn 10.7217422633417 10.2621959388775 3.64930661631618
Bcl6 9.97529153752311 10.2621959388775 3.64930661631618
Abca1 12.0785728549459 10.2621959388775 3.64930661631618
Adam17 10.581995677351 10.2621959388775 3.64930661631618
Dapp1 10.626591308075 10.2621959388775 3.64930661631618
Clec4a2 10.1190075949126 10.2621959388775 3.64930661631618
Fli1 10.0832277034328 10.2621959388775 3.64930661631618
Mitf 10.3277193773821 10.2621959388775 3.64930661631618
Ets1 9.75745818736726 10.2621959388775 3.64930661631618
Itgam 7.64683147867138 10.2621959388775 3.64930661631618
Ptprc 12.4215732421658 10.2621959388775 3.64930661631618
Fosb 11.9818678393755 10.2621959388775 3.64930661631618
Ccr5 11.7087776692335 10.2621959388775 3.64930661631618
Il6ra 12.6405285425734 10.2621959388775 3.64930661631618
Phxr4 8.82713954167426 10.2621959388775 3.64930661631618
Tgif1 8.50458243562559 10.2621959388775 3.64930661631618
Pla2g15 12.3512186582331 10.2621959388775 3.64930661631618
Itga6 11.5906633280243 10.2621959388775 3.64930661631618
Ifi30 11.4062018650154 10.2621959388775 3.64930661631618
Cables1 10.7158993683559 10.2621959388775 3.64930661631618
H2-DMa 11.3395300052483 10.2621959388775 3.64930661631618
Zfp36l1 12.7019764996359 10.2621959388775 3.64930661631618
Id2 12.1636087237592 10.2621959388775 3.64930661631618
Gpr34 12.142699851518 10.2621959388775 3.64930661631618
Rrad 10.0026571297703 10.2621959388775 3.64930661631618
Cr1l 11.6955153199688 10.2621959388775 3.64930661631618
Ndel1 9.26249492481989 10.2621959388775 3.64930661631618
Rhog 11.2037880767617 10.2621959388775 3.64930661631618
Rnase4 13.0771643703574 10.2621959388775 3.64930661631618
Hk2 12.3164140648536 10.2621959388775 3.64930661631618
Map4k4 8.81854047498591 10.2621959388775 3.64930661631618
Hfe 11.3196450739578 10.2621959388775 3.64930661631618
Naalad2 9.64837692903074 10.2621959388775 3.64930661631618
Pik3cg 10.1537853547168 10.2621959388775 3.64930661631618
Zeb2 11.4350095719432 10.2621959388775 3.64930661631618
Btk 9.58917222158551 10.2621959388775 3.64930661631618
Tlr3 9.63659550839082 10.2621959388775 3.64930661631618
Dock2 8.86389566600281 10.2621959388775 3.64930661631618
Prkcd 11.3607793398998 10.2621959388775 3.64930661631618
Mertk 13.0985151577591 10.2621959388775 3.64930661631618
Cd84 9.96224237530016 10.2621959388775 3.64930661631618
Ly86 13.8305038298173 10.2621959388775 3.64930661631618
Vav1 10.4997459843954 10.2621959388775 3.64930661631618
Pik3cd 8.99966364024255 10.2621959388775 3.64930661631618
Pag1 12.6736213180298 10.2621959388775 3.64930661631618
Fos 13.9327205870223 10.2621959388775 3.64930661631618
Cfh 10.8438396260437 10.2621959388775 3.64930661631618
Tnfrsf13b 9.66545251361214 10.2621959388775 3.64930661631618
Cebpd 10.5744174492867 10.2621959388775 3.64930661631618
Luc7l2 10.6746402351895 10.2621959388775 3.64930661631618
Smim3 9.32886126195367 10.2621959388775 3.64930661631618
Hhex 10.060418644213 10.2621959388775 3.64930661631618
Entpd1 9.58873000960094 10.2621959388775 3.64930661631618
Ptgs1 12.1626150793908 10.2621959388775 3.64930661631618
Phip 10.0131625046948 10.2621959388775 3.64930661631618
Rock1 9.72163310525527 10.2621959388775 3.64930661631618
Stk17b 9.80355004387352 10.2621959388775 3.64930661631618
Frrs1 10.6966078261321 10.2621959388775 3.64930661631618
Nfix 9.42896748268856 10.2621959388775 3.64930661631618
Lyz2 12.5660138290276 10.2621959388775 3.64930661631618
Ssfa2 10.4026641404164 10.2621959388775 3.64930661631618
Ccnl1 12.9368942943523 10.2621959388775 3.64930661631618
Galnt4 9.11869231898454 10.2621959388775 3.64930661631618
Ctc1 11.7422487728519 10.2621959388775 3.64930661631618
Unc93b1 11.3066168079527 10.2621959388775 3.64930661631618
Mob1a 11.6304802850351 10.2621959388775 3.64930661631618
Cmtm6 12.2803328178186 10.2621959388775 3.64930661631618
Sfpq 11.5708095722532 10.2621959388775 3.64930661631618
Wls 8.21516176510327 10.2621959388775 3.64930661631618
Tmem63a 11.3727165126659 10.2621959388775 3.64930661631618
Tspan14 11.2007785813707 10.2621959388775 3.64930661631618
Lpcat3 11.4786154330381 10.2621959388775 3.64930661631618
Abl1 11.1504066132485 10.2621959388775 3.64930661631618
Pxn 11.8612215849744 10.2621959388775 3.64930661631618
Hvcn1 10.2856187487951 10.2621959388775 3.64930661631618
Edem1 10.5644676490564 10.2621959388775 3.64930661631618
Icam1 12.144222640413 10.2621959388775 3.64930661631618
Ptbp3 11.2952745829932 10.2621959388775 3.64930661631618
Oaf 8.52102005658831 10.2621959388775 3.64930661631618
Epb4.1 9.13203469587656 10.2621959388775 3.64930661631618
Prkab1 10.8728158992286 10.2621959388775 3.64930661631618
Rbl1 8.51194870241016 10.2621959388775 3.64930661631618
Rcsd1 12.3223507478265 10.2621959388775 3.64930661631618
Sirt7 10.2848924142116 10.2621959388775 3.64930661631618
Npl 10.119227368812 10.2621959388775 3.64930661631618
Tmem140 8.46080936763924 10.2621959388775 3.64930661631618
0610040J01Rik 10.8106638816197 10.2621959388775 3.64930661631618
Tm6sf1 11.273380881778 10.2621959388775 3.64930661631618
Cklf 11.3324839569912 10.2621959388775 3.64930661631618
Cd177 8.01898297885642 10.2621959388775 3.64930661631618
Casp8 9.83591177234681 10.2621959388775 3.64930661631618
F11r 12.1638127271072 10.2621959388775 3.64930661631618
Eva1a 8.63294613398656 10.2621959388775 3.64930661631618
Mfap3 11.4258563297422 10.2621959388775 3.64930661631618
Reep3 10.7593284719606 10.2621959388775 3.64930661631618
Tor4a 10.4213155961976 10.2621959388775 3.64930661631618
Trim34a 8.69868770830196 10.2621959388775 3.64930661631618
Ptbp1 9.02225932629817 10.2621959388775 3.64930661631618
Trib1 9.86334646135101 10.2621959388775 3.64930661631618
Plxdc1 10.9642741564864 10.2621959388775 3.64930661631618
Lpxn 10.730982217212 10.2621959388775 3.64930661631618
Siglec5 8.337886172674 10.2621959388775 3.64930661631618
Mylip 12.3804927223987 10.2621959388775 3.64930661631618
Fcrl1 9.27554865404005 10.2621959388775 3.64930661631618
Lifr 10.914871574386 10.2621959388775 3.64930661631618
Csf1 9.80595405056766 10.2621959388775 3.64930661631618
Sppl2a 11.1847931951435 10.2621959388775 3.64930661631618
P2ry6 11.5909433501351 10.2621959388775 3.64930661631618
Wsb1 12.1955534450875 10.2621959388775 3.64930661631618
H2-K1 12.7949568117272 10.2621959388775 3.64930661631618
Slc3a2 12.5439222171533 10.2621959388775 3.64930661631618
Tgfbr2 12.4312251246194 10.2621959388775 3.64930661631618
H2-Ab1 8.4512011309411 10.2621959388775 3.64930661631618
Prpf4b 10.2022154854581 10.2621959388775 3.64930661631618
Ceacam1 8.73427463823456 10.2621959388775 3.64930661631618
Mlph 9.52478746573067 10.2621959388775 3.64930661631618
Ncf1 9.01873662127703 10.2621959388775 3.64930661631618
Il13ra1 9.69650941211153 10.2621959388775 3.64930661631618
Adap2 10.4876327911899 10.2621959388775 3.64930661631618
Elovl1 10.5746736199238 10.2621959388775 3.64930661631618
Akr1b10 8.35430474274704 10.2621959388775 3.64930661631618
Lrba 12.293139019726 10.2621959388775 3.64930661631618
Pld1 10.7880824610021 10.2621959388775 3.64930661631618
Pon2 9.26937417743214 10.2621959388775 3.64930661631618
Ggnbp2 8.88683207954564 10.2621959388775 3.64930661631618
Capn3 10.437566906065 10.2621959388775 3.64930661631618
Btg1 12.8272407508816 10.2621959388775 3.64930661631618
ND5 11.9712888648361 10.2621959388775 3.64930661631618
Rrbp1 12.1135184174842 10.2621959388775 3.64930661631618
Clk1 11.9971319270739 10.2621959388775 3.64930661631618
Smarcd2 11.8000491959721 10.2621959388775 3.64930661631618
Vwa5a 10.3690918760756 10.2621959388775 3.64930661631618
Glul 11.9439234863599 10.2621959388775 3.64930661631618
Arrb2 11.5161791808491 10.2621959388775 3.64930661631618
Pros1 11.4244912078995 10.2621959388775 3.64930661631618
Frmd4b 12.1297792575394 10.2621959388775 3.64930661631618
Rin2 10.1302854085197 10.2621959388775 3.64930661631618
Arhgdib 10.7800288131728 10.2621959388775 3.64930661631618
Tifa 10.6649959627868 10.2621959388775 3.64930661631618
Arhgap17 11.0358082941061 10.2621959388775 3.64930661631618
Phgdh 11.0663668828628 10.2621959388775 3.64930661631618
Map3k3 9.22406360995286 10.2621959388775 3.64930661631618
Slc46a1 9.39593470371558 10.2621959388775 3.64930661631618
Maml1 8.72705687214699 10.2621959388775 3.64930661631618
Parp12 9.52345845288495 10.2621959388775 3.64930661631618
Trim47 10.122871565472 10.2621959388775 3.64930661631618
Lgals3 8.71732817427299 10.2621959388775 3.64930661631618
Ddx26b 12.2655895521916 10.2621959388775 3.64930661631618
Slc25a45 10.8783954265567 10.2621959388775 3.64930661631618
Jmjd1c 12.7042728123964 10.2621959388775 3.64930661631618
Plcg2 11.2395812321787 10.2621959388775 3.64930661631618
Ccdc93 11.589408707358 10.2621959388775 3.64930661631618
Mlxip 11.0131464704826 10.2621959388775 3.64930661631618
Sash3 11.2528818012755 10.2621959388775 3.64930661631618
Themis2 9.94919523666928 10.2621959388775 3.64930661631618
Smo 8.91822177549275 10.2621959388775 3.64930661631618
Stard8 9.02643397069546 10.2621959388775 3.64930661631618
Mpeg1 13.5339312443488 10.2621959388775 3.64930661631618
Hspa1b 12.7328150924375 10.2621959388775 3.64930661631618
Pcf11 9.35790578331487 10.2621959388775 3.64930661631618
Xist 12.7732517233129 10.2621959388775 3.64930661631618
Cd48 9.99176185857167 10.2621959388775 3.64930661631618
Akna 10.5978331936346 10.2621959388775 3.64930661631618
2810474O19Rik 10.2420219780856 10.2621959388775 3.64930661631618
Sult1a1 9.92143049281146 10.2621959388775 3.64930661631618
Fes 10.5840546362038 10.2621959388775 3.64930661631618
Cep152 9.68353142517718 10.2621959388775 3.64930661631618
B2m 13.2088860971046 10.2621959388775 3.64930661631618
Gsap 7.5615053421719 10.2621959388775 3.64930661631618
Diap2 9.90635960665803 10.2621959388775 3.64930661631618
Egr2 11.2144151601674 10.2621959388775 3.64930661631618
Ccrl2 11.4107831106411 10.2621959388775 3.64930661631618
Lcn2 11.7182561949748 10.2621959388775 3.64930661631618
Hbb-b2 7.86146929235822 10.2621959388775 3.64930661631618
Gimap6 8.28896486111756 10.2621959388775 3.64930661631618
Myo1g 9.04216166021584 10.2621959388775 3.64930661631618
Tmem173 11.1696407087511 10.2621959388775 3.64930661631618
BC028528 9.01173787915138 10.2621959388775 3.64930661631618
AF251705 12.0057126252299 10.2621959388775 3.64930661631618
Arap1 9.17388595229217 10.2621959388775 3.64930661631618
Hmha1 10.4487011332694 10.2621959388775 3.64930661631618
Ddit4 10.2740340989833 10.2621959388775 3.64930661631618
Rreb1 9.66195512280759 10.2621959388775 3.64930661631618
Gmip 10.2055870255081 10.2621959388775 3.64930661631618
Nckap1l 11.1526856630168 10.2621959388775 3.64930661631618
Macf1 10.1063783420102 10.2621959388775 3.64930661631618
Abcc3 9.7509259850256 10.2621959388775 3.64930661631618
Rnf130 12.3284705937932 10.2621959388775 3.64930661631618
Rhoh 10.7637079698635 10.2621959388775 3.64930661631618
1700017B05Rik 11.7522974287947 10.2621959388775 3.64930661631618
Srgap2 11.7585843286276 10.2621959388775 3.64930661631618
2810043O03Rik 8.32709215618797 10.2621959388775 3.64930661631618
Gusb 11.4803411718158 10.2621959388775 3.64930661631618
Lair1 10.6612900224916 10.2621959388775 3.64930661631618
Twf2 10.9336973935694 10.2621959388775 3.64930661631618
P2ry12 12.4385715566921 10.2621959388775 3.64930661631618
Apoe 11.7960795852016 10.2621959388775 3.64930661631618
Fubp1 7.89113026849548 10.2621959388775 3.64930661631618
Epb4.1l2 12.5432840929574 10.2621959388775 3.64930661631618
Pld4 12.1700437011819 10.2621959388775 3.64930661631618
Lrrfip1 10.7224886700699 10.2621959388775 3.64930661631618
AU020206 9.79768698851007 10.2621959388775 3.64930661631618
Fermt3 11.4207362066657 10.2621959388775 3.64930661631618
AW112010 8.11044475989335 10.2621959388775 3.64930661631618
AI503316 7.3300634120064 10.2621959388775 3.64930661631618
Tgif2 9.9426138283241 10.2621959388775 3.64930661631618
Dennd4c 8.61600910461238 10.2621959388775 3.64930661631618
Ankrd44 11.5679366187782 10.2621959388775 3.64930661631618
Kctd12 12.099676793357 10.2621959388775 3.64930661631618
H2-Aa 11.2644036954394 10.2621959388775 3.64930661631618
Fam105a 11.8820924454901 10.2621959388775 3.64930661631618
Cpne3 9.50290347799534 10.2621959388775 3.64930661631618
Herpud1 12.5116726598182 10.2621959388775 3.64930661631618
Cd300a 10.0530239896872 10.2621959388775 3.64930661631618
Osbpl11 9.8672262594844 10.2621959388775 3.64930661631618
Tmem71 7.83337212150143 10.2621959388775 3.64930661631618
Wipf1 10.3652831365882 10.2621959388775 3.64930661631618
Lyz1 12.2502412289951 10.2621959388775 3.64930661631618
Clcf1 8.68466038510135 10.2621959388775 3.64930661631618
Adrb2 8.29734945321406 10.2621959388775 3.64930661631618
Lrrk1 9.1635528470806 10.2621959388775 3.64930661631618
Zfp36l2 12.4004422821899 10.2621959388775 3.64930661631618
Il10ra 11.9867649941734 10.2621959388775 3.64930661631618
Hexb 13.9214339669789 10.2621959388775 3.64930661631618
D530037H12Rik 10.4018822600769 10.2621959388775 3.64930661631618
Rbm5 8.25606928937062 10.2621959388775 3.64930661631618
Rab20 9.64744268247702 10.2621959388775 3.64930661631618
Slc9a3r1 10.5341792603602 10.2621959388775 3.64930661631618
Vim 8.20604281286246 10.2621959388775 3.64930661631618
Grn 13.6303783372944 10.2621959388775 3.64930661631618
Bach1 11.7684659473826 10.2621959388775 3.64930661631618
D9Ertd306e 8.20712585253381 10.2621959388775 3.64930661631618
C79242 8.41316050528701 10.2621959388775 3.64930661631618
Fam46c 12.2421510197398 10.2621959388775 3.64930661631618
Ctsa 12.9644748360344 10.2621959388775 3.64930661631618
Pald1 11.0128320429645 10.2621959388775 3.64930661631618
Ifngr1 12.016051864462 10.2621959388775 3.64930661631618
Tcn2 12.1195930224409 10.2621959388775 3.64930661631618
Anxa1 9.64055143138413 10.2621959388775 3.64930661631618
Cmtm3 10.0110497819572 10.2621959388775 3.64930661631618
Ppp1r15a 12.6593601245383 10.2621959388775 3.64930661631618
Slc15a4 11.356384012252 10.2621959388775 3.64930661631618
Dhrs3 10.8328899765314 10.2621959388775 3.64930661631618
Lrmp 8.89491220593798 10.2621959388775 3.64930661631618
Olfml3 13.5644607358692 10.2621959388775 3.64930661631618
Pla2g4a 9.55730250855793 10.2621959388775 3.64930661631618
Ncf2 11.109264808914 10.2621959388775 3.64930661631618
Il7r 9.22711297999003 10.2621959388775 3.64930661631618
Ctss 14.1223387589978 10.2621959388775 3.64930661631618
Cd53 12.6270729328698 10.2621959388775 3.64930661631618
Fcgr3 13.3874319809845 10.2621959388775 3.64930661631618
Hps4 12.4456398299555 10.2621959388775 3.64930661631618
Lrp1 11.092810317946 10.2621959388775 3.64930661631618
S100a9 12.2965410503709 10.2621959388775 3.64930661631618
Dusp1 14.1813580097059 10.2621959388775 3.64930661631618
Traf5 9.0214474215703 10.2621959388775 3.64930661631618
Lgmn 13.4068999504885 10.2621959388775 3.64930661631618
Klf2 12.9915058739807 10.2621959388775 3.64930661631618
Fcrls 13.5200887013828 10.2621959388775 3.64930661631618
Pf4 8.69130638655566 10.2621959388775 3.64930661631618
Trip6 9.31751803635675 10.2621959388775 3.64930661631618
Tlr1 9.55990391864875 10.2621959388775 3.64930661631618
St3gal6 9.54566709615045 10.2621959388775 3.64930661631618
Rhob 13.3993450977518 10.2621959388775 3.64930661631618
Selplg 13.492313873689 10.2621959388775 3.64930661631618
Cd68 12.2825968841945 10.2621959388775 3.64930661631618
Gpr65 7.85611733273235 10.2621959388775 3.64930661631618
Ebi3 9.38512048892932 10.2621959388775 3.64930661631618
Csf2rb2 9.46516272602394 10.2621959388775 3.64930661631618
Atf3 13.3007390383143 10.2621959388775 3.64930661631618
C1qc 13.5695399365939 10.2621959388775 3.64930661631618
Chst7 11.0545300964632 10.2621959388775 3.64930661631618
Hck 11.7192724128215 10.2621959388775 3.64930661631618
Tmem100 8.25603072192118 10.2621959388775 3.64930661631618
Gcnt1 7.89240442650036 10.2621959388775 3.64930661631618
Casp4 9.17977855891737 10.2621959388775 3.64930661631618
Per1 12.1580724735259 10.2621959388775 3.64930661631618
Ly96 8.98885773803667 10.2621959388775 3.64930661631618
Lag3 9.94342037341401 10.2621959388775 3.64930661631618
Cxcl2 10.9236295592129 10.2621959388775 3.64930661631618
Ltf 11.9771261319803 10.2621959388775 3.64930661631618
Cx3cr1 12.8322911670036 10.2621959388775 3.64930661631618
Stab1 10.7835801182221 10.2621959388775 3.64930661631618
Ms4a6c 8.57617466213427 10.2621959388775 3.64930661631618
Evi2a 12.5801879760248 10.2621959388775 3.64930661631618
Il6 8.3523884587654 10.2621959388775 3.64930661631618
Pdgfb 10.6620659529342 10.2621959388775 3.64930661631618
Mrc1 8.47267687587698 10.2621959388775 3.64930661631618
Cbl 10.6935557955462 10.2621959388775 3.64930661631618
Cd33 8.91751905662005 10.2621959388775 3.64930661631618
Itgb2 11.8281947861841 10.2621959388775 3.64930661631618
Rgl2 11.0627483576315 10.2621959388775 3.64930661631618
Adamts1 11.3973807177838 10.2621959388775 3.64930661631618
Ang 8.67340897437916 10.2621959388775 3.64930661631618
Sh2b2 9.32069277757714 10.2621959388775 3.64930661631618
Tyrobp 12.9035612805634 10.2621959388775 3.64930661631618
Ptplad2 9.63817330010533 10.2621959388775 3.64930661631618
Slc29a3 11.6835560124248 10.2621959388775 3.64930661631618
Vasp 10.5290974508756 10.2621959388775 3.64930661631618
Pbxip1 10.3716503756831 10.2621959388775 3.64930661631618
Emr1 12.777781853873 10.2621959388775 3.64930661631618
Nrros 12.3519497751025 10.2621959388775 3.64930661631618
Tmem119 13.699678559052 10.2621959388775 3.64930661631618
Pnpla7 10.5843197435089 10.2621959388775 3.64930661631618
1810011O10Rik 8.37120216738482 10.2621959388775 3.64930661631618
Slc46a3 9.85031592896195 10.2621959388775 3.64930661631618
Parp14 9.10437062254361 10.2621959388775 3.64930661631618
Ttr 13.1109777518357 10.2621959388775 3.64930661631618
Havcr2 10.710530075929 10.2621959388775 3.64930661631618
Alas2 9.97256535353661 10.2621959388775 3.64930661631618
Cmtm7 10.4036329494645 10.2621959388775 3.64930661631618
Mafb 10.9849900615298 10.2621959388775 3.64930661631618
Apobec1 9.7227717478305 10.2621959388775 3.64930661631618
Blnk 11.8079240962002 10.2621959388775 3.64930661631618
Tmcc3 9.16895367720384 10.2621959388775 3.64930661631618
Notch2 11.035203297165 10.2621959388775 3.64930661631618
Alox5ap 12.5749967599795 10.2621959388775 3.64930661631618
Fyb 11.7159427823204 10.2621959388775 3.64930661631618
Sepp1 13.725757445204 10.2621959388775 3.64930661631618
Mtmr10 9.73315768157179 10.2621959388775 3.64930661631618
Rnf135 8.8595666153783 10.2621959388775 3.64930661631618
Ctla2b 9.94438247489242 10.2621959388775 3.64930661631618
Sall3 9.56740794423544 10.2621959388775 3.64930661631618
Hspa1a 11.9245276178108 10.2621959388775 3.64930661631618
Slc37a2 8.79282849614854 10.2621959388775 3.64930661631618
Zfp36 13.4960506681509 10.2621959388775 3.64930661631618
Abhd15 9.92497435981129 10.2621959388775 3.64930661631618
Cyba 11.7749627835735 10.2621959388775 3.64930661631618
Iffo1 10.7047839194148 10.2621959388775 3.64930661631618
Spata13 11.8360921296241 10.2621959388775 3.64930661631618
Wasf2 12.4660305697947 10.2621959388775 3.64930661631618
Scarb2 11.7293389223241 10.2621959388775 3.64930661631618
Rnpepl1 10.2525855440995 10.2621959388775 3.64930661631618
Ptpn6 11.3292345329635 10.2621959388775 3.64930661631618
4833441D16Rik 9.33372525445037 10.2621959388775 3.64930661631618
Tec 10.1967601761071 10.2621959388775 3.64930661631618
Cd52 8.83934325002235 10.2621959388775 3.64930661631618
Irf5 10.4417221455899 10.2621959388775 3.64930661631618
Wdr81 11.507769957771 10.2621959388775 3.64930661631618
Klrd1 7.52307482814316 10.2621959388775 3.64930661631618
Naip2 10.8151812852359 10.2621959388775 3.64930661631618
Anxa3 12.9131833282778 10.2621959388775 3.64930661631618
