Tac1 12.4833860749657 8.36688177403949 6.42974268742763
Pfdn1 10.8999249496647 7.37268897129522 6.18529388867364
C1qtnf4 9.69690227861889 5.96079339075155 4.68229295552517
Ceacam10 8.43406418414937 4.95360643820939 4.30073784044901
Slc6a4 13.2439176433155 7.16694222682839 5.88833623219925
Kcna5 8.77805231077401 5.42578264589135 4.17222552086293
Synj2bp 10.9266567344569 6.89677192487705 6.73838369618658
Tpd52l1 11.4213353496728 6.80255737935435 6.4607481992474
Slc22a3 10.5815262018998 5.90729551256742 4.75856284503044
Cend1 9.01243590771429 5.39354311687908 4.35252390394661
2010204K13Rik 12.7819107064305 8.68881681741973 6.221701008962
Klk1b27 8.95894684812547 4.62525115413104 4.37624404186058
Nedd4 10.0457264365237 6.06477251385106 5.95067735832807
Id4 11.5782503987121 5.97693098283972 5.29459595058473
Tmem242 9.65752964405264 5.87658195989609 5.35133445601395
Flywch2 10.0127374986063 6.44451959425524 4.30035817530197
Fev 10.7145072979201 6.69861460291212 5.18121929343159
Qpct 8.64023304294799 4.89954319436769 4.61984940693485
Mal2 10.3703181571723 4.94692013883128 3.92320461035936
Kcnj9 8.79367897136592 5.16332746908428 5.08791054845799
Mela 9.88755620448043 4.44716391968425 3.99000833120898
Ykt6 9.87512610659265 6.256402052273 6.21468594214366
Ctla2a 7.95913381262081 4.5639506916646 3.83272036076791
Rpp25 8.7129127296472 4.87029906574136 4.57252757374179
Gata3 8.41968527786437 4.71485177788844 4.50719649146379
Cited1 9.04523865893519 5.29331009722253 5.13082553590551
Spock3 9.22240548624985 5.12640014851888 3.69180829575772
Chodl 8.51564453188037 5.03863013270665 4.85477756210213
Fam92a 11.4193242305961 7.35762988884936 7.16967199602499
