Junb 11.5499826198348 7.52183742882251 4.7772582868471
Cd83 13.2161047162533 9.66071996060622 5.85301046481012
Sipa1 11.028832104782 7.01612908338017 6.02985418946922
Ctsc 12.6108642775907 8.82493534628462 4.27923390498438
4632428N05Rik 12.9633024758073 8.72034502152509 4.72700261558536
Irf8 12.5462653592052 7.56960293350871 5.33942139396916
Parvg 10.4281853264487 6.73188667443373 5.26136445262655
Slc40a1 11.6873175794834 7.18777213080563 5.17298032510802
C1qb 13.3809165744448 6.78257125551698 3.81175412988636
Ccl6 10.4831140019336 6.96310616375551 4.34689870379898
Cd14 13.3794861542207 9.08258002015048 5.66787665202428
Pycard 11.7530559991681 7.70900238404206 5.01742218993397
Slc7a7 10.9326702827516 6.64466252633687 4.87163312035056
Srgn 13.2795222117037 7.38752604675907 5.09769312661243
Nfkbiz 12.6921044506167 9.17274409772691 4.42921420485079
Tgm2 11.6702792723547 8.24810971011355 5.4401917598354
Plek 13.0385446953369 8.75279855237208 5.3269274475642
Itgb5 13.3122301859398 9.87959297125815 3.76334326463988
Rgs1 11.3590498478886 7.10655618774568 4.13931028969736
Snx5 12.5419589726741 9.17321900248853 5.08853308460438
Ctsz 12.9968566741552 9.65643395530836 4.09088271933916
Fcgr1 12.2955371160684 7.08851112797011 4.38424438519035
Ccl9 11.4677327663853 5.44090875001245 4.71218779762489
Tnfrsf1b 11.7452188608572 7.41752447385522 5.828058700459
Inpp5d 12.4577394438636 7.9771661865135 6.08175740658014
Tlr4 9.57555684780965 5.80771479418916 4.25101202570398
Aif1 11.8214348072249 6.67739218733719 4.7560189306882
Syk 11.3160084368777 7.07129245508112 5.61875807347815
Crybb1 12.2648088011919 7.46413703715957 6.27802327209957
Fcer1g 12.6718396223893 7.19890827642806 5.7892376217913
Ctsh 12.87251521366 7.63796304777926 5.31916058861232
Gpsm3 9.55595780536678 5.89274047490569 5.1663256656307
Ncf4 10.7292352869563 6.68310775228969 4.9168027482136
Ggta1 10.3002208247185 5.82495129754067 4.00960479052928
Lcp2 10.4089431447829 5.97122831108902 4.59791554463876
Ngp 12.7574775005176 7.38308271638493 5.06302922939671
Spi1 10.4190424481911 6.853561606848 5.73847227836483
Csf3r 10.4683520496493 7.13291952699602 5.01120628892583
Ms4a6b 11.2554621340409 6.1986691691124 4.69836735330842
Cxcl10 9.72683118350032 5.79604967682239 4.90197715415023
Lyl1 9.96552235514374 5.84639266808952 4.91753569782558
Ptpn18 10.3344380846283 6.68339419994054 5.85936819024722
Tlr2 11.9276981137555 6.73897690443904 5.31724428524929
Serpine1 9.65311808101758 6.17451299825493 4.44482189057095
Cd37 10.9003612304416 6.91594336455459 5.47888621850176
Map3k8 10.2772018482877 5.63172363082624 4.62130401982187
Myd88 10.6605178444686 6.56476312548713 5.44465786345346
Ccl12 10.6391731596107 4.94460487642236 4.28827382147512
Pon3 9.25424963832735 5.73147649164603 4.22420504045962
S100a8 13.1710031765985 5.76813881674369 4.574809491385
C3ar1 11.7048817822179 6.82010740113736 5.17043311153381
Fgd2 12.0963667807367 6.70001073324299 5.76326911817006
Ccl3 13.5359936909524 6.9758148288609 4.35898614505466
Ms4a6d 11.4841310922632 5.58451528595324 4.5238940122943
Ier3 13.5124048716238 10.1691045963 7.07714289796558
Camp 12.4507582747533 5.97962576401459 5.32621731603779
Klk8 10.1827990465209 6.14750580040224 5.48430734972732
Chil3 11.4871946767607 5.40529079769404 3.6481594089514
Arap3 9.99309938625579 5.55027836322475 4.03299317948529
Tlr7 11.1537008662761 5.6564868752677 4.74824090071673
Hpgd 11.9738918982247 6.47820431157707 4.34066288647835
Slc11a1 11.3948658681908 7.72540984000845 5.35800687711817
Ccl2 9.3887194295731 5.51945413365882 5.1063562902964
Cd86 11.6527693006629 6.22171484622785 4.85179845372533
Gpr84 11.5263505075912 6.55916571721469 5.36879554701929
Tcirg1 11.2860007996333 7.92801277205973 6.43218743179309
Trim12a 8.39694276788024 4.56299359250001 3.92708262738743
Slc15a3 11.3995649353571 6.27348556307145 5.21545816855597
Rel 9.43208070521036 5.89290013127787 4.64002347490377
Rbm39 10.2573002722239 6.86989035462816 4.64367404633893
Lgals9 9.69958847858634 5.88867862304112 5.20882408882493
Trem2 11.303795824757 7.39898890113015 6.21077692639727
Birc3 10.6915102166933 7.28385268666292 5.98964483652078
Igsf6 8.83394697282607 4.59143420319254 4.13730833510787
Samsn1 8.81738530496463 5.13916707306363 4.49911792331606
Il1a 10.5376640185961 5.81907068449818 4.00451419134937
Hpgds 9.22775583355141 5.87666836847303 4.92638447309185
Naip5 11.0978070538461 6.10945675228134 4.17347500734185
Ccl4 12.6588721873418 8.12431805520109 5.74614588941513
Stat6 10.468465477124 6.6242657485126 4.46307463005189
Dapp1 10.6129812986097 6.59218667189712 4.7449173469659
Clec4a2 10.1399334143348 5.20282276527468 4.72501873341744
Fli1 10.1221580891138 5.13916707306363 3.75175247971574
Ptprc 12.4924457080349 8.18866056317589 4.12727362429327
Fosb 12.0153263432166 7.90609409884381 4.74581212944006
Ccr5 11.6775104276773 7.15035062784841 4.37550473203231
Il6ra 12.6762370901779 8.15512250280799 5.53867487631454
Pla2g15 12.3402771280608 8.47939891142437 6.31282478065989
Ifi30 11.3741036101554 8.00444240356075 5.46284258837559
Gpr34 12.0465417111213 7.04570363842545 3.79582094833287
Rnase4 13.0645450224258 9.17723756512559 5.01629669773823
Hfe 11.261965590755 7.58854143628652 4.93653991346363
Cd84 9.79853579725004 5.15058636042562 4.52326675156165
Ly86 13.8484382572477 8.68908260769408 5.47367595431147
Vav1 10.4988780096262 6.04739882502396 4.0485429802771
Cfh 10.9189995251726 4.6436853195722 3.5172033434106
Tnfrsf13b 9.55249902249023 5.32616811374614 4.26560507136761
Entpd1 9.36332417160173 5.7593667199441 4.13603270491171
Ptgs1 12.1460566579667 7.06128274730552 4.57350386851489
Frrs1 10.5118954880326 6.96122568461002 4.88899731665316
Lyz2 12.6255399097117 7.91419762123782 6.03669469816353
Unc93b1 11.2638153754962 7.36223306003027 6.12518979088282
Cmtm6 12.3249537931389 8.98268314214273 5.45742550453581
Edem1 10.5468048765477 6.50334135431163 4.47089399739728
Icam1 12.0835121128031 8.18621280482204 4.53075509164089
Rcsd1 12.3327371826167 8.35431516704654 6.27174369583169
Cd177 8.34962699286364 4.59792049355551 4.12281831406671
Casp8 9.75678338176791 6.39335672734074 4.68258074220847
F11r 12.1396861374846 7.6643408509556 5.57236772197938
Lpxn 10.7275528959061 6.6699215606673 4.30493620837972
Siglec5 8.28941632201165 4.27843057800862 3.80180239760957
Fcrl1 9.22764356004362 5.72020813012416 5.17444709650993
P2ry6 11.5574667748729 6.49954892671124 4.35570438853451
Tgfbr2 12.4393744689228 7.83624172425565 4.98269214103138
Adap2 10.5722797031115 7.19500271743872 4.97531684508834
Capn3 10.3369957490321 6.25061612675497 4.17893366762602
Arrb2 11.4983554070217 7.771260404858 6.0040495821733
Pros1 11.4603712254362 7.02733392309747 4.74120713308921
Arhgap17 10.9767981793134 7.18169588892827 5.04885704994447
Trim47 10.0791566495733 5.90190185933903 4.7305879390997
Sash3 11.249005723635 7.56647135911538 5.27885338007045
Themis2 9.99513496121799 5.97912940421017 4.99543142341631
Mpeg1 13.5931395335038 8.76531829045449 5.74837152573495
Cd48 9.95999221182058 5.29798403551863 4.31223001778715
Cep152 9.74520694836984 6.11651133559542 5.43651173657178
Ccrl2 11.3826980615646 7.50031460974523 5.36538275990392
Lcn2 12.0118513639671 7.86409310511359 4.14304698706265
Tmem173 11.0989726590541 7.53665369690732 5.81788884357638
AF251705 11.9378287827213 8.21871189555198 6.36833264853788
Hmha1 10.4292840746509 6.98763858863666 5.55415693312739
Abcc3 9.68880748830503 6.3336081973501 4.85693785264541
Rhoh 10.6886747062572 5.94948250364945 4.80755170866794
1700017B05Rik 11.7630363477309 6.85481940185209 5.49272934002124
Gusb 11.4166507135997 7.61638808262336 4.708491046932
Lair1 10.6341607739461 5.59979927332648 4.68201705644707
P2ry12 12.3417720061336 8.73945527851456 4.45630897615408
Pld4 12.0162068213804 7.19733735021099 5.18320907989815
Fermt3 11.255187597153 6.47715884417116 3.87740724795563
Ankrd44 11.6555430067368 8.18312917463275 5.25789001064304
H2-Aa 10.95884712019 6.14871945556076 4.52489759750721
Fam105a 11.8141138102905 8.42942460016922 6.21454383510219
Cd300a 9.78331319123392 5.97901026310596 4.67270326845335
Lyz1 12.291433368859 8.70856385941475 4.30131088715475
Clcf1 8.66818372368241 4.13218070907803 3.77261094002187
Il10ra 11.9204835825207 6.09891758803774 4.72496394211671
Rab20 9.47961105235741 4.83516942563646 3.83920050977148
Grn 13.5694893497197 9.82061955232524 6.96498949225759
Ifngr1 12.0120817823602 8.51383420970396 7.14002981240136
Ppp1r15a 12.6842681011032 9.28845223987564 7.35388186741391
Olfml3 13.5589885962411 8.18350581854891 6.17986171436007
Ncf2 10.9678841319022 6.56751553846196 5.37189384319663
Cd53 12.647448770815 8.6306483484664 4.9464120504784
Fcgr3 13.39521832835 9.22669357552983 5.36458080957613
S100a9 12.5433488948648 6.30541860080714 4.56135141226053
Klf2 13.0114488593516 8.48522001009719 5.21378125818108
Fcrls 13.5094801235154 7.85106913724545 5.47583844643211
Tlr1 9.47210882993985 4.88460414251727 3.96463205362178
Cd68 12.242490069775 7.36737670026149 4.394784980665
C1qc 13.5863871767458 8.28071090093681 5.3722716164555
Hck 11.677853867497 6.76394552431713 4.74018849880899
Gcnt1 8.17673933531389 4.85179486796709 4.10027975863644
Casp4 9.24666718666705 5.319458167819 3.95468267410931
Lag3 9.95212609690159 6.51802717096757 5.26913346978839
Cxcl2 11.1862547067567 7.52797132295235 3.95179344967962
Ltf 12.2109361391241 8.28428751683384 6.12489151096478
Stab1 10.8319181809469 5.62327155652816 4.96431324455489
Il6 8.39447282799593 5.0597381659558 3.76423973145748
Mrc1 8.63837955832117 5.049621464767 4.01463175884142
Itgb2 11.8272052895604 7.71358240566797 4.55541468837494
Ang 8.39410428367088 4.32550077424112 3.95667254620836
Tyrobp 12.8882077765556 7.22484488497191 5.49219545157405
Emr1 12.7324162108168 6.96354520883988 5.40932148665044
Nrros 12.2035612900789 7.62883959173408 5.51452921504576
Tmem119 13.7062504747088 10.3657537152618 5.8660071690581
Havcr2 10.6395343238155 6.01387206320856 4.02195394036434
Cmtm7 10.2158890607314 5.81147755303475 4.9699582685473
Blnk 11.7867853033936 7.32824392551931 5.31938434259904
Alox5ap 12.5576931349978 8.58868051041296 6.11293544058802
Fyb 11.7070682335866 6.65188630376111 6.00997294701482
Ctla2b 9.98817720392032 6.18023738911793 4.10151032624557
Zfp36 13.4710413836478 8.89413257003566 5.83820643770546
Abhd15 10.2572440975652 6.59296879520272 4.77119513584316
Cyba 11.7795222099381 8.37953786691424 4.96974129353669
Cd52 8.87459768254704 5.40681940261572 4.57876314738366
Irf5 10.4986359523617 6.76162996539938 5.63647861417296
Naip2 10.6906973938164 4.98503534517732 4.40539164000764
Anxa3 12.8939144704404 6.69468001479522 5.0772244179072
