Ntsr2 13.5206277813442 9.28804727003282 5.59340645682354
Gpld1 13.0579316297075 8.3920850890927 5.46823735548262
Ptprz1 12.0299357432354 7.35563657033328 5.63550858114595
Bbox1 10.397945384308 6.64532792963785 5.74043922443546
Slc7a10 11.3243538903565 7.07257268050315 6.09253505858954
Fgfr3 12.3358957680414 8.56440367526409 6.34014280002213
Zbtb20 11.9836568637383 8.52814463515243 7.42806998252931
Agt 12.1345175854658 7.75028332157796 6.00930969581956
Calml4 10.99962952836 6.631764074323 4.81170199924356
Atp1a2 12.0983878794088 8.40490955889954 4.98503045997158
Rassf9 8.18854555028822 4.40039453752153 4.25488929363728
Lrig1 11.216850337342 6.90756366395695 4.48934860530793
Tm4sf1 10.6739219582011 6.89929164183399 5.06865877788942
Itih3 13.7717997178887 10.324534479626 5.07409969345224
