Cdhr1 11.9382735663944 7.04824292230692 4.96032362889611
Lmo1 12.9215886669735 8.09545422538512 6.0147270316019
Igf1 12.1133697584984 6.77609492127893 5.91405729170224
Gabrr2 11.2139718237 6.37448208408337 5.26004096991087
Cplx3 12.2637675588954 6.7465500906434 5.66285961385588
Pcdh20 11.4797156359068 7.82740267717488 5.06191541786896
Otx2 11.6504158491001 7.19176061906745 4.36546831097232
Meg3 13.1516094708466 9.06433857518922 6.41952489427687
Rian 9.91227943304506 4.94434841834394 4.5639598134144
Reln 13.5069200683394 8.93229671639617 5.76781896272174
Chrna6 11.3548163570805 6.01792436081447 5.39871120720063
Chrna3 8.92286992373844 5.16715689790284 4.99009948293316
