Pdyn 9.36297580694977 5.42803635213438 4.54925963469223
S100a10 11.4377912837673 7.32396043600932 5.24553336917628
Kcna5 9.50788197003883 5.63472814754103 4.23898360355036
Ngb 11.8775969398097 7.59849746286628 6.25023461510573
Avpr1a 9.36018241665021 4.90679309870013 4.54935338147409
Lhx9 9.75635109743688 4.53098021924577 4.20411476055518
Hcrt 13.9613430443134 6.84220972335954 6.15072387757276
Nptx2 10.2836674012371 6.23065314050677 4.34567034217895
Cckar 9.81411028102577 4.46551338208293 4.12663899780443
2010204K13Rik 13.4919088371394 8.48459668512471 6.27873183802331
Nts 9.46181297489872 5.67731141284518 5.09867416820035
Cbln1 12.5156331319462 7.99335011478374 4.40594651189829
Nnat 12.1657590449713 7.95803400594295 5.35375196793906
Zwint 10.7179020542711 6.75452644048438 5.75074850759382
Hmx2 8.05890676850443 4.38867258628415 4.29538752997093
Gpx3 12.9640428932208 8.08588440854727 6.62488577667853
Rspo1 8.92353755842215 5.19064957099504 4.66875013432611
Trhr 9.8733794152255 4.78593241559517 4.1039729869365
2010005H15Rik 9.1956935685563 5.16992088304006 4.87586459677961
Dlk1 10.6161287693964 6.84680030043614 5.74739180520187
