Cldn11 13.3198163207992 9.79812452354721 4.82291822309389
Trim59 12.6313166421944 9.29814028954278 5.5149757159076
Mcam 9.41116497664335 5.88321612553086 3.10486358480775
Ppp1r14a 13.0550218160831 8.83728730641379 1.29688248622248
Il23a 8.80828450105593 5.17579382388716 3.74411842480201
Ninj2 10.6870904627323 7.30838088341968 4.66049984686706
Mobp 14.1441059777101 9.83109062116579 4.17903157920354
Tll2 6.53359022470635 2.98971856379836 1.52226406905731
Gjc3 9.18280492978141 5.71526667145844 3.48461213450851
Pdlim2 12.9870052227115 8.95455812604301 6.28215627861877
Lims2 12.4129049316538 8.80113608850533 5.62569147043228
Tspan2 13.9686579860056 9.68317101971367 4.16168804006683
Sox10 13.1531846810068 9.07645591463053 3.65013721296641
Prkcq 11.1491100188938 7.70107567696866 4.95273272053526
Ddc 11.9520888038079 7.64783155925415 5.34815782909667
Nkx6-2 11.0036460088978 7.01649051052299 3.89652720392579
Kazn 8.92405176130786 5.12871062663367 2.58754072757613
Plekhh1 10.5942679624983 7.05119386994409 4.55537970288891
Gjc2 10.1597029733032 6.59776526542736 5.43994389831094
Gjb1 8.29889771616671 3.4275560696739 1.91759371493356
Mog 13.1404977560054 7.97375577878097 2.39742987096828
Pllp 12.6144723836719 8.24884960128677 6.1231485960896
Josd2 12.3830756775055 8.86334312817553 7.47890173724892
S1pr5 12.3148430365381 8.49040545848652 1.95214048118146
Tnni1 10.9118628145821 4.42479223444554 3.34923390473426
