Tnfrsf19 12.7642431122239 8.26877613172352 5.27789499599053
Fkbp10 10.2624460048996 5.6128196686659 3.31805833499841
Vcam1 13.3937574356865 9.98714568598604 5.63736424067478
Cyr61 12.6930016376476 7.4279655671631 4.10616954672337
Gldc 11.9722587597634 7.99894817856448 3.16102248516076
Slc26a6 10.8353233742707 7.46794642233424 5.43833400820449
Prelp 10.2269605457825 6.40020453490445 4.64037518903888
Elovl2 11.4664815023599 6.73844438757512 4.76664210258762
Lcat 11.94353125314 7.78386942085061 5.98597337241512
Angptl4 10.2847939896505 6.02887986531377 3.8869145104697
Pdgfrb 11.0847835194799 5.83087824715429 4.68257928401584
Ntsr2 14.6890660027143 10.5091979438062 5.58982372250042
F3 13.3038453137736 8.27330147009572 5.90914162021805
Fmo1 11.6190052244518 6.80300691516419 4.95991915773624
Slc15a2 13.643022086923 10.1663928569475 5.95934126498832
Prodh 12.3188409859533 7.50000468595703 5.92071203358988
Sod3 7.01229307672235 3.66187752284904 2.73488872882794
Wwtr1 9.17177720212808 5.59137277491612 3.15952724281986
Gpld1 13.5287624255734 9.74880818041006 3.63975245220079
Entpd2 12.845239874356 7.94951682341146 6.41227571828412
Islr 9.33144215768196 5.39394518966784 4.02173172407574
Cxcl14 11.452055537888 7.90934457035713 3.73844320565044
Fzd2 11.8456583123786 8.02622830062556 3.40074283160782
Ptprz1 13.5172579592109 7.86579070265939 2.51989574423787
Slc38a3 12.9308055861639 8.49718980976866 4.92503280669626
Celsr1 9.27350231254506 4.91839737401988 2.33219338428196
Dio2 13.3538198601289 9.70939079518862 4.43396550896515
Fads2 12.6434180583231 9.02540152943432 5.43706869254677
Cyp2d22 10.9904114826687 5.87296451492429 2.69791019388875
Timp3 12.1956933729267 7.99555688546 6.43797256170517
Sorcs2 11.2114638112758 6.17630752742356 4.75467669782591
Slc2a10 8.428244239798 4.61439321448729 1.69608526647376
Aox1 10.5400365733128 6.69598202131599 4.60460028795601
Nat8 10.5780560093454 7.12572206991778 5.30349653901974
Cyp4f14 10.7064870685731 5.62566780960603 2.86586545022189
Slc7a11 9.51006686334078 5.9598501913544 4.99497392559548
Tmem47 12.1023945983491 7.17155677163569 4.12744951437445
Mfge8 14.3267465489862 10.978351749798 7.39438519479868
Cyp7b1 12.2050739112253 8.16236804332358 4.14086104462802
Slc7a10 12.9710118829552 7.80365447188986 6.16223359259097
Syne1 11.8512160316076 8.1439069056886 6.4416164491972
Hapln1 8.68802893744238 5.26607179226022 1.280182773791
Fgfr3 13.7983170025117 9.17446989568517 6.99099665193614
Notch3 10.3199993637955 6.72342937148696 5.50297841110879
Papss2 11.1515561850145 7.30610875778941 5.30232894228333
Atp1b2 14.4159956002101 10.2542114715022 3.64340971079634
Zbtb20 12.8959711208205 9.05830267774761 6.27567671356872
Igfbp5 12.3727921619561 8.9786101032664 4.3778728739141
Phkg1 10.630161794178 5.41438761780274 2.40211532267448
Acsbg1 13.4464261834187 8.20421700557102 3.41969912081217
Col5a2 7.12542938262386 3.64287494748402 1.66122310734817
Phka1 11.6006117699748 8.08682114705703 6.44944087311229
Tgfb2 9.10217188983686 5.50067723206615 3.28589094790222
Slco1c1 13.8074983327895 8.25116585346965 4.43904443365782
Wnt7a 11.4034447514581 7.20034017236595 3.25517426088723
Agt 11.982888071876 7.53021469833962 3.01455862014178
Aass 9.58997304491433 5.37839929663912 4.53207314541817
Slc1a4 10.3605806973924 6.91635951170764 5.677643415946
S1pr1 12.3416307852198 9.01280461425133 5.66178397748316
Cbs 12.3123582202353 7.68856191905566 6.09390223549553
Dag1 11.8400221529711 8.1107609356217 6.21991512309634
Hpx 7.30886391612042 3.5054805193891 1.28749256054656
Gdf10 10.0386029229892 6.19071859002906 3.13832853698973
Ccdc80 12.2538771184778 8.30241941142397 7.07857086999883
Tmem51 11.5454335635643 7.74490793533895 5.79579965585546
Aldh1l1 13.0454530930023 8.55050490336116 5.83987656630146
Lmcd1 9.38661110845817 5.94749327470037 2.03935844619558
Aldoc 13.0572183618222 8.53193649880919 2.25291505980323
Egfr 10.1646713018906 4.11128082912296 2.36082504820549
Sox9 10.1751196895234 5.73211133319058 2.05052005971747
Rarres2 9.59774205852365 6.06708200151328 3.63725159290862
Emp2 12.0831760887616 8.18980780727591 6.23371714141564
Aqp4 14.0164866755657 9.48979800845723 4.84025496411379
2610034M16Rik 9.89396865530751 6.47558626043391 2.7913796664753
Col4a5 9.82910533072949 5.43281824223224 4.38318172163548
Ppp1r3c 13.5504188057789 10.03967498335 3.57338548880225
Acot11 8.24518259090763 3.97878461570111 3.12935277185937
Amot 11.9003911612129 7.77428164322598 2.89133819889793
Cldn10 12.4485479039688 8.12479620908912 5.87930698649703
Cth 10.9316072629206 7.12609316462641 4.72248766070946
Slc1a3 14.1254598727761 10.4433205029547 5.5406018301481
Tlcd1 12.8510189845642 8.84879661431033 6.18919176368447
Pm20d1 8.56055965974401 4.18124171904372 2.76158711711615
Scara3 12.3126392367391 7.67723825366995 0.825786218582423
Ttpa 11.0829500160442 7.30395751921799 2.37497624999302
Atp1a2 14.4463600324139 8.9948121019283 5.61711510145359
Slc14a1 10.6090127727135 5.45504864603066 3.94808033537008
Btbd17 10.4406671923987 6.87615008945738 4.92768945088714
Tril 13.8548729876275 9.86646451566893 3.98516544617331
Gdpd2 10.1456070528274 4.73685749952465 1.83284231513204
Itih5 12.4609898466299 8.54891800210461 6.94252596488632
Ppap2b 14.9143731686583 11.5467815820081 7.21120652299763
Lgi4 11.5983251604344 7.23147300381629 5.57070271849332
Lrig1 12.4430823356804 8.13307285735113 4.16466041725375
AI464131 12.5742454368573 7.51557692943049 2.00493551355611
DXErtd242e 8.78154235274222 3.97592752663432 1.78943393079201
Gli2 10.9547337337287 6.71217486612074 3.36555356102687
Mlc1 14.111488809085 9.26922350477633 1.09903640219331
Gjb6 13.9496737826117 9.50777051241514 4.68614956316849
Pygm 10.2502320116354 6.37710483165293 4.44266914337507
Heph 9.9856654280404 4.42734414331923 1.42109570042304
Hsd11b1 12.6432273085291 8.07336321614001 7.12593180846177
Ppara 9.10106728088433 5.11125186690572 1.89558694408507
Grin2c 12.1611779942229 6.07705633443824 4.38739647218578
Cyp4f15 12.0576141128209 6.331038006244 2.31376018938753
AI594671 4.78223740637304 0.965771189483559 -0.789858035058808
Rhpn1 8.25694377236185 4.07795974542592 1.73338273041703
Slc1a2 12.2270662761016 6.68661236500147 2.38845386056451
Farp1 12.4359957006748 8.91780188285678 7.14863100655128
Igfbp2 11.7996617796806 8.16510789847222 7.01713869726455
Slc41a1 12.9652705385952 9.59210367276157 8.32845885271044
