Junb 11.5348729987463 7.57563063826913 4.67191945685703
Cd83 13.1517119399809 9.66823946443783 5.87690121853322
Sipa1 11.0491157826369 7.13275097397949 5.86740108011041
Tnfaip2 9.10265124910753 5.69926197805119 3.8859324606821
Ctsc 12.6316085285889 8.83697528977238 4.19671704149082
Socs3 12.872389729541 9.50146359322091 3.9718340137889
4632428N05Rik 13.023417651154 8.72034502152509 4.7256426908081
Irf8 12.5830920544812 7.56960293350871 5.39907740919845
Parvg 10.3515058485033 6.81487787788543 5.38066468265383
Slc40a1 11.6104164701375 7.18117066677159 5.17304036101314
C1qb 13.334449855087 7.32133372103729 3.80475735007392
Ccl6 10.2968696260595 6.96310616375551 4.19803218168207
Cd14 13.2858211222074 9.08258002015048 5.80242247009549
Pycard 11.7476509071618 7.76526900579051 5.0396221054261
Slc7a7 10.8083190565862 6.64466252633687 4.72924054896229
Srgn 13.2068622416084 7.38752604675907 5.10093416612954
Nfkbiz 12.6004495355117 9.17274409772691 4.31861681916202
Tgm2 11.642946111078 8.22058359709817 5.56486174304935
Plek 13.0477422121131 8.75279855237208 5.37284997401153
Itgb5 13.2913066952736 9.78860592885541 3.74272354622669
Rgs1 11.0898478208524 7.10655618774568 4.13083644630517
Snx5 12.5389716579728 9.19358708557972 5.22742017542757
Ctsz 13.0485403305481 9.65643395530836 4.06488404644316
Fcgr1 12.2838802885119 6.68275632918252 4.36040202665976
Ccl9 11.3508771596472 5.42494913950134 4.71428359435904
Tnfrsf1b 11.7294024065306 7.34230705704485 5.84594151972344
Inpp5d 12.4783900860876 7.9771661865135 6.03749991448352
Tlr4 9.37755048286687 5.80771479418916 4.11355948580548
Aif1 11.8099905233592 6.81920120348568 4.67673670652545
Syk 11.1736838971837 7.42252228731303 5.60748815270846
Crybb1 12.2532048432707 7.37191790307272 6.2831420331271
Fcer1g 12.6825054501545 6.98411442228729 5.73743483108302
Ctsh 12.8742742032151 7.63796304777926 5.33775544119032
Gpsm3 9.5878408034758 5.86295042814883 5.14649558157199
Ncf4 10.7305401881173 6.68310775228969 4.96326486603239
Ggta1 10.3021085784473 5.98381230160824 3.98492772932026
Lcp2 10.4299333406719 5.97122831108902 4.64034460077797
Ngp 12.2995043542679 7.38308271638493 5.05028670889768
Spi1 10.3859436109085 6.76869026219665 5.80328699501944
Csf3r 10.5303261448833 7.07589171484745 4.97560858742671
Ms4a6b 11.2757685053458 6.1986691691124 4.63495223803839
Cebpb 11.6743509032076 8.32348676328759 5.86151708484223
Plxdc2 12.0529683323577 8.73009411756948 5.71491153561418
Cxcl10 9.7662958946731 5.84250546074312 5.0855798640727
Lyl1 10.013448973115 5.84639266808952 4.86809685125202
Ptpn18 10.350655093353 6.71107033722066 5.84476986543053
Tlr2 11.864186632689 6.75058580034747 5.30886546921858
Serpine1 9.57269546409715 6.02830856843752 4.49842290386598
Cd37 10.9462016903761 6.91990126515272 5.47541706443916
Map3k8 10.1917146557049 5.63172363082624 4.56583512050309
Myd88 10.7885966963584 6.77723524319567 5.52527347086149
Ccl12 10.4751595691536 4.84324126432514 4.28827382147512
Pon3 9.10935515291671 5.73147649164603 4.22728724502494
S100a8 12.9638824039872 5.76813881674369 4.53966581902866
C3ar1 11.6182149621142 6.78863995632301 5.21516437365265
Fgd2 12.1293203269256 6.70001073324299 5.80613092890037
Ccl3 13.5496556060224 6.9758148288609 4.44305755545065
Ms4a6d 11.498084859003 5.58451528595324 4.49996891854363
Ier3 13.5855914649438 10.2512848562378 7.08383556659945
Camp 11.8351935968853 6.06986096645414 5.35129181372272
Klk8 10.1637978906065 6.13326906882009 5.33251226368673
Chil3 10.6986949112657 5.40529079769404 3.6481594089514
Arap3 10.0084235335535 5.55027836322475 4.04701632467096
Tlr7 11.1690114771889 5.59679348176338 4.70881075738788
Hpgd 11.9284845304822 6.58347051157312 4.3118901631966
Slc11a1 11.348119903574 7.32403260349069 5.3659738080543
Ccl2 9.39365889899599 5.58520044735604 4.91296894718064
Cd86 11.7078926817195 6.22171484622785 4.85732691416163
Gpr84 11.5922078227709 6.4378005125329 5.27911443336668
Tcirg1 11.327613036728 7.93261406461206 6.23254500784969
Trim12a 8.60607054794922 4.58727825823659 3.92708262738743
Slc15a3 11.5031029092383 6.27567899313777 5.20785306581295
Rel 9.37584581713377 6.02868066963245 4.62202996030702
Rbm39 10.3141735206265 6.7704084697837 4.70140227891978
Lgals9 9.7144470271434 5.8695203272194 5.19621930669079
Trem2 11.3744113100813 7.48824357030001 6.22500292017283
Birc3 10.6680989517335 7.20045344295788 5.94878932014814
Igsf6 8.76352354526292 4.57957115869949 4.09067989753833
Samsn1 9.02117009275432 5.13916707306363 4.4482962002668
Il1a 10.5627537042988 5.81907068449818 4.01432282339471
Hpgds 9.22555193578103 5.78974947512444 4.95383986826229
Naip5 11.1748062850229 6.10945675228134 4.17661800626334
Ccl4 12.655502757357 8.12431805520109 5.7429350049622
Stat6 10.5002673668222 6.62899239063398 4.17079590314836
Dapp1 10.6616079104408 6.57905383342081 4.84213319360004
Clec4a2 10.2600474435221 5.29692437741548 4.87181501754307
Fli1 10.0941254445629 5.13916707306363 3.73964082700457
Ptprc 12.5235480291392 8.18866056317589 4.20966516877347
Fosb 11.9510983205342 7.90609409884381 4.76213726469409
Ccr5 11.7396919362898 7.15035062784841 4.42276496751249
Il6ra 12.6715970650916 8.15512250280799 5.2938611280529
Pla2g15 12.3259450180791 8.47939891142437 6.32101579711273
Ifi30 11.3781163789488 8.00444240356075 5.51130138286136
Gpr34 12.096128861767 7.04570363842545 3.8366968227971
Rnase4 13.1184612117893 9.17723756512559 5.06659849101439
Hk2 12.3862706589026 8.97654217151258 6.06291810560738
Hfe 11.337741662807 7.58854143628652 4.98401340651628
Cd84 9.78822716908046 5.15058636042562 4.36501040466521
Ly86 13.8305038298173 8.68908260769408 5.43161021360638
Vav1 10.4293295887311 6.04739882502396 4.00395872189585
Cfh 11.031443374587 4.6436853195722 3.47929584892715
Tnfrsf13b 9.62154101704082 5.37878707775448 4.33174284445746
Entpd1 9.37032387449548 5.7593667199441 4.20217244071382
Ptgs1 12.2066936221392 7.08003028752518 4.55358349166049
Frrs1 10.4433587610755 7.00883241374603 4.88422040243196
Lyz2 12.4203041170638 7.91419762123782 6.20628901491845
Unc93b1 11.4209147437175 7.36056925453934 6.14773077650783
Cmtm6 12.3089984078596 8.98268314214273 5.50648305305716
Edem1 10.6216568370496 6.45763669943344 4.55520791467853
Icam1 12.0685839298591 8.18621280482204 4.55306738716355
Rcsd1 12.2491457547791 8.35431516704654 6.28320641830368
Casp8 9.83466998065678 6.39335672734074 4.55961949771262
F11r 12.1660086110926 7.6643408509556 5.55627689745245
Lpxn 10.7589192457976 6.6699215606673 4.38650766782904
Siglec5 8.37803746411404 4.39534584311204 3.72477535498058
P2ry6 11.5687601975602 6.49954892671124 4.25043147765259
Tgfbr2 12.4852370462276 7.67471185630845 5.17139256524868
Adap2 10.5685173068896 7.19500271743872 5.0894824151789
Capn3 10.5561819143241 6.21510550646406 4.30633576106091
Arrb2 11.4717203569511 7.94063251687914 5.99030492250684
Pros1 11.415313090188 6.91147630793207 4.59267440220279
Arhgap17 11.1079285558079 7.15852012547967 4.8805960972315
Trim47 10.0914805439239 5.89027859862867 4.93415229055291
Sash3 11.2827116875116 7.61985497995403 5.28336966859621
Themis2 10.0072343518523 5.97912940421017 4.96942230745151
Mpeg1 13.5781184656323 8.76531829045449 5.80922914967828
Cd48 10.0036336466823 5.29798403551863 4.29119068964491
Fes 10.6453727108248 7.16724772309763 5.70878836534521
Ccrl2 11.412796081801 7.50031460974523 5.34848893016123
Lcn2 11.5003470873269 7.75818082290391 4.08768059842841
AF251705 12.004730998868 8.10338324423191 6.38222994328527
Hmha1 10.4033953674837 6.98763858863666 5.47809395900007
Abcc3 9.76277744586897 6.18607581859945 4.86554758956559
Rhoh 10.549623104043 5.94948250364945 4.77768147458455
1700017B05Rik 11.7692217223209 6.88424979470286 5.45091903440381
Gusb 11.5188785741544 7.66827801500895 4.53178585961752
Lair1 10.6130187631943 5.71516789042304 4.57198453344223
P2ry12 12.4746819840061 8.73945527851456 4.47107065044324
Pld4 12.0206051656766 7.19733735021099 5.26338124269076
Fermt3 11.3312647513459 6.47715884417116 3.73138871401849
Ankrd44 11.6744535697079 8.18312917463275 5.37932606442702
H2-Aa 10.7894269702174 6.411384214955 4.53587734101951
Fam105a 11.8900076562701 8.47216140350828 6.07975291472828
Herpud1 12.5159313960105 9.12867882280426 6.88740725022785
Cd300a 9.88309640091064 5.95031025747322 4.77456157290065
Lyz1 12.1662559978148 8.70856385941475 4.37292219120535
Clcf1 8.65510766759181 4.10433857134504 3.74141172431208
Il10ra 11.9839212283458 6.09891758803774 4.70193340124448
Rab20 9.52042754395053 4.82892155202208 3.82200920841575
Grn 13.5521140781199 9.82061955232524 7.00399523847897
Ifngr1 12.0357079893049 8.51383420970396 6.98157446980762
Ppp1r15a 12.6949179793628 9.16640420415816 7.2531300056047
Olfml3 13.5847807250187 8.18350581854891 6.10243579944962
Ncf2 10.9263417405773 6.56751553846196 5.2575735280323
Cd53 12.7058528961117 8.6306483484664 5.03211748831674
Fcgr3 13.3678397073662 9.22669357552983 5.32429505253152
S100a9 12.1512954978643 6.30541860080714 4.60387484649347
Klf2 12.9546948291203 8.48522001009719 5.2143983705963
Fcrls 13.538343734353 7.77173002663335 5.50921269638862
Tlr1 9.60520010506197 4.88460414251727 4.04096542065078
Cd68 12.2655547644002 7.36429306371951 4.54676395509571
C1qc 13.5961558255427 8.28071090093681 5.42297276587146
Hck 11.7859620796645 6.76394552431713 4.732121882472
Casp4 9.26315299804554 5.319458167819 3.79618012823664
Lag3 9.80016274610109 6.46432756514976 5.26913346978839
Stab1 10.7605924600716 5.76883366637857 5.1083877873852
Mrc1 7.99313411604932 4.64973538953345 3.85766899415256
Itgb2 11.9243168449721 7.71358240566797 4.58817061231923
Ang 8.34675454689537 4.43329107848997 3.903006847067
Tyrobp 12.872201384089 7.22484488497191 5.645861901732
Emr1 12.7903721087621 6.93901309020151 5.41396360858554
Nrros 12.3097176638707 7.5814928981774 5.46823477209954
Tmem119 13.7335005220805 10.3657537152618 5.88672304364078
Havcr2 10.538253418377 6.01387206320856 3.9829346749111
Cmtm7 10.4128713125775 5.81979922791983 4.9699582685473
Blnk 11.8256575206264 7.32824392551931 5.31552889054255
Alox5ap 12.5974435879102 8.60777227723209 6.14813434320796
Fyb 11.6377216118874 6.94173816432896 5.99049108501712
Ctla2b 9.67840248028284 6.18023738911793 4.05994191474842
Zfp36 13.4481818753213 8.92251613640375 5.78608650112614
Irf5 10.3658986193304 6.88987516702564 5.59218613802877
Naip2 10.6301514409205 4.93897056131015 4.3118531910947
Anxa3 12.8961234593997 6.69468001479522 4.82299370040985
