Gsn 12.1474637643762 8.60694960371961 4.79790737046963
Ppp1r14a 11.6164526739745 7.47548200908941 4.22809030211353
Mobp 12.6847331505372 7.99527381223133 4.91178885804795
Gamt 10.9025426399432 7.42216610059653 5.8117367785381
Pdlim2 11.9698440541219 8.38313546985625 5.63997459822959
Lims2 10.9700446972588 7.50652593169317 6.79586193965953
Tspan2 12.4702760255124 8.52692976049116 4.98636577100943
Ddc 10.6091028927766 6.45543865250104 5.08006859808222
Nkx6-2 9.43031937905958 5.65240969916088 4.95526510138348
Mog 11.2098993359571 6.50992202917533 4.08591004602581
Josd2 11.0698567746248 7.50201513931555 6.26692207734611
S1pr5 10.6624285664847 7.20870771653867 4.18161982504653
