Fmod 10.2764314253887 6.78027065733402 1.91458952717215
Fbln5 10.5073636430229 7.17215018320298 5.15454381720955
Abcb9 7.77865681554953 4.18567286853449 2.07814507034752
Cdc42ep4 14.4068568556636 10.7767544785361 7.75824100463532
Rab34 13.3474770706299 9.80049813141828 6.19395550680485
Kcne1l 9.05745325226944 5.66332665478355 1.90022223547265
Ntsr2 13.9660497974349 9.85309478463694 5.58982372250042
F3 11.9391211950845 8.33829139446174 4.62330392485443
Fam181b 12.551997719928 8.90729479341431 6.44714055814081
Pltp 12.8167198081451 8.92818132570563 5.90031007746794
Cxcl14 11.6564959830928 7.38448744039063 3.54248847828397
Cyp2d22 9.99267843815941 6.34775336413257 3.33160174556429
Npy 12.3325977281624 8.32809510675509 4.23907309519683
Vegfc 10.4263319858218 6.73468000096464 4.08852556493131
Slc2a10 8.30977888742864 4.61439321448729 0.92661178005134
Cyp4f14 9.32687341268655 5.3083081731192 2.70646266301543
Bbox1 10.7848399999725 6.83858417598312 2.61806278208112
Tmem47 12.611547912581 9.15738999092197 4.12744951437445
Dao 11.8065839523378 8.21007975035725 5.22445276695209
Fxyd1 13.3712565720353 8.83198493039936 6.48017464950686
Phkg1 7.97002675772871 4.47396758400647 3.12564191216739
Agt 11.3002694754831 7.07314012734418 3.01455862014178
Gpx8 10.6972454788089 7.32219256796007 3.27143311760799
Sox9 9.81164448450596 5.99413151566891 2.05052005971747
Rarres2 10.9625198221734 7.54019311375389 3.55363644685976
Wif1 11.0886198000468 7.62469163629922 1.79643379439397
Prrx1 10.6167116936142 6.98481747358993 2.77048513114394
Cldn10 12.2940717905302 8.71792417596274 3.72884802290317
Scara3 10.5599587196561 6.99085176606274 0.825786218582423
Ttpa 13.0436318409404 7.68377205342329 2.37497624999302
Slc14a1 11.4077713858174 7.07285464016559 3.94808033537008
Lgi4 11.8818987732601 8.24585116171562 5.54911601914643
A2m 12.9181994577268 9.538463007463 5.75951380909051
Mlc1 12.9038117600752 9.13300308670612 1.09903640219331
Gjb6 13.0786471728653 8.36876208863159 4.68614956316849
Nbl1 9.84411475905776 5.88307242270862 4.24691079331398
Evc 8.79385841560357 4.71865985757726 3.17493018629486
Cd70 11.5096675483878 7.72970714836644 4.56840088260061
Myl9 10.8413222378545 7.07765621508009 4.01861571796726
