Actn3 8.83869902843057 5.18915098679923 3.84798999299773
Gdnf 9.44579923288104 4.81198248305984 2.4636800289264
Sgcg 11.7408619017858 6.11888488444987 1.21603338080823
Klk1b27 8.22760782489311 3.23332575129346 1.43269051040996
Hapln1 8.89335526141001 4.64528169375444 1.280182773791
Elavl2 13.8937195727914 9.49702570406424 2.07194701149731
Cgref1 9.51568271142851 5.76612550512361 2.97616330387683
Serpinb1b 13.4013725238732 6.38108440228363 4.10781008182669
Penk 15.1257182109857 11.7474074140375 5.6123531071599
Lypd1 13.3132074369136 9.69297733470139 6.48725505371047
Lrrtm1 12.1989184759683 8.42354385577912 2.89308239097286
Gcgr 9.78899571786083 5.28379323651807 3.71999518389239
Cacng3 10.1748882537427 6.54212649524361 4.38653614089948
