Tnfrsf19 12.7642431122239 8.26877613172352 5.27789499599053
Fkbp10 10.2624460048996 6.0262558222034 4.49285450170462
Vcam1 13.3937574356865 9.98714568598604 2.35802536010755
Cyr61 12.6930016376476 7.4279655671631 6.40817438734447
Gldc 11.9722587597634 7.99894817856448 3.16102248516076
Sparcl1 15.133706532156 11.5934406796584 7.05894876279201
Abcb9 7.01022331470963 3.60607213402657 2.07814507034752
Prelp 10.2269605457825 6.70903089262786 5.08823946115502
Elovl2 11.4664815023599 6.73844438757512 4.76664210258762
Lcat 11.94353125314 7.78386942085061 4.31781486014077
Pdgfrb 11.0847835194799 5.60810801872447 2.79042341443514
Ntsr2 14.6890660027143 10.5091979438062 5.58982372250042
Fzd6 9.47171740297105 6.01402489042104 4.54357783678832
F3 13.3038453137736 8.27330147009572 3.11254472069368
Fmo1 11.6190052244518 8.04596046010828 6.32839083546875
Slc15a2 13.643022086923 10.1663928569475 7.13480431175838
Prodh 12.3188409859533 7.50000468595703 6.76941135480086
Wwtr1 9.17177720212808 5.59137277491612 2.92043024252321
Gpld1 13.5287624255734 9.64171031182441 3.63975245220079
Entpd2 12.845239874356 7.94951682341146 4.26688699063834
Itga7 9.72933680207283 5.04364249931513 3.31505379772792
Cxcl14 11.452055537888 7.90934457035713 1.19364234676893
Sdsl 9.94368417595823 5.94227301845591 3.27580081601751
Fzd2 11.8456583123786 8.02622830062556 3.56896197302271
Clu 14.6234677338107 11.0803851053911 8.65215686753418
Ptprz1 13.5172579592109 7.86579070265939 2.51989574423787
Slc38a3 12.9308055861639 8.49718980976866 7.18892456348288
Celsr1 9.27350231254506 4.91839737401988 2.33219338428196
Dio2 13.3538198601289 9.70939079518862 2.91081002239061
Fads2 12.6434180583231 9.02540152943432 5.43706869254677
Cyp2d22 10.9904114826687 5.87296451492429 2.75135867582836
Timp3 12.1956933729267 7.46358759099868 5.34840381742631
Serpina3n 10.2757678351472 6.7677375105653 4.29278099734976
Egfl6 8.771394092325 5.36431218006237 2.87604626540572
Slc2a10 8.428244239798 4.61439321448729 2.05052576513722
Aox1 10.5400365733128 5.93867433116605 4.60460028795601
Nat8 10.5780560093454 7.12572206991778 5.11949194605128
Cyp4f14 10.7064870685731 5.62566780960603 2.86586545022189
Tmem47 12.1023945983491 6.66152071126806 4.12744951437445
Mfge8 14.3267465489862 10.978351749798 7.21173837727958
Cyp7b1 12.2050739112253 8.16236804332358 4.14086104462802
Slc7a10 12.9710118829552 7.80365447188986 7.04277787126916
Hapln1 8.68802893744238 5.26607179226022 1.280182773791
Fgfr3 13.7983170025117 9.17446989568517 5.57567909839462
Papss2 11.1515561850145 7.30610875778941 3.3405559611455
Atp1b2 14.4159956002101 10.8062487024743 3.64340971079634
Zbtb20 12.8959711208205 9.05830267774761 3.93141319997996
Igfbp5 12.3727921619561 7.85563578047644 4.3778728739141
Phkg1 10.630161794178 5.41438761780274 2.56889451730543
Acsbg1 13.4464261834187 8.20421700557102 3.41969912081217
Phka1 11.6006117699748 8.08682114705703 4.57420786115691
Id4 13.9016388265527 10.4942848853143 3.0603417698726
Gjb2 9.59182793162623 6.26663019923826 5.13414252578607
Tpbg 8.56885613412202 4.70556154594924 0.550225641212214
Slco1c1 13.8074983327895 8.25116585346965 3.64897557531974
Wnt7a 11.4034447514581 7.20034017236595 3.25517426088723
Agt 11.982888071876 7.53021469833962 3.01455862014178
Aass 9.58997304491433 5.89144227378961 4.53207314541817
S1pr1 12.3416307852198 9.01280461425133 7.66241190736046
Cbs 12.3123582202353 7.68856191905566 6.24311138314517
Ccdc80 12.2538771184778 7.97842362683069 6.91526659717526
Tmem51 11.5454335635643 7.74490793533895 4.74818646643329
Aldh1l1 13.0454530930023 8.55050490336116 5.83987656630146
Lmcd1 9.38661110845817 5.94749327470037 2.6139179135686
Aldoc 13.0572183618222 8.53193649880919 2.20425427739689
Egfr 10.1646713018906 4.65704682415544 2.68726390165338
Sox9 10.1751196895234 5.73211133319058 2.05052005971747
Rarres2 9.59774205852365 6.06708200151328 3.55770581760846
Emp2 12.0831760887616 8.18980780727591 4.5098852580461
Aqp4 14.0164866755657 9.48979800845723 4.17578060331075
2610034M16Rik 9.89396865530751 6.47558626043391 2.7913796664753
Col4a5 9.82910533072949 5.10759196055343 2.91145003897731
Ppp1r3c 13.5504188057789 10.03967498335 3.57338548880225
Acot11 8.24518259090763 4.18833482376361 3.50969400258901
Amot 11.9003911612129 7.77428164322598 2.89133819889793
Cldn10 12.4485479039688 8.12479620908912 5.87930698649703
Cth 10.9316072629206 6.81976896377544 4.19098460641562
Slc1a3 14.1254598727761 10.4433205029547 3.21091061765326
Tlcd1 12.8510189845642 8.84879661431033 5.87794474508109
Pm20d1 8.56055965974401 4.1474710547579 1.76013940288908
Scara3 12.3126392367391 7.67723825366995 0.825786218582423
Gabrg1 9.19462158516371 4.52491595869285 2.90207184835923
Ttpa 11.0829500160442 7.30395751921799 2.37497624999302
Atp1a2 14.4463600324139 8.9948121019283 5.61711510145359
Slc14a1 10.6090127727135 5.33182196343483 3.41707701853661
Btbd17 10.4406671923987 6.87615008945738 3.53853444482209
Tril 13.8548729876275 9.86646451566893 3.98516544617331
Gdpd2 10.1456070528274 4.31227170278953 2.46128056172453
Itih5 12.4609898466299 8.54891800210461 5.09609892861025
Ppap2b 14.9143731686583 11.5467815820081 5.068236794634
Pla2g7 13.5711790647278 8.74840346049711 3.08294353894947
Pygb 13.4108890753723 9.70260442248488 8.53500681007071
Lgi4 11.5983251604344 7.02034961010889 4.6720944392499
Lrig1 12.4430823356804 8.13307285735113 2.22788144005293
AI464131 12.5742454368573 7.51557692943049 2.00493551355611
DXErtd242e 8.78154235274222 5.34312920946798 1.78943393079201
Gli2 10.9547337337287 6.71217486612074 3.59976696636733
Mlc1 14.111488809085 9.26922350477633 1.09903640219331
Gjb6 13.9496737826117 9.50777051241514 4.68614956316849
Pygm 10.2502320116354 5.99955335844103 3.60737792435793
Kcnk1 13.481251347235 9.93094029653335 4.81980239010776
Heph 9.9856654280404 4.24179839803151 1.91224154445828
Hsd11b1 12.6432273085291 8.07336321614001 5.96040466226581
Ppara 9.10106728088433 5.11125186690572 2.89769946564104
Grin2c 12.1611779942229 6.5596733700492 4.38739647218578
Cyp4f15 12.0576141128209 6.331038006244 3.79973406361945
Acsl6 14.0599983184156 9.55228627265523 6.09651254433085
Slc1a2 12.2270662761016 6.68661236500147 2.38845386056451
Igfbp2 11.7996617796806 8.16510789847222 5.27406505063674
Slc41a1 12.9652705385952 9.59210367276157 8.94670257257848
