Golm1 13.1709345745481 7.10613381872863 6.33064958459
Dusp6 12.2043335698759 8.55689470339778 5.36839364658763
Sgpl1 9.54910293773426 5.86262817767666 5.363773563768
Junb 11.5780026398467 6.41443299680863 5.5333616911587
Marcksl1 12.1999211654877 8.63651207321569 8.17006226830328
Creg1 11.4502595824185 8.03065391105497 7.35646277724095
Lcp1 11.8463632704423 5.95649625444264 4.48688168961341
Txnip 13.6993914736524 6.41307018114394 6.2347218617876
Cd9 11.8962881279299 6.45703788115297 5.96068911497845
Cd34 10.5911587485583 7.09110381916947 5.02630675529263
Tpst2 11.1246231388186 7.66936655753243 7.59145237934889
Cd83 13.2264749464343 8.65697776894191 5.78092120688259
Mmp2 8.84546583079709 5.24135797083947 4.64162155890348
Sipa1 11.1257432146877 6.78894609337688 6.55858242244656
Coro1a 12.6004028717715 9.1617660188547 8.73317055367674
Btg2 11.4968904593275 5.90401621657019 5.85432144577624
Tnfaip2 9.08145533726492 4.43829491325933 4.34959758384434
Litaf 12.5127367018525 7.04449851659198 6.95843637180498
Cyfip1 12.6066769077138 8.30055022109809 7.15429855928162
Lamp2 11.6172171151883 7.49382036731873 6.19108036992811
Snx18 11.9105809619856 8.40990744007022 7.89457847532715
Ctsc 12.6065842886925 4.70477201822859 4.50504832695028
Cd82 9.38715719713112 5.85632633585526 5.4989207922941
Tubb6 9.94309885815544 5.72303134260195 5.61106402231748
Ier2 13.4150634942812 7.39642646287056 5.90524301703681
Nr4a1 12.1604408921049 8.36013721688981 7.9818301769571
Pnp 12.8627608953087 8.73833333842009 7.59935224405892
Nfe2l2 11.3735710823378 5.90432502630436 5.72312494126377
Socs3 12.8363611039744 4.25480151606807 4.19962322054011
Sparc 11.723215805215 6.37823657828772 5.51333863983045
Scamp2 12.0782300087712 6.61407842182275 6.20388172401226
Acss1 9.58139552895345 6.15282241448229 5.25425313182788
4632428N05Rik 12.9592128362635 5.15261148212506 5.07466549563616
Slc2a5 10.7506339487812 6.34770916931462 6.28604562919212
Afp 8.20241684612463 4.62056059917617 3.76165847843607
Clic1 11.3846871257571 6.54499807938742 5.50470820361397
Plxnb2 11.1751053377305 6.57693430619109 6.19309709622986
Tspo 8.96653892538565 5.58598038333842 4.41353510979739
Irf8 12.5606886061131 6.34652166569096 5.53429034821917
Dnajb1 11.4072973894197 8.07911462437454 6.82354817522421
Mical1 8.88736256308852 5.19472001448156 4.6731767222678
Tbxas1 9.77227819439976 6.20530589515296 5.90266687154311
Slc39a8 8.3702572354114 4.34305565622364 3.91182786271407
Parvg 10.3224146114506 5.60774704041175 5.60231833240459
Mcl1 12.1472433486191 7.53626094076695 6.85971386444078
Rps6ka1 12.439882687873 7.55263416373873 6.69592444164983
Parp9 9.82908871348782 5.17315274432685 5.16061549019588
Tnfaip8 9.91373565516323 5.22356995952904 5.03575805734715
Fcgrt 9.65042068842126 6.31155041778638 5.86469590068878
Mfng 10.1100884876208 5.82330185249667 5.56633562229992
Slc40a1 11.6365802495677 5.81038223846639 4.78926388250285
C1qb 13.3846079047961 4.52517368483497 4.35978509888893
Cyp4v3 11.0721852303594 5.71410951030057 5.22503014007587
Qk 12.3621647632087 8.98053850590482 8.77322964642022
Syngr2 11.4559121689701 5.17782123415796 4.98605347485814
Pmp22 12.2653168767854 7.98849862724027 6.4190191921594
Igtp 10.5169764277721 6.88725156975836 6.12711669698035
Ccl6 10.223717633042 4.4787675897126 4.27055403784127
Cd14 13.3052539164274 6.25524551082045 5.88265064798777
Tnfrsf1a 11.3244537624855 7.09552500785137 7.03059419886976
Tob2 11.2284375997777 7.5543682551578 7.09830564635003
Pycard 11.8185468367102 6.00975913708872 5.51305831998143
C1qa 13.2380236204344 6.56831797908196 5.84981116496501
Il16 10.7022595486227 5.67991372484136 5.41985885470258
Slc7a7 11.052383619296 5.25853093620246 4.88267085561171
Klf4 12.698526861476 5.11320613876631 4.96935179821266
Jun 13.1567215574815 7.30414277878352 6.20634835226686
Srgn 13.2509970787582 6.15296763643325 5.11931086112722
Myh9 12.5865032254667 8.05342057082762 6.94577160786943
Nfkbiz 12.6860754101133 5.0007589121348 4.17948694841247
Tgm2 11.7718766956168 6.23547543712499 6.03371016890771
Plek 13.0669588958399 7.60345747568757 7.34617263513999
Itgb5 13.3318370523038 5.11772581434824 4.85434778956243
Elf1 9.08676867890006 4.79961142480547 4.70892615732973
Cln3 9.94836220653156 6.34869784135284 5.99834421146509
Rgs1 11.2541972267774 4.48592823638168 4.4439492679164
Rac2 9.75239695917386 6.1163640767608 5.86182992232877
Nfatc1 10.1057640630075 6.23203287175774 6.16414461775527
Cd79b 8.31573716498709 4.99125532310828 4.76883130687871
Snx5 12.5628056055199 8.95798434094179 8.29239406070459
Elk3 10.4901390004177 4.87061653255011 4.71821431871117
Soat1 9.02708526356189 5.36656062104083 4.9902284711661
Laptm5 13.2497958585741 6.18195155542921 5.58177552178421
Ptgr1 10.0953671914278 5.48358514030017 5.30010815329272
Dok1 9.09517514267858 5.76768553259606 5.58114580752367
D17H6S56E-5 9.99291673904863 6.55474371393562 6.06753564893011
Ctsz 13.0341451754765 8.78024689196179 8.02044905560346
Fcgr1 12.3056772228307 5.55860161784767 4.75992179341152
Slc16a6 11.601886645942 7.31030182543362 7.15784141309526
Pdlim4 9.4700059993897 4.84419737717418 4.80980038276429
Ccl9 11.5606702750711 5.25909075687331 4.89139879379506
Trim30a 9.82440837349698 5.15882800219888 5.07470121054515
B4galt1 11.050190662426 5.90017766585789 5.89618065799977
Nrp1 10.4416176811946 6.69624038535114 5.44566996283572
Tnfrsf1b 11.5849644137814 5.9957050296151 5.88092034943105
Inpp5d 12.5199395399242 6.745012534788 6.434772896668
Tlr4 9.52419084436795 4.58605310913152 4.30626557218451
Pmaip1 7.94812896443572 4.24698211146567 4.03504738833733
Aif1 11.8782125697407 7.11754425255632 5.77354561024323
Il15 7.4967535230896 4.16345335585427 4.09476500604012
Lims1 11.3895886323577 7.47733199337218 7.32614762575665
Syk 11.2305153374971 5.91923281436612 5.73662435158972
Klf6 12.1614928848338 7.83030205325309 6.18240678274563
Crybb1 12.3010895138039 6.53445665002354 6.30549366182254
Fcer1g 12.6409109862305 5.96925782639356 5.93571564882255
Ctsh 12.8519091129382 5.37310216835469 5.32538252717235
Gpsm3 9.66649074936397 5.47720352621822 5.43129484528611
Ncf4 10.7081144474155 5.03156893499946 4.92075676506679
Ggta1 10.3145780373454 4.23889975878871 4.18936695408371
Calcrl 7.84138491604448 4.40985383426064 3.81429328471681
Lcp2 10.3889718130272 5.0932174600893 4.94700326419491
Ngp 12.4329204009581 5.36964125328818 5.24404695091347
Spi1 10.2850028049619 5.96051104471619 5.83008618461786
Atp7a 10.1404314445784 6.10766180897397 5.5603571673275
Csf3r 10.4703586336665 5.1458418960278 4.9183408815315
Irgm1 9.78478714225044 6.22600152636364 6.16142093299911
Ms4a6b 11.1222234312687 4.75373748043519 4.67937185479608
Hcls1 8.83239317939796 4.84232086717413 4.66125336461134
Abcb1b 8.00305280287427 4.65273491818427 4.58108534287025
Pabpc1 11.1513836653323 4.25668101042768 4.06200779241287
Cebpb 11.6879517821222 7.6536154982603 7.27347958734351
Plxdc2 12.0633823649962 6.60075722714949 6.24545161934024
Cxcl10 9.83264446685726 5.27296580820617 5.21989844812064
Maff 10.2395219098757 6.67795954701452 5.83606749757897
Cysltr1 9.33333349087416 3.98414589884115 3.79213611963154
Cebpa 9.88957255483431 6.16897412688535 5.57963727334987
Cttnbp2nl 11.7204560544011 6.91881087518154 5.51129949968947
Lyl1 9.97533629065994 4.90724169084754 4.76619408525991
Ptpn18 10.4025712369028 6.09232297953062 5.96515256731896
Tlr2 11.9268402473875 5.57802429465202 5.3248182494082
Serpine1 9.52331793271942 5.16520451067447 4.76679190205066
Mlxipl 10.549742788076 4.87423469415966 4.59188327735865
Cd37 10.9048574016166 5.63626968548393 5.43016939157629
Map3k8 10.2849700718244 4.75114323675496 4.42820789177136
Myd88 10.7278217724093 5.94834791232095 5.48061902229348
Ccl12 10.5112043294489 4.83336243876346 4.51030158594101
Jam2 8.80820666224123 5.31936266880404 5.29466666056357
Arhgap4 9.36525554969312 5.49732277451672 5.40868365114572
H2-Oa 8.7917936065526 5.11868841726317 4.75484363071621
Pon3 9.20297150005047 4.23620682275848 4.22845267515869
Slamf9 11.1882832385642 6.63365721869694 6.14349252955106
S100a8 13.0395448654869 4.92221709675919 4.91548349234178
Il10rb 10.7116513838826 6.71702823241668 5.3020344166871
C3ar1 11.7072754362155 5.76079674538268 5.38928095164219
Ripk1 10.1243899929041 5.84491919213557 5.23480774195174
Fgd2 12.1304825880125 5.91683106131366 5.80556860480441
Rela 11.8428094359349 7.1538530959298 7.11678645872518
Ccl3 13.4953964323281 4.57876668146646 4.57834467441812
Ttc28 8.85992329825693 5.53395032923741 5.25589441107669
Ms4a6d 11.3799791784438 4.74467535226771 4.2680135407059
Tnf 10.0055468588953 6.28003843173384 6.16310596718198
Was 8.0303356973264 4.52879477336299 4.48925804392931
Ier3 13.4963591841383 9.78158133395045 7.49515607933416
Nupr1 9.93831898336817 5.66091312944094 5.65189705062713
Camp 12.113738407204 5.5749420997373 5.39074942132534
Ltc4s 9.78168546230716 6.09526375204169 5.91738215514466
Klk8 10.2464469222101 5.56751763739732 5.47142808955413
Chil3 11.1159878878753 4.03642138802529 3.9862154207023
Arap3 9.86775374576886 5.06317591390648 4.65811673862238
Tlr7 11.2112407400947 4.98702922034755 4.73590588083464
Csf1r 14.0460007158016 7.33884197931552 7.04201949944261
Trim25 10.8969751411857 7.21354346028769 5.70530171989775
Hpgd 12.0107499612859 6.86088346723202 5.34571118438617
Rab3il1 10.4710400563943 6.80971078540632 6.15897997760204
Mcm3 8.92535440058905 5.26246219066692 4.98408845823296
Nfkbia 13.5863871767458 10.1323588522528 9.55315179439384
Gdap10 8.80480802896476 4.43005128465334 4.3721291127882
Slc11a1 11.4154854568916 5.45924519814547 5.35504699167805
Hnrnpa2b1 10.315155226878 6.74901829533882 6.05440569349913
Ccl2 9.49866288250659 5.40562201450023 5.29171666233283
Cd86 11.6419705628058 4.95292083357236 4.89602206431978
Prkd3 9.70383275414416 5.97007095381888 5.43916548862237
Gpr84 11.5935377294956 5.61633140293964 5.3679759795645
Vamp8 11.9027573726861 6.60194539231203 5.93663429778514
Tcirg1 11.3257053795282 6.87318195998986 6.51691095294257
Sqrdl 11.0518617676912 7.55395609750441 5.94512242919834
Trim12a 8.5835260320544 4.22827420973596 4.10866708016069
Slc15a3 11.5219827541908 5.48908039843685 5.18606956337888
Clec7a 9.36335652990378 4.79711624986859 4.69610269344851
Rel 9.30153835661437 4.90738901577615 4.65173616010463
Tsc22d3 11.4721491337919 7.62974719159473 6.1612268315712
Sla 12.3378861062474 6.06256939543605 5.57144217092939
Tgfbr1 13.4953964323281 6.83831592836794 6.20313024328756
Snap23 8.47917138557207 4.91254385799355 4.33544470982384
St6gal1 11.5108116293154 7.82401811719384 7.34544048514054
Asph 11.1131392793095 7.03613356462151 6.36392732978883
Adcy7 11.9646243532397 6.46111954833699 5.37310680396048
Rbm39 10.4094928984617 6.65171840118126 6.20356231033499
Rsad2 9.55409990020448 5.9967375590424 5.74816742690704
Gpr56 11.0473777353108 7.29941767761089 6.97678122258883
Lgals9 9.80576100376818 5.27800948682167 5.26806866674541
Bco2 8.88551273021649 5.39504829435146 5.20684173763943
Trem2 11.528689695107 6.50432171647708 6.29270403380561
Gna15 8.93153578094543 5.38861617181495 5.35991536478949
Myo7a 9.61565808015342 6.02238398727008 6.00197114201137
Birc3 10.7521481640029 6.56441208366787 6.08688527854607
Igsf6 8.68495551282954 4.41591882132467 4.25185956475493
Samsn1 8.95535277925432 4.96331772487129 4.61125892828791
Il1a 10.5450729398403 4.16899798699948 4.06651214886252
Hpgds 9.14123713383759 5.46880018554891 5.22766312357918
Naip5 11.1347547074536 4.36274052466241 4.35900017632316
Ccl4 12.7516225784521 5.83667593179976 5.76655241199646
Itpr2 10.8613975316724 5.77243771613021 5.32156503643389
Stat6 10.5031698578152 6.31157856332096 5.79211715018699
Phxr1 9.60550945602768 5.71094801869206 5.67176984716184
Tapbp 11.4240903434095 8.00165617467371 7.18770953351277
Msn 10.7217422633417 6.14793078795596 5.88652739776979
Abca1 12.0785728549459 6.51614154096069 6.29453282571492
Adam17 10.581995677351 6.12514715648495 5.34292694747477
Dapp1 10.626591308075 5.23644306043255 5.16072957115048
Clec4a2 10.1190075949126 5.05599886766962 4.89467892426948
Fli1 10.0832277034328 4.31532807241324 3.98492152611904
Ets1 9.75745818736726 4.22661320177788 4.00960432689453
Ptprc 12.4215732421658 4.67859071010749 4.41276373895626
Fosb 11.9818678393755 6.6108573116329 4.89298157611328
Ccr5 11.7087776692335 4.56834800020006 4.47694023521423
Il6ra 12.6405285425734 5.813555672281 5.53429700937103
Tgif1 8.50458243562559 4.68419797271177 4.29374383897557
Pla2g15 12.3512186582331 7.90257871381053 7.11604542140298
Itga6 11.5906633280243 6.1438273059429 5.62878991462358
Ifi30 11.4062018650154 7.34063137263952 5.47579786565179
Zfp36l1 12.7019764996359 6.33844905991257 5.52833868924723
Id2 12.1636087237592 8.36454838633807 7.79729892937346
Gpr34 12.142699851518 4.19879775178541 3.9923748493584
Rrad 10.0026571297703 5.44543314808896 5.22785420212491
Cr1l 11.6955153199688 8.06185941087892 7.66871980156156
Ndel1 9.26249492481989 4.41440779125715 4.28697061015457
Rhog 11.2037880767617 7.09926613579914 6.85671974012246
Rnase4 13.0771643703574 5.35215868295527 4.97276680862164
Hk2 12.3164140648536 6.0483122921774 5.99947140243818
Fam111a 8.33832002390926 4.95187056651744 4.38012670793094
Hfe 11.3196450739578 6.91630195263907 4.88377729658845
Naalad2 9.64837692903074 5.4759713647874 5.43365102717568
Pik3cg 10.1537853547168 5.25037866754642 5.20217996071182
Zeb2 11.4350095719432 6.47132848477245 5.73602621857984
Btk 9.58917222158551 5.70154743065807 5.29257415200895
Tlr3 9.63659550839082 5.47124108342318 5.20979832519421
Dock2 8.86389566600281 5.29501063177548 5.02829958597324
Prkcd 11.3607793398998 7.92147821079484 6.37325674592985
Mertk 13.0985151577591 5.664065496309 5.57447477649306
Cd84 9.96224237530016 5.04185648753049 4.77688818647618
Ly86 13.8305038298173 5.91282443264873 5.39356983796852
Vav1 10.4997459843954 4.60746711273579 4.38005905795334
Pag1 12.6736213180298 8.03651616953334 7.39560304430638
Fos 13.9327205870223 8.84747179158335 7.71126135102315
Cfh 10.8438396260437 4.37278574359003 3.62554617852192
Tnfrsf13b 9.66545251361214 4.46776209949295 4.354788983484
Cebpd 10.5744174492867 5.55455578505901 4.59104404266423
Luc7l2 10.6746402351895 5.60334591638513 5.48736416788353
Smim3 9.32886126195367 5.87890280891234 5.83698644902579
Hhex 10.060418644213 5.29286897188319 5.08482230512191
Entpd1 9.58873000960094 5.45546109538164 4.3507415642842
Ptgs1 12.1626150793908 5.52339409195818 5.22816384213884
Stk17b 9.80355004387352 5.4708030706531 5.42932247254814
Frrs1 10.6966078261321 4.95353689021933 4.68868119703136
Lyz2 12.5660138290276 6.38420948159142 6.20943630900811
Ssfa2 10.4026641404164 6.51127434312395 5.97571846818138
Ccnl1 12.9368942943523 7.77253491474648 7.29911695428656
Galnt4 9.11869231898454 4.93835573086202 4.89589537524243
Ctc1 11.7422487728519 7.51974988500421 7.19950858967697
Unc93b1 11.3066168079527 6.16525130756793 6.07168656801242
Mob1a 11.6304802850351 7.81628618970283 7.37587280583394
Cmtm6 12.2803328178186 6.66755658199469 6.47330240376259
Sfpq 11.5708095722532 5.60576477979211 5.56386119044004
Wls 8.21516176510327 4.63423240829558 4.46539985669014
Tmem63a 11.3727165126659 7.19531942866442 7.02400883416522
Tspan14 11.2007785813707 7.32688463401181 6.91923398036175
Lpcat3 11.4786154330381 7.14506436229941 6.77680439842178
Pxn 11.8612215849744 6.76268498898329 6.3206763171738
Hvcn1 10.2856187487951 6.41763138279842 5.51285934401634
Srsf7 12.1714156611169 8.74524098487167 8.58898831250007
Edem1 10.5644676490564 6.03628603739045 4.85867286914966
Icam1 12.144222640413 4.94077347778148 4.68098216139364
Ptbp3 11.2952745829932 7.89245762276545 6.60878977853061
Prkab1 10.8728158992286 6.96454834391398 6.852853516562
Rbl1 8.51194870241016 4.80334422026325 4.58602402322079
Rcsd1 12.3223507478265 6.77564865338603 6.57830221710632
Tmem140 8.46080936763924 4.61526678879514 4.52449846258488
0610040J01Rik 10.8106638816197 5.91803274432161 5.44499877058026
Cklf 11.3324839569912 6.45555443473044 5.44624018085184
Cd177 8.01898297885642 4.20074731327327 4.13124310015175
Casp8 9.83591177234681 4.9428035284327 4.45430437818185
Tmed5 10.4601759587631 7.02645593684684 6.04031937040223
F11r 12.1638127271072 6.5055215841932 5.76154980326442
Eva1a 8.63294613398656 4.770511540392 4.50277399630065
Mfap3 11.4258563297422 7.94892000594749 7.60001803283179
Reep3 10.7593284719606 6.50693010688462 5.31354555696177
Tor4a 10.4213155961976 5.47897490217284 5.1706583089886
Trim34a 8.69868770830196 5.1260866902648 5.07040028682147
Trib1 9.86334646135101 6.52468807650396 6.30254570639615
Lpxn 10.730982217212 4.82859689974967 4.2951498654545
Siglec5 8.337886172674 3.87206936684056 3.87168554866685
Mylip 12.3804927223987 7.50485221366105 7.22262351672432
Cflar 9.90032647661365 6.45042490334183 5.83772512086388
Fcrl1 9.27554865404005 5.2989266432912 5.17135145054316
Lifr 10.914871574386 7.48728841664227 7.21891554058129
Csf1 9.80595405056766 6.03008493390803 5.85104779599824
Gbp7 9.3438804752429 6.01974671869762 6.00164592988551
P2ry6 11.5909433501351 4.46817759545616 4.27924517704145
Wsb1 12.1955534450875 7.81204863118506 6.61545213102342
H2-K1 12.7949568117272 8.77232937773806 6.59077008367302
Slc3a2 12.5439222171533 9.14502088704551 8.07228111850113
Tgfbr2 12.4312251246194 5.88826805778935 5.77969948800177
H2-Ab1 8.4512011309411 4.9749623075815 4.47301985720979
Prpf4b 10.2022154854581 6.56768211023563 5.9548678544577
Ceacam1 8.73427463823456 4.39030486494501 4.23677128298486
Mlph 9.52478746573067 5.27407585205013 4.98255534694809
Ncf1 9.01873662127703 5.28879341210443 5.1722101101374
Il13ra1 9.69650941211153 5.88072580625978 4.95224513771891
Adap2 10.4876327911899 5.3828066653563 5.29008170438464
Akr1b10 8.35430474274704 4.60963641699142 4.42403394638797
Lrba 12.293139019726 8.84707560200114 6.86336726165218
Pld1 10.7880824610021 5.76217595067319 5.68075515164859
Pon2 9.26937417743214 5.54123395006285 4.72967660784731
Capn3 10.437566906065 4.97429178472873 4.7890716525655
Gem 8.28009388336886 4.35370203500407 4.08317715310451
Tor1aip1 9.84392113236668 6.46129671434364 6.11654759106665
ND5 11.9712888648361 8.44209444654741 8.1218487774397
Rrbp1 12.1135184174842 8.09956127880634 6.67495308179109
Clk1 11.9971319270739 7.62157021907811 7.61319534498365
Vwa5a 10.3690918760756 6.60699653030125 4.99546808424514
Glul 11.9439234863599 7.3693761574416 7.09759987107735
Arrb2 11.5161791808491 8.07074215900206 7.21015353946317
Pros1 11.4244912078995 5.17928993328148 5.17834624409786
Ifih1 8.66416697609045 5.28462997765569 4.75074622844939
Rin2 10.1302854085197 6.10152166931531 5.88312506720119
Tifa 10.6649959627868 5.94128959974808 5.88927259674649
Arhgap17 11.0358082941061 5.26298770784472 5.2238470550771
Phgdh 11.0663668828628 7.62468126419823 6.90268160093895
Parp12 9.52345845288495 4.8685662264874 4.73275071646737
Trim47 10.122871565472 5.17189973705744 4.99105350412216
Lgals3 8.71732817427299 4.79076475568059 4.75866559910364
Ddx26b 12.2655895521916 7.99805460126102 7.66373344634895
Slc25a45 10.8783954265567 6.15494112057501 6.08012869905611
Plcg2 11.2395812321787 7.08835293762927 6.63440452752027
Ccdc93 11.589408707358 8.05566030771181 7.98048616508472
Mlxip 11.0131464704826 7.24776203847248 6.80433760329407
Sash3 11.2528818012755 5.90219235731348 5.29295067878894
Themis2 9.94919523666928 5.21608506540285 4.97728677791371
Smo 8.91822177549275 5.2460056008122 5.22252492153862
Stard8 9.02643397069546 5.64350809335474 5.04037962202499
Mpeg1 13.5339312443488 6.2468272049101 5.78291640732384
Hspa1b 12.7328150924375 7.71355080380494 6.62481941790502
Xist 12.7732517233129 4.40482813019372 4.21036202412325
Cd48 9.99176185857167 5.17652226301172 4.55223983111358
Akna 10.5978331936346 4.92772608033095 4.89709752443173
2810474O19Rik 10.2420219780856 6.89509404204204 5.9511155569592
Sult1a1 9.92143049281146 5.07062724352316 4.8610152004125
Fes 10.5840546362038 5.96485892760851 5.89379786012309
Cep152 9.68353142517718 5.55133725783571 5.19215670398014
B2m 13.2088860971046 9.47311643573335 7.38088011162857
Gsap 7.5615053421719 4.18598246341195 3.9541963669546
Ccrl2 11.4107831106411 5.7452795150091 5.34662386328552
Lcn2 11.7182561949748 4.61194719265171 4.37911322925542
Hbb-b2 7.86146929235822 4.16251252287788 4.10654450137281
Gimap6 8.28896486111756 4.64533142236998 4.57800828715989
Myo1g 9.04216166021584 5.04991743825071 4.94741344904013
Tmem173 11.1696407087511 6.20537941907 5.94056070448008
BC028528 9.01173787915138 4.9947261341581 4.93225918345236
AF251705 12.0057126252299 6.78102246482787 6.34248062403842
Arap1 9.17388595229217 5.83044320384553 5.18434493394564
Hmha1 10.4487011332694 5.67281259454412 5.67055938423121
Rreb1 9.66195512280759 5.76964205819112 5.07923475671254
Gmip 10.2055870255081 6.23845962495123 5.72460855486803
Nckap1l 11.1526856630168 6.55589149739017 5.27352289451486
Abcc3 9.7509259850256 5.30159338226048 4.94077834381776
Rhoh 10.7637079698635 5.06433961089222 4.82800571769643
1700017B05Rik 11.7522974287947 5.74698412645523 5.42482812536486
Srgap2 11.7585843286276 8.30830491269418 8.30155657103252
2810043O03Rik 8.32709215618797 4.1813371151329 4.06031692435651
Gusb 11.4803411718158 6.4640928651905 5.05389728626414
Lair1 10.6612900224916 4.79894328788713 4.67594041724215
P2ry12 12.4385715566921 4.81972760880354 4.65233730784486
Apoe 11.7960795852016 8.10797935939921 7.56260397217813
Epb4.1l2 12.5432840929574 7.25061121388665 6.26443910196871
Pld4 12.1700437011819 5.31040769149089 5.28158975382703
Lrrfip1 10.7224886700699 5.44749447558064 5.44157192644166
AU020206 9.79768698851007 5.6068451944357 5.284191527755
Fermt3 11.4207362066657 4.87121218554076 4.61004335838504
Tgif2 9.9426138283241 6.25313586414347 5.92370483050951
Ankrd44 11.5679366187782 8.2281315732028 5.6505832467842
Kctd12 12.099676793357 8.57020395551926 6.60485560280939
H2-Aa 11.2644036954394 4.69025320867924 4.54897974586328
Fam105a 11.8820924454901 8.38723460830213 7.5227794011251
Cpne3 9.50290347799534 5.86989581233757 5.79573259395123
Herpud1 12.5116726598182 8.49718878290943 7.49115871897255
Cd300a 10.0530239896872 4.94747345651551 4.78090202859392
Tmem71 7.83337212150143 4.23834788384746 4.18603672841565
Lyz1 12.2502412289951 4.92543651114493 4.38897805343023
Zfp110 10.6738601357144 7.0133253978011 6.5790390703081
Clcf1 8.68466038510135 4.0629973272331 3.8306782999998
Adrb2 8.29734945321406 4.39447530119428 4.36009905123235
Hmgb2 9.04290768492065 5.69113942794239 5.57254925348293
Lrrk1 9.1635528470806 4.8623023859086 4.64663509097824
Zfp36l2 12.4004422821899 7.02106684217104 6.39844289758476
Il10ra 11.9867649941734 5.32194157587798 5.05113786066152
D530037H12Rik 10.4018822600769 4.2034748422092 3.93304652546954
Rab20 9.64744268247702 4.2169153514629 4.08044596591186
Slc9a3r1 10.5341792603602 7.00974673132317 6.62225433722358
Vim 8.20604281286246 4.52294854285814 4.27921342150835
Grn 13.6303783372944 8.80105462185825 7.38352445917028
Mavs 9.23385264584594 5.50227090496176 4.29013068997738
Bach1 11.7684659473826 7.83405575135974 7.168980161311
D9Ertd306e 8.20712585253381 4.11256755060657 3.96995246027035
C79242 8.41316050528701 4.58485392349868 4.47683632834118
Fam46c 12.2421510197398 6.95311697172751 4.77446179877523
Ctsa 12.9644748360344 9.31425805952449 8.63680095890432
Pald1 11.0128320429645 6.07289874192926 5.95983555473874
Ifngr1 12.016051864462 7.44646747600892 7.22544794315004
Ucp2 10.8156159051053 6.92707067614623 6.75826540450975
Tcn2 12.1195930224409 6.73785821991309 6.04705655620535
Anxa1 9.64055143138413 4.46349055079176 4.17132002209727
Cmtm3 10.0110497819572 5.68488358007295 5.67416273459828
Ppp1r15a 12.6593601245383 8.15206580599965 7.3009500056253
Slc15a4 11.356384012252 7.77550926921524 7.37717953291806
Dhrs3 10.8328899765314 7.09570277369671 6.37230255664362
Lrmp 8.89491220593798 4.66421096296232 4.37365377335814
Olfml3 13.5644607358692 6.25206757918195 6.20358856781323
Pla2g4a 9.55730250855793 5.2733446211056 5.03293216752769
Ncf2 11.109264808914 5.74499012702319 5.6325881837374
Il7r 9.22711297999003 5.01863510813424 4.89610277855135
Ctss 14.1223387589978 7.62368916302958 7.21910701601256
Cd53 12.6270729328698 5.38537661967315 5.35911330338704
Fcgr3 13.3874319809845 6.21418817456446 5.96674998141179
Hps4 12.4456398299555 7.83397446646611 7.69939801493163
S100a9 12.2965410503709 4.82827865056954 4.79570320608488
Dusp1 14.1813580097059 9.61257070507028 9.20634814636501
Traf5 9.0214474215703 5.55185438214157 5.49347453329887
Lgmn 13.4068999504885 9.84140315460244 6.92819884108431
Klf2 12.9915058739807 5.36057085545972 5.0661348236034
Fcrls 13.5200887013828 5.87674578547735 5.64349798219581
Trip6 9.31751803635675 5.55949110177576 5.34419379886472
Tlr1 9.55990391864875 4.16302541053668 4.14897846242977
Selplg 13.492313873689 6.73951672522676 6.46094533194539
Cd68 12.2825968841945 7.34337045306533 5.03019989216659
Gpr65 7.85611733273235 4.2226236460722 3.94084438280018
Ebi3 9.38512048892932 5.87676123809196 5.5675641088193
Csf2rb2 9.46516272602394 4.53387038901235 4.34955915896484
Atf3 13.3007390383143 4.93207989386065 4.78383149046562
Tal1 7.67989116276829 4.34578928519236 3.94634467064378
Il1b 8.75804374629313 5.31196219636792 5.26124320630075
C1qc 13.5695399365939 6.05087122080544 5.39958729811007
Chst7 11.0545300964632 6.17542337889662 5.63976205250678
Hck 11.7192724128215 5.60163067607922 4.74117809817602
Gcnt1 7.89240442650036 4.35794987504556 4.30968473345748
Casp4 9.17977855891737 4.19410806250217 4.07054622887534
Lag3 9.94342037341401 5.69116571276704 5.6607742314757
Cxcl2 10.9236295592129 4.17897295331183 4.17717604573072
Ltf 11.9771261319803 7.52627884863529 6.2339554639524
Cx3cr1 12.8322911670036 5.73633048907046 5.53082801640717
H2-D1 12.6856010965553 8.90839238256519 6.45826995521412
Stab1 10.7835801182221 5.64410422802314 5.28060580170409
Evi2a 12.5801879760248 6.5594916574067 6.25137437341791
Il6 8.3523884587654 3.91843381979311 3.84386223029156
Pdgfb 10.6620659529342 6.3094188784502 6.17324311849857
Mrc1 8.47267687587698 4.21435236046321 4.10341910305138
Cd33 8.91751905662005 5.0351492266199 4.91341398229877
Itgb2 11.8281947861841 4.8277097297417 4.68103585732455
Rgl2 11.0627483576315 7.33644670568432 6.95822444815869
Psmb9 9.49408509768935 5.93931120039728 5.75115097830744
Adamts1 11.3973807177838 5.63324669377634 5.39656696841517
Ang 8.67340897437916 4.15894238760282 4.14175725931129
Sh2b2 9.32069277757714 4.66039551385462 4.57581817162164
Tyrobp 12.9035612805634 5.87332386097019 5.87287383801564
Ptplad2 9.63817330010533 5.47996610713217 5.45375456448127
Slc29a3 11.6835560124248 5.67632055443024 5.53108099280148
Pbxip1 10.3716503756831 6.35671893739825 6.34965042044638
Emr1 12.777781853873 5.57597583034498 5.41103015770834
Nrros 12.3519497751025 6.05400318533975 5.50280916508752
Tmem119 13.699678559052 6.09665383080002 6.02537780179552
Pnpla7 10.5843197435089 5.86677236526525 5.34082767040656
1810011O10Rik 8.37120216738482 4.39986293514371 4.30457819784213
Slc46a3 9.85031592896195 6.49529527053022 6.01081819533119
Parp14 9.10437062254361 5.15073509521494 5.08007758583303
Havcr2 10.710530075929 4.52256994455542 4.40991258999489
Alas2 9.97256535353661 5.01172788744299 4.98944625611743
Cmtm7 10.4036329494645 5.15125804761588 5.11754094805258
Mafb 10.9849900615298 5.75930971898041 4.992263409774
Apobec1 9.7227717478305 5.38610718478744 5.33382978543849
Blnk 11.8079240962002 5.65734488378914 5.46258589553089
Tmcc3 9.16895367720384 5.34503709154654 4.90780034388425
Notch2 11.035203297165 6.69116721326765 5.87169738722543
Alox5ap 12.5749967599795 7.62863099689419 6.1002830699808
Fyb 11.7159427823204 6.04873985945374 6.01889359188779
Sepp1 13.725757445204 9.058259663794 8.1182969220894
Ctla2b 9.94438247489242 4.48485223551046 4.24512856880133
Hspa1a 11.9245276178108 6.05116161370001 5.61103818731418
Slc37a2 8.79282849614854 5.4206456395589 5.24794456987042
Zfp36 13.4960506681509 6.31896257465408 5.70493904129854
Abhd15 9.92497435981129 4.83350385947504 4.80432000748597
Cyba 11.7749627835735 5.34775544880762 5.08878735224802
Wasf2 12.4660305697947 7.45071666135125 6.61512950588974
Ptpn6 11.3292345329635 6.65475009066618 6.64079654294238
4833441D16Rik 9.33372525445037 5.07456672963114 4.6427801414335
Tec 10.1967601761071 5.59607811532128 5.0248127834072
Cd52 8.83934325002235 5.21682140984132 4.66423292689315
Irf5 10.4417221455899 6.17941770644529 5.74569744725915
Wdr81 11.507769957771 7.90399413272221 7.51108393413608
Klrd1 7.52307482814316 4.1122552359627 4.04445371565049
Naip2 10.8151812852359 4.64899666632608 4.48428645678822
Anxa3 12.9131833282778 5.47217766824842 5.3627899264658
