Meis2 11.9253051034571 7.6141954120736 4.71966209044129
Itpr1 10.763847245799 6.65409233390183 6.20225148318158
Rasgrp2 9.52684525116326 6.0109741711496 5.37538861189831
Arpp21 11.6639310792823 7.40065826834102 4.67924307211791
Pde10a 9.66184788723221 5.35011293220956 5.0098601813064
Plcb1 10.0901323166139 6.75433802937616 5.80485514590228
Slc4a4 9.49741040372249 5.91260787699243 5.01505091147691
Pde7b 8.99299860182403 5.13769362862201 4.42583095817521
Pou3f1 10.6727705882376 6.33016660293534 4.7972397474335
Gpr88 11.0956141787759 7.36979170150546 3.85569751268963
Tpbg 8.02643241028413 4.51908614886434 4.09012117307014
Camkv 11.9208054717801 8.11089309111057 6.28534070233071
Lamp5 10.6865810524894 7.12912512267011 5.40167317316179
Itpka 10.9605979524887 7.37087272841683 4.96218046424553
Ccsap 10.7707979088648 7.38070720463912 6.18783446422971
Baiap2 10.5805658671417 6.87981421318515 5.74997654840478
Hpca 11.746491633239 7.72660409967373 5.39380067175891
Ppp3ca 12.7280605157284 9.10996041947347 8.75613102696381
Plk2 11.7577290867265 7.95205194616896 7.01825028704925
Kalrn 12.517060385554 8.34032842221952 4.72314880185512
Kcnab1 11.9193321337636 8.53774782013716 5.79066138253817
Ngef 12.2384606872886 8.61193020848142 5.71295183824819
Ppp1r1b 12.4209905459719 8.51698322727595 6.61759625810597
Rarb 9.97507299570738 6.27207909519625 4.71490703761627
