Crym 12.5929660654204 9.26350717234621 4.7372093317061
Meis2 9.97477975164283 5.89136831097892 4.83412851336556
Dkk3 11.6545224565074 7.61482747817235 5.48692428547499
Neurod6 9.01302204650469 4.91447021805413 3.60905719675297
Fezf2 9.82089788596305 5.99215114243284 4.67881123154299
Ndrg1 11.4568920365188 7.35262534862375 4.98726564000318
Ldb2 11.9037150517848 8.32738084081659 5.36074150526851
Pou3f1 10.1581289482486 6.30082031510095 4.12983254196286
Grp 12.5208492671463 6.77640484219011 5.15144283608629
Sorcs3 10.791173395123 6.77874828860825 5.81654052258339
Tyro3 8.7320444681604 5.1856310261554 3.70848493927812
Nov 12.9332504495334 5.44240228959415 4.61534582085877
Npr3 8.376820314988 4.30037247192682 4.10576843996316
Pde1a 11.576310757797 7.22706139769162 4.42375882677847
Dcn 13.2711667571379 6.44232258685656 5.83079061301508
Nr4a2 9.51270136526919 6.16711747291399 5.43395134478101
