Pdzrn3 9.67835330398492 6.05617633872289 4.85267666784073
Meis2 11.2590079611119 7.62544079229929 4.83412851336556
Pcbp3 10.7083029849782 7.10353435162449 4.52790000985152
Amy1 9.84844051367849 5.4861785732911 4.26102482000977
Dpysl4 10.4743607640575 6.63273171225513 5.19626796503955
Cdhr1 11.9592697896081 7.01088746638426 5.26654809481378
Lmo1 12.8068968261219 7.95071985870791 5.9122488735859
Vstm2b 11.6136558755149 8.23924964906194 6.00921086136711
Sptbn1 12.4829885602153 8.77319390349015 7.52524974496975
Pclo 10.7682307164179 7.31531605634654 4.16095266183302
Igf1 11.876012743947 6.82526541271123 6.10726031288367
Uncx 8.61501274422442 5.22666161940873 4.31764229373503
Pcdhb21 9.46209146778359 5.43217221861226 4.47962704916839
Gabrr2 11.3900422464153 5.32778650962947 5.31533941754165
Syne1 11.1671748848144 7.22182198302312 5.41030377973355
Slc32a1 12.7847557820113 9.34300783569218 4.76283037759845
Cntnap2 12.5664949715821 9.16908817054393 4.3706685024522
Spon1 12.1637059910301 8.55090971867148 6.41090633998954
Cplx3 12.1789460434468 6.1884970753072 5.4913683235014
Pcdh20 11.5004920523971 7.77397145880057 4.9299835327356
Otx2 11.532431364904 6.17578002883399 5.17804089367631
6430548M08Rik 11.0594985369565 7.65417856720913 6.44001721523714
Meg3 12.9350316624143 9.61181614152255 7.43611036887689
Rian 9.98763820094976 4.99153720127818 4.80740205322926
Fmn2 11.2562018937241 6.77477291463123 5.3583325913355
Frmd5 11.9916097346698 8.5892956739711 5.61844616338649
Rpp25 10.0156936848964 6.25014499912717 4.53650745506043
Reln 13.4483567875156 7.97772273228648 5.68410479400474
Chrna6 11.2758979961949 5.97134125029149 5.3448075179859
Cacna2d2 12.810701861179 8.77371370432827 6.09289363913205
Scgn 10.1060232544293 6.62902713742811 6.41994527338541
Chrna3 8.98881926733504 5.14820265152662 5.10752058398662
