Golm1 13.2088860971046 6.65454521272411 6.58255661779764
Dusp6 12.1106891877544 6.7314293787497 4.75118865034788
Tgfbi 10.1405547174483 5.40634361060487 4.47145574091784
Sgpl1 9.65202662527855 5.48224646764691 5.03445531419418
Junb 11.5348729987463 5.75861357002282 5.48769639534713
Lcp1 11.8379992138945 4.86625962936225 4.40345899634537
Txnip 13.6791294028158 6.98080008629926 6.39476488587245
Klf10 10.2322983288757 5.66698869946858 4.54129716426806
Cd9 11.7732224133317 7.59297177224927 5.33037475967055
Ifrd1 11.2428543666426 7.869400036029 6.52667101561564
Cd34 10.3774455408259 5.02944731004292 4.70244387400398
Cd83 13.1517119399809 8.77659080438412 8.33785063261351
Sipa1 11.0491157826369 6.78137928833815 6.48558247606094
Coro1a 12.5292545103329 9.03420907184955 7.91650114598435
Btg2 11.4551013031419 6.00192863484333 5.3234927735653
Tnfaip2 9.10265124910753 4.42744262241825 3.99412492507305
Litaf 12.4983539473891 8.3120144463468 7.73213047002042
Cyfip1 12.6467245474294 8.26626142630543 7.90169336384752
Lamp2 11.6194145923605 7.99317901005351 5.59904368120053
Snx18 11.9053155899221 7.86440380375752 6.89088698089618
Ctsc 12.6316085285889 5.76806207421525 4.84361434704855
Ier2 13.4110457696294 7.4261525116402 7.23996464781851
Rab32 7.66476517985337 4.05431450580786 3.84341688725041
Nfe2l2 11.3582431578503 6.12918499559738 5.03412848526022
Socs3 12.872389729541 4.22219179064528 4.07834668519486
Sparc 11.7641395212327 7.88462973225113 5.30779422153395
Scamp2 12.177112436192 8.13450329566195 6.84339643284515
Acss1 9.88171693983298 6.32266543927799 4.8237138983695
4632428N05Rik 13.023417651154 5.72224258954471 4.97476926381968
Spint1 10.3486258835977 6.18036757961912 5.62988806494673
Afp 8.25927872186671 3.88891364838566 3.75804031758562
Clic1 11.3149596683149 6.68469470535973 5.36171596970359
Irf8 12.5830920544812 6.02649801067725 5.32604190683382
Dnajb1 11.1943774753435 7.85146037034175 6.72526629766672
Tbxas1 9.82110086955256 6.32750255433199 5.87262016380247
Slc39a8 8.53981315614105 4.2010149478251 4.05505896852643
Parvg 10.3515058485033 6.38975412599871 5.49195773509159
Mcl1 12.2087835671601 7.58511719797523 6.62848394215736
Rgs10 13.3720136026536 9.48020698536802 7.13675175364693
Rps6ka1 12.4350911117328 8.58051049821787 7.50222265672093
Parp9 9.59737310164525 5.96338621736919 5.3975627478016
Tnfaip8 10.0379616559435 5.95189080164898 4.5032596023589
Mfng 10.0773132550699 5.85643100691989 5.78549232742893
Slc40a1 11.6104164701375 6.07261812654473 5.93772814755589
C1qb 13.334449855087 5.83627421225302 3.77295035248997
Egr1 14.0292728577336 9.67905427498062 9.23457946392234
Cyp4v3 11.0641916928349 6.74560774285445 5.92241885059019
Syngr2 11.4772980236412 7.18024935413688 4.70219310587863
Man1a 10.487381138223 7.01177285280914 5.11280117825967
Plekho1 10.5586272766999 6.80209747938789 5.92305650981574
Pmp22 12.2561794765965 7.96299942687346 7.89159703925132
Usp2 11.7719760326918 8.04141280761145 6.50313524653648
Ccl6 10.2968696260595 4.66218384904441 4.59941361016991
Cd14 13.2858211222074 7.44380668314819 6.29485230799999
Plekha2 10.4311418193647 7.01653251284488 6.71797591716838
Tob2 11.2110342965434 7.07287043016261 6.51431367401399
Pycard 11.7476509071618 6.1893034912124 4.94390901788671
C1qa 13.2023340640432 7.1477031146481 6.21953764329348
Il16 10.5721616851226 5.90222116683664 5.50484190966306
Slc7a7 10.8083190565862 5.11839813022518 4.96600682628141
Klf4 12.6915189251281 5.805021132452 5.714774815508
Jun 13.1617299805308 7.75810496299413 6.29582188432002
Srgn 13.2068622416084 6.98165095328455 5.63692260842698
Myh9 12.4734956086251 7.72686291945687 7.04894181351561
Nfkbiz 12.6004495355117 5.24913287285072 4.60635791472755
Tgm2 11.642946111078 6.73618086543087 6.40622591626564
Plek 13.0477422121131 7.68341057136683 6.284951345552
Itgb5 13.2913066952736 6.5606083139428 3.76926585224014
Elf1 9.02649072365098 5.14886122744278 4.28444116240497
Rgs1 11.0898478208524 4.67776137864908 4.47511526105641
Ier5 13.0763760033494 7.17964993599987 6.08943010787812
Snx5 12.5389716579728 9.21121329376947 6.60117756074002
Laptm5 13.2497958585741 7.27939216801149 3.76681691124084
Tjp1 12.0525883185267 8.23042445789805 7.67833702138114
Slc25a37 10.7966850520022 7.40014038303365 7.14491429579319
Ptgr1 9.97812873947007 6.19727596076449 5.44308700738852
Serinc3 10.9280820038238 6.90420044358268 6.73487639011054
Ctsz 13.0485403305481 7.82284577334825 5.3408269731071
Fcgr1 12.2838802885119 5.62062817808093 4.45014632257166
Slc16a6 11.5411253999105 7.19078620551569 6.24127563644471
Pdlim4 9.52654344568754 5.64258134099325 4.51448514063572
Ccl9 11.3508771596472 5.33716266302578 5.1118110314604
Trim30a 9.8600658104235 6.3455284222786 5.20031179643784
B4galt1 10.9185743862039 7.3074035080655 6.12512892714236
Tnfrsf1b 11.7294024065306 7.08880597487678 6.42107976104241
Inpp5d 12.4783900860876 7.15339506144521 6.25830239774871
Tlr4 9.37755048286687 4.41558555978236 4.33979478040795
Aif1 11.8099905233592 5.65511401737028 4.86387340668621
Il15 7.680079358248 4.25665483935449 4.21600330883838
Lims1 11.3950265345756 8.02943482168747 6.47152842213376
Syk 11.1736838971837 6.61232505110622 6.1556590683649
Klf6 12.1197284009329 7.17664712151084 4.85816214578708
Crybb1 12.2532048432707 6.45251782806374 6.26124521487893
Fcer1g 12.6825054501545 6.2998055215418 6.17520335869653
Ctsh 12.8742742032151 5.7853063751739 5.31328149711351
Gpsm3 9.5878408034758 5.7475494353866 5.45852466237494
Ncf4 10.7305401881173 5.32988248515163 5.09566186413785
Ggta1 10.3021085784473 4.69858091122638 4.49435310078212
Calcrl 7.87647545215041 4.43520695804212 3.93106950002152
Lcp2 10.4299333406719 5.0746446994945 4.91926975095086
Ngp 12.2995043542679 6.5048701620184 5.0011912963462
Spi1 10.3859436109085 5.92271879861129 5.85904259437164
Atp7a 10.1676606708827 6.16684849268269 6.00352900888304
Csf3r 10.5303261448833 6.7951002481538 5.1119153599337
Ms4a6b 11.2757685053458 5.26507619018112 4.86442915918848
Hcls1 8.63630419546985 4.89113447253544 4.64892675958849
Pabpc1 11.2298634617249 4.56900098798162 4.07446278994013
Skap2 12.0094790306754 7.34356218070802 6.99643111487379
Cebpb 11.6743509032076 7.0940686390343 6.79240529546178
Plxdc2 12.0529683323577 8.40593576631892 6.69483303927845
Cxcl10 9.7662958946731 5.41745841532344 5.05855599879951
Cysltr1 9.23363767777187 4.38936940765559 4.10962219626941
Cebpa 9.78114583046527 5.97243441402077 5.23855348949472
Cttnbp2nl 11.7692220388043 6.03917375476138 5.59661816977406
Lyl1 10.013448973115 5.23622097368757 5.194580620915
Ptpn18 10.350655093353 6.82925524964404 6.26000702576883
Tlr2 11.864186632689 6.71010800958734 6.08373172990984
Serpine1 9.57269546409715 5.77372911972308 5.36342911645418
Mlxipl 10.5927739153422 6.63925278547469 5.06238198651284
Cd37 10.9462016903761 6.17673230229671 5.76115465084822
Map3k8 10.1917146557049 5.32180009379889 4.80680760954299
Myd88 10.7885966963584 6.1672802030073 6.13729952552432
Ccl12 10.4751595691536 4.75474056241504 4.64485927129258
Arhgap4 9.38418443524174 5.68802872503563 5.41682601918698
H2-Oa 8.62773488286702 5.26560665424124 5.00566148298238
Pon3 9.10935515291671 4.44064420938721 4.29865468296972
Slamf9 11.2066876411094 7.63339823219211 6.09309715045256
S100a8 12.9638824039872 4.75779838561225 4.64040544214235
Il10rb 10.594105170653 6.78271051261253 5.24205175033473
C3ar1 11.6182149621142 6.95462834414582 5.3680213121623
Ripk1 10.1083880816926 6.53508296467554 5.75939206663862
Fgd2 12.1293203269256 6.20107515625609 6.15253730005888
Rela 11.9778670098948 8.1405489319733 7.49833950715148
Ccl3 13.5496556060224 5.14566000312147 4.54880108831803
Ms4a6d 11.498084859003 4.77945775749394 4.55486706027685
Ier3 13.5855914649438 7.54756230024799 7.41489225880093
Camp 11.8351935968853 5.53576739691444 5.3341421217035
Klk8 10.1637978906065 5.81722273925048 5.66590602493191
Chil3 10.6986949112657 4.65664211659927 3.97987335374224
Arap3 10.0084235335535 4.40590675041065 4.09466666322108
Tlr7 11.1690114771889 5.54351473286317 4.76239999048202
Csf1r 14.0292728577336 8.55923521871044 8.18572706361756
Hpgd 11.9284845304822 6.50268972275862 4.30905014582743
Mcm3 8.86157244294894 5.09443942015386 4.74643156245029
Slc11a1 11.348119903574 6.27706749984699 5.40147277517513
Ccl2 9.39365889899599 5.20677273221707 5.15310220931844
Cd86 11.7078926817195 5.17885084302756 5.005395718901
Gpr84 11.5922078227709 6.19466018044723 5.30419211092865
Vamp8 11.7887532870376 7.33709767770884 5.99741956236631
Tcirg1 11.327613036728 7.06498420237926 6.35437942640278
Sqrdl 11.0525062877998 7.25695593664397 6.03647737013612
Trim12a 8.60607054794922 4.20003474644945 3.88310046399269
Slc15a3 11.5031029092383 5.3543248868084 5.09650087405191
Rel 9.37584581713377 5.44207081073404 4.76482870927702
Tsc22d3 11.4805096636109 7.47172192053939 5.07807678998821
Sla 12.412369723073 6.25254325372345 5.74089918110071
Itga9 7.48681708147096 3.91483733703262 3.87817768772553
Tgfbr1 13.4953964323281 7.76618502514578 6.62301352189078
Snap23 8.30473877019984 4.86741753346793 4.19094189842422
Asph 11.1601915655921 6.53224662848811 5.38524856415216
Adcy7 12.0401852065097 7.48436175347186 6.73916005182373
Rbm39 10.3141735206265 5.55005655475768 5.36916933892111
Bmp2k 11.469593488735 7.66130738718677 5.74493767042921
Itgav 11.4249163560326 8.01070459975019 7.59012170891442
Lgals9 9.7144470271434 5.65517829231116 5.33563402933976
Trem2 11.3744113100813 6.90212397351726 6.29199137427741
Gna15 8.98838653928669 5.64665546703499 5.26879587390212
Birc3 10.6680989517335 6.16262441964457 5.78918245242294
Igsf6 8.76352354526292 4.6515687689174 4.24908238108703
Samsn1 9.02117009275432 4.58075586514981 4.39628195584551
Il1a 10.5627537042988 4.60367673702319 4.09933095241834
Hpgds 9.22555193578103 5.16551213110563 4.98225393748813
Naip5 11.1748062850229 4.59160112214206 4.27619388661383
Ccl4 12.655502757357 7.68376333010604 5.9440791684478
Klf3 8.53631488900221 5.12891683177659 4.79267264084423
Itpr2 10.9235418495534 6.08974327133153 5.85195762453644
Stat6 10.5002673668222 5.5044700656322 5.05124385352281
Msn 10.934809568914 7.11367611595966 6.12180243401247
Abca1 12.0522527378122 7.08850778622301 6.72984427807348
Adam17 10.5698610751329 6.01760949900238 5.94737579253189
Dapp1 10.6616079104408 5.20326513283458 5.00225580633252
Clec4a2 10.2600474435221 5.15122976760053 4.94022456752895
Fli1 10.0941254445629 4.11611526273509 3.83353552123245
Ets1 9.55277010530181 5.79637277686978 3.87961026874077
Ptprc 12.5235480291392 4.50718738522396 4.42933905646668
Fosb 11.9510983205342 5.39619159194292 5.33048322236987
Ccr5 11.7396919362898 4.67424311546932 4.42150020873062
Il6ra 12.6715970650916 5.6890394124099 5.39496887973863
Tgif1 8.50945088524124 4.65573832069014 4.4551545943217
Pla2g15 12.3259450180791 8.26524325710549 7.10473166215147
Itga6 11.5653613108728 6.50102672168675 6.23791024058212
Ifi30 11.3781163789488 7.53846421622701 6.32028312400698
H2-DMa 11.2573253131557 7.18248305236657 6.17383109990348
Zfp36l1 12.7051334383384 6.85787655285091 5.24930033151973
Gpr34 12.096128861767 4.57205739601783 4.29875627403057
Rnase4 13.1184612117893 7.03341814218787 5.69954339571671
Hk2 12.3862706589026 8.75215301030624 6.59688915028494
Fam111a 8.63296054191287 4.76812674240539 4.72139804532349
Hfe 11.337741662807 7.64760738929117 6.49516589757659
Naalad2 9.76797067590899 6.29746869574647 5.49239521712554
Pik3cg 10.1956130518895 5.49130402701303 5.02849064145566
Zeb2 11.4200634065622 7.60493124616166 7.43960571049809
Btk 9.78197374603171 6.34281252645235 5.61340079594819
Tlr3 9.64446847867037 5.72118449760346 4.81485189993663
Mertk 13.1217916703296 6.24995643612501 5.20815521392721
Cd84 9.78822716908046 4.6767717224688 4.64576472846645
Ly86 13.8305038298173 6.57752818457885 6.236968706916
Vav1 10.4293295887311 4.38280088145805 4.02486518055733
Pag1 12.7340021971061 8.21407418136243 7.66210648487717
Cfh 11.031443374587 4.20491318042446 3.61118422815803
Tnfrsf13b 9.62154101704082 4.95203470634291 4.40054286753082
Cebpd 10.4638830746908 6.02693941992581 4.17204514468295
Hhex 10.1791275378831 5.87854217800577 5.16788046200268
Entpd1 9.37032387449548 4.64972894484226 4.23405960083029
Ptgs1 12.2066936221392 5.11819964622133 4.62911116410164
Adrb1 10.605744756129 7.17339323751836 5.09790003842162
Stk17b 9.76929078464475 5.59081631735186 5.52469974420379
Frrs1 10.4433587610755 5.59114651413378 5.45828563911567
Lyz2 12.4203041170638 7.0044378834778 6.40533106452741
Galnt4 9.34294526677315 4.99733666459436 4.75239965733678
Ctc1 11.684666568769 7.61449228374286 7.09893440269969
Unc93b1 11.4209147437175 7.3566950624565 5.92779911532652
Mob1a 11.6102028819568 7.98472809906206 6.66897659309052
Cmtm6 12.3089984078596 7.15407499664136 5.14544956771659
Tspan14 11.1207155751017 7.0868610510902 5.9769453942349
Lpcat3 11.5785330904885 7.33841361704941 6.78286487792067
Pxn 11.8707334790657 8.46536354512411 7.5134784005069
Hvcn1 10.2816397991105 5.80034000758672 5.58429233725142
Edem1 10.6216568370496 5.7433781003827 4.38946008833198
Icam1 12.0685839298591 4.87709254471929 4.62501926313755
Ptbp3 11.2472405918636 7.05810717507445 6.41690527127529
Rcsd1 12.2491457547791 7.78286426610337 6.7794336560406
Npl 10.001127646462 5.71176634972957 4.78340444961583
Tmem140 8.43942036859799 4.87194727407503 4.63286508257367
0610040J01Rik 10.7636422265407 5.83861324983258 5.57502011454994
Tm6sf1 11.2609540254992 6.98423766509904 4.57232339353684
Cklf 11.3887159381797 6.39648455754646 6.29004476115574
Cd177 7.89852531580111 4.5077993917799 4.22672215793413
Casp8 9.83466998065678 5.07872597176215 4.95960804608191
Tmed5 10.6438973211329 7.27884836405889 5.37858384169745
F11r 12.1660086110926 6.66097032747733 6.03956757298914
Reep3 10.7838089345004 7.05752859061223 5.48620273921546
Tor4a 10.3275630348071 6.56465481333376 5.67353431608528
Ptbp1 9.13537300639005 5.79872054614149 5.69664370770501
Plxdc1 11.0459664793296 7.63732275462853 7.20798932841787
Lpxn 10.7589192457976 4.82006179231173 4.59273152525052
Siglec5 8.37803746411404 4.06081188799913 3.82481282154097
Mylip 12.4448215476567 8.05687523968314 7.73255444631485
Orai1 9.85946779435655 6.47356496210358 6.46822768490748
Fcrl1 9.2345619860761 5.72281532319793 5.22445810388768
Sppl2a 11.2656068290913 7.89438878271193 5.54188338112955
P2ry6 11.5687601975602 4.89902231036122 4.58456148412946
Ighm 11.7506088279992 6.82760759477571 6.75297887765417
H2-K1 12.8220187202518 8.66268703985263 8.28424233440225
Tgfbr2 12.4852370462276 6.69687584071374 5.36917649527724
Ceacam1 8.89348245863094 4.62503769406912 4.38740250109002
Mlph 9.42445206203504 5.72955643810668 5.31884692260801
Ncf1 8.82497080443061 5.46124528955728 5.13074893454715
Il13ra1 9.86451620775328 6.18878891919772 4.22992038247795
Adap2 10.5685173068896 5.49073235057548 5.43327693574292
Pld1 10.7972506121956 6.4961201687981 6.29110021677965
Pon2 9.31355681171094 5.66183528904057 4.0656488206926
Ggnbp2 9.14383515526131 5.55926830449402 5.25387456318968
Capn3 10.5561819143241 5.30342981896955 4.75008389826064
Btg1 12.8116682446636 9.43591159467844 7.39669977422774
Rrbp1 12.1145818395139 8.19071832547153 8.12819845211622
Glul 11.7849610224289 8.41325656712717 5.05128515759889
Arrb2 11.4717203569511 7.26555208972414 6.72235496621827
Pros1 11.415313090188 6.59936310672111 4.68831466437556
Ifih1 8.88841546660143 5.23844846513903 5.06064761464038
Rin2 10.0137972126995 6.23352738504932 5.52535439318238
Tifa 10.6723597482397 6.43676061707692 6.28033953582458
Rnasel 8.55347724571796 4.80724970455018 4.62524479666062
Arhgap17 11.1079285558079 5.63384890185247 4.85525794972825
Trim47 10.0914805439239 5.28226700218462 5.20899554736338
Jmjd1c 12.6964155907754 9.05006492084001 8.51316025766473
Mlxip 10.979316932642 6.9862885115341 6.66169875665843
Sash3 11.2827116875116 7.06439318364007 5.51909545829597
Themis2 10.0072343518523 5.24167108445162 4.9493712330022
Mpeg1 13.5781184656323 6.74339127074883 6.53198537004581
Hspa1b 12.6715792604311 8.32038953134071 7.45670250685167
Xist 12.7814738520482 4.74767338258503 4.32296323020331
Cd48 10.0036336466823 4.67146880604758 4.47105617959886
Akna 10.6519382313125 4.87364628810526 4.80262949670669
Sult1a1 9.83315975441973 6.26010552220496 5.62224427543141
Fes 10.6453727108248 6.9253830709477 6.03894249489089
Cep152 9.46016705782019 6.12308111536013 5.75375643541115
Diap2 10.2534156378815 6.65595435097891 6.22131809276945
Egr2 11.2779367742076 5.56739546971549 4.09903381369991
Ccrl2 11.412796081801 6.61971586383559 5.52708756947261
Lcn2 11.5003470873269 4.51470293462973 4.25612523511022
Hbb-b2 7.85273730267384 4.44690143109626 4.04361581160481
Tmem173 11.0209006256616 7.55033092544151 6.14116799536094
AF251705 12.004730998868 7.31193401842424 6.74662985371478
Hmha1 10.4033953674837 5.77632445717487 5.45263683171835
Gmip 10.1713248884895 6.01319695007709 5.69711478028731
Nckap1l 11.1568327951404 5.96715019458358 5.30766161888484
Abcc3 9.76277744586897 5.95844386352915 5.03627854112681
Rhoh 10.549623104043 5.18472526401331 5.02736714334913
1700017B05Rik 11.7692217223209 7.02971871632224 6.04092253392984
Gusb 11.5188785741544 6.61838407796422 5.5541634111025
Lair1 10.6130187631943 5.03474522805459 4.8899558097206
P2ry12 12.4746819840061 4.97170793742053 4.8863240446656
Epb4.1l2 12.5141878325852 7.02274961692165 6.78741183475506
Pld4 12.0206051656766 5.79983240543362 5.53553060408429
Lrrfip1 10.9400431244598 5.3101446340845 4.79836260649547
AU020206 9.79188957346073 5.94914144292098 5.3041418195365
Fermt3 11.3312647513459 4.82349510418315 3.93237082596466
Tgif2 9.99623865035626 6.63317390791418 5.90812617117662
Plk3 11.1217064828555 7.70302741585583 7.06773461755584
Ankrd44 11.6744535697079 6.66946715300466 6.55995497306937
Kctd12 12.185543532286 7.01023981219395 5.49040422266825
H2-Aa 10.7894269702174 5.60367767658625 5.58402929729952
Fam105a 11.8900076562701 6.96513409954529 6.56730143679237
Herpud1 12.5159313960105 8.92463940329055 8.56910354654264
Cd300a 9.88309640091064 5.2550230002493 4.84139711343068
Wipf1 10.4629969820139 7.00735449089788 5.5708667365845
Lyz1 12.1662559978148 5.75793229565003 4.5280028737906
Zfp110 10.6629985029049 7.02979558872214 5.74236247425157
Clcf1 8.65510766759181 3.94818647008015 3.80839279938772
Adrb2 8.04029829865073 4.23141745356855 4.06101584683961
Lrrk1 9.2169215889832 5.04667996373086 4.50343464874926
Zfp36l2 12.439882687873 7.29095463476856 6.22247144860119
Il10ra 11.9839212283458 5.22327330853832 4.66958510868871
Hexb 13.9346832426844 9.77209370905836 8.51330373420568
D530037H12Rik 10.2564249540948 4.5310298635495 4.13044877233476
Rab20 9.52042754395053 4.03372849683207 3.8219752919054
Grn 13.5521140781199 8.75071000511432 8.06829784701451
Slc4a7 10.1146341740548 6.75559247134414 6.68002491165901
Bach1 11.8613788138478 7.81263714793868 6.24751692061253
D9Ertd306e 8.19945017537725 4.23845472690846 4.13580995673515
C79242 8.62864714756362 5.21996592509485 4.2948014006841
Usp24 8.50734791051459 5.17559410768224 4.84179636941399
Fam46c 12.3550028613422 7.22072942951839 4.62559720581348
Pald1 10.9785325599872 6.15073238775792 5.59337986686526
Ifngr1 12.0357079893049 7.65028901368406 7.27607188092482
Tcn2 12.2009774284341 7.45089587616773 7.37926861037034
Anxa1 9.44951730885527 5.34849158327235 4.5424328245132
Cmtm3 9.86902934165744 6.22555785392373 5.47133499593675
Ppp1r15a 12.6949179793628 8.27953755657289 7.99914947441344
Dhrs3 10.9504578835445 7.16841452239255 6.55284671866824
Lrmp 8.81165282774176 4.48989461492275 4.38999647332277
Olfml3 13.5847807250187 6.35793616303154 6.13417391306533
Pla2g4a 9.53408946100642 5.67582746694071 4.85765877320113
Ncf2 10.9263417405773 5.94055332114949 5.72343230296435
Il7r 9.24960705759555 5.78769942829788 5.21204692218013
Ctss 14.1436377001564 9.15845574245209 4.88126320168988
Cd53 12.7058528961117 5.62642918634509 5.30842174496216
Fcgr3 13.3678397073662 6.45618990057075 5.17204462025525
S100a9 12.1512954978643 5.03587090153498 4.94462212201013
Dusp1 14.0972400899769 9.57646542684978 9.29063990588373
Lgmn 13.3819300248455 9.47233982747506 9.34691787936961
Klf2 12.9546948291203 5.7919268066252 5.6197858689215
Fcrls 13.538343734353 6.20140936778071 6.0070405904514
Tlr1 9.60520010506197 4.8135848256892 4.26452517990445
Selplg 13.5701528797604 7.48212247612145 7.01764438729464
Cd68 12.2655547644002 5.47673553627571 4.84413194566416
Gpr65 7.70886230022633 3.90230443574161 3.80892455517316
Csf2rb2 9.47900201616068 4.98450211005319 4.59608108000569
Atf3 13.284073086988 5.55109616164196 5.0567137179306
C1qc 13.5961558255427 6.41689080299106 5.53498463523439
Chst7 10.8148655259312 5.93370379540278 5.79148388164819
Hck 11.7859620796645 5.8207062717814 5.57579747291707
Gcnt1 7.991253437913 4.35043103636023 4.33375768350488
Casp4 9.26315299804554 4.57206457080667 4.03417580553639
Lag3 9.80016274610109 6.17869167015757 5.41901361728972
Cxcl2 10.7266031675695 4.8491653723689 4.46928286397438
Ltf 11.851175722853 7.87860868421666 7.34440692283574
Cx3cr1 12.8730629616277 6.144264818955 6.05768695371109
H2-D1 12.6327304628196 8.8120627062417 8.44003159659103
Stab1 10.7605924600716 5.60106584860727 4.91286289332191
Evi2a 12.5942263303086 7.84411210076566 4.75438159337759
Il6 8.13911235858362 4.12190268871037 4.00762032186173
Pdgfb 10.7325445782435 7.18671925668872 6.0782058115273
Mrc1 7.99313411604932 4.56629165074068 4.45756893649436
Hps3 10.8090339030534 7.22664518260009 6.3492225220542
Itgb2 11.9243168449721 4.98236753860574 4.79965598594683
Adamts1 11.4689263478583 5.77186406571511 5.2543423771976
Ang 8.34675454689537 4.21239773831298 4.05988602394861
Sh2b2 9.2750055292418 5.03056710855469 4.92065381451289
Tyrobp 12.872201384089 6.4225958222245 6.16531688168916
Ptplad2 9.63872914137264 6.00576975226027 5.08642890371943
Slc29a3 11.7903703089593 6.48166506183439 5.81364963552826
Vasp 10.5536942779316 6.90020975789763 6.39291982894819
Emr1 12.7903721087621 6.71979754585765 5.66375028842958
Nrros 12.3097176638707 6.4400822772633 5.38012755137376
Tmem119 13.7335005220805 6.91751186839213 6.10095201206794
Pnpla7 10.5591266313939 6.96058238159414 5.68813267773032
Parp14 9.22364341007536 5.75683629256516 5.16312899898561
Havcr2 10.538253418377 4.20208689617427 4.1034723279531
Alas2 10.1462688588052 5.40125465423107 5.20661980203725
Cmtm7 10.4128713125775 5.53415185740364 5.40559115836177
Mafb 11.0489700121364 6.02126130513559 5.70566061296912
Blnk 11.8256575206264 6.41071368871575 5.67377755484284
Tmcc3 9.18215566840257 5.23401878274151 4.75766239882894
Notch2 10.9771741155417 6.3706149282252 4.73113301006159
Vrk2 8.89925651350072 5.37517244717549 4.54749913115534
Daglb 9.97127658837575 6.52371520182886 5.78979429204626
Alox5ap 12.5974435879102 7.48118566104653 7.10888706166479
Fyb 11.6377216118874 6.30577087211618 6.04098433553828
Ctla2b 9.67840248028284 5.18678985484009 4.07991138029236
Sall3 9.65254474009787 6.17578917287027 5.73896710984785
Hspa1a 11.8173372899826 7.16854418128682 6.67592868708458
Zfp36 13.4481818753213 7.31342085616409 5.70929355054393
Abhd15 9.85244350316464 4.94272585840203 4.854850591941
Cyba 11.683487063587 5.9760359012784 5.31999944500084
Spata13 11.8423721764084 6.1729739218722 4.91392667990579
Wasf2 12.4099034178626 7.20616359327447 7.04462773887106
Ptpn6 11.3447432428118 6.77604685476538 6.46679480640648
4833441D16Rik 9.44333514879099 5.04638462752501 4.7587794331233
Tec 10.193963488774 6.6488457718528 5.66363379817262
Cd52 8.77120540091781 5.38458803080672 4.81260645933966
Irf5 10.3658986193304 6.06432617814401 6.03425163044674
Naip2 10.6301514409205 4.62549263998507 4.55344385842248
Anxa3 12.8961234593997 5.99497125524378 4.9312683475276
