Cd83 13.2264749464343 9.64951068561731 5.57608311607547
Sipa1 11.1257432146877 7.30485828455439 6.06413132739883
Socs3 12.8363611039744 9.48064354176178 3.94484707786018
4632428N05Rik 12.9592128362635 8.72034502152509 4.7317234532301
Spint1 10.3415667614487 7.00075994482191 5.16453770307516
Irf8 12.5606886061131 7.56960293350871 5.34835105702262
Parvg 10.3224146114506 6.98520609776496 5.27172579615558
Slc40a1 11.6365802495677 7.19684768233891 5.23604170771025
C1qb 13.3846079047961 6.78257125551698 3.81071121910933
Cd14 13.3052539164274 9.08258002015048 5.78945904233496
Pycard 11.8185468367102 7.52917867879991 4.89639270079144
Slc7a7 11.052383619296 6.64466252633687 4.77758696194764
Srgn 13.2509970787582 7.38752604675907 5.05069960088599
Nfkbiz 12.6860754101133 9.17274409772691 4.36324679313554
Tgm2 11.7718766956168 7.85540966481895 5.43507802859499
Plek 13.0669588958399 8.75279855237208 5.3269274475642
Rgs1 11.2541972267774 7.10655618774568 4.33491288558587
Snx5 12.5628056055199 9.1506871449098 5.10252772655414
Fcgr1 12.3056772228307 6.70070917809256 4.31727088388762
Ccl9 11.5606702750711 5.54739692238688 4.59081851606479
Tnfrsf1b 11.5849644137814 7.66016282313988 5.85317088857935
Inpp5d 12.5199395399242 7.9771661865135 5.98176116377033
Tlr4 9.52419084436795 5.87411015385946 4.21146795496857
Aif1 11.8782125697407 6.85083023524571 4.71766110180949
Syk 11.2305153374971 7.07129245508112 5.74793196706671
Crybb1 12.3010895138039 7.00572114007843 6.40768546169747
Fcer1g 12.6409109862305 7.15196546965531 5.4832114888625
Ctsh 12.8519091129382 7.63796304777926 5.012271525316
Gpsm3 9.66649074936397 5.86137205047857 5.25977079363076
Ncf4 10.7081144474155 6.68310775228969 4.97264858839565
Ggta1 10.3145780373454 6.25147427395114 3.97424092481576
Lcp2 10.3889718130272 5.97122831108902 4.64503828088096
Ngp 12.4329204009581 7.38308271638493 5.0027480572582
Spi1 10.2850028049619 6.81173487626283 5.83829815083427
Csf3r 10.4703586336665 7.13291952699602 5.04175816805461
Ms4a6b 11.1222234312687 6.1986691691124 4.61242632945944
Cebpb 11.6879517821222 8.33406673638074 6.01048522294052
Cxcl10 9.83264446685726 5.6520773025878 4.91751203012534
Lyl1 9.97533629065994 5.84639266808952 4.94170723953389
Ptpn18 10.4025712369028 6.71747439572976 5.8260746326499
Tlr2 11.9268402473875 6.73897690443904 5.31951859785003
Serpine1 9.52331793271942 6.07236621721812 4.41591134181341
Cd37 10.9048574016166 7.02978285374864 5.41429900686637
Map3k8 10.2849700718244 5.63172363082624 4.69274724679667
Myd88 10.7278217724093 6.61929145300135 5.41898168189788
Ccl12 10.5112043294489 4.86634508815115 4.28827382147512
Pon3 9.20297150005047 5.73147649164603 4.14655551401756
S100a8 13.0395448654869 5.76813881674369 4.52381973172066
C3ar1 11.7072754362155 6.69321818385592 5.15842051320115
Fgd2 12.1304825880125 6.70001073324299 5.70613643760872
Ccl3 13.4953964323281 6.9758148288609 4.51343063614944
Ms4a6d 11.3799791784438 5.58451528595324 4.5238940122943
Camp 12.113738407204 6.11220644124304 5.2942647147207
Klk8 10.2464469222101 6.13651555350352 5.30680411982165
Chil3 11.1159878878753 5.40529079769404 3.86053847665045
Arap3 9.86775374576886 5.55027836322475 4.00572869209663
Tlr7 11.2112407400947 5.64654309622949 4.77072977892369
Slc11a1 11.4154854568916 7.82959921721563 5.2102522364506
Ccl2 9.49866288250659 5.49120398886134 5.06364588147403
Cd86 11.6419705628058 6.22171484622785 4.88531393736334
Gpr84 11.5935377294956 6.55916571721469 5.31862397677432
Trim12a 8.5835260320544 4.41505147960165 3.92708262738743
Slc15a3 11.5219827541908 6.03262658038342 5.1873984963259
Rel 9.30153835661437 5.89290013127787 4.6878516146155
Rbm39 10.4094928984617 6.78420003001309 4.63450998395373
Lgals9 9.80576100376818 5.98245978497187 5.09442421235381
Trem2 11.528689695107 7.55732237392039 6.10559545780441
Birc3 10.7521481640029 7.27070905218072 5.99694279877107
Igsf6 8.68495551282954 4.61191918817211 4.11327259421299
Samsn1 8.95535277925432 5.13916707306363 4.40932344054167
Il1a 10.5450729398403 5.81907068449818 3.94582363579647
Naip5 11.1347547074536 6.10945675228134 4.09838420364028
Ccl4 12.7516225784521 8.12431805520109 5.72569198889524
Stat6 10.5031698578152 6.76990942963986 4.63148796939464
Dapp1 10.626591308075 7.19167114602092 4.87623138911613
Clec4a2 10.1190075949126 5.29301216796362 4.82520039472056
Fli1 10.0832277034328 5.13916707306363 3.79891381750575
Ptprc 12.4215732421658 8.18866056317589 4.20954047419696
Ccr5 11.7087776692335 7.15035062784841 4.37473954915144
Il6ra 12.6405285425734 8.15512250280799 5.44157671008466
Pla2g15 12.3512186582331 8.47939891142437 6.29514298799201
Ifi30 11.4062018650154 8.00444240356075 5.52220222797587
Gpr34 12.142699851518 7.04570363842545 3.77899802803983
Rnase4 13.0771643703574 9.17723756512559 5.31668032961266
Hfe 11.3196450739578 7.84656488770693 5.08471531853653
Cd84 9.96224237530016 5.15058636042562 4.41694345278064
Ly86 13.8305038298173 8.68908260769408 5.37828407709315
Vav1 10.4997459843954 6.04739882502396 4.00589002491574
Cfh 10.8438396260437 4.6436853195722 3.48233390905186
Tnfrsf13b 9.66545251361214 5.32616811374614 4.35924182482976
Entpd1 9.58873000960094 5.7593667199441 4.16051426119613
Ptgs1 12.1626150793908 8.33944029381432 4.5645936260042
Frrs1 10.6966078261321 7.30385278456214 4.8985103776379
Lyz2 12.5660138290276 7.91419762123782 6.16690356064458
Unc93b1 11.3066168079527 7.36223306003027 6.05664186486289
Edem1 10.5644676490564 6.81868359615216 4.41041067101899
Icam1 12.144222640413 8.18621280482204 4.51141532351294
Rcsd1 12.3223507478265 8.35431516704654 6.25944146407325
Casp8 9.83591177234681 6.39335672734074 4.68559535287674
F11r 12.1638127271072 7.77216291030482 5.52582245402052
Lpxn 10.730982217212 6.6699215606673 4.43770571929818
Siglec5 8.337886172674 4.30464913418644 3.81898794553065
Fcrl1 9.27554865404005 5.93538511321319 5.11790449270439
P2ry6 11.5909433501351 6.49954892671124 4.38191483581257
Tgfbr2 12.4312251246194 7.67471185630845 5.0086376003992
Ncf1 9.01873662127703 5.48703495300979 5.12410719458841
Il13ra1 9.69650941211153 6.23769434969848 4.22781423546986
Capn3 10.437566906065 6.23203866661374 4.18302074690026
Arrb2 11.5161791808491 7.69762468329922 6.52846850123639
Pros1 11.4244912078995 7.30893961312051 4.66795177535523
Arhgap17 11.0358082941061 7.15852012547967 4.86947973854088
Trim47 10.122871565472 6.11849700482723 4.86746833218285
Sash3 11.2528818012755 7.90014929459302 5.37564216179713
Themis2 9.94919523666928 5.97912940421017 4.99601685167973
Mpeg1 13.5339312443488 8.76531829045449 5.78580815110899
Cd48 9.99176185857167 5.29798403551863 4.40808168132524
Fes 10.5840546362038 7.1427623834102 5.60392808718667
Cep152 9.68353142517718 6.09582582150002 5.4185625903192
Ccrl2 11.4107831106411 7.50031460974523 5.41409898105748
Lcn2 11.7182561949748 7.70404298796728 4.15669785541656
Tmem173 11.1696407087511 7.61258061561157 5.84288006408125
AF251705 12.0057126252299 8.15545243803378 6.44032910848768
Hmha1 10.4487011332694 6.98763858863666 5.51176336298296
Rhoh 10.7637079698635 5.94948250364945 4.73886217409957
1700017B05Rik 11.7522974287947 6.94180037382701 5.55883875756182
Gusb 11.4803411718158 8.09593866805846 4.66674856390318
Lair1 10.6612900224916 5.92872380396468 4.5706926211864
P2ry12 12.4385715566921 8.73945527851456 4.42684297859649
Pld4 12.1700437011819 7.19733735021099 5.1798233474227
Fermt3 11.4207362066657 6.47715884417116 3.87740724795563
Ankrd44 11.5679366187782 8.18312917463275 5.27808304738176
H2-Aa 11.2644036954394 6.46461525836987 4.40365105987275
Fam105a 11.8820924454901 8.4322452204138 5.47886672342491
Cd300a 10.0530239896872 5.9652600655377 4.65811050068606
Lyz1 12.2502412289951 8.70856385941475 4.30131088715475
Clcf1 8.68466038510135 4.21360656666788 3.68054972703695
Il10ra 11.9867649941734 6.09891758803774 4.74246142422838
Rab20 9.64744268247702 4.95044177058372 3.80548502831093
Grn 13.6303783372944 10.1553387607926 6.83162431978668
Ifngr1 12.016051864462 8.51383420970396 7.26075682409873
Olfml3 13.5644607358692 8.18350581854891 5.99523188282736
Ncf2 11.109264808914 6.56751553846196 5.37189384319663
Cd53 12.6270729328698 8.6306483484664 5.03354051747614
Fcgr3 13.3874319809845 9.22669357552983 5.34395129443573
S100a9 12.2965410503709 6.30541860080714 4.49741899068515
Klf2 12.9915058739807 8.83456562606749 5.18757232938868
Fcrls 13.5200887013828 7.9629946711402 5.32310718834226
Tlr1 9.55990391864875 4.88460414251727 4.0972171795281
Cd68 12.2825968841945 7.01601492222333 4.49611751431169
C1qc 13.5695399365939 8.28071090093681 5.07160697142796
Hck 11.7192724128215 6.76394552431713 4.82492822146003
Casp4 9.17977855891737 5.319458167819 4.02667858201299
Lag3 9.94342037341401 6.51802717096757 5.26544825916687
Cxcl2 10.9236295592129 7.52797132295235 4.16236402124405
Ltf 11.9771261319803 8.26020604191772 6.10562350614653
Stab1 10.7835801182221 5.78648112275527 4.96431324455489
Il6 8.3523884587654 4.34856844693427 3.78098993217844
Mrc1 8.47267687587698 4.73321082067841 4.01268745456517
Itgb2 11.8281947861841 7.71358240566797 4.53653586923051
Ang 8.67340897437916 4.35811738954389 3.98493136601624
Tyrobp 12.9035612805634 7.22484488497191 5.37481297305898
Emr1 12.777781853873 7.93295677652761 5.58799391213538
Nrros 12.3519497751025 8.18585118928845 5.52167139445195
Tmem119 13.699678559052 10.3657537152618 5.79606933942236
Havcr2 10.710530075929 6.01387206320856 4.01692180375511
Cmtm7 10.4036329494645 5.84917764948403 5.1131930916521
Blnk 11.8079240962002 7.32824392551931 5.2862474495986
Alox5ap 12.5749967599795 8.62857361226999 5.98309078919607
Fyb 11.7159427823204 6.81503660976415 5.99767888361555
Ctla2b 9.94438247489242 6.35337004369699 4.0518934906627
Zfp36 13.4960506681509 9.54121597105042 5.77822942173495
Abhd15 9.92497435981129 6.59296879520272 4.70202457447262
Cyba 11.7749627835735 7.99181129001116 4.96974129353669
Irf5 10.4417221455899 6.76162996539938 5.62464484474267
Naip2 10.8151812852359 4.79942247339233 4.38144659786914
Anxa3 12.9131833282778 6.69468001479522 5.09414743029906
