Tnfrsf19 12.7642431122239 8.88884518038772 5.27789499599053
Fkbp10 10.2624460048996 5.6128196686659 3.66042970541552
Vcam1 13.3937574356865 9.98714568598604 8.87330801655089
Cyr61 12.6930016376476 8.59314691940034 7.35049148571543
Sparcl1 15.133706532156 11.5934406796584 7.05894876279201
Slc26a6 10.8353233742707 7.46794642233424 6.45475308312479
Prelp 10.2269605457825 6.40020453490445 5.91181064663692
Lcat 11.94353125314 7.78386942085061 6.03069297448128
Angptl4 10.2847939896505 6.02887986531377 5.17856639653464
Ntsr2 14.6890660027143 11.1526226878903 5.58982372250042
Fzd6 9.47171740297105 6.13928257177796 5.61567980074686
F3 13.3038453137736 8.27330147009572 5.90914162021805
Fmo1 11.6190052244518 8.18476912929733 6.32839083546875
Prodh 12.3188409859533 8.50790165954917 7.17743880846799
Ghr 11.2765154663871 7.23879094994981 3.88164005189918
Entpd2 12.845239874356 9.12191176944756 6.41227571828412
Itga7 9.72933680207283 5.04364249931513 3.3846282484096
Cxcl14 11.452055537888 7.90934457035713 3.73844320565044
Vnn1 8.00249248219538 4.46320459735025 3.66973810464236
Sdsl 9.94368417595823 5.94227301845591 3.60170544624229
Ptprz1 13.5172579592109 9.73370912166799 2.51989574423787
Slc38a3 12.9308055861639 8.49718980976866 7.18892456348288
Dio2 13.3538198601289 9.70939079518862 4.43396550896515
Cyp2d22 10.9904114826687 7.16446221199318 4.379476677324
Timp3 12.1956933729267 8.58937842918117 6.43797256170517
Egfl6 8.771394092325 5.36431218006237 3.34882421906167
Sorcs2 11.2114638112758 5.7878583508291 4.75467669782591
Slc2a10 8.428244239798 4.61439321448729 2.57594822954222
Aox1 10.5400365733128 6.66869753958243 4.60460028795601
Cyp4f14 10.7064870685731 6.64654631686361 2.86586545022189
Il17rc 7.54406946725612 3.85190668324784 2.64111798472349
Tmem47 12.1023945983491 8.52600302419965 4.12744951437445
Cyp7b1 12.2050739112253 8.16236804332358 4.14086104462802
Slc7a10 12.9710118829552 8.29881413953039 7.20105525280222
Hapln1 8.68802893744238 5.26607179226022 1.280182773791
Gabra2 9.39570834114005 5.90547225455814 3.42689745228975
Fgfr3 13.7983170025117 10.0429875392856 7.04272034449055
Atp1b2 14.4159956002101 10.5397598664771 3.64340971079634
Phkg1 10.630161794178 5.41438761780274 3.12564191216739
Acsbg1 13.4464261834187 8.71831627027121 3.41969912081217
Gjb2 9.59182793162623 6.26663019923826 5.13414252578607
Slco1c1 13.8074983327895 10.0343863811804 7.55603437926219
Agt 11.982888071876 7.53021469833962 3.01455862014178
Aass 9.58997304491433 5.37839929663912 4.53207314541817
Slc1a4 10.3605806973924 6.56680801126087 5.677643415946
S1pr1 12.3416307852198 9.01280461425133 8.11517114079652
Cbs 12.3123582202353 8.49477170851186 6.24311138314517
Gdf10 10.0386029229892 6.19071859002906 3.13832853698973
Fgfr1 10.8911716841092 7.54954111173686 5.08385670823852
Tmem51 11.5454335635643 7.74490793533895 6.88540700693795
Aldh1l1 13.0454530930023 9.02543554037398 5.83987656630146
Lmcd1 9.38661110845817 5.94749327470037 2.6139179135686
Aldoc 13.0572183618222 8.53193649880919 2.25291505980323
Aqp4 14.0164866755657 9.48979800845723 4.84025496411379
Col4a5 9.82910533072949 6.00788771398553 4.38318172163548
Acot11 8.24518259090763 4.05286785948067 3.79950350813768
Cldn10 12.4485479039688 8.12479620908912 5.87930698649703
Cth 10.9316072629206 6.81976896377544 4.72248766070946
Slc1a3 14.1254598727761 10.4433205029547 9.48015923636096
Tlcd1 12.8510189845642 8.84879661431033 6.18919176368447
Gabrg1 9.19462158516371 5.60699255723475 3.69274713448056
Ttpa 11.0829500160442 7.30395751921799 2.37497624999302
Atp1a2 14.4463600324139 10.7013776031893 5.61711510145359
Slc14a1 10.6090127727135 5.41339950954447 3.94808033537008
Tril 13.8548729876275 9.86646451566893 3.98516544617331
Gdpd2 10.1456070528274 6.24280580005716 2.8117023009874
Itih5 12.4609898466299 8.54891800210461 7.95797223030018
Pla2g7 13.5711790647278 8.74840346049711 7.11993460354734
Lrig1 12.4430823356804 8.13307285735113 4.16466041725375
AI464131 12.5742454368573 8.04161358229114 2.00493551355611
Mlc1 14.111488809085 10.1413490810316 1.09903640219331
Gjb6 13.9496737826117 9.50777051241514 4.68614956316849
Pygm 10.2502320116354 5.99955335844103 4.44266914337507
Kcnk1 13.481251347235 9.93094029653335 4.81980239010776
Heph 9.9856654280404 4.24179839803151 1.91224154445828
Hsd11b1 12.6432273085291 8.07336321614001 7.24074825107701
Ppara 9.10106728088433 5.11125186690572 3.01547282126909
Grin2c 12.1611779942229 6.71373806929667 4.38739647218578
Cyp4f15 12.0576141128209 8.14195449166832 5.56718003459964
Rhpn1 8.25694377236185 4.38645456620617 1.73338273041703
Acsl6 14.0599983184156 10.3633411976786 6.09651254433085
Slc1a2 12.2270662761016 7.60860289514205 2.38845386056451
Slc41a1 12.9652705385952 9.6316972098757 9.51927317145139
