Gsn 12.1796595078294 7.74807500373932 4.76914626345174
Cldn11 11.0075189041153 5.34286331612698 4.21067918507552
Trim59 11.3153336339097 6.10728197412983 5.72211655162107
Apod 11.767168255674 8.22274901819815 6.52921096082449
Lpar1 10.9205141704973 7.34025387167364 5.8735891097759
Mal 13.7384407533706 6.92920602260842 5.13023834192873
Grb14 11.7211622444858 8.02757068931166 5.35603632630792
Ppp1r14a 11.5073499645355 4.84588425087323 4.17652341834201
Ugt8a 12.4617412851434 6.36751027680314 4.28212134295299
Mbp 14.1839771564303 8.77560174849563 5.69739353388225
Ndrg1 12.5973669917136 8.23004466173409 5.13158770632026
Mobp 12.7060248787538 6.37277595010123 4.83136279739258
Gamt 10.8172793888553 7.4631542840734 5.87236145649354
Ptgds 11.5018763668298 7.02456472100716 5.44172487424634
Pdlim2 11.994992330034 8.38313546985625 5.60291679690356
Lims2 10.8383776207006 7.45473952291715 6.81712472704641
Tspan2 12.5434507357769 7.73549503279993 4.98636577100943
Slain1 10.6091733866492 6.6444455284125 3.86114617590751
Sox10 12.2033568125738 8.64115420008672 6.79154814410186
Plp1 13.4268247464029 9.26763041804406 4.56094400915243
Ddc 10.4619845303191 6.00088697502188 5.06422861615764
Fa2h 11.5766368571818 8.09658982464829 6.06144965488036
Nkx6-2 9.3521037988187 5.13811779552463 4.95526510138348
Anln 10.2260471231384 5.92068369597722 4.65919978138414
Erbb3 9.70266503298414 5.88528056966658 5.3663055384395
Plekhh1 8.29588717734076 4.91591991079646 4.4678798864545
Mog 11.216784015958 4.40361328195321 4.112839415524
Josd2 11.0253119052429 7.43503801372735 6.24892175635933
S1pr5 10.627997190366 5.31736536058144 4.18161982504653
Adamts4 9.61512746257211 6.19224216560298 5.36068414234117
Mag 11.1976453507021 7.61598841716767 5.88395804757991
