Golm1 13.1709345745481 7.03893465895834 6.31864762260831
Dusp6 12.2043335698759 8.55024261044033 5.18729524439091
Sgpl1 9.54910293773426 6.01156720121255 5.35162792906352
Junb 11.5780026398467 6.40095342317789 5.47096092051842
Marcksl1 12.1999211654877 8.3844658018933 8.0860827767057
Creg1 11.4502595824185 7.89931278463613 7.31803399193919
Lcp1 11.8463632704423 5.89182478055727 4.51616305370901
Txnip 13.6993914736524 6.42713752405511 6.22720069517394
Cd9 11.8962881279299 6.45942202714478 6.00343509946913
Cd34 10.5911587485583 7.10072922661347 5.0415481033464
Tpst2 11.1246231388186 7.66187497919926 7.5069966277961
Cd83 13.2264749464343 8.58953993727103 5.80920610493897
Mmp2 8.84546583079709 5.27113152647008 4.7902566778223
Sipa1 11.1257432146877 6.85855261675438 6.52706776945678
Coro1a 12.6004028717715 9.09338854660817 8.64411589485955
Btg2 11.4968904593275 5.98627289892518 5.98114722404927
Tnfaip2 9.08145533726492 4.35365136279419 4.33179657512965
Litaf 12.5127367018525 6.96685096844549 6.95413984387103
Cyfip1 12.6066769077138 8.28357909413543 7.08139948326488
Lamp2 11.6172171151883 7.44951771706449 6.17574257879385
Snx18 11.9105809619856 8.36451145053565 7.95216848641586
Ctsc 12.6065842886925 4.82976632932048 4.54593855797299
Cd82 9.38715719713112 5.56196554440556 5.50211638740203
Tubb6 9.94309885815544 5.74452693578798 5.6633970998162
Ier2 13.4150634942812 7.14137173523788 5.92511104260521
Nr4a1 12.1604408921049 8.38654551166128 7.71071824378083
Pnp 12.8627608953087 8.68190611097167 7.61262408515689
Nfe2l2 11.3735710823378 5.92875366800065 5.63894994181317
Socs3 12.8363611039744 4.29037744003933 4.08701648731818
Sparc 11.723215805215 6.17866555946135 5.49164069378293
Scamp2 12.0782300087712 6.60985026176438 6.28126578820441
Acss1 9.58139552895345 6.14465801585897 5.39517157460909
4632428N05Rik 12.9592128362635 5.1458703278054 4.86529583753842
Slc2a5 10.7506339487812 6.33248104809112 6.32353794028891
Clic1 11.3846871257571 6.64228355733117 5.54871147043462
Plxnb2 11.1751053377305 6.62355702310694 6.04609358607576
Irf8 12.5606886061131 6.29635519918079 5.54156157738714
Mical1 8.88736256308852 5.18148935244675 4.92153022465356
Tbxas1 9.77227819439976 6.12141516414062 5.91251218530499
Slc39a8 8.3702572354114 4.29831745239984 3.75610529404513
Parvg 10.3224146114506 5.85468922184267 5.61526910628457
Mcl1 12.1472433486191 7.48471778426322 6.73825436372341
Rps6ka1 12.439882687873 7.40527708766674 6.71222176952156
Parp9 9.82908871348782 5.36121118765173 5.15768486417918
Tnfaip8 9.91373565516323 5.08683550426281 5.03145804856545
Fcgrt 9.65042068842126 6.27977093023209 5.92365679921623
Mfng 10.1100884876208 5.70592200802834 5.58560034552031
Slc40a1 11.6365802495677 5.82884963687508 4.99187255017454
C1qb 13.3846079047961 4.4331421907224 4.0714609392477
Cyp4v3 11.0721852303594 5.36092106100899 5.23494742143783
Qk 12.3621647632087 8.83777749696138 8.77416550996082
Syngr2 11.4559121689701 5.45013933714421 5.05270979097766
Pmp22 12.2653168767854 7.9815317729298 6.48437325827465
Igtp 10.5169764277721 6.87492883686002 6.10814773001515
Ccl6 10.223717633042 4.47874583421002 4.36559645549118
Cd14 13.3052539164274 6.00216069104751 5.87293743010135
Tnfrsf1a 11.3244537624855 7.08972509005177 6.97473242610112
Tob2 11.2284375997777 7.57324824308798 6.99143574164372
Pycard 11.8185468367102 6.00045665475129 5.56138148210616
C1qa 13.2380236204344 6.30471651133585 5.88225026522566
Il16 10.7022595486227 5.75914826928101 5.42182482624212
Slc7a7 11.052383619296 5.26093312571793 4.83966555120798
Klf4 12.698526861476 5.06491350726586 5.00129571971553
Jun 13.1567215574815 7.33019869284795 5.99888905670498
Srgn 13.2509970787582 5.89015807171308 5.11413921825244
Myh9 12.5865032254667 8.09620827820468 6.93876744848306
Nfkbiz 12.6860754101133 5.06659598303113 4.38197334838297
Tgm2 11.7718766956168 6.09014525511166 6.04442815388263
Plek 13.0669588958399 7.6896476417308 7.35952684384493
Itgb5 13.3318370523038 5.15580120419889 4.87250552004013
Elf1 9.08676867890006 5.20441793811826 4.64170866912199
Cln3 9.94836220653156 6.1515121583543 6.06785367599584
Slc15a2 8.84529439707958 5.47762396334842 5.28024322509341
Rgs1 11.2541972267774 4.57923808331909 4.48132187633918
Rac2 9.75239695917386 6.21747517045082 5.88255995621007
Nfatc1 10.1057640630075 6.24324599431164 6.13541377733496
Cd79b 8.31573716498709 4.9384448291885 4.74109896037162
Snx5 12.5628056055199 8.97798673488699 8.2781779236397
Elk3 10.4901390004177 5.05010105193147 4.77793834125105
Soat1 9.02708526356189 5.39939852218085 5.02194627761638
Laptm5 13.2497958585741 5.77719929811265 5.67480091406796
Ptgr1 10.0953671914278 5.47001305846374 5.25748405541927
D17H6S56E-5 9.99291673904863 6.47732468230867 6.06923221347366
Ctsz 13.0341451754765 8.81297939745918 8.05554386331885
Fcgr1 12.3056772228307 5.16115330624013 4.74830167245587
Slc16a6 11.601886645942 7.3255503933135 7.1672022110977
Pdlim4 9.4700059993897 4.80494579471879 4.69526211638045
Ccl9 11.5606702750711 5.41501127140394 4.88156487799265
Trim30a 9.82440837349698 5.25668756465427 5.12019699827083
B4galt1 11.050190662426 6.17764952021503 5.87927154383644
Nrp1 10.4416176811946 6.68806452179287 5.2587195499827
Tnfrsf1b 11.5849644137814 5.99228510273424 5.79734059037314
Inpp5d 12.5199395399242 6.66958922142886 6.3465757729795
Tlr4 9.52419084436795 4.33825219670029 4.28105014309074
Pmaip1 7.94812896443572 4.52674106741617 4.01304878487643
Aif1 11.8782125697407 6.94034524326688 5.79553621208841
Il15 7.4967535230896 4.10210404088001 4.08380371189942
Lims1 11.3895886323577 7.36864092728163 7.35457045854345
Syk 11.2305153374971 5.81392848175845 5.77989687040408
Klf6 12.1614928848338 7.72106718518256 6.20070963544333
Crybb1 12.3010895138039 6.48446208380372 6.33803388940237
Fcer1g 12.6409109862305 5.93161717961016 5.8667308997616
Ctsh 12.8519091129382 5.33186450660887 5.29705286588782
Gpsm3 9.66649074936397 5.47244161893756 5.41496212436285
Ncf4 10.7081144474155 5.04746871835655 4.78202309995127
Ggta1 10.3145780373454 4.20243361678838 4.06544563511735
Calcrl 7.84138491604448 4.43038929132592 3.97001090432429
Lcp2 10.3889718130272 5.1014973730059 4.95795541702184
Ngp 12.4329204009581 5.34156891453514 5.28972366878229
Spi1 10.2850028049619 5.95904366213118 5.8405120134841
Atp7a 10.1404314445784 6.1199371736673 5.39444112535113
Csf3r 10.4703586336665 5.20691742807969 4.86895536570706
Irgm1 9.78478714225044 6.40698656446735 6.13501889266573
Ms4a6b 11.1222234312687 4.76777619268664 4.67683206395885
Hcls1 8.83239317939796 4.92485028134647 4.67521497251234
Abcb1b 8.00305280287427 4.65127634258565 4.46030071334022
Pabpc1 11.1513836653323 4.30257915965534 3.90831049027965
Cebpb 11.6879517821222 7.62980847025108 7.28721379481841
Plxdc2 12.0633823649962 6.61997098669188 5.89365452682372
Cxcl10 9.83264446685726 5.29423995219812 5.20638427329453
Maff 10.2395219098757 6.63301220886762 5.83745751402249
Cysltr1 9.33333349087416 3.99890303197452 3.93664906588044
Cebpa 9.88957255483431 6.22963612426137 5.51721463455367
Cttnbp2nl 11.7204560544011 6.92023996717026 5.74495665352952
Lyl1 9.97533629065994 4.86795169746743 4.78669381613256
Ptpn18 10.4025712369028 6.18879037758092 5.95972331588552
Tlr2 11.9268402473875 5.57652340648637 5.36461661505407
Serpine1 9.52331793271942 5.19131743053238 4.6081601589122
Mlxipl 10.549742788076 4.86603903261146 4.61627966222547
Cd37 10.9048574016166 5.60086129276737 5.53742607625527
Map3k8 10.2849700718244 4.74503764594701 4.49665486501836
Myd88 10.7278217724093 5.99638424913798 5.49993834986919
Ccl12 10.5112043294489 4.53760665312279 4.52294910618211
Jam2 8.80820666224123 5.29699400583436 5.11840159002177
Arhgap4 9.36525554969312 5.47197596206395 5.40027876477978
H2-Oa 8.7917936065526 5.14197238271982 4.68137196486037
Pon3 9.20297150005047 4.33939942614546 4.2230725643965
Slamf9 11.1882832385642 6.41971360370428 6.16231428667316
S100a8 13.0395448654869 4.89661748501457 4.89220338755639
Il10rb 10.7116513838826 6.96610612290815 5.30263904873812
C3ar1 11.7072754362155 5.51912712146865 5.35474467015992
Ripk1 10.1243899929041 5.71432209678895 5.22576792907546
Fgd2 12.1304825880125 5.8715873920431 5.82242868112958
Rela 11.8428094359349 7.12689438013081 7.05785288268594
Ccl3 13.4953964323281 4.59749971771775 4.5145229353056
Ms4a6d 11.3799791784438 4.77504012224425 4.48548826112252
Tnf 10.0055468588953 6.27929987780005 6.17209656000299
Was 8.0303356973264 4.57538382764993 4.31882925123526
Ier3 13.4963591841383 9.76531285886071 7.48862161710794
Nupr1 9.93831898336817 5.71945044324464 5.659286889878
Camp 12.113738407204 5.62500259050018 5.41457335702035
Ltc4s 9.78168546230716 6.16766829995881 6.12322920231871
Klk8 10.2464469222101 5.55327293535566 5.53155283820922
Chil3 11.1159878878753 4.32750581539042 4.01290529815532
Arap3 9.86775374576886 5.09356995187823 4.59377903878712
Tlr7 11.2112407400947 5.04163067191303 4.7285060079967
Csf1r 14.0460007158016 7.24620300160681 7.01535911381497
Trim25 10.8969751411857 7.33974600664858 6.10051692080243
Hpgd 12.0107499612859 6.74995157127285 5.35308035407081
Rab3il1 10.4710400563943 6.79260167622488 6.16587417121102
Mcm3 8.92535440058905 5.25559774247226 4.73974424509567
Nfkbia 13.5863871767458 10.1359365703046 9.62299952443958
Gdap10 8.80480802896476 4.39563799310155 4.21256724378224
Slc11a1 11.4154854568916 5.46692065248255 5.29330344217603
Hnrnpa2b1 10.315155226878 6.78218398579406 6.05191353903648
Ccl2 9.49866288250659 5.36520628801796 5.27055337174595
Cd86 11.6419705628058 5.19869796557502 4.85630334643541
Prkd3 9.70383275414416 5.97729156763745 5.44188126483546
Gpr84 11.5935377294956 5.50043800062681 5.35122022049006
Vamp8 11.9027573726861 6.72417484691436 6.00223497463935
Tcirg1 11.3257053795282 6.74996480208176 6.52573550286711
Sqrdl 11.0518617676912 7.65485689820845 6.02887333415286
Trim12a 8.5835260320544 4.26907203963409 4.17980912038532
Slc15a3 11.5219827541908 5.54714215794164 5.31324267909792
Clec7a 9.36335652990378 4.98249610048595 4.68116738949585
Rel 9.30153835661437 4.97815252019579 4.65418793577816
Tsc22d3 11.4721491337919 7.93115156938408 6.22722730617276
Sla 12.3378861062474 6.06635360490017 5.50080279507209
Tgfbr1 13.4953964323281 6.93178351474195 6.24762291091326
Snap23 8.47917138557207 4.96593698034993 4.49384709293845
St6gal1 11.5108116293154 7.58470990871382 7.3969101066856
Asph 11.1131392793095 7.04721654519992 6.43419512780044
Adcy7 11.9646243532397 6.561656013859 5.3156583775793
Rbm39 10.4094928984617 6.66190545198956 5.88080697205769
Rsad2 9.55409990020448 6.09503511329433 5.73347746833966
Gpr56 11.0473777353108 7.3991530847188 6.95531423349287
Lgals9 9.80576100376818 5.27973259467536 5.1545154205645
Bco2 8.88551273021649 5.44019551926231 5.02781481114022
Trem2 11.528689695107 6.51290212474773 6.29423430717748
Gna15 8.93153578094543 5.36788934624268 5.24872201947956
Myo7a 9.61565808015342 6.01560054009658 5.64458011484646
Birc3 10.7521481640029 6.32629094471252 6.0770929778928
Igsf6 8.68495551282954 4.4566898058296 4.27575736470742
Samsn1 8.95535277925432 5.16972656260348 4.57275338266059
Il1a 10.5450729398403 4.16998372013779 4.16367089488308
Hpgds 9.14123713383759 5.35746389260065 5.24703584702249
Naip5 11.1347547074536 4.32609423104192 4.24422387428064
Ccl4 12.7516225784521 5.99414238530605 5.7519600753837
Itpr2 10.8613975316724 5.90644369172476 5.39208699622998
Stat6 10.5031698578152 6.29415165186542 5.58054915341867
Phxr1 9.60550945602768 5.69156391533931 5.574053441795
Tapbp 11.4240903434095 8.09347929468764 7.22157823329817
Msn 10.7217422633417 6.29466124549451 5.9103202996361
Abca1 12.0785728549459 6.52005916696951 6.38749400142976
Adam17 10.581995677351 6.0885482348238 5.12469459153471
Dapp1 10.626591308075 5.28581182927069 5.17385388037573
Clec4a2 10.1190075949126 5.04970167152291 4.88921892421256
Fli1 10.0832277034328 4.38407465554254 3.94110073104268
Ets1 9.75745818736726 4.22709027660967 3.98916165566551
Ptprc 12.4215732421658 4.8215079903143 4.43971728059288
Fosb 11.9818678393755 6.60630790479072 4.72290540804826
Ccr5 11.7087776692335 4.62644520915678 4.5883441793886
Il6ra 12.6405285425734 5.87937805305581 5.60944429479669
Tgif1 8.50458243562559 4.62822293596105 4.47747328408161
Pla2g15 12.3512186582331 7.91275920397729 7.11937574803108
Itga6 11.5906633280243 6.09275865158475 5.78356319112767
Ifi30 11.4062018650154 7.22335726229366 5.52837152160217
Zfp36l1 12.7019764996359 6.30262790373219 5.45039650532347
Id2 12.1636087237592 8.39819041656536 7.54771336499088
Gpr34 12.142699851518 4.10617776415483 4.02285318169209
Rrad 10.0026571297703 5.79566000150859 5.20948867248224
Cr1l 11.6955153199688 8.02587943104105 7.64436901181358
Ndel1 9.26249492481989 4.31515301371967 4.28865322243466
Rhog 11.2037880767617 7.17986919078272 6.88368434961888
Rnase4 13.0771643703574 5.33685581766547 5.06573136202727
Hk2 12.3164140648536 6.12926460303139 6.00553803727501
Hfe 11.3196450739578 6.96018806660694 4.92460531162264
Naalad2 9.64837692903074 5.49560019808168 5.4078337448229
Pik3cg 10.1537853547168 5.34639286838557 5.27612227961723
Zeb2 11.4350095719432 6.44398678268628 5.20568837968067
Btk 9.58917222158551 5.63260230024968 5.2993949806756
Tlr3 9.63659550839082 5.22840048762789 5.20325580017707
Dock2 8.86389566600281 5.28826705705924 5.07760466825024
Prkcd 11.3607793398998 7.76686510119836 6.41604957890965
Mertk 13.0985151577591 5.63607473533777 5.38949810527599
Cd84 9.96224237530016 5.03386057490861 4.79757972047792
Ly86 13.8305038298173 5.493145402671 5.4494783049216
Vav1 10.4997459843954 4.39643774558965 4.35048666633863
Pag1 12.6736213180298 8.06665742264314 7.35141255436564
Fos 13.9327205870223 8.49266605444805 7.68221816162644
Cfh 10.8438396260437 4.13036774577888 3.59218035431498
Tnfrsf13b 9.66545251361214 4.49671764723093 4.49014069750136
Cebpd 10.5744174492867 5.54558185894975 4.57915105962111
Luc7l2 10.6746402351895 5.57492733652935 5.25162781387765
Smim3 9.32886126195367 5.94157034008235 5.56073382310441
Hhex 10.060418644213 5.24993867648486 5.17305820835896
Entpd1 9.58873000960094 5.38297000384054 4.34094514239679
Ptgs1 12.1626150793908 5.46156153778069 5.28022226660667
Stk17b 9.80355004387352 5.38373234952119 5.35597027892979
Frrs1 10.6966078261321 4.93314308230278 4.87099791994934
Lyz2 12.5660138290276 6.39520880474407 6.2151943097732
Ssfa2 10.4026641404164 6.61399722134557 5.9837395335267
Ccnl1 12.9368942943523 7.78918506769665 7.20319938546355
Galnt4 9.11869231898454 4.9337883474182 4.72723795218052
Ctc1 11.7422487728519 7.71137186318576 7.22938382763915
Unc93b1 11.3066168079527 6.1203258435433 6.11631927422651
Mob1a 11.6304802850351 7.87781863110786 7.39094659590194
Cmtm6 12.2803328178186 6.69083734873699 6.4748509347632
Sfpq 11.5708095722532 5.5223610036585 5.32527199517399
Wls 8.21516176510327 4.69175265859391 4.66931136549202
Tmem63a 11.3727165126659 7.24140083853452 7.02909491887614
Tspan14 11.2007785813707 7.06676535449867 6.95620087629715
Lpcat3 11.4786154330381 7.09715317962329 6.77087665259199
Pxn 11.8612215849744 6.80507080404335 6.26360448642474
Hvcn1 10.2856187487951 6.43589855985668 5.42055508293202
Srsf7 12.1714156611169 8.80421969906869 8.59161256124324
Edem1 10.5644676490564 6.05596498339094 4.88969637929249
Icam1 12.144222640413 5.0381439806427 4.55978540368089
Ptbp3 11.2952745829932 7.90451365139825 6.55609749540767
Prkab1 10.8728158992286 6.94392898275314 6.88063343925444
Rbl1 8.51194870241016 4.86368311328043 4.57300426946141
Rcsd1 12.3223507478265 6.81555478919549 6.56564765879617
Tmem140 8.46080936763924 4.51961559749274 4.43001677361396
0610040J01Rik 10.8106638816197 5.80922368787322 5.49865758895835
Cklf 11.3324839569912 6.2314355309806 5.39986067369388
Cd177 8.01898297885642 4.23322872361358 4.0234600515294
Casp8 9.83591177234681 4.93056546035208 4.50999360127006
Tmed5 10.4601759587631 6.86432780620335 6.04475332794621
F11r 12.1638127271072 6.01243450646349 5.78521386758193
Eva1a 8.63294613398656 4.73636376005887 4.54553651791907
Mfap3 11.4258563297422 7.94002136521137 7.49885010558038
Reep3 10.7593284719606 6.51963955697991 5.58701448513498
Tor4a 10.4213155961976 5.47953790044825 5.13938004271245
Trim34a 8.69868770830196 5.33765743312795 5.07928619290213
Lpxn 10.730982217212 4.80897171964684 4.34176027837852
Siglec5 8.337886172674 3.93215737393257 3.86484946644453
Mylip 12.3804927223987 7.48152930118198 7.36363057680379
Cflar 9.90032647661365 6.54931609303875 5.94849058285601
Fcrl1 9.27554865404005 5.27790074464032 5.25821213215406
Lifr 10.914871574386 7.47797628099699 7.26384707960218
Csf1 9.80595405056766 6.04427858422019 5.9738595891356
P2ry6 11.5909433501351 4.47161542583639 4.37680647085991
Wsb1 12.1955534450875 7.81781365907398 6.61530848760495
H2-K1 12.7949568117272 8.77886834977019 6.48258687400285
Slc3a2 12.5439222171533 9.05423611346606 8.04975988326898
Tgfbr2 12.4312251246194 5.89810303284415 5.80053792012707
H2-Ab1 8.4512011309411 4.91466340883653 4.44534689477578
Prpf4b 10.2022154854581 6.59225102241535 6.08900263023983
Ceacam1 8.73427463823456 4.33620133901339 4.33014690534856
Mlph 9.52478746573067 5.28216738538895 4.93164147404257
Ncf1 9.01873662127703 5.21406273976271 5.18867351424211
Il13ra1 9.69650941211153 5.53393419506404 4.93030179955343
Adap2 10.4876327911899 5.37741571114558 5.16834255762599
Akr1b10 8.35430474274704 4.57454822916086 4.47123142968318
Lrba 12.293139019726 8.79018108318151 7.13022697732833
Pld1 10.7880824610021 5.79713136672052 5.57692316178268
Pon2 9.26937417743214 5.51331953225089 4.75362261641484
Ggnbp2 8.88683207954564 5.54749327999453 4.6791069002594
Capn3 10.437566906065 4.85973496440767 4.65300016917328
Gem 8.28009388336886 4.35821360652606 4.09750800309506
Tor1aip1 9.84392113236668 6.48599109260947 6.06187825448254
ND5 11.9712888648361 8.0412286461257 7.95326790839077
Rrbp1 12.1135184174842 7.85935681515651 6.68921877531278
Clk1 11.9971319270739 7.62467698334519 7.4741078644485
Vwa5a 10.3690918760756 6.44915518824009 5.06138288152127
Glul 11.9439234863599 7.36873160683491 6.87893454994713
Arrb2 11.5161791808491 8.02054020420874 7.29345963485196
Pros1 11.4244912078995 5.21720300712568 5.16759306038523
Ifih1 8.66416697609045 5.32299989424684 5.02140950828989
Rin2 10.1302854085197 6.22284997495916 5.91150293955728
Tifa 10.6649959627868 5.98965462661356 5.71635918297763
Arhgap17 11.0358082941061 5.31930183902329 5.25727015626852
Phgdh 11.0663668828628 7.51601731159532 6.92372741155009
Appl2 10.6944160799334 7.33355534704466 7.26724300963333
Parp12 9.52345845288495 4.99981401422992 4.74208577215553
Trim47 10.122871565472 5.25364230898077 4.95887567950038
Lgals3 8.71732817427299 4.71894599626598 4.70673703342859
Ddx26b 12.2655895521916 7.93648154385521 7.64071050078662
Slc25a45 10.8783954265567 6.21904495258971 6.05172754840078
Plcg2 11.2395812321787 7.19800470879415 6.64923484710833
Ccdc93 11.589408707358 8.0311323702702 7.954516583951
Mlxip 11.0131464704826 7.30927720122071 6.43003386184636
Sash3 11.2528818012755 6.03379943234135 5.24512969549145
Themis2 9.94919523666928 5.23629603901397 4.97024200683488
Stard8 9.02643397069546 5.59371963717349 5.16043989791737
Mpeg1 13.5339312443488 6.18437202915691 5.79837971192122
Hspa1b 12.7328150924375 7.72191181391677 6.63183542763637
Xist 12.7732517233129 4.44045159776551 4.21980396451579
Cd48 9.99176185857167 4.99675913394029 4.60610800946364
Akna 10.5978331936346 4.96866307765825 4.89823581546065
Sult1a1 9.92143049281146 5.03163719424169 4.68196563683638
Fes 10.5840546362038 6.06906683289755 5.88760453503811
Cep152 9.68353142517718 5.55437363710828 5.21298049667039
B2m 13.2088860971046 9.73579358010716 7.46673703141922
Gsap 7.5615053421719 4.18866322044699 4.01909083290291
Ccrl2 11.4107831106411 5.59009218019556 5.31566480215792
Lcn2 11.7182561949748 4.4510386181755 4.41928682557301
Hbb-b2 7.86146929235822 4.42457410971555 4.09442377042157
Gimap6 8.28896486111756 4.65623723351436 4.47722340132577
Myo1g 9.04216166021584 5.09856486821483 5.08375798039114
Tmem173 11.1696407087511 6.1161730047233 5.91612892391083
BC028528 9.01173787915138 5.01368503207292 4.75464786217034
AF251705 12.0057126252299 6.70922229468536 6.44016864519029
Hmha1 10.4487011332694 5.69572223873269 5.58559165295948
Rreb1 9.66195512280759 5.76508903112764 4.98049354369945
Gmip 10.2055870255081 6.09450582340918 5.72718270098596
Nckap1l 11.1526856630168 6.64396654292292 5.35729756569364
Abcc3 9.7509259850256 5.29785236234742 4.96979259647637
Rhoh 10.7637079698635 5.06840727890576 4.92143384141036
1700017B05Rik 11.7522974287947 5.76487543813706 5.4769748571047
Srgap2 11.7585843286276 8.33210055488079 8.19881784824069
2810043O03Rik 8.32709215618797 4.20012104186958 4.02985336659734
Gusb 11.4803411718158 6.59665121124455 5.06721040759672
Lair1 10.6612900224916 4.75905978559727 4.38743430951063
P2ry12 12.4385715566921 4.71158493573096 4.55256172454724
Apoe 11.7960795852016 7.73904057634912 7.48817539385165
Epb4.1l2 12.5432840929574 7.26478701167909 6.38373479167513
Pld4 12.1700437011819 5.55555305492759 5.30333548270801
Lrrfip1 10.7224886700699 5.47737824344777 5.38161117192237
AU020206 9.79768698851007 5.88180218174539 5.29342530585715
Fermt3 11.4207362066657 4.84500399276326 4.47404116581323
Tgif2 9.9426138283241 6.26838167751052 5.89229442308194
Ankrd44 11.5679366187782 8.16587847457597 5.64741246553219
Kctd12 12.099676793357 8.50689147118236 6.59690116385926
H2-Aa 11.2644036954394 4.65539986004757 4.56090053612697
Fam105a 11.8820924454901 8.35451413222427 7.55766577928136
Cpne3 9.50290347799534 6.0676568839644 5.72792065225134
Herpud1 12.5116726598182 8.37515129018309 7.48684093795089
Cd300a 10.0530239896872 4.84381658023793 4.82973606324797
Tmem71 7.83337212150143 4.21985991470674 4.10889890788657
Lyz1 12.2502412289951 4.95018248791441 4.52375188221162
Zfp110 10.6738601357144 6.97450697372122 6.62487645035698
Clcf1 8.68466038510135 4.26396923492288 3.85031866828768
Adrb2 8.29734945321406 4.40285810655891 4.32617094469581
Lrrk1 9.1635528470806 4.83334657772921 4.70719994730894
Zfp36l2 12.4004422821899 7.03358287408083 6.08962934443365
Il10ra 11.9867649941734 5.36556873967605 5.08600087447737
Hexb 13.9214339669789 10.4784948811777 7.58315885402456
D530037H12Rik 10.4018822600769 4.20638061466283 3.97152110123042
Rab20 9.64744268247702 4.18978058816914 4.05994026157957
Slc9a3r1 10.5341792603602 7.00888446082998 6.55728964950037
Vim 8.20604281286246 4.60614700944176 4.24776425005705
Grn 13.6303783372944 8.78383024160784 7.43506280545486
Mavs 9.23385264584594 5.49448329793071 4.32781420834754
Bach1 11.7684659473826 7.84512324972366 6.988181864149
D9Ertd306e 8.20712585253381 4.00242784367631 3.98314599590686
C79242 8.41316050528701 4.44697698078217 4.43625229299284
Fam46c 12.2421510197398 7.33014480730021 4.75060109721015
Ctsa 12.9644748360344 9.18330475160487 8.60762420718046
Pald1 11.0128320429645 6.07630237359728 5.93901460479842
Ifngr1 12.016051864462 7.33883923666164 7.2387628810686
Ucp2 10.8156159051053 6.90355293909786 6.82984877665104
Tcn2 12.1195930224409 6.77129098479459 6.08696964814331
Anxa1 9.64055143138413 4.58965521330325 4.54941062333577
Cmtm3 10.0110497819572 5.69945994862821 5.60149334057146
Ppp1r15a 12.6593601245383 7.99993453568607 7.30136086609368
Slc15a4 11.356384012252 7.74897413112789 7.41628014444519
Dhrs3 10.8328899765314 7.08761838230869 6.23106745531239
Lrmp 8.89491220593798 4.60889287443232 4.50798753586952
Olfml3 13.5644607358692 6.22896664821811 6.02345443801225
Pla2g4a 9.55730250855793 5.12459997264068 5.07827379092393
Ncf2 11.109264808914 5.7347823577243 5.58772356184123
Il7r 9.22711297999003 4.93494956106398 4.89415595295385
Ctss 14.1223387589978 7.64544255897854 7.23437032441949
Cd53 12.6270729328698 5.49076301513881 5.45287207327487
Fcgr3 13.3874319809845 6.0396655266117 5.93407605434248
Hps4 12.4456398299555 7.88297983550435 7.74389397533803
S100a9 12.2965410503709 4.87331473641727 4.82650209087737
Dusp1 14.1813580097059 9.6296797838996 9.17404058513155
Traf5 9.0214474215703 5.61879001231807 5.61252308995603
Lgmn 13.4068999504885 9.79756404841762 6.79540101208667
Klf2 12.9915058739807 5.33353015654922 5.05343320988804
Fcrls 13.5200887013828 5.69255133343924 5.667109431106
Trip6 9.31751803635675 5.75066966531527 5.51897126586219
Tlr1 9.55990391864875 4.15625436083884 4.15260610569977
St3gal6 9.54566709615045 6.17913101080923 5.44984281068317
Selplg 13.492313873689 6.72652355155848 6.52274838290724
Cd68 12.2825968841945 7.35467142158212 5.31250214197696
Gpr65 7.85611733273235 4.2868059845193 3.94336542681011
Ebi3 9.38512048892932 5.87317997869545 5.5628292566898
Csf2rb2 9.46516272602394 4.54206821127488 4.15216241446612
Atf3 13.3007390383143 4.92075632937475 4.8634613956869
Tal1 7.67989116276829 4.35767608553025 4.16885607887758
Il1b 8.75804374629313 5.41206361016086 5.33399405304637
C1qc 13.5695399365939 5.86168290746827 5.43277785617906
Chst7 11.0545300964632 5.98690015135668 5.65954792049365
Hck 11.7192724128215 5.68873171631606 4.7070156253872
Gcnt1 7.89240442650036 4.40178631149205 4.32496189490962
Casp4 9.17977855891737 4.3313728493086 4.06775109602119
Lag3 9.94342037341401 5.66080184949192 5.60377833860915
Cxcl2 10.9236295592129 4.21909679758293 4.17656741704459
Ltf 11.9771261319803 7.90573664118435 6.27038516414033
Cx3cr1 12.8322911670036 5.70855841387439 5.61368535409239
H2-D1 12.6856010965553 9.08190351477622 6.40806344698914
Stab1 10.7835801182221 5.52601514419263 5.30003654527922
Evi2a 12.5801879760248 6.27530348588673 6.15457960929328
Il6 8.3523884587654 4.09084501438593 3.84234547380759
Pdgfb 10.6620659529342 6.32401068561719 6.1406477362495
Mrc1 8.47267687587698 4.29938946376234 4.0786002707933
Cd33 8.91751905662005 5.05457194455647 4.95332591969353
Itgb2 11.8281947861841 4.99219951032332 4.63791778115758
Rgl2 11.0627483576315 7.20301941562941 6.95765044620464
Psmb9 9.49408509768935 6.08021514848771 5.79505629150468
Adamts1 11.3973807177838 5.63399179698404 5.39781785424659
Ang 8.67340897437916 4.14109937334884 4.06541033021904
Sh2b2 9.32069277757714 4.61316774558268 4.56692024124971
Tyrobp 12.9035612805634 5.89712200621294 5.77519446879251
Ptplad2 9.63817330010533 5.40809241801701 5.38102705412913
Slc29a3 11.6835560124248 5.50173249522889 5.49669185116455
Pbxip1 10.3716503756831 6.52730823428331 6.39470418364126
Emr1 12.777781853873 5.63970253929158 5.45148150609886
Nrros 12.3519497751025 6.11049947017655 5.78028546064021
Tmem119 13.699678559052 6.03399355647517 6.00890178945786
Pnpla7 10.5843197435089 5.81818732056327 5.29443907885823
1810011O10Rik 8.37120216738482 4.45282206555791 4.32771424453883
Slc46a3 9.85031592896195 6.30381887890665 6.00083629341213
Parp14 9.10437062254361 5.12582900737535 5.09102467494039
Havcr2 10.710530075929 4.57665930570961 4.35793312912391
Alas2 9.97256535353661 5.05750877526294 5.02309005883092
Cmtm7 10.4036329494645 5.21489423239346 5.16049326872902
Mafb 10.9849900615298 5.746090519546 5.21946423794451
Apobec1 9.7227717478305 5.38501140958549 5.34862387596903
Blnk 11.8079240962002 5.9504942725828 5.48151138881138
Tmcc3 9.16895367720384 5.35551477212218 4.9630687294602
Notch2 11.035203297165 6.63564324340216 5.58441472359457
Alox5ap 12.5749967599795 7.65791617022246 6.09829113779018
Fyb 11.7159427823204 6.03038176224347 5.91538957094251
Sepp1 13.725757445204 8.71440742288445 8.14720306720496
Ctla2b 9.94438247489242 4.51530966856923 4.206797190994
Hspa1a 11.9245276178108 6.26249521881082 5.60833156267678
Slc37a2 8.79282849614854 5.37426434053129 5.21068554460558
Zfp36 13.4960506681509 6.2927426474543 5.77649638214332
Abhd15 9.92497435981129 4.86300356043165 4.80360806303463
Cyba 11.7749627835735 5.45533018614834 5.15367220919855
Wasf2 12.4660305697947 7.47766605869506 6.74581986852188
Scarb2 11.7293389223241 8.40160190746456 6.73559819861278
Ptpn6 11.3292345329635 6.64075101390291 6.59802514068948
4833441D16Rik 9.33372525445037 5.06814891735621 4.59271837515533
Tec 10.1967601761071 5.58273266314947 5.08047866732108
Cd52 8.83934325002235 5.19227017109408 4.73476350609441
Irf5 10.4417221455899 5.83961009748346 5.78936893432282
Wdr81 11.507769957771 7.7090231686231 7.55393832265617
Klrd1 7.52307482814316 4.08848299339631 4.05886155684447
Naip2 10.8151812852359 4.61206749370463 4.33762068591109
Anxa3 12.9131833282778 5.28481675283364 5.15614007453875
