Tnfrsf19 12.9614431656159 7.71720470470169 5.73235492986313
Fkbp10 9.41016721018573 5.63731962775859 5.02838799654429
Vcam1 12.4816675192392 7.97356793401619 4.03172277707888
Cyr61 11.1016744501914 5.76226045068622 5.16550996277088
Gldc 10.6195560343143 6.76657325125945 4.81864523381248
Glud1 13.0704105392276 9.50307860170346 8.75177480836374
Elovl2 10.5345481554953 5.4695860520372 4.11635746948841
Aldh1a1 12.5583261661241 8.55798222857629 4.59403964426099
Ppic 9.03026818175481 5.19426705662726 4.54691782721935
Smpdl3a 12.2435887824058 8.70716951484021 5.14085930987131
Lcat 10.9824809233372 6.71249036971062 5.34911240767619
Pdgfrb 9.84766669378371 5.00116814408906 3.97308746728897
Ntsr2 13.5684441880855 9.24137100272682 5.6046423440907
F3 12.2069413293603 7.19565891714942 4.54011764492546
Slc12a4 10.9174966731953 7.55183962600197 5.74867478346528
Tspan7 12.2199587629975 7.98762713458141 6.76139709994884
Slc15a2 12.9496989006332 8.67656827980375 4.96894884334644
Prodh 11.9691636372262 7.29345747719544 6.10997280804511
Wwtr1 11.1517537438884 7.24813254835296 4.9852188800231
Gpld1 11.9747462478102 8.18724083019512 5.55584994039381
Entpd2 11.7608219101721 7.53207660539682 5.8809410400868
Lhx2 11.1802895014327 7.18889012421654 4.48129439287351
Fzd2 11.9098568848207 7.14111105356142 5.60291895561546
Osmr 7.8534516157794 4.47768822234044 4.01541178643664
Slc38a3 12.5975051169451 7.90346848757509 6.77804029047535
Dio2 13.7439646415243 8.87713353386581 5.44233767902017
Fads2 11.4848342910614 7.64904028860033 5.65063663086259
Cyp2d22 10.8552990705605 6.21128809431672 5.33196616924745
Cyp4f14 10.7067734949371 5.81433250826926 4.70077295456906
Tmem47 10.4965712579836 6.48685906033751 4.61894488212708
Mfge8 13.8105513044973 10.3178549160154 7.52773753537129
Cyp7b1 11.1316079477238 6.79651233801736 4.29029118758351
Slc7a10 12.650632377432 7.08851357415314 6.06385938274544
Chrdl1 8.98000609008049 4.85245396515526 4.47783449628987
Fxyd1 11.8095398028271 8.09279975249771 6.80589986239062
Hapln1 8.5826902579342 5.02413869762974 3.85524498467993
Fgfr3 13.136818632434 8.36541629768176 6.15991500343
Papss2 9.54017106968766 6.07836279931126 4.64534788257004
Phkg1 9.28863227795836 4.98078608877788 4.08807834195816
Acsbg1 12.4363624086258 7.481022085791 5.56739848250715
Id4 13.2462581215434 9.49574184948803 4.81305865292679
Slco1c1 12.8658244149028 7.02160492740425 4.96115656357608
S1pr1 13.0563040201157 8.24575573386833 7.01722409935375
Axl 10.7966551006585 6.09284042285673 5.46916834423538
Cbs 11.2303243966133 6.75847528858408 5.6554690331904
Ccdc80 12.3624872098242 7.08861008608316 6.08164500871793
Oplah 10.8194235565085 7.22385220388008 5.02161188698705
Tmem51 10.8131865914581 7.31280524149624 6.44806244117482
Adhfe1 10.71886486577 7.0517594342343 4.64674844537791
Aldh1l1 12.309294043204 7.23841284254309 5.01444793609626
Sox9 9.59926141498746 6.10418238973868 5.46945760567477
Emp2 11.8167492498468 6.86442392082992 6.03806533186435
Aqp4 13.2344943030716 8.22990810718241 4.50519932216758
Col4a5 8.11286487078675 4.14800197524073 3.77910756161077
Ppp1r3c 12.6261422184703 8.9807803034369 5.52439493793444
Amot 11.2573014101229 7.63038348740036 5.28008360120294
Cldn10 11.7580096064742 6.89283685396033 5.28906573524835
Cth 10.7498689130988 6.18554023468854 4.61296985282506
Slc1a3 13.0492534590685 8.02153579215394 4.4810221521194
Tlcd1 12.0693106988743 7.8017982540178 5.80612199470763
Srebf1 12.0384829485913 8.69414232439932 8.03523883702527
Nhsl1 9.89248037762181 6.564131402762 4.76790559764977
Scara3 11.972788703116 8.12392173100168 4.829893451183
Gabrg1 11.5167053669387 7.29491902066581 4.80976699759845
Ttpa 10.2345638795306 6.11189374428453 4.57370814408383
Atp1a2 12.8994520696648 8.37246770551886 4.6123284686779
Slc14a1 9.72685423916001 5.58467391887693 4.29623732651834
Btbd17 9.50531007389581 5.62060981983099 4.52906322249981
Tril 12.7758945826597 8.62935147419859 4.9823880328696
Itih5 11.3275201319304 7.25109301116332 4.53184016353111
Pla2g7 13.1881702523631 7.61668361385373 5.6827771981211
Cd38 10.4409955141749 5.75940430722078 5.17107747317644
Lgi4 10.1190560582577 6.56261693791128 5.9114490165784
Lrig1 10.9058695770974 6.78112391643117 4.43384348196135
AI464131 11.3037115822094 6.03837659206693 4.0796034767499
Mlc1 12.8215284529148 7.59817090587634 4.37121799481348
Gjb6 12.2385652839836 7.70600194209472 4.57588074090212
Pygm 10.0710793572613 6.17041886074339 5.44896688002926
Hsd11b1 12.6932617706963 9.33156822196252 7.32651734193144
Grin2c 12.003213684667 6.16745752997875 5.16237174486628
Cyp4f15 11.5842891990597 6.02174837371864 5.24619529253243
Slc1a2 12.272862056665 6.71336594390895 5.34082484773998
Igfbp2 11.8053293459635 7.02151780614539 5.24921322996068
