Golm1 13.1792932323564 8.94146185538638 7.04925812260032
Dusp6 12.1118170992931 8.77209293216806 5.78055473171959
Tgfbi 10.214108505107 6.38646214536948 4.34421003760422
Lcp1 11.9186828085383 6.48497487024576 4.19500078922102
Cd83 13.2161047162533 7.47128736892306 5.84159193307813
Sipa1 11.028832104782 7.08093026717007 6.21765268784322
Tnfaip2 9.07410944533167 5.11767989534326 3.99932550635655
Tubb6 9.94746027053954 6.53644907546784 5.53317592610894
Ier2 13.4029366730924 9.72634979909687 7.15709173806054
Socs3 12.8477426387797 8.55477217306724 4.14061552926621
Scamp2 12.1490850674193 8.79543946811472 6.9369111939896
4632428N05Rik 12.9633024758073 8.43537535914242 4.93478167618465
Spint1 10.3283172527647 6.07770591730242 5.23879292040847
Afp 8.35050803873215 3.96331570832981 3.69870848652152
Clic1 11.3122330580261 7.8790306423046 5.71523736388616
Irf8 12.5462653592052 6.06114840167853 5.19787036785582
Dnajb1 11.2409766690475 7.89953741569601 7.16141122279969
Tbxas1 9.68864876043037 6.2220883925054 5.72679167079122
Parvg 10.4281853264487 6.65681781342252 5.46856277921829
Rgs10 13.3720136026536 9.09703894343911 6.04093082301968
Rps6ka1 12.3511118887686 8.28345465554663 7.31035061536707
Mfng 10.2459357618163 5.97200843316986 5.57506597211344
Slc40a1 11.6873175794834 6.58142911634577 5.75473868762953
C1qb 13.3809165744448 7.32133372103729 3.81066299426795
Ccl6 10.4831140019336 4.85466104795148 4.09666441885804
Cd14 13.3794861542207 7.03972697884781 6.24392044024941
Pycard 11.7530559991681 6.35428672283761 5.34753595665543
C1qa 13.1874316054276 7.55433160655238 5.32459983536081
Il16 10.5676116874908 5.92429938955336 5.50760483366321
Slc7a7 10.9326702827516 5.5088203023116 5.06365477138988
Srgn 13.2795222117037 7.12079524125691 5.43409028919145
Nfkbiz 12.6921044506167 8.91589330624041 5.09337938064216
Tgm2 11.6702792723547 7.75242815241739 5.72787758976437
Plek 13.0385446953369 6.60324028245133 5.8036419919072
Itgb5 13.3122301859398 9.88804766511262 4.50150727616678
Rgs1 11.3590498478886 4.84450339133577 4.59733415023437
Cd79b 8.10777669835161 4.6790522427449 4.51530170340281
Snx5 12.5419589726741 8.58036142317648 7.11025961273686
Elk3 10.4319956263106 5.96693034635686 4.79024263233902
Laptm5 13.25292607905 8.411744782315 4.01645888230568
Serinc3 10.7887820532689 7.37220266951473 6.53908947649447
Fcgr1 12.2955371160684 5.25342474656096 4.41708614072201
Slc16a6 11.5647594820405 6.96692898836458 5.60033256312099
Ccl9 11.4677327663853 5.27075137377968 4.76155301844924
Trim30a 9.81298833801394 6.39488782114098 5.4300718597108
B4galt1 11.1336165305587 7.21277432695368 5.8621383829172
Tnfrsf1b 11.7452188608572 6.81619940921801 5.9287729751227
Inpp5d 12.4577394438636 7.57251761646494 6.37354878639461
Tlr4 9.57555684780965 5.20185728974868 4.39842195113076
Pmaip1 7.97566326054479 4.5996479672045 3.98608150625102
Aif1 11.8214348072249 5.3698984132208 4.98860772557899
Syk 11.3160084368777 6.73028757489028 6.28137538690911
Klf6 12.2250639567383 8.16412700844136 6.31337977756777
Crybb1 12.2648088011919 7.23754342235751 6.45331514862026
Fcer1g 12.6718396223893 6.72827999943612 5.86934562414497
Ctsh 12.87251521366 6.06172818333316 5.36365200983048
Gpsm3 9.55595780536678 5.55012397645701 4.84172138603478
Ncf4 10.7292352869563 5.18513631171452 4.95851419857789
Lcp2 10.4089431447829 4.90453159206443 4.64034460077797
Ngp 12.7574775005176 6.33127423003964 5.41874739662076
Spi1 10.4190424481911 6.19348934111426 5.91979887083612
Csf3r 10.4683520496493 6.68183880718252 5.32005766992141
Ms4a6b 11.2554621340409 5.40002336225087 4.80027239631407
Hcls1 8.70906636115833 4.96401654006375 4.62624456367784
Pabpc1 11.1781404360411 6.46028961178009 4.45089554118655
Cebpb 11.5932508063623 7.44253767655525 6.25692789754724
Plxdc2 12.0745716973584 8.00730747948457 6.36349814402445
Cxcl10 9.72683118350032 5.52315556071512 5.15968429393984
Cysltr1 9.25437959121948 4.36130604827759 3.98169441803706
Cebpa 9.84230025530157 6.2986681797463 5.45315879645596
Cttnbp2nl 11.6991350325633 7.3574893580484 5.79917872508673
Lyl1 9.96552235514374 5.39703676949728 5.03161963754305
Ptpn18 10.3344380846283 6.59929235306286 5.78412699414701
Tlr2 11.9276981137555 5.92643062363142 5.55196368841178
Cd163 7.96377468160987 4.25040806851142 4.03324941568291
Serpine1 9.65311808101758 5.2397578394797 4.48672073112319
Mlxipl 10.5385226388773 6.55384469819819 4.85363830988824
Cd37 10.9003612304416 6.32310550641608 5.29895262598251
Map3k8 10.2772018482877 4.96652465138779 4.72605796365606
Myd88 10.6605178444686 6.72188182077929 5.71394884777381
Ccl12 10.6391731596107 4.65352789273285 4.41973546763278
Arhgap4 9.32893709991249 5.40790616204294 5.26721320228162
Pon3 9.25424963832735 4.59149465446255 4.23975667527504
Slamf9 11.1460693903532 7.78453021081635 6.23257789837653
S100a8 13.1710031765985 4.95802959676718 4.61668915913813
Il10rb 10.5493104181091 6.55118624888654 5.24303207613263
C3ar1 11.7048817822179 6.29415475597529 5.50289929020466
Fgd2 12.0963667807367 6.84702889253075 5.84450406169367
Ccl3 13.5359936909524 5.04702643939597 4.54757032369773
Ms4a6d 11.4841310922632 5.24755662566101 4.57479647768958
Ier3 13.5124048716238 7.93651293843348 7.17832677565607
Camp 12.4507582747533 5.64401736695552 5.32744476560819
Klk8 10.1827990465209 5.98995584581537 5.51986144019981
Chil3 11.4871946767607 4.49215882923004 3.93633189972719
Arap3 9.99309938625579 4.44883858391334 4.06696445463619
Tlr7 11.1537008662761 5.39934260006423 4.84863292198282
Hpgd 11.9738918982247 6.26055632446737 4.26365185746328
Slc11a1 11.3948658681908 6.6083601214549 5.4840177737334
Ccl2 9.3887194295731 5.27513052941924 4.91296894718064
Cd86 11.6527693006629 5.27841521332198 4.83407767770085
Gpr84 11.5263505075912 6.11412030097727 5.43766275681878
Tcirg1 11.2860007996333 7.9205028416381 6.77085740400601
Trim12a 8.39694276788024 4.58727825823659 4.0010645108949
Zfhx3 11.2191522315493 5.94461153408984 4.42489016744644
Slc15a3 11.3995649353571 5.58960589133672 5.26108651409334
Rel 9.43208070521036 5.57851217584706 5.18635053661551
Sla 12.4329217789332 7.87026642479893 5.69675636360882
Tgfbr1 13.5090583473981 7.83162740240502 5.85633121103185
Adcy7 11.9949098164077 7.26341305028432 5.08675920928363
Lgals9 9.69958847858634 5.94133757546682 5.11305427482134
Trem2 11.303795824757 6.67778891769777 6.34640834992161
Gna15 8.99367862824198 5.39508031402172 4.96018100059067
Birc3 10.6915102166933 6.66630735813246 5.98598640207499
Igsf6 8.83394697282607 4.37644720505341 4.13808036783696
Samsn1 8.81738530496463 4.64792612843547 4.44201440778192
Il1a 10.5376640185961 4.44817749301793 4.31045788979507
Hpgds 9.22775583355141 5.30548609368588 5.0540036241613
Naip5 11.0978070538461 4.57907209808471 4.18606122154486
Ccl4 12.6588721873418 7.32509364842589 5.86367983003298
Stat6 10.468465477124 6.31638147605352 4.91136946923065
Clec4a2 10.1399334143348 5.14543378855373 4.87181501754307
Fli1 10.1221580891138 4.26447283939859 3.855711132663
Ets1 9.52298260959165 4.90226038808172 4.28043777486501
Ptprc 12.4924457080349 4.79159192428351 4.30188575510074
Fosb 12.0153263432166 8.40813251393249 5.78346711538921
Ccr5 11.6775104276773 5.37455192554375 4.36009367588282
Il6ra 12.6762370901779 6.29481779762438 5.54412529563976
Tgif1 8.32241012578398 4.93514301266115 4.54949174375791
Pla2g15 12.3402771280608 7.88177373201052 6.53608451866956
Ifi30 11.3741036101554 6.98257249986823 5.94076324160292
H2-DMa 11.302506340632 7.71926057293115 6.27344842776805
Gpr34 12.0465417111213 4.32929356736416 3.82998060562996
Rrad 10.0218987777276 5.79520715499655 5.18634230139719
Ndel1 9.33926152391583 5.8417330279784 4.86863292306323
Rnase4 13.0645450224258 6.48042449612292 5.13485212480262
Hk2 12.2311857728962 7.51413557646851 6.15582131638103
Hfe 11.261965590755 6.71294050184901 5.68592459541934
Pik3cg 10.1391450667911 5.75227982598592 4.97326307804759
Cd84 9.79853579725004 4.72249882994243 4.49373897857741
Ly86 13.8484382572477 7.19754266844084 5.61783319629197
Vav1 10.4988780096262 4.19554347332949 4.01695861496336
Cfh 10.9189995251726 4.2786525314578 3.51647355096435
Tnfrsf13b 9.55249902249023 4.86384942067963 4.35088862839579
Hhex 10.0129558927535 5.86716646236247 5.20660077369735
Entpd1 9.36332417160173 5.42118049139589 4.19215384822651
Ptgs1 12.1460566579667 7.48239998680289 4.8916858739057
Lyz2 12.6255399097117 7.0664446920445 6.16888038688152
Ctc1 11.7381009275171 7.87174831557334 7.19085115537145
Unc93b1 11.2638153754962 7.17793737267539 6.59131337381293
Hvcn1 10.3744362140918 5.90355066946269 5.43325684347781
Edem1 10.5468048765477 6.6231647833346 4.59494325690015
Icam1 12.0835121128031 5.62847428178998 4.84378985641139
Ptbp3 11.2821230739434 7.8594904199798 6.40772990659915
Rcsd1 12.3327371826167 7.63654058963083 6.50353964222526
Tmem140 8.37653073680301 4.60895620948512 4.37541492866534
Tm6sf1 11.2414066824985 7.50809595897028 4.38303469912621
Cd177 8.34962699286364 4.51471951387455 4.09014320075624
Casp8 9.75678338176791 5.32509402123727 4.96463650288151
F11r 12.1396861374846 6.50914970426854 5.59508652690817
Ifi35 9.14048261664104 5.7266341626889 5.38593300660964
Tor4a 10.2205590701386 6.62131272008391 5.47157954605176
Lpxn 10.7275528959061 5.16615788580324 4.57391650546979
Siglec5 8.28941632201165 4.05615580158588 3.75719717874857
Fcrl1 9.22764356004362 5.57878010291055 5.17831662042738
P2ry6 11.5574667748729 4.74532286819774 4.09170173755604
H2-K1 12.7949568117272 7.83963630761636 7.37664385956967
Tgfbr2 12.4393744689228 6.84870021854681 6.21307573040986
Ceacam1 8.80282175058088 4.74231209805014 4.31389115237046
Mlph 9.57489838859243 5.79782113239224 5.13097725555648
Ncf1 8.88584686160739 5.3405148679361 4.98658556217499
Il13ra1 9.84239214017086 5.85501155555403 4.29535573679417
Adap2 10.5722797031115 5.39487736055675 5.03314838790849
Capn3 10.3369957490321 5.16411973158001 4.5878626674906
Arrb2 11.4983554070217 7.0714983124148 6.72649103675542
Pros1 11.4603712254362 7.55411564406574 4.77110900420333
Arhgap17 10.9767981793134 7.48625375819212 5.03677532814104
Trim47 10.0791566495733 6.18389845696182 5.34088922060747
Lgals3 9.11302237976578 5.75361651301752 4.73890752778669
Plcg2 11.1549584884923 7.58825579271053 7.23177429118724
Mlxip 11.0084570885722 7.62121530494824 7.32618439814045
Sash3 11.249005723635 6.89179534873877 5.59946374715915
Themis2 9.99513496121799 5.3522950792624 5.11637540486189
Mpeg1 13.5931395335038 7.19152557951397 5.81840483875213
Cd48 9.95999221182058 4.81807751290307 4.40424956985268
Akna 10.7072692564892 6.18085074143277 4.82519556609333
Fes 10.5551239260507 6.76406546637985 5.9969090900939
Cep152 9.74520694836984 5.87569450437792 5.59740963454708
Ccrl2 11.3826980615646 6.30037083585968 5.79367300707851
Lcn2 12.0118513639671 4.40778146159659 4.30463426863697
Hbb-b2 7.88283645776123 4.31253959618416 3.9654203149599
Gimap6 8.28531118681062 4.92301664998901 4.38836714679642
Myo1g 9.24155609377298 5.77991308078705 4.84725809190562
Tmem173 11.0989726590541 7.30793675926067 6.07683573470127
AF251705 11.9378287827213 7.37409936745073 6.51373279765778
Hmha1 10.4292840746509 5.99193189491925 5.17607600602711
Ebf3 8.03327435115078 4.62376718575115 4.22372861460945
Gmip 10.0312950363764 6.19952799465133 5.71211160438009
Nckap1l 11.1514517971807 6.26191191373553 5.11667411810476
Abcc3 9.68880748830503 5.78518377114359 4.99022743116315
Rhoh 10.6886747062572 5.36486193038513 4.77768147458455
1700017B05Rik 11.7630363477309 6.72164751609672 5.78077116859347
Srgap2 11.7876768649285 8.43703312623653 7.95021857757226
Lair1 10.6341607739461 5.50794075259572 4.86897646349665
P2ry12 12.3417720061336 5.54032656185173 4.77504332880356
Rnf19b 9.59453701735849 5.50894764533271 4.92746781425518
Pld4 12.0162068213804 5.98251928488016 5.40167461142425
Lrrfip1 10.7165591037594 7.21863195106142 5.35873720062613
AU020206 9.7250304187546 5.65143229549073 5.09950042028091
Fermt3 11.255187597153 4.59090900572685 3.93826479494586
Ankrd44 11.6555430067368 7.9016053762591 5.39419298001568
Kctd12 12.2024123826132 8.25214506639184 6.6504379672468
H2-Aa 10.95884712019 5.94711063278798 4.77607633186247
Fam105a 11.8141138102905 8.22736531844417 5.70651470183995
Herpud1 12.561534184029 9.14966087813483 8.24556720382932
Cd300a 9.78331319123392 5.41847776266714 4.92675995174285
Lyz1 12.291433368859 6.48953610063915 4.18798852051194
Clcf1 8.66818372368241 3.94970687141887 3.7612774775313
Adrb2 8.06163788196254 4.36829738910252 4.16921044164807
Lrrk1 9.00233842375518 5.33494052386485 4.61332058663073
Il10ra 11.9204835825207 5.11253306878657 4.80121720151486
Hexb 13.9682695694516 9.68330932806322 8.48069567467617
D530037H12Rik 10.2863068988974 6.70276862397334 4.37780283355499
Rab20 9.47961105235741 5.08110740317437 3.83360197569304
Grn 13.5694893497197 9.68118055176914 8.00865259971845
Ifitm6 9.52062006754197 5.87994596287157 5.44069543041432
D9Ertd306e 8.17933645172779 4.42686480535486 4.21022531386416
Fam46c 12.3008656779841 6.09220630641296 4.67494785064621
Pald1 10.8157904216058 6.77117303574942 6.02525168270877
Ifngr1 12.0120817823602 8.14580405122192 6.98157446980762
Anxa1 10.0891907764378 6.05517041511997 4.46284959871816
Lrmp 8.72621364395205 4.57437750497872 4.38988110814658
Olfml3 13.5589885962411 7.08560353182798 6.20499273958792
Ncf2 10.9678841319022 6.41560680066034 5.60364908501098
Il7r 9.09542824054331 5.71676622756791 4.91165214300959
Ctss 14.0972400899769 9.8077050395043 5.13817457896471
Cd53 12.647448770815 6.32437836574454 5.23240302977628
Fcgr3 13.39521832835 6.59297489894958 5.33486575225381
S100a9 12.5433488948648 5.17410896210008 4.58159717946053
Hp 9.14524736055938 5.72809521043619 5.05289691642962
Lgmn 13.3423749152836 9.85875910337557 8.11264185400819
Klf2 13.0114488593516 7.93105159197234 5.62949627491832
Fcrls 13.5094801235154 6.80687338400109 5.75875564775683
Tlr1 9.47210882993985 4.30298702055617 4.13644884072258
Selplg 13.4608296010201 7.81722564924454 6.24552391872867
Cd68 12.242490069775 6.00575026571899 4.78017405439901
Gpr65 7.84688309866013 4.31719924832359 3.83866001223404
Casp1 8.7453943640576 4.93527640732262 4.36758125057312
Csf2rb2 9.41716750216967 5.09142803132597 4.32353564663607
Atf3 13.3007390383143 8.46907362452403 4.99896095706964
C1qc 13.5863871767458 6.88920604026699 5.10399121271838
Hck 11.677853867497 5.63414824984008 4.88585892793512
Gcnt1 8.17673933531389 4.32520540421996 4.11059118692136
Casp4 9.24666718666705 4.78022621276021 4.04556527015984
Ehd4 10.2095137657382 6.23453228098222 5.05984092511221
Ly96 9.04291773410898 5.32569263569041 4.57274745560835
Lag3 9.95212609690159 6.17716447044149 5.36021779062827
Cxcl2 11.1862547067567 4.52499731356506 4.23473396048749
Ltf 12.2109361391241 7.45923033754455 6.36314566106323
Cx3cr1 12.8661645891936 6.95319187471067 5.38426116457185
H2-D1 12.6018887958776 7.82455515546188 7.35142615886092
Stab1 10.8319181809469 5.66074067841759 5.02311001820579
Il6 8.39447282799593 4.37838681852697 3.75246215808921
Pdgfb 10.784427213788 7.39798039812238 5.8847930465959
Mrc1 8.63837955832117 4.47518742273437 4.32151455025518
Itgb2 11.8272052895604 5.12425891103714 4.69366663427668
Psmb9 9.34845122497028 5.83927238027728 5.45127132788563
Ang 8.39410428367088 4.18055488956064 4.04096545930203
Sh2b2 9.22244603896785 5.43839686755687 4.68069797383937
Tyrobp 12.8882077765556 6.81060324685606 5.58947696293384
Emr1 12.7324162108168 6.9231843415491 5.84272528376831
Nrros 12.2035612900789 8.32275964826967 5.89434901389031
Tmem119 13.7062504747088 7.13958321669154 5.79442751283493
Parp14 9.29651035265735 5.79871608359282 4.94473930096536
Ttr 13.2596253146871 8.60931672067531 3.97926958574891
Havcr2 10.6395343238155 4.42711168811225 4.28609967075693
Alas2 10.1192139258561 5.59467791748772 4.79465162681346
Cmtm7 10.2158890607314 5.88197995832725 4.95888352255255
Blnk 11.7867853033936 6.97916711310739 5.11109766012994
Alox5ap 12.5576931349978 7.14478604188705 6.19104335426542
Fyb 11.7070682335866 6.70383728152816 5.91292878636028
Ctla2b 9.98817720392032 4.32893663541848 4.11086171150688
Zfp36 13.4710413836478 9.13584020531077 6.38455446166149
Abhd15 10.2572440975652 5.26589245430157 5.07083519703418
Cyba 11.7795222099381 7.37388847102631 5.16849786936227
Spata13 11.8423721764084 8.36316458983924 5.38260790027503
Ptpn6 11.5568573976642 7.60157394991811 6.46495130830281
4833441D16Rik 9.111877090883 5.6117795364294 4.84157538243932
Tec 10.1464631671626 6.75907501895174 5.49405484925185
Cd52 8.87459768254704 4.84694115338249 4.67318059059353
Irf5 10.4986359523617 6.45872458014379 5.34090827431256
Naip2 10.6906973938164 4.5756499185134 4.3566643782307
Anxa3 12.8939144704404 6.31175300766421 5.12143535759192
