Ppp1r14a 11.4589541491557 7.42916710209161 4.21923295796187
Mobp 12.719861082997 8.97097262771053 4.70994976448284
Gamt 10.8383996852427 7.29344319589299 5.97315426685574
Pdlim2 11.9391101739944 8.11773858156122 5.60303793726791
Lims2 10.9490022207706 7.47585674846633 6.72028943835412
Tspan2 12.4551748470593 8.21416700250461 4.84390924016187
Ddc 10.4874219269434 6.23853273051212 5.06104972913014
Nkx6-2 9.38673131352265 5.49438272100893 4.98099689180713
Mog 11.2678807973218 6.39188032606407 4.05632999264306
Pllp 10.9265757125602 7.55879646180577 6.82690678604468
Josd2 11.0124877156262 7.59690380363836 6.77977876857045
S1pr5 10.5568521385244 6.7450541636312 4.2232700753421
