Tnfrsf19 12.9614431656159 7.91425671955544 5.68860091988845
Fkbp10 9.41016721018573 5.66015965009857 4.82925351109616
Vcam1 12.4816675192392 8.18118631825557 3.97170984406473
Cyr61 11.1016744501914 5.7796472471778 5.20818742680264
Gldc 10.6195560343143 6.77072552239815 4.76922810698914
Glud1 13.0704105392276 9.55849270724445 8.6795717813837
Elovl2 10.5345481554953 5.43485267723495 4.21092461742233
Aldh1a1 12.5583261661241 8.56776154852303 4.64564214714516
Ppic 9.03026818175481 5.20507793583656 4.55284871214465
Lxn 12.9081048340178 9.58015749774843 6.36633300734695
Smpdl3a 12.2435887824058 8.89619561075724 5.29134598256897
Bcan 13.3287754905492 9.86972306286074 5.07308314942143
Lcat 10.9824809233372 6.62856896169032 5.42890744951668
Pdgfrb 9.84766669378371 5.06721168038777 3.99172983431771
Ntsr2 13.5684441880855 9.22297252857794 5.53528029183511
F3 12.2069413293603 7.35711407484959 4.49249834364732
Tspan7 12.2199587629975 7.97351633320968 6.74442668763496
Slc15a2 12.9496989006332 8.84529439707958 5.13254585251834
Prodh 11.9691636372262 7.31453105301863 6.26906019658936
Wwtr1 11.1517537438884 7.10850587582947 5.03886405247996
Gpld1 11.9747462478102 8.18687319110895 5.30772290056436
Entpd2 11.7608219101721 7.65300282822791 5.95452714229846
Lhx2 11.1802895014327 7.10645851189759 4.46972851436558
Fzd2 11.9098568848207 7.09393792523795 5.7142712851975
Osmr 7.8534516157794 4.51306879589924 4.08013097830931
Ptprz1 12.3815607225295 8.99996392069075 5.79323210780622
Slc38a3 12.5975051169451 7.94482807925137 6.64726344868143
Dio2 13.7439646415243 9.0663680138617 5.46436298120136
Fads2 11.4848342910614 7.70745381145962 5.78480148620385
Cyp2d22 10.8552990705605 6.1541521821414 5.22990949532343
Cyp4f14 10.7067734949371 5.87674409724923 4.87351513954973
Tmem47 10.4965712579836 6.35133958280252 4.60544189527875
Mfge8 13.8105513044973 10.1558965988637 7.57967147473059
Cyp7b1 11.1316079477238 6.89429968431843 4.54851527851229
Slc7a10 12.650632377432 6.96020761626082 6.03905199026398
Chrdl1 8.98000609008049 4.85876374800628 4.53448226969812
Fxyd1 11.8095398028271 8.08932224778941 6.69961596620637
Hapln1 8.5826902579342 5.13275956870498 3.88292290305449
Fgfr3 13.136818632434 8.39623884647468 6.20235963943315
Papss2 9.54017106968766 6.08357855724558 4.62073109651405
Phkg1 9.28863227795836 5.09836087040617 4.05725932103953
Acsbg1 12.4363624086258 7.28736421743823 5.50149651369231
Id4 13.2462581215434 9.45572835806916 5.19574794365202
Slco1c1 12.8658244149028 7.24155263899532 4.93079025090024
S1pr1 13.0563040201157 8.42396300333168 7.04843799310694
Axl 10.7966551006585 5.96528874867018 5.5839191324959
Cbs 11.2303243966133 6.78448205654024 5.59911345633735
Ccdc80 12.3624872098242 7.08324367313954 6.10356876505124
Oplah 10.8194235565085 7.20165691385259 4.70626375403693
Tmem51 10.8131865914581 7.30216696721869 6.33678100550915
Adhfe1 10.71886486577 7.13706465063605 4.61558695570556
Aldh1l1 12.309294043204 7.19151504084902 5.06573469561095
Sox9 9.59926141498746 6.1155244368916 5.35204693437517
Emp2 11.8167492498468 6.7946028066039 6.05015843711767
Aqp4 13.2344943030716 8.18641251483411 4.38033316097485
Col4a5 8.11286487078675 4.23741038253453 3.77835269366463
Ppp1r3c 12.6261422184703 8.97253152030765 5.50343997629819
Amot 11.2573014101229 7.38597907870485 5.49603881746243
Cldn10 11.7580096064742 6.89110700151723 5.37518367141469
Cth 10.7498689130988 6.30056746693266 4.60712275119658
Slc1a3 13.0492534590685 7.88743489253179 4.43200616468879
Tlcd1 12.0693106988743 7.81550088559541 5.75304454834617
Scara3 11.972788703116 7.92485761940557 4.6591139148873
Gabrg1 11.5167053669387 7.22845420598107 4.79421069608055
Ttpa 10.2345638795306 6.06543297067592 4.54791057513834
Atp1a2 12.8994520696648 8.24506743480492 4.20858393097614
Slc14a1 9.72685423916001 5.36247044322454 4.25789364197422
Btbd17 9.50531007389581 5.62238196115232 4.52328514201074
Tril 12.7758945826597 8.71038916068478 5.16422119701935
Itih5 11.3275201319304 7.42801246564991 4.32529198247905
Pla2g7 13.1881702523631 7.54478058376223 5.55371404982466
Cd38 10.4409955141749 6.2087471434466 5.13077149111736
Lrig1 10.9058695770974 6.8136432404086 4.45486868808381
AI464131 11.3037115822094 6.02518455072024 4.04083004776513
Mlc1 12.8215284529148 7.48186092641327 4.38234530599674
Gjb6 12.2385652839836 7.66965829690192 4.76532291520519
Pygm 10.0710793572613 6.35790534429534 5.48495394152333
Heph 7.58694224997363 4.24395319503273 3.85559856102256
Grin2c 12.003213684667 6.1935634549206 5.24953415910839
Cyp4f15 11.5842891990597 6.09176404465096 5.16604878986504
Slc1a2 12.272862056665 6.71775663256526 5.46310557072158
Igfbp2 11.8053293459635 6.88007583621165 5.34752028690477
