Tgfbi 10.1729708775644 6.5890273371474 4.46728421517555
Lcp1 11.8463632704423 6.49307800192316 4.29585128062289
Cd83 13.2264749464343 7.30151075885438 5.57608311607547
Sipa1 11.1257432146877 7.30485828455439 6.26774554206584
Tnfaip2 9.08145533726492 5.38208132170733 3.91068579162861
Socs3 12.8363611039744 8.16272168396026 4.05500006884798
4632428N05Rik 12.9592128362635 8.56237180354389 4.84384917730122
Spint1 10.3415667614487 6.08280119547051 5.20054911727119
Afp 8.20241684612463 3.82764564645048 3.67089608188651
Clic1 11.3846871257571 7.80579589147979 5.46578359287703
Irf8 12.5606886061131 5.64170407251557 5.20820370324152
Dnajb1 11.4072973894197 7.9179696940077 6.8117031724442
Tbxas1 9.77227819439976 6.42716461263074 5.89528580899526
Parvg 10.3224146114506 6.57176763335468 5.29695013118546
Rps6ka1 12.439882687873 8.40324632174997 7.46767404114973
Mfng 10.1100884876208 6.44231191117679 5.64898354664886
Slc40a1 11.6365802495677 6.96521468770619 5.61761600984585
C1qb 13.3846079047961 5.24986894828481 3.78858281053259
Ccl6 10.223717633042 5.11112931198959 4.03687750097553
Cd14 13.3052539164274 7.68541830179136 6.24290656912434
Pycard 11.8185468367102 6.55675224294321 5.2735654113685
C1qa 13.2380236204344 6.79000130407374 5.10418174279125
Il16 10.7022595486227 5.92793774333598 5.28638028486753
Slc7a7 11.052383619296 5.64015013577743 5.02535241764745
Srgn 13.2509970787582 7.22224592368181 5.4405569247072
Myh9 12.5865032254667 8.18378975147736 7.47754050398274
Nfkbiz 12.6860754101133 8.86888846888951 4.40821023168741
Tgm2 11.7718766956168 7.33823500156889 5.21649439078745
Plek 13.0669588958399 6.5753091415944 5.76210808065603
Rgs1 11.2541972267774 4.8842029587516 4.51502415851073
Cd79b 8.31573716498709 4.65491350267242 4.53339304815121
Snx5 12.5628056055199 8.75227820710702 6.69681972393522
Elk3 10.4901390004177 6.27312979878986 4.42251205582833
Laptm5 13.2497958585741 6.6578732652997 3.88355235233115
Slc25a37 10.6378478547555 7.2459215942655 5.97970915502034
Rgs19 10.139947557409 6.22727009315834 4.60538755768582
Serinc3 10.8737843005988 7.02836881974453 6.38539241371265
Ctsz 13.0341451754765 9.67333327755644 6.0473747883074
Fcgr1 12.3056772228307 5.01447171073074 4.42783911275859
Slc16a6 11.601886645942 7.2372272090572 5.46397912997454
Ccl9 11.5606702750711 5.2084469512932 4.81661554632411
B4galt1 11.050190662426 7.58383201580014 5.88104830494246
Tnfrsf1b 11.5849644137814 6.82792194748157 5.89004218834029
Inpp5d 12.5199395399242 7.123311597876 6.25070884141321
Tlr4 9.52419084436795 5.2180008199392 4.36962563758879
Aif1 11.8782125697407 5.32198165865579 4.87876000161269
Syk 11.2305153374971 6.93831194381258 6.13614819599375
Klf6 12.1614928848338 8.08485822485562 6.38482826294773
Crybb1 12.3010895138039 7.02220691185157 6.40394009709487
Fcer1g 12.6409109862305 6.90594050708784 5.74414291206008
Ctsh 12.8519091129382 6.58640635968129 5.20829044520919
Gpsm3 9.66649074936397 5.52735925110886 5.08392132049835
Ncf4 10.7081144474155 5.32359987127903 4.82858411981678
Ggta1 10.3145780373454 5.82954043308749 4.13438615012771
Lcp2 10.3889718130272 5.04461732271666 4.50715304055113
Ngp 12.4329204009581 6.60473272569872 5.36754472589764
Spi1 10.2850028049619 6.21554587615079 5.8165491963521
Csf3r 10.4703586336665 7.132336532324 5.2798820609712
Ms4a6b 11.1222234312687 5.11919132434588 4.75637570651165
Hcls1 8.83239317939796 4.90208198454453 4.68528756084411
Pabpc1 11.1513836653323 6.20831952153304 4.54451693457044
Skap2 11.9890479352489 8.63773887847866 6.56362938239265
Cebpb 11.6879517821222 8.16205734383938 5.82212895629828
Plxdc2 12.0633823649962 7.90232358321643 5.28574723674876
Cxcl10 9.83264446685726 5.70383248267113 5.12190325318345
Cysltr1 9.33333349087416 4.51955674708311 3.90434970023548
Cttnbp2nl 11.7204560544011 7.26386710405514 5.75215192511544
Lyl1 9.97533629065994 5.62275503145089 4.96684072227089
Ptpn18 10.4025712369028 6.981775732722 5.63920641380079
Tlr2 11.9268402473875 5.93666066273974 5.59563242128638
Cd163 7.66769719158114 4.15656175322102 3.99568016314333
Serpine1 9.52331793271942 5.59835256088354 4.64693391706607
Mlxipl 10.549742788076 6.59269101264926 5.07703036269053
Cd37 10.9048574016166 6.92156303790507 5.28101546520869
Map3k8 10.2849700718244 5.04960643980202 4.79787095769364
Myd88 10.7278217724093 6.74943289133769 5.98952360971173
Ccl12 10.5112043294489 4.65873808574273 4.34312808864997
Arhgap4 9.36525554969312 5.54259542327083 5.19503413030892
Pon3 9.20297150005047 4.65652122578698 4.20282411486175
S100a8 13.0395448654869 4.79187200629782 4.53646529546676
Il10rb 10.7116513838826 6.7348297197201 5.19247069152202
C3ar1 11.7072754362155 6.67785502130858 5.3030378128737
Fgd2 12.1304825880125 6.34701329006761 5.92563271253153
Ccl3 13.4953964323281 5.23489753465418 4.63875045897127
Ms4a6d 11.3799791784438 4.72745952553144 4.35778075498731
Ier3 13.4963591841383 8.98548875594459 7.23874527334301
Camp 12.113738407204 5.75124463346274 5.39157473974654
Klk8 10.2464469222101 5.96386879265565 5.55561128476753
Chil3 11.1159878878753 4.52036015183166 3.72300307903421
Arap3 9.86775374576886 4.51595154641458 4.00572869209663
Tlr7 11.2112407400947 5.58068690761676 4.86322428829011
Csf1r 14.0460007158016 9.27835823614889 6.8153611291603
Hpgd 12.0107499612859 6.27161809851653 4.15524704487136
Slc11a1 11.4154854568916 6.71182559695162 5.51331965607818
Ccl2 9.49866288250659 5.60949564794569 5.10989807998264
Cd86 11.6419705628058 5.5182869790124 4.78496689717974
Gpr84 11.5935377294956 6.48199532912628 5.31158009260946
Trim12a 8.5835260320544 4.49372470973109 3.9344795343443
Zfhx3 11.2942984484453 5.77702753624149 4.43979227467152
Slc15a3 11.5219827541908 5.40428270846554 5.09413346921565
Rel 9.30153835661437 5.87101505508809 5.16890259805691
Sla 12.3378861062474 7.85491091659628 5.6909169495346
Tgfbr1 13.4953964323281 7.83779360929317 5.33875682975203
Lgals9 9.80576100376818 5.81941710764977 5.25359404182944
Trem2 11.528689695107 6.83034062659901 6.18595294667372
Gna15 8.93153578094543 5.57945064081354 4.94386765775972
Birc3 10.7521481640029 6.45784485274671 5.89119602309196
Igsf6 8.68495551282954 4.3273266893174 4.11327259421299
Samsn1 8.95535277925432 4.84336991047163 4.4771907061104
Il1a 10.5450729398403 4.76893634154782 4.35963795771241
Hpgds 9.14123713383759 5.49796323409688 4.86705892098415
Naip5 11.1347547074536 4.9730925305585 4.14342210144216
Ccl4 12.7516225784521 7.69816947102217 5.89847803341972
Stat6 10.5031698578152 6.11127067300242 4.8131538235599
Clec4a2 10.1190075949126 5.20420347504275 4.852275362651
Fli1 10.0832277034328 4.15834039816498 3.79397340927789
Ets1 9.75745818736726 5.17750541616499 3.95960718853561
Ptprc 12.4215732421658 4.74611387471453 4.22029634895893
Ccr5 11.7087776692335 4.81721845695632 4.37473954915144
Il6ra 12.6405285425734 5.95750368965207 5.53952980903012
Pla2g15 12.3512186582331 8.34998834788288 6.54937572420542
Ifi30 11.4062018650154 7.30486396747774 5.92989029317043
H2-DMa 11.3395300052483 7.49021931428325 6.08299642485813
Gpr34 12.142699851518 4.26493027605034 3.98267616200637
Rrad 10.0026571297703 6.1178787035511 5.03801711813523
Rnase4 13.0771643703574 6.25965548719298 5.19187577275468
Hk2 12.3164140648536 7.51593430491791 5.84689572229942
Hfe 11.3196450739578 6.83781039705067 6.00264580843406
Pik3cg 10.1537853547168 6.145986322665 4.99519674630448
Cd84 9.96224237530016 4.76503049295807 4.30773173699662
Ly86 13.8305038298173 6.7509438986491 5.32900211888484
Vav1 10.4997459843954 4.23709754734046 3.94055478472808
Cfh 10.8438396260437 3.90928162081808 3.48233390905186
Tnfrsf13b 9.66545251361214 5.23424313236018 4.30070984675694
Hhex 10.060418644213 5.9970358622386 5.19705371376865
Entpd1 9.58873000960094 5.53306965594171 4.1472111010802
Ptgs1 12.1626150793908 8.33944029381432 4.92021947696952
Lyz2 12.5660138290276 7.35149355986475 5.93216975195296
Ctc1 11.7422487728519 7.82304845539529 7.22933572478371
Unc93b1 11.3066168079527 7.13092695775006 6.40553815446024
Cmtm6 12.2803328178186 8.82249094930795 4.74491631182674
Hvcn1 10.2856187487951 5.70530239483474 5.32775896168291
Edem1 10.5644676490564 6.88186174512219 4.57805939772295
Icam1 12.144222640413 6.38301477461085 4.83223050695832
Rcsd1 12.3223507478265 7.64566054673819 6.40058859175205
Tmem140 8.46080936763924 4.71219773537896 4.32622883905857
Cd177 8.01898297885642 4.56599852467937 4.1525090115802
Casp8 9.83591177234681 5.23896475873009 4.92085425756452
F11r 12.1638127271072 6.463047927234 5.59477098722741
Tor4a 10.4213155961976 6.87446565722581 5.59124855587601
Lpxn 10.730982217212 5.13057382872104 4.39464804917839
Siglec5 8.337886172674 4.11229878404368 3.80047224459786
Fcrl1 9.27554865404005 5.59991562643817 5.26371322219955
P2ry6 11.5909433501351 4.64063866494245 4.2783367578884
H2-K1 12.7949568117272 8.12968236290402 7.28441150517807
Tgfbr2 12.4312251246194 7.5760523285529 6.0469659578478
Ceacam1 8.73427463823456 4.85532657652942 4.38047868866568
Mlph 9.52478746573067 5.83390936742388 5.18701578577511
Ncf1 9.01873662127703 5.54075563080069 5.20759851511074
Il13ra1 9.69650941211153 5.9173410952909 4.30245750312683
Adap2 10.4876327911899 5.26812097124671 5.06046915333127
Capn3 10.437566906065 5.12073200160589 4.52270618296937
Arrb2 11.5161791808491 7.13257313567283 6.73096436206605
Pros1 11.4244912078995 7.51108118467235 4.70485913401518
Arhgap17 11.0358082941061 7.3521584759093 4.87218751455982
Trim47 10.122871565472 6.57963562655283 5.12383302390216
Sash3 11.2528818012755 6.96993432998941 5.22852786794284
Themis2 9.94919523666928 5.31167171609695 4.89617386396937
Mpeg1 13.5339312443488 7.25838805445516 5.67082582014634
Cd48 9.99176185857167 4.87181146864715 4.29088130731779
Akna 10.5978331936346 6.62715790705715 4.70451352808817
Fes 10.5840546362038 6.92782782546484 5.87123492196447
Cep152 9.68353142517718 6.09700580402894 5.61063878436374
Egr2 11.2144151601674 6.61072648135799 4.39555215510333
Ccrl2 11.4107831106411 6.48128670417151 5.7955234039274
Lcn2 11.7182561949748 4.59183750818888 4.21661089629239
Hbb-b2 7.86146929235822 4.26014834500077 3.87190807196885
AF251705 12.0057126252299 7.61880586631817 6.25985769279751
Hmha1 10.4487011332694 6.24843744226431 5.43697346527017
Gmip 10.2055870255081 6.84400454723622 5.56806703492241
Nckap1l 11.1526856630168 6.30663489679564 4.78400743566589
Abcc3 9.7509259850256 5.61066697004061 5.07724344280161
Rhoh 10.7637079698635 5.79166075622485 4.78794013842877
1700017B05Rik 11.7522974287947 7.39005125658411 5.5888032219665
Lair1 10.6612900224916 5.87582330977321 4.80062845655192
P2ry12 12.4385715566921 5.75268926553098 4.6111978649482
Rnf19b 9.65744414029616 5.54423363184975 4.79771961049298
Pld4 12.1700437011819 5.9094692137407 5.2508583247579
Lrrfip1 10.7224886700699 7.1562989167078 4.70171909367553
AU020206 9.79768698851007 5.60294242978278 5.0442452205488
Fermt3 11.4207362066657 4.58554574845689 3.91162225518744
Ankrd44 11.5679366187782 8.0654561203804 5.02762605757627
H2-Aa 11.2644036954394 5.94581164524958 4.67997003067122
Fam105a 11.8820924454901 8.31656745598144 5.87608127008804
Herpud1 12.5116726598182 9.17787235753808 7.57074945455494
Cd300a 10.0530239896872 5.48872943777646 4.82259360302433
Lyz1 12.2502412289951 6.29381706234333 4.23459265121829
Clcf1 8.68466038510135 4.02083357429262 3.68677559463673
Adrb2 8.29734945321406 4.37265497548097 4.26326265801637
Lrrk1 9.1635528470806 5.280980410434 4.6061159098951
Il10ra 11.9867649941734 5.21322786464778 4.75997558951664
Hexb 13.9214339669789 9.05270901329475 6.5439822484433
D530037H12Rik 10.4018822600769 6.99296843589082 4.51432703414864
Rab20 9.64744268247702 5.23075272957028 3.88315796754442
Grn 13.6303783372944 10.2118452987812 6.87596991251084
D9Ertd306e 8.20712585253381 4.72062399983874 4.18055085341092
Fam46c 12.2421510197398 6.37930119173494 4.60046209588386
Pald1 11.0128320429645 6.86021753820251 5.91990219107
Ifngr1 12.016051864462 8.3450908793183 7.203216415874
Anxa1 9.64055143138413 5.59019325399176 4.39938361268951
Lrmp 8.89491220593798 4.7057374818144 4.33479985034984
Olfml3 13.5644607358692 6.96664352625784 6.10994520588146
Ncf2 11.109264808914 6.30972346691813 5.50514961402233
Il7r 9.22711297999003 5.84983842568432 4.83395002866428
Ctss 14.1223387589978 7.88905286740759 4.61323467198184
Cd53 12.6270729328698 5.45558640214453 5.09487598446385
Fcgr3 13.3874319809845 6.28187270186759 5.34395129443573
S100a9 12.2965410503709 5.23631475672271 4.69944501155856
Klf2 12.9915058739807 8.86705362190387 5.58695656151802
Fcrls 13.5200887013828 6.45585397035762 5.59805338972312
Tlr1 9.55990391864875 4.51716999022657 4.13185138240741
Selplg 13.492313873689 7.69897039674322 6.07786328413167
Cd68 12.2825968841945 6.26561087016269 4.88250298837011
Gpr65 7.85611733273235 4.05182947246585 3.8010108237256
Casp1 8.72506021576845 4.78758228902645 4.31112604449317
Csf2rb2 9.46516272602394 5.02122832120616 4.53479862991662
Atf3 13.3007390383143 8.48492970336031 5.31586679137245
C1qc 13.5695399365939 6.02391632161243 5.0345433139868
Hck 11.7192724128215 5.56362581473223 4.65016759179793
Gcnt1 7.89240442650036 4.36203664540555 4.11511723225343
Casp4 9.17977855891737 4.90326764803098 4.03893630291331
Ehd4 10.2769858985773 6.89384341430678 5.34948729056141
Ly96 8.98885773803667 5.33086309168124 4.45190822695575
Lag3 9.94342037341401 6.17719027313212 5.28211778607222
Cxcl2 10.9236295592129 5.08774388927117 4.21908902279645
Ltf 11.9771261319803 7.79646183607879 5.94193510553769
Cx3cr1 12.8322911670036 6.42543582133775 5.12986982726401
H2-D1 12.6856010965553 7.99623237096705 7.1230091630312
Stab1 10.7835801182221 5.25937190661594 5.00056210809736
Il6 8.3523884587654 4.43494075574329 3.77397214812876
Mrc1 8.47267687587698 4.745453524352 4.1549180158524
Itgb2 11.8281947861841 5.14217978143044 4.5147296282456
Psmb9 9.49408509768935 5.88716624318307 5.322558517732
Ang 8.67340897437916 4.24808323933365 3.91041785337185
Sh2b2 9.32069277757714 5.445817009763 4.59475203841339
Tyrobp 12.9035612805634 6.63768095639454 5.49223469140893
Emr1 12.777781853873 7.27501859391527 5.4635515465977
Nrros 12.3519497751025 8.85678430987708 5.31494697106825
Tmem119 13.699678559052 7.02828637713732 5.67612219060248
Parp14 9.10437062254361 5.7457412161548 5.22363127371935
Ttr 13.1109777518357 6.95562335622915 3.85876135403554
Havcr2 10.710530075929 4.49638143191838 4.1839915157425
Alas2 9.97256535353661 5.45375227151531 4.84776346137597
Cmtm7 10.4036329494645 5.80431918033432 4.84741855605798
Blnk 11.8079240962002 6.89866311330709 5.05352838785839
Alox5ap 12.5749967599795 6.82584812189505 5.88416500246674
Fyb 11.7159427823204 6.19191134654673 6.00289595429027
Ctla2b 9.94438247489242 4.77013369767714 4.06846319697777
Zfp36 13.4960506681509 9.86526870874233 6.91347045364996
Abhd15 9.92497435981129 5.6196811327341 4.95610825510045
Cyba 11.7749627835735 7.08802099303639 5.04034275906581
Spata13 11.8360921296241 8.35911503767141 5.13410884852859
Ptpn6 11.3292345329635 7.60796756467417 6.43038378611102
Tec 10.1967601761071 6.80251433458582 5.61798108812976
Cd52 8.83934325002235 4.89220562721651 4.5022222167696
Irf5 10.4417221455899 6.79778609493663 5.51731308677421
Naip2 10.8151812852359 4.71485899475178 4.19448377789798
Anxa3 12.9131833282778 6.22448112170687 4.92804934113399
