Gsn 12.2004864749216 7.85098902459487 4.74200651868972
Cldn11 11.0370529721067 5.39718535116566 4.19430821794668
Lrrn1 11.158169422886 7.81875933399476 4.60148211898854
Trim59 11.314079273008 6.4840894202992 5.43145644700948
Apod 11.7639635069649 8.32300195879373 6.52921096082449
Lpar1 10.958411563688 7.3248400351024 5.8735891097759
Mal 13.7115499941548 7.30033704879599 5.07267607358461
Ppp1r14a 11.573738021238 5.00924282548723 4.2481577399977
Ugt8a 12.4820207243385 6.22013092377439 4.28212134295299
Mbp 14.1839771564303 8.88159973980685 5.63370234754926
Ndrg1 12.5807840778447 7.95892243865697 5.17221493395838
Mobp 12.7230303295907 6.43271660061434 4.8326847260011
Ptgds 11.3520472647612 7.00367887960314 5.46033657807612
Pdlim2 12.0018372713661 8.38313546985625 5.6144059314892
Lims2 10.8847031896234 7.55747437476298 6.81712472704641
Tspan2 12.5545543642145 7.90671630990746 4.98636577100943
Slain1 10.6817581828983 6.90620447377707 3.86114617590751
Sox10 12.2892202889165 8.84914134106453 6.79154814410186
Plp1 13.445805171468 9.45200955855721 4.40215526434761
Ddc 10.4721462900438 6.12876397934363 4.95795263073694
Nkx6-2 9.38452921465449 5.19000187032572 4.95526510138348
Anln 10.1883366828294 6.04646755537515 4.65919978138414
Erbb3 9.73791126952146 5.80277828016176 5.34879890745753
Plekhh1 8.3750582127971 4.91591991079646 4.40333966726484
Mog 11.3124650818172 4.38905823406766 4.02980331999338
Josd2 11.0866365563874 7.33454940471187 5.79499564471242
S1pr5 10.6806326424001 5.68781442052152 4.18161982504653
Adamts4 9.76299565310624 6.1661624221093 5.36068414234117
Mag 11.2792308658333 7.61598841716767 6.1656399768596
