Spint1 11.6518891116016 8.25410317059005 4.16436275381914
Cd14 15.0881277812882 11.4085056030554 3.28111258828678
Tlr4 11.0317574107723 7.47971137411267 1.72907462412294
Crybb1 13.7915412039293 8.73847437335344 3.86965243065768
Cttnbp2nl 8.87883912502971 5.48842175408558 1.09997647679093
Pon3 10.7415012043785 7.40315899464055 2.13833253555681
C3ar1 12.7204297002934 7.55975061772643 1.9191139078374
Fgd2 12.7508960184864 8.11464569404467 3.33610088559568
Ltc4s 11.0231381962426 6.96114135926046 2.88734775119249
Tlr7 13.2033519216098 8.32775611729224 2.18982551245347
Rab3il1 10.489116073033 5.62286099922898 1.28800070208626
Ccl2 11.6059175361301 7.35121407176405 3.57703582028181
Cd86 11.916029399746 5.97379490114377 1.72934102876898
Dst 11.1447280843955 5.93314438069873 1.88594084976327
Il1a 13.7992464133504 9.22006636300796 2.29574348123087
Ccl4 14.1591641440691 10.5610868145288 5.46837725310519
Tgfbr2 14.2113128556156 10.5177225326437 3.47336279214592
Ccr5 13.2200275105007 9.82611703188519 3.01152416030546
Gpr34 13.7060492140353 9.72097227638471 1.53528372498351
Entpd1 11.338033403695 7.70053712582477 1.97852594584152
F11r 13.6135438604943 9.68255505490728 2.5506536506045
P2ry6 13.3953363640041 8.76165842743923 1.96848389826838
Pros1 12.7760310089422 8.90414822644959 5.23376621660217
Abcc3 11.4286648326461 7.36288005945365 3.49253348895256
Lair1 12.6725347196519 7.93754977558719 4.32287059177314
P2ry12 14.4665870344514 11.0468939196848 2.33201474908111
Il10ra 13.4432896995709 8.41634162788074 1.73549425063693
Olfml3 14.6651015303204 10.0154174811667 3.4279272022546
Fcrls 15.1865534569242 10.0893632487279 4.50498033194192
Lag3 10.655916992608 6.86847981515228 2.39423193361279
Stab1 12.3964535379575 7.76391476294353 2.5524083342154
Ang 11.1928615295694 6.16838615137249 2.41947944862115
Havcr2 12.402013747959 8.83153764067482 2.43422117303386
