Cox6a2 12.8573727784199 8.37016658203328 6.77964647137229
Pvalb 13.9892153432412 9.25171867097517 4.94888030262953
Akr1c18 11.1371777875134 5.95595653841209 3.93528696080934
Tpm2 8.23381937998837 4.63120180793717 2.46224507378263
Syt2 12.1397640822774 6.78782505596818 4.0799840417022
Kcnab3 9.12991979698878 5.15906613400431 3.2366671627829
Pthlh 9.0151403209112 5.65688981562661 2.62149277634402
Moxd1 10.6147019634199 7.06491595158047 2.73647929758834
Gpr83 11.9146803724193 8.25715439647633 3.87483783696481
Kcnk3 10.2509993743004 6.10582740158152 3.35150807458926
Wif1 8.80014037358023 4.79410679936137 1.69697584305805
