Golm1 14.5043983490498 10.7751090378002 7.30112971221638
Spint1 11.6518891116016 6.98184007163443 4.77864665389286
Slc2a5 11.9974441569728 7.77828078653023 6.20010984316701
Cd14 15.0881277812882 7.83461916887712 5.96866671637514
Rgs1 13.5896768601193 6.68190368110643 4.63974800363264
Tlr4 11.0317574107723 5.22349823456314 2.27993117547258
Crybb1 13.7915412039293 6.5746228873076 4.33362389494193
Plxdc2 13.8996477516206 9.98255946958305 7.43547658197488
Cysltr1 11.0256347725584 4.66001406307375 3.90288381625137
Cttnbp2nl 8.87883912502971 4.92233645914632 1.51332721239465
Pon3 10.7415012043785 5.57787277092613 3.88882546217033
C3ar1 12.7204297002934 6.47260489145172 3.40731551945248
Fgd2 12.7508960184864 6.60796710182986 4.80697158859425
Ltc4s 11.0231381962426 5.19501529218177 3.5793300053278
Tlr7 13.2033519216098 4.99797581438727 3.14081237591995
Csf1r 15.2958067018163 7.37435364042607 5.837468674891
Rab3il1 10.489116073033 5.51408718855533 3.07694659861592
Ccl2 11.6059175361301 6.33978940899929 4.76456486914341
Cd86 11.916029399746 4.59070863848868 3.6008375377349
Tnfrsf17 8.60459414880303 4.98834710849782 3.73909252865118
Tgfbr1 8.38914891653409 4.33127357726529 2.76490807213304
Dst 11.1447280843955 4.83121917019273 3.51590340660922
Il1a 13.7992464133504 4.69756652041899 3.08658687001807
Hpgds 10.7546555828761 6.31211854955056 3.77053525251269
Ccl4 14.1591641440691 8.46442791087988 6.77826091326131
Tgfbr2 14.2113128556156 9.49704749733256 7.19631773499402
Ccr5 13.2200275105007 5.0547113442142 4.23650448315392
Pla2g15 8.89215284369139 5.28370892573488 3.55945783357235
Gpr34 13.7060492140353 4.43047538812812 2.69450039916989
Entpd1 11.338033403695 6.70044751520481 2.61108347311713
Icam1 13.7536817049972 7.32378908836258 3.03732293591356
F11r 13.6135438604943 5.99230871499081 4.3188895879657
P2ry6 13.3953363640041 4.63151888807099 2.53911953010474
Mlph 9.08328810702397 3.3716346547742 2.19393659624079
Adap2 11.7831206630109 6.19452351951792 5.57521446840017
Pros1 12.7760310089422 8.89107675284006 5.66012492336641
Ebf3 8.54968282153806 3.72016028112511 2.44290878400009
Abcc3 11.4286648326461 4.50264973754502 3.49253348895256
Lair1 12.6725347196519 7.60977012120836 5.78984914097138
P2ry12 14.4665870344514 7.27692860906374 5.54948493482765
Il10ra 13.4432896995709 3.34965758236888 2.26308247711541
Hexb 15.2176222803016 11.087168878738 8.33857956174773
Pald1 12.020136834702 7.86515030121751 4.60073508051728
Ppp1r15a 13.8238492141806 10.2946797066638 8.316183811688
Olfml3 14.6651015303204 6.72925552982514 5.47114190152347
Lgmn 14.9249446664512 11.2905311550075 9.56956474563897
Fcrls 15.1865534569242 7.36059316951887 6.05235072937762
Atf3 15.1055328625467 10.4254058607453 4.24312867044514
Lag3 10.655916992608 5.85669654576803 3.14725688100922
Cx3cr1 14.4165442072339 6.95758761629193 5.19558050371759
Stab1 12.3964535379575 5.35498630024785 3.02349110340422
Ang 11.1928615295694 4.65994908128704 3.92348707805864
Tmem119 14.833086477742 7.0232361962027 6.67651153114135
Havcr2 12.402013747959 5.54505262137964 4.19669465041643
Blnk 13.5246639167472 8.08960997461811 4.91556240754887
