Cldn11 13.3198163207992 7.59146291606166 4.75691320878917
Trim59 12.6313166421944 8.00543003045595 4.93576406175513
Mcam 9.41116497664335 5.88321612553086 3.10486358480775
Apod 13.0095172788289 9.46104867351612 5.96661376637776
Mal 15.1574782618239 9.97603052041104 2.60208237108929
Grb14 13.9356401749326 9.36104503923053 5.92243520967004
Ppp1r14a 13.0550218160831 5.79224555949091 1.12928320962365
Ugt8a 13.8882869272901 8.94718413370381 3.44769018046253
Il23a 8.80828450105593 4.84290333715906 3.69296260123215
Mbp 14.8224206439725 9.99462492655313 4.28063422146645
Ninj2 10.6870904627323 7.30838088341968 4.66049984686706
Ndrg1 13.900600519321 9.05144655794201 3.89075416334499
Mobp 14.1441059777101 8.46002222658153 3.01499946289435
Gjc3 9.18280492978141 5.71526667145844 3.48461213450851
Ptgds 12.6570513326879 8.6420126066686 6.31718569869499
Pdlim2 12.9870052227115 8.95455812604301 5.74055140193252
Lims2 12.4129049316538 7.45805168292157 5.4363664173853
Tspan2 13.9686579860056 8.79323362224499 4.16168804006683
Slain1 12.5041723493792 8.83899709513059 2.34736181082219
Sox10 13.1531846810068 7.3409964251012 3.65013721296641
Enpp3 6.80267509948705 3.19919127623666 0.592523956362829
Prkcq 11.1491100188938 7.70107567696866 4.35526646339947
Ddc 11.9520888038079 7.64783155925415 5.33923732408332
Fa2h 12.5357702739538 8.00671358721369 6.86278647459229
Nkx6-2 11.0036460088978 7.01649051052299 3.89652720392579
Tmod2 9.92537947405776 6.49712905900333 2.62510016073355
Kazn 8.92405176130786 5.00811243932181 2.58754072757613
Sh3gl3 13.8347240443404 9.88300474922164 4.25986737695955
Mela 9.71095261353712 5.11278606912919 1.28799661693291
Anln 12.4292031556993 8.74569692995969 4.68830811628792
Erbb3 10.9952354299393 7.51318004890275 6.6911333461585
Plekhh1 10.5942679624983 6.22743390711878 4.55537970288891
Gjc2 10.1597029733032 6.59776526542736 4.75905036137511
Gm98 11.77595372991 6.51057714522489 3.15472970360009
Gjb1 8.29889771616671 3.4275560696739 1.91759371493356
Mog 13.1404977560054 5.83677981190055 2.36167314325624
Pllp 12.6144723836719 7.78332056662772 5.61376233614344
Josd2 12.3830756775055 8.86334312817553 6.5394186150682
S1pr5 12.3148430365381 5.54272371370556 1.95214048118146
Tnni1 10.9118628145821 4.42479223444554 3.34923390473426
Mag 12.8581061442912 8.66793185126969 5.91525354969765
