Nusap1 9.77423811670984 6.22626241498808 5.18116098941579
Dcx 12.1039576535511 7.98461385911224 4.81161070594493
Isg20 12.0765678185315 8.36686156337759 5.18927000407186
Rsad2 13.3109135616375 9.7910425144954 5.64297489553273
Aspm 9.48903060806143 6.16390672203597 4.92920081204563
Mki67 11.8414140963639 7.26124047908645 5.15753403392474
Cenpf 9.36525893400998 5.56645978123183 4.64810715544222
Hbb-b2 11.6127918139473 7.88283645776123 3.8720724088207
Cdca7 9.80824546516877 6.39927256787733 4.9251078644379
Kif2c 8.5191585229009 5.16029982820227 4.13471388132958
Sox11 11.2750923053776 5.65988241797725 4.08470451954381
Cenpe 8.20964573013695 4.09721863731018 3.67085971766554
Gdpd3 13.5902528646468 10.0377192813758 5.56289050253595
Ccr6 11.4765667264666 7.92237564583053 5.39204583804588
Alas2 13.4464550600504 10.1192139258561 4.7992975275293
Ube2c 10.2016309337015 6.16113418508537 4.56320837258757
