Junb 11.5499826198348 8.21825212661755 4.66636259599406
Sipa1 11.028832104782 7.4135628483325 6.08339169654039
C1qb 13.3809165744448 9.82684017939656 3.77295035248997
Slc7a7 10.9326702827516 6.51618735552467 4.7990896141495
Srgn 13.2795222117037 9.72518086984642 5.20993389941639
Snx5 12.5419589726741 9.19358708557972 5.01426833896121
Fcgr1 12.2955371160684 8.41948728377507 4.35763976401736
Ccl9 11.4677327663853 7.62210304833934 4.51557948377128
Aif1 11.8214348072249 7.11808276193394 4.7560189306882
Crybb1 12.2648088011919 7.88511263218251 6.29849242930339
Fcer1g 12.6718396223893 7.70874442584053 5.45207723144723
Ctsh 12.87251521366 7.93948074349541 5.17677106475339
Ncf4 10.7292352869563 6.95444874680259 4.92894220665399
Lcp2 10.4089431447829 6.67124485227208 4.63110411877697
Ngp 12.7574775005176 9.15224223143878 5.05028670889768
Ms4a6b 11.2554621340409 6.31628119304595 4.69879031571154
Cxcl10 9.72683118350032 5.69052695391377 4.90197715415023
Cttnbp2nl 11.6991350325633 8.23066166667294 5.49386796810381
Tlr2 11.9276981137555 7.50107318726611 5.2996194150271
Cd37 10.9003612304416 7.08594802456195 5.44508051688743
Map3k8 10.2772018482877 5.32180009379889 4.62130401982187
Myd88 10.6605178444686 6.77723524319567 5.67999282729685
Ccl12 10.6391731596107 5.63390949619235 4.30114167800955
Pon3 9.25424963832735 5.89208684230226 4.22350334069156
S100a8 13.1710031765985 9.48434744715832 4.53966581902866
C3ar1 11.7048817822179 7.16430904709488 5.10081511999667
Ccl3 13.5359936909524 9.79637270717056 4.46578135019015
Ms4a6d 11.4841310922632 6.69468001479522 4.44110823532133
Camp 12.4507582747533 7.54685779038609 5.29417939795085
Chil3 11.4871946767607 7.9109032059564 3.87283088896311
Arap3 9.99309938625579 6.44014709446293 4.01254468322045
Tlr7 11.1537008662761 6.40580862501261 4.75028903857953
Slc11a1 11.3948658681908 7.83760336065953 5.28384223943574
Ccl2 9.3887194295731 5.81098430290273 5.08151097666629
Cd86 11.6527693006629 7.12784707105203 4.71105149249163
Gpr84 11.5263505075912 7.18571837043467 5.27911443336668
Trim12a 8.39694276788024 4.33101920973239 3.88310046399269
Lgals9 9.69958847858634 6.20791407777098 5.10404673934572
Igsf6 8.83394697282607 4.60252774188618 4.02522598179701
Naip5 11.0978070538461 6.57203558617211 4.11517253178718
Fli1 10.1221580891138 6.03620819844267 3.72886370991294
Il6ra 12.6762370901779 8.27214586096156 5.2938611280529
Cd84 9.79853579725004 5.76332987288284 4.36501040466521
Cfh 10.9189995251726 5.4242810857933 3.46657219477938
Ptgs1 12.1460566579667 8.79671819691338 4.55358349166049
Lyz2 12.6255399097117 9.26655444939102 6.18310384978559
Unc93b1 11.2638153754962 7.89226914931018 6.14773077650783
Edem1 10.5468048765477 6.93007732153501 4.38946008833198
Tmem140 8.37653073680301 5.03599323137519 4.19961333499094
Cd177 8.34962699286364 4.833489650221 4.03678983607146
F11r 12.1396861374846 8.2606470947784 5.60463384123097
Siglec5 8.28941632201165 4.27089155834937 3.72477535498058
P2ry6 11.5574667748729 6.38347738901593 4.34414685796605
Il13ra1 9.84239214017086 6.29389634854033 4.21470362862035
Arrb2 11.4983554070217 7.72272566069588 6.04208400794558
Pros1 11.4603712254362 7.46011673559665 4.584964823106
Trim47 10.0791566495733 6.74714041601005 4.7305879390997
Sash3 11.249005723635 7.84510498942289 5.32075704264988
Cd48 9.95999221182058 5.78745781343913 4.35358463013585
Lcn2 12.0118513639671 7.81267786584611 4.15009007590025
Rhoh 10.6886747062572 6.22339317843939 4.60237569982665
1700017B05Rik 11.7630363477309 7.02971871632224 5.51053112587396
Lair1 10.6341607739461 6.70651507882054 4.71494567505216
Pld4 12.0162068213804 8.07566530651332 5.18320907989815
Fermt3 11.255187597153 6.51111776816614 3.73138871401849
H2-Aa 10.95884712019 6.33956072151586 4.38643337553515
Clcf1 8.66818372368241 4.91977550816482 3.68124183115397
Il10ra 11.9204835825207 8.04857145901766 4.70424488230769
Rab20 9.47961105235741 5.72268449866913 3.81792240738003
Olfml3 13.5589885962411 9.78724568307741 6.08529894772786
Ncf2 10.9678841319022 7.18399478874221 5.2575735280323
Fcrls 13.5094801235154 9.54965424145219 5.27371028904815
Tlr1 9.47210882993985 5.68460262506168 3.89858322706903
Cd68 12.242490069775 7.78225941579537 4.394784980665
Hck 11.677853867497 8.21473747034521 4.87564811620696
Ltf 12.2109361391241 8.82226354848084 6.33542210181581
Stab1 10.8319181809469 6.83536063924988 4.91286289332191
Il6 8.39447282799593 4.71778231206989 3.7288788929998
Itgb2 11.8272052895604 8.17697505613979 4.50848683910261
Ang 8.39410428367088 4.38177970652998 3.93124657650025
Emr1 12.7324162108168 7.61162411448246 5.73560331776067
Nrros 12.2035612900789 8.62184591957144 5.38012755137376
Fyb 11.7070682335866 7.42856391337901 5.92724314408029
Ctla2b 9.98817720392032 6.10729286647974 4.06983998462638
Abhd15 10.2572440975652 6.52865125879171 4.68113298640264
Irf5 10.4986359523617 7.07125053368884 5.58461851859092
Naip2 10.6906973938164 5.5222353270713 4.42363130184466
Anxa3 12.8939144704404 8.03042668726479 4.9312683475276
