Golm1 14.5043983490498 10.0751301043325 6.18575789865696
Spint1 11.6518891116016 8.25410317059005 4.77864665389286
Slc2a5 11.9974441569728 6.50616429024796 5.3466960540246
Cd14 15.0881277812882 7.83461916887712 4.26734844584003
Rgs1 13.5896768601193 6.68190368110643 3.75950459286968
Tlr4 11.0317574107723 5.22349823456314 1.72907462412294
Crybb1 13.7915412039293 6.5746228873076 3.88860937809488
Plxdc2 13.8996477516206 9.98255946958305 6.73952465529939
Cysltr1 11.0256347725584 4.17348917548795 2.64625750957208
Cttnbp2nl 8.87883912502971 4.92233645914632 3.42277802926246
Pon3 10.7415012043785 5.57787277092613 3.64653270163872
C3ar1 12.7204297002934 4.54840429164082 2.46468854889446
Fgd2 12.7508960184864 5.1362643386633 3.94675622217773
Ltc4s 11.0231381962426 5.00207748233582 2.54081646485982
Tlr7 13.2033519216098 3.27873138052089 1.89435730297596
Csf1r 15.2958067018163 7.37435364042607 5.9402685002108
Rab3il1 10.489116073033 5.51408718855533 1.77116653924186
Ccl2 11.6059175361301 5.72986356879772 4.76456486914341
Cd86 11.916029399746 4.22448478820013 2.18725999556318
Tnfrsf17 8.60459414880303 4.58968196109173 3.73909252865118
Tgfbr1 8.38914891653409 4.52672216783086 0.497908911280657
Dst 11.1447280843955 3.84221893069582 2.5728349108865
Il1a 13.7992464133504 4.69756652041899 1.93467244763703
Hpgds 10.7546555828761 5.63117438041008 3.77053525251269
Ccl4 14.1591641440691 7.66380590419611 5.46837725310519
Tgfbr2 14.2113128556156 8.74436099704905 6.35193437678658
Ccr5 13.2200275105007 5.0547113442142 4.00298119036979
Pla2g15 8.89215284369139 5.28370892573488 3.55945783357235
Gpr34 13.7060492140353 4.43047538812812 2.98453811057175
Entpd1 11.338033403695 6.77581218660972 3.60481385745854
Icam1 13.7536817049972 7.32378908836258 2.65073589106313
F11r 13.6135438604943 6.66776475130178 4.3188895879657
P2ry6 13.3953363640041 4.63151888807099 2.2364818579795
Mlph 9.08328810702397 2.94268001352475 2.19393659624079
Adap2 11.7831206630109 6.19452351951792 4.60750074292614
Pros1 12.7760310089422 8.89107675284006 5.23376621660217
Ebf3 8.54968282153806 3.72016028112511 2.87140155056058
Abcc3 11.4286648326461 4.40243022607976 3.49253348895256
Lair1 12.6725347196519 7.60977012120836 4.32287059177314
P2ry12 14.4665870344514 7.27692860906374 4.82628122827935
Kctd12 14.0471029310739 10.2897581464261 7.73856582365266
Il10ra 13.4432896995709 4.27925632852441 1.69393987381682
Pald1 12.020136834702 7.86515030121751 5.16027129533746
Ppp1r15a 13.8238492141806 10.2946797066638 7.88515796961871
Olfml3 14.6651015303204 6.72925552982514 4.18684115334595
Hps4 13.4522304927609 9.73500324207529 8.72126385992518
Lgmn 14.9249446664512 11.2905311550075 7.58673948230284
Fcrls 15.1865534569242 6.63963108494763 5.07577253681405
St3gal6 11.4859449005206 7.55679817087025 5.29607191194841
Atf3 15.1055328625467 10.4254058607453 3.34323591405343
Ly96 10.571818950155 6.43141919425116 2.87855225555243
Lag3 10.655916992608 3.75053577613059 3.14725688100922
Cx3cr1 14.4165442072339 6.95758761629193 5.13492511265485
Stab1 12.3964535379575 5.40595130221349 4.58959472550491
Pdgfb 11.8011938268598 7.16899297414782 5.3886421635648
Ang 11.1928615295694 4.69272592971922 3.04450249154494
Tmem119 14.833086477742 6.76227535204577 4.75502153785155
Havcr2 12.402013747959 4.91516126254035 3.50327044314923
Mafb 10.5362240192657 4.17586002523408 2.04772833288876
Blnk 13.5246639167472 6.09388515879191 5.10220547352425
