Cldn11 13.3198163207992 8.71151331375831 5.10688833482752
Trim59 12.6313166421944 8.89648382221982 6.467358157329
Mcam 9.41116497664335 5.88321612553086 3.10486358480775
Apod 13.0095172788289 9.46104867351612 6.65669294176069
Mal 15.1574782618239 10.2154767492413 7.30225200720333
Grb14 13.9356401749326 10.0784357247982 5.92243520967004
Ppp1r14a 13.0550218160831 7.25090597174757 1.29688248622248
Sgk2 10.7054090409001 7.18823366953699 5.7373023756011
Ugt8a 13.8882869272901 8.94718413370381 3.44769018046253
Mbp 14.8224206439725 10.9397050724894 5.6981943427663
Ninj2 10.6870904627323 7.30838088341968 4.66049984686706
Ndrg1 13.900600519321 9.51522040018447 8.1649356740196
Mobp 14.1441059777101 9.60755192681111 4.17903157920354
Pdlim2 12.9870052227115 8.95455812604301 5.89577940845527
Lims2 12.4129049316538 7.45805168292157 5.62569147043228
Tspan2 13.9686579860056 9.52304285419103 4.16168804006683
Sox10 13.1531846810068 7.3409964251012 3.65013721296641
Prkcq 11.1491100188938 7.70107567696866 4.7616802726628
Ddc 11.9520888038079 7.64783155925415 5.86439027592631
Fa2h 12.5357702739538 8.85847455011868 6.86278647459229
Nkx6-2 11.0036460088978 7.01649051052299 3.89652720392579
Anln 12.4292031556993 8.74569692995969 4.68830811628792
E330034G19Rik 8.69542253089997 5.33802798707976 4.51759115091722
Erbb3 10.9952354299393 7.51318004890275 5.90108142862909
Plekhh1 10.5942679624983 6.34325648328155 4.55537970288891
Gjc2 10.1597029733032 6.59776526542736 4.76206259615614
B3gnt9-ps 9.32988297468403 5.05398190656122 1.03141029410723
Gm98 11.77595372991 7.15957354135411 3.15472970360009
Gjb1 8.29889771616671 3.4275560696739 1.91759371493356
Mog 13.1404977560054 7.19646943409217 2.52765711157469
Pllp 12.6144723836719 7.78332056662772 6.90283545626696
S1pr5 12.3148430365381 7.87572603951671 1.95214048118146
Ctsk 10.5596196343514 6.68878174715415 4.35972962833228
Tnni1 10.9118628145821 6.47192573085816 3.34923390473426
Gal3st1 12.0730682028586 7.78527195072685 6.94418065704528
Mag 12.8581061442912 8.66793185126969 7.05940072012165
