Golm1 13.1709345745481 10.9965687769496 3.76404955095059
Dusp6 12.2043335698759 10.9965687769496 3.76404955095059
Tgfbi 10.1729708775644 10.9965687769496 3.76404955095059
Spry1 10.0988742437527 10.9965687769496 3.76404955095059
Sgpl1 9.54910293773426 10.9965687769496 3.76404955095059
Junb 11.5780026398467 10.9965687769496 3.76404955095059
Plod3 11.0096799388708 10.9965687769496 3.76404955095059
Creg1 11.4502595824185 10.9965687769496 3.76404955095059
Lcp1 11.8463632704423 10.9965687769496 3.76404955095059
Txnip 13.6993914736524 10.9965687769496 3.76404955095059
Cd9 11.8962881279299 10.9965687769496 3.76404955095059
Tpst2 11.1246231388186 10.9965687769496 3.76404955095059
Hist1h1c 11.8476499855546 10.9965687769496 3.76404955095059
Cd83 13.2264749464343 10.9965687769496 3.76404955095059
Mmp2 8.84546583079709 10.9965687769496 3.76404955095059
Serpinf1 9.41188678958694 10.9965687769496 3.76404955095059
Sec61a1 8.50154787886301 10.9965687769496 3.76404955095059
Sipa1 11.1257432146877 10.9965687769496 3.76404955095059
Btg2 11.4968904593275 10.9965687769496 3.76404955095059
Tnfaip2 9.08145533726492 10.9965687769496 3.76404955095059
Plod1 9.23012146683775 10.9965687769496 3.76404955095059
Litaf 12.5127367018525 10.9965687769496 3.76404955095059
Atp6v0e 11.6557896880976 10.9965687769496 3.76404955095059
Cyfip1 12.6066769077138 10.9965687769496 3.76404955095059
Lamp2 11.6172171151883 10.9965687769496 3.76404955095059
Snx18 11.9105809619856 10.9965687769496 3.76404955095059
Ctsc 12.6065842886925 10.9965687769496 3.76404955095059
Cd82 9.38715719713112 10.9965687769496 3.76404955095059
Tubb6 9.94309885815544 10.9965687769496 3.76404955095059
Cd164 13.2504873032464 10.9965687769496 3.76404955095059
Ier2 13.4150634942812 10.9965687769496 3.76404955095059
Pnp 12.8627608953087 10.9965687769496 3.76404955095059
Nfe2l2 11.3735710823378 10.9965687769496 3.76404955095059
Socs3 12.8363611039744 10.9965687769496 3.76404955095059
Sparc 11.723215805215 10.9965687769496 3.76404955095059
Scamp2 12.0782300087712 10.9965687769496 3.76404955095059
4632428N05Rik 12.9592128362635 10.9965687769496 3.76404955095059
Spint1 10.3415667614487 10.9965687769496 3.76404955095059
Slc2a5 10.7506339487812 10.9965687769496 3.76404955095059
Afp 8.20241684612463 10.9965687769496 3.76404955095059
Clic1 11.3846871257571 10.9965687769496 3.76404955095059
Plxnb2 11.1751053377305 10.9965687769496 3.76404955095059
Irf8 12.5606886061131 10.9965687769496 3.76404955095059
Dnajb1 11.4072973894197 10.9965687769496 3.76404955095059
Mical1 8.88736256308852 10.9965687769496 3.76404955095059
Fkbp7 9.58447874704344 10.9965687769496 3.76404955095059
Tbxas1 9.77227819439976 10.9965687769496 3.76404955095059
Lrp10 10.9021865013938 10.9965687769496 3.76404955095059
Parvg 10.3224146114506 10.9965687769496 3.76404955095059
Mcl1 12.1472433486191 10.9965687769496 3.76404955095059
Rgs10 13.3912666623373 10.9965687769496 3.76404955095059
Fam107b 10.6475155947746 10.9965687769496 3.76404955095059
Rps6ka1 12.439882687873 10.9965687769496 3.76404955095059
Parp9 9.82908871348782 10.9965687769496 3.76404955095059
Npc2 12.9151308001633 10.9965687769496 3.76404955095059
Erap1 8.15112431133349 10.9965687769496 3.76404955095059
Mfng 10.1100884876208 10.9965687769496 3.76404955095059
Slc40a1 11.6365802495677 10.9965687769496 3.76404955095059
C1qb 13.3846079047961 10.9965687769496 3.76404955095059
Cyp4v3 11.0721852303594 10.9965687769496 3.76404955095059
Syngr2 11.4559121689701 10.9965687769496 3.76404955095059
Plekho1 10.6038456884602 10.9965687769496 3.76404955095059
Pmp22 12.2653168767854 10.9965687769496 3.76404955095059
Ccl6 10.223717633042 10.9965687769496 3.76404955095059
Cd14 13.3052539164274 10.9965687769496 3.76404955095059
Tnfrsf1a 11.3244537624855 10.9965687769496 3.76404955095059
Tob2 11.2284375997777 10.9965687769496 3.76404955095059
Pycard 11.8185468367102 10.9965687769496 3.76404955095059
C1qa 13.2380236204344 10.9965687769496 3.76404955095059
Il16 10.7022595486227 10.9965687769496 3.76404955095059
Slc7a7 11.052383619296 10.9965687769496 3.76404955095059
Klf4 12.698526861476 10.9965687769496 3.76404955095059
Jun 13.1567215574815 10.9965687769496 3.76404955095059
Srgn 13.2509970787582 10.9965687769496 3.76404955095059
Myh9 12.5865032254667 10.9965687769496 3.76404955095059
Nfkbiz 12.6860754101133 10.9965687769496 3.76404955095059
Tgm2 11.7718766956168 10.9965687769496 3.76404955095059
Plek 13.0669588958399 10.9965687769496 3.76404955095059
Itgb5 13.3318370523038 10.9965687769496 3.76404955095059
Elf1 9.08676867890006 10.9965687769496 3.76404955095059
Cln3 9.94836220653156 10.9965687769496 3.76404955095059
Rgs1 11.2541972267774 10.9965687769496 3.76404955095059
Tmem37 9.67735583887507 10.9965687769496 3.76404955095059
Rac2 9.75239695917386 10.9965687769496 3.76404955095059
Nfatc1 10.1057640630075 10.9965687769496 3.76404955095059
Cd79b 8.31573716498709 10.9965687769496 3.76404955095059
Snx5 12.5628056055199 10.9965687769496 3.76404955095059
Elk3 10.4901390004177 10.9965687769496 3.76404955095059
Naglu 9.26626288253695 10.9965687769496 3.76404955095059
Laptm5 13.2497958585741 10.9965687769496 3.76404955095059
Slc25a37 10.6378478547555 10.9965687769496 3.76404955095059
Ptgr1 10.0953671914278 10.9965687769496 3.76404955095059
Dok1 9.09517514267858 10.9965687769496 3.76404955095059
Serinc3 10.8737843005988 10.9965687769496 3.76404955095059
D17H6S56E-5 9.99291673904863 10.9965687769496 3.76404955095059
Ctsz 13.0341451754765 10.9965687769496 3.76404955095059
Fcgr1 12.3056772228307 10.9965687769496 3.76404955095059
Slc16a6 11.601886645942 10.9965687769496 3.76404955095059
Pdlim4 9.4700059993897 10.9965687769496 3.76404955095059
Ccl9 11.5606702750711 10.9965687769496 3.76404955095059
Trim30a 9.82440837349698 10.9965687769496 3.76404955095059
Tmem176b 13.0401808488191 10.9965687769496 3.76404955095059
B4galt1 11.050190662426 10.9965687769496 3.76404955095059
Myo9b 10.1613169450561 10.9965687769496 3.76404955095059
Tnfrsf1b 11.5849644137814 10.9965687769496 3.76404955095059
Inpp5d 12.5199395399242 10.9965687769496 3.76404955095059
Tlr4 9.52419084436795 10.9965687769496 3.76404955095059
Aif1 11.8782125697407 10.9965687769496 3.76404955095059
Il15 7.4967535230896 10.9965687769496 3.76404955095059
Lims1 11.3895886323577 10.9965687769496 3.76404955095059
Syk 11.2305153374971 10.9965687769496 3.76404955095059
Klf6 12.1614928848338 10.9965687769496 3.76404955095059
Crybb1 12.3010895138039 10.9965687769496 3.76404955095059
Fcer1g 12.6409109862305 10.9965687769496 3.76404955095059
Ctsh 12.8519091129382 10.9965687769496 3.76404955095059
Gpsm3 9.66649074936397 10.9965687769496 3.76404955095059
Ncf4 10.7081144474155 10.9965687769496 3.76404955095059
Ggta1 10.3145780373454 10.9965687769496 3.76404955095059
Lcp2 10.3889718130272 10.9965687769496 3.76404955095059
Ngp 12.4329204009581 10.9965687769496 3.76404955095059
Spi1 10.2850028049619 10.9965687769496 3.76404955095059
Atp7a 10.1404314445784 10.9965687769496 3.76404955095059
Csf3r 10.4703586336665 10.9965687769496 3.76404955095059
Ms4a6b 11.1222234312687 10.9965687769496 3.76404955095059
Hcls1 8.83239317939796 10.9965687769496 3.76404955095059
Pabpc1 11.1513836653323 10.9965687769496 3.76404955095059
Skap2 11.9890479352489 10.9965687769496 3.76404955095059
Cebpb 11.6879517821222 10.9965687769496 3.76404955095059
Plxdc2 12.0633823649962 10.9965687769496 3.76404955095059
Cxcl10 9.83264446685726 10.9965687769496 3.76404955095059
Maff 10.2395219098757 10.9965687769496 3.76404955095059
Cysltr1 9.33333349087416 10.9965687769496 3.76404955095059
Cebpa 9.88957255483431 10.9965687769496 3.76404955095059
Cttnbp2nl 11.7204560544011 10.9965687769496 3.76404955095059
Lyl1 9.97533629065994 10.9965687769496 3.76404955095059
Ptpn18 10.4025712369028 10.9965687769496 3.76404955095059
Tlr2 11.9268402473875 10.9965687769496 3.76404955095059
Cd163 7.66769719158114 10.9965687769496 3.76404955095059
Serpine1 9.52331793271942 10.9965687769496 3.76404955095059
Mlxipl 10.549742788076 10.9965687769496 3.76404955095059
Cd37 10.9048574016166 10.9965687769496 3.76404955095059
Map3k8 10.2849700718244 10.9965687769496 3.76404955095059
Myd88 10.7278217724093 10.9965687769496 3.76404955095059
Ccl12 10.5112043294489 10.9965687769496 3.76404955095059
Arhgap4 9.36525554969312 10.9965687769496 3.76404955095059
H2-Oa 8.7917936065526 10.9965687769496 3.76404955095059
Pon3 9.20297150005047 10.9965687769496 3.76404955095059
Slamf9 11.1882832385642 10.9965687769496 3.76404955095059
S100a8 13.0395448654869 10.9965687769496 3.76404955095059
Il10rb 10.7116513838826 10.9965687769496 3.76404955095059
C3ar1 11.7072754362155 10.9965687769496 3.76404955095059
Ripk1 10.1243899929041 10.9965687769496 3.76404955095059
Fgd2 12.1304825880125 10.9965687769496 3.76404955095059
Rela 11.8428094359349 10.9965687769496 3.76404955095059
Ccl3 13.4953964323281 10.9965687769496 3.76404955095059
Ms4a6d 11.3799791784438 10.9965687769496 3.76404955095059
Tnf 10.0055468588953 10.9965687769496 3.76404955095059
Was 8.0303356973264 10.9965687769496 3.76404955095059
Ier3 13.4963591841383 10.9965687769496 3.76404955095059
Nupr1 9.93831898336817 10.9965687769496 3.76404955095059
Camp 12.113738407204 10.9965687769496 3.76404955095059
Ltc4s 9.78168546230716 10.9965687769496 3.76404955095059
Klk8 10.2464469222101 10.9965687769496 3.76404955095059
Chil3 11.1159878878753 10.9965687769496 3.76404955095059
Arap3 9.86775374576886 10.9965687769496 3.76404955095059
Tlr7 11.2112407400947 10.9965687769496 3.76404955095059
Csf1r 14.0460007158016 10.9965687769496 3.76404955095059
Trim25 10.8969751411857 10.9965687769496 3.76404955095059
Hpgd 12.0107499612859 10.9965687769496 3.76404955095059
Rab3il1 10.4710400563943 10.9965687769496 3.76404955095059
Mcm3 8.92535440058905 10.9965687769496 3.76404955095059
Pttg1ip 11.4910938890536 10.9965687769496 3.76404955095059
Gdap10 8.80480802896476 10.9965687769496 3.76404955095059
Slc11a1 11.4154854568916 10.9965687769496 3.76404955095059
Ccl2 9.49866288250659 10.9965687769496 3.76404955095059
Cd86 11.6419705628058 10.9965687769496 3.76404955095059
Sat1 12.159300186165 10.9965687769496 3.76404955095059
Gpr84 11.5935377294956 10.9965687769496 3.76404955095059
Vamp8 11.9027573726861 10.9965687769496 3.76404955095059
Tcirg1 11.3257053795282 10.9965687769496 3.76404955095059
Sqrdl 11.0518617676912 10.9965687769496 3.76404955095059
Trim12a 8.5835260320544 10.9965687769496 3.76404955095059
Zfhx3 11.2942984484453 10.9965687769496 3.76404955095059
Slc15a3 11.5219827541908 10.9965687769496 3.76404955095059
Clec7a 9.36335652990378 10.9965687769496 3.76404955095059
Rel 9.30153835661437 10.9965687769496 3.76404955095059
Tsc22d3 11.4721491337919 10.9965687769496 3.76404955095059
Sla 12.3378861062474 10.9965687769496 3.76404955095059
Sema4d 9.93698943837868 10.9965687769496 3.76404955095059
Itga9 7.35656542889308 10.9965687769496 3.76404955095059
Tgfbr1 13.4953964323281 10.9965687769496 3.76404955095059
Cd2ap 10.1956964097835 10.9965687769496 3.76404955095059
Asph 11.1131392793095 10.9965687769496 3.76404955095059
Adcy7 11.9646243532397 10.9965687769496 3.76404955095059
Rbm39 10.4094928984617 10.9965687769496 3.76404955095059
Rsad2 9.55409990020448 10.9965687769496 3.76404955095059
Mrc2 8.85958477054983 10.9965687769496 3.76404955095059
Bmp2k 11.3162621163235 10.9965687769496 3.76404955095059
Gpr56 11.0473777353108 10.9965687769496 3.76404955095059
Lgals9 9.80576100376818 10.9965687769496 3.76404955095059
Bco2 8.88551273021649 10.9965687769496 3.76404955095059
Trem2 11.528689695107 10.9965687769496 3.76404955095059
Gna15 8.93153578094543 10.9965687769496 3.76404955095059
H2-M3 10.536790243709 10.9965687769496 3.76404955095059
Birc3 10.7521481640029 10.9965687769496 3.76404955095059
Igsf6 8.68495551282954 10.9965687769496 3.76404955095059
Samsn1 8.95535277925432 10.9965687769496 3.76404955095059
Il1a 10.5450729398403 10.9965687769496 3.76404955095059
Hpgds 9.14123713383759 10.9965687769496 3.76404955095059
Naip5 11.1347547074536 10.9965687769496 3.76404955095059
Ccl4 12.7516225784521 10.9965687769496 3.76404955095059
Klf3 8.44575749935971 10.9965687769496 3.76404955095059
Itpr2 10.8613975316724 10.9965687769496 3.76404955095059
Stat6 10.5031698578152 10.9965687769496 3.76404955095059
Phxr1 9.60550945602768 10.9965687769496 3.76404955095059
Tapbp 11.4240903434095 10.9965687769496 3.76404955095059
Msn 10.7217422633417 10.9965687769496 3.76404955095059
Abca1 12.0785728549459 10.9965687769496 3.76404955095059
Adam17 10.581995677351 10.9965687769496 3.76404955095059
Dapp1 10.626591308075 10.9965687769496 3.76404955095059
Clec4a2 10.1190075949126 10.9965687769496 3.76404955095059
Fli1 10.0832277034328 10.9965687769496 3.76404955095059
Ets1 9.75745818736726 10.9965687769496 3.76404955095059
Itgam 7.64683147867138 10.9965687769496 3.76404955095059
Ptprc 12.4215732421658 10.9965687769496 3.76404955095059
Fosb 11.9818678393755 10.9965687769496 3.76404955095059
Ccr5 11.7087776692335 10.9965687769496 3.76404955095059
Il6ra 12.6405285425734 10.9965687769496 3.76404955095059
Tgif1 8.50458243562559 10.9965687769496 3.76404955095059
Pla2g15 12.3512186582331 10.9965687769496 3.76404955095059
Itga6 11.5906633280243 10.9965687769496 3.76404955095059
Ifi30 11.4062018650154 10.9965687769496 3.76404955095059
H2-DMa 11.3395300052483 10.9965687769496 3.76404955095059
Zfp36l1 12.7019764996359 10.9965687769496 3.76404955095059
Gpr34 12.142699851518 10.9965687769496 3.76404955095059
Gna13 11.3045173258673 10.9965687769496 3.76404955095059
Rrad 10.0026571297703 10.9965687769496 3.76404955095059
Cr1l 11.6955153199688 10.9965687769496 3.76404955095059
Ndel1 9.26249492481989 10.9965687769496 3.76404955095059
Rhog 11.2037880767617 10.9965687769496 3.76404955095059
Rnase4 13.0771643703574 10.9965687769496 3.76404955095059
Hk2 12.3164140648536 10.9965687769496 3.76404955095059
Hfe 11.3196450739578 10.9965687769496 3.76404955095059
Naalad2 9.64837692903074 10.9965687769496 3.76404955095059
Pik3cg 10.1537853547168 10.9965687769496 3.76404955095059
Btk 9.58917222158551 10.9965687769496 3.76404955095059
Tlr3 9.63659550839082 10.9965687769496 3.76404955095059
Dock2 8.86389566600281 10.9965687769496 3.76404955095059
Prkcd 11.3607793398998 10.9965687769496 3.76404955095059
Mertk 13.0985151577591 10.9965687769496 3.76404955095059
Cd84 9.96224237530016 10.9965687769496 3.76404955095059
Ly86 13.8305038298173 10.9965687769496 3.76404955095059
Vav1 10.4997459843954 10.9965687769496 3.76404955095059
Pag1 12.6736213180298 10.9965687769496 3.76404955095059
Stt3a 9.80513059719094 10.9965687769496 3.76404955095059
Cfh 10.8438396260437 10.9965687769496 3.76404955095059
Tnfrsf13b 9.66545251361214 10.9965687769496 3.76404955095059
Cebpd 10.5744174492867 10.9965687769496 3.76404955095059
Luc7l2 10.6746402351895 10.9965687769496 3.76404955095059
Hhex 10.060418644213 10.9965687769496 3.76404955095059
Entpd1 9.58873000960094 10.9965687769496 3.76404955095059
Ptgs1 12.1626150793908 10.9965687769496 3.76404955095059
Frrs1 10.6966078261321 10.9965687769496 3.76404955095059
Lyz2 12.5660138290276 10.9965687769496 3.76404955095059
Ssfa2 10.4026641404164 10.9965687769496 3.76404955095059
Ccnl1 12.9368942943523 10.9965687769496 3.76404955095059
Galnt4 9.11869231898454 10.9965687769496 3.76404955095059
Ctc1 11.7422487728519 10.9965687769496 3.76404955095059
Edem2 10.0791389484194 10.9965687769496 3.76404955095059
Tram1 11.2818540120361 10.9965687769496 3.76404955095059
Unc93b1 11.3066168079527 10.9965687769496 3.76404955095059
Mob1a 11.6304802850351 10.9965687769496 3.76404955095059
Cmtm6 12.2803328178186 10.9965687769496 3.76404955095059
Sfpq 11.5708095722532 10.9965687769496 3.76404955095059
Tmem63a 11.3727165126659 10.9965687769496 3.76404955095059
Tmem176a 10.8465428280293 10.9965687769496 3.76404955095059
Tspan14 11.2007785813707 10.9965687769496 3.76404955095059
Lpcat3 11.4786154330381 10.9965687769496 3.76404955095059
Numa1 11.0896148678668 10.9965687769496 3.76404955095059
Abl1 11.1504066132485 10.9965687769496 3.76404955095059
Pxn 11.8612215849744 10.9965687769496 3.76404955095059
Hvcn1 10.2856187487951 10.9965687769496 3.76404955095059
Srsf7 12.1714156611169 10.9965687769496 3.76404955095059
Edem1 10.5644676490564 10.9965687769496 3.76404955095059
Icam1 12.144222640413 10.9965687769496 3.76404955095059
Ptbp3 11.2952745829932 10.9965687769496 3.76404955095059
Prkab1 10.8728158992286 10.9965687769496 3.76404955095059
Mfsd1 10.2960629557507 10.9965687769496 3.76404955095059
Rbl1 8.51194870241016 10.9965687769496 3.76404955095059
Rcsd1 12.3223507478265 10.9965687769496 3.76404955095059
Npl 10.119227368812 10.9965687769496 3.76404955095059
Tmem140 8.46080936763924 10.9965687769496 3.76404955095059
0610040J01Rik 10.8106638816197 10.9965687769496 3.76404955095059
Tm6sf1 11.273380881778 10.9965687769496 3.76404955095059
Cklf 11.3324839569912 10.9965687769496 3.76404955095059
Cd177 8.01898297885642 10.9965687769496 3.76404955095059
Casp8 9.83591177234681 10.9965687769496 3.76404955095059
Tmed5 10.4601759587631 10.9965687769496 3.76404955095059
F11r 12.1638127271072 10.9965687769496 3.76404955095059
Eva1a 8.63294613398656 10.9965687769496 3.76404955095059
Reep3 10.7593284719606 10.9965687769496 3.76404955095059
Tor4a 10.4213155961976 10.9965687769496 3.76404955095059
Ptbp1 9.02225932629817 10.9965687769496 3.76404955095059
Lpxn 10.730982217212 10.9965687769496 3.76404955095059
Siglec5 8.337886172674 10.9965687769496 3.76404955095059
Orai1 9.77379747001131 10.9965687769496 3.76404955095059
Cflar 9.90032647661365 10.9965687769496 3.76404955095059
Fcrl1 9.27554865404005 10.9965687769496 3.76404955095059
Csf1 9.80595405056766 10.9965687769496 3.76404955095059
Sppl2a 11.1847931951435 10.9965687769496 3.76404955095059
P2ry6 11.5909433501351 10.9965687769496 3.76404955095059
Wsb1 12.1955534450875 10.9965687769496 3.76404955095059
H2-K1 12.7949568117272 10.9965687769496 3.76404955095059
Tgfbr2 12.4312251246194 10.9965687769496 3.76404955095059
H2-Ab1 8.4512011309411 10.9965687769496 3.76404955095059
Ceacam1 8.73427463823456 10.9965687769496 3.76404955095059
Mlph 9.52478746573067 10.9965687769496 3.76404955095059
Ncf1 9.01873662127703 10.9965687769496 3.76404955095059
Il13ra1 9.69650941211153 10.9965687769496 3.76404955095059
Adap2 10.4876327911899 10.9965687769496 3.76404955095059
Elovl1 10.5746736199238 10.9965687769496 3.76404955095059
Akr1b10 8.35430474274704 10.9965687769496 3.76404955095059
Lrba 12.293139019726 10.9965687769496 3.76404955095059
Pld1 10.7880824610021 10.9965687769496 3.76404955095059
Pon2 9.26937417743214 10.9965687769496 3.76404955095059
Ggnbp2 8.88683207954564 10.9965687769496 3.76404955095059
Capn3 10.437566906065 10.9965687769496 3.76404955095059
Gem 8.28009388336886 10.9965687769496 3.76404955095059
Btg1 12.8272407508816 10.9965687769496 3.76404955095059
Tor1aip1 9.84392113236668 10.9965687769496 3.76404955095059
ND5 11.9712888648361 10.9965687769496 3.76404955095059
Rrbp1 12.1135184174842 10.9965687769496 3.76404955095059
Clk1 11.9971319270739 10.9965687769496 3.76404955095059
Cst3 14.3934651708334 10.9965687769496 3.76404955095059
Vwa5a 10.3690918760756 10.9965687769496 3.76404955095059
Arrb2 11.5161791808491 10.9965687769496 3.76404955095059
Pros1 11.4244912078995 10.9965687769496 3.76404955095059
Snx20 9.44398648759649 10.9965687769496 3.76404955095059
Rin2 10.1302854085197 10.9965687769496 3.76404955095059
Arhgdib 10.7800288131728 10.9965687769496 3.76404955095059
Tifa 10.6649959627868 10.9965687769496 3.76404955095059
Arhgap17 11.0358082941061 10.9965687769496 3.76404955095059
Slc46a1 9.39593470371558 10.9965687769496 3.76404955095059
Trim47 10.122871565472 10.9965687769496 3.76404955095059
Lgals3 8.71732817427299 10.9965687769496 3.76404955095059
Ddx26b 12.2655895521916 10.9965687769496 3.76404955095059
Slc25a45 10.8783954265567 10.9965687769496 3.76404955095059
Cln5 10.8301910413553 10.9965687769496 3.76404955095059
Jmjd1c 12.7042728123964 10.9965687769496 3.76404955095059
Plcg2 11.2395812321787 10.9965687769496 3.76404955095059
Mlxip 11.0131464704826 10.9965687769496 3.76404955095059
Arsg 8.21968836256545 10.9965687769496 3.76404955095059
Sash3 11.2528818012755 10.9965687769496 3.76404955095059
Themis2 9.94919523666928 10.9965687769496 3.76404955095059
Smo 8.91822177549275 10.9965687769496 3.76404955095059
Mpeg1 13.5339312443488 10.9965687769496 3.76404955095059
Xist 12.7732517233129 10.9965687769496 3.76404955095059
Cd48 9.99176185857167 10.9965687769496 3.76404955095059
Akna 10.5978331936346 10.9965687769496 3.76404955095059
2810474O19Rik 10.2420219780856 10.9965687769496 3.76404955095059
Fes 10.5840546362038 10.9965687769496 3.76404955095059
Cep152 9.68353142517718 10.9965687769496 3.76404955095059
B2m 13.2088860971046 10.9965687769496 3.76404955095059
Gsap 7.5615053421719 10.9965687769496 3.76404955095059
Ccrl2 11.4107831106411 10.9965687769496 3.76404955095059
Lcn2 11.7182561949748 10.9965687769496 3.76404955095059
Hbb-b2 7.86146929235822 10.9965687769496 3.76404955095059
Myo1g 9.04216166021584 10.9965687769496 3.76404955095059
Tmem173 11.1696407087511 10.9965687769496 3.76404955095059
AF251705 12.0057126252299 10.9965687769496 3.76404955095059
Slc44a2 11.9413160808351 10.9965687769496 3.76404955095059
Hmha1 10.4487011332694 10.9965687769496 3.76404955095059
Ebf3 7.92178463883767 10.9965687769496 3.76404955095059
Snhg5 10.2509022883748 10.9965687769496 3.76404955095059
Rreb1 9.66195512280759 10.9965687769496 3.76404955095059
Gmip 10.2055870255081 10.9965687769496 3.76404955095059
Nckap1l 11.1526856630168 10.9965687769496 3.76404955095059
Macf1 10.1063783420102 10.9965687769496 3.76404955095059
Abcc3 9.7509259850256 10.9965687769496 3.76404955095059
Rnf130 12.3284705937932 10.9965687769496 3.76404955095059
Rhoh 10.7637079698635 10.9965687769496 3.76404955095059
1700017B05Rik 11.7522974287947 10.9965687769496 3.76404955095059
2810043O03Rik 8.32709215618797 10.9965687769496 3.76404955095059
Gusb 11.4803411718158 10.9965687769496 3.76404955095059
Lair1 10.6612900224916 10.9965687769496 3.76404955095059
P2ry12 12.4385715566921 10.9965687769496 3.76404955095059
Rffl 9.95681769336364 10.9965687769496 3.76404955095059
Nfkbie 8.36904693020926 10.9965687769496 3.76404955095059
Fubp1 7.89113026849548 10.9965687769496 3.76404955095059
Epb4.1l2 12.5432840929574 10.9965687769496 3.76404955095059
Wnk1 11.4737635469995 10.9965687769496 3.76404955095059
Pld4 12.1700437011819 10.9965687769496 3.76404955095059
D15Ertd621e 10.0624486421296 10.9965687769496 3.76404955095059
Lrrfip1 10.7224886700699 10.9965687769496 3.76404955095059
AU020206 9.79768698851007 10.9965687769496 3.76404955095059
Fermt3 11.4207362066657 10.9965687769496 3.76404955095059
Znrf2 10.0659626701785 10.9965687769496 3.76404955095059
Tgif2 9.9426138283241 10.9965687769496 3.76404955095059
Plk3 11.036823711972 10.9965687769496 3.76404955095059
Ankrd44 11.5679366187782 10.9965687769496 3.76404955095059
Kctd12 12.099676793357 10.9965687769496 3.76404955095059
Derl2 10.680099364936 10.9965687769496 3.76404955095059
H2-Aa 11.2644036954394 10.9965687769496 3.76404955095059
Fam105a 11.8820924454901 10.9965687769496 3.76404955095059
Herpud1 12.5116726598182 10.9965687769496 3.76404955095059
2610528A11Rik 7.85521558302243 10.9965687769496 3.76404955095059
Cytip 8.69693750599179 10.9965687769496 3.76404955095059
Cd300a 10.0530239896872 10.9965687769496 3.76404955095059
Ppp1r14b 10.60262239368 10.9965687769496 3.76404955095059
Wipf1 10.3652831365882 10.9965687769496 3.76404955095059
Tmem179b 9.57494076147868 10.9965687769496 3.76404955095059
Lyz1 12.2502412289951 10.9965687769496 3.76404955095059
Zfp110 10.6738601357144 10.9965687769496 3.76404955095059
Clcf1 8.68466038510135 10.9965687769496 3.76404955095059
Adrb2 8.29734945321406 10.9965687769496 3.76404955095059
Hmgb2 9.04290768492065 10.9965687769496 3.76404955095059
Lrrk1 9.1635528470806 10.9965687769496 3.76404955095059
Zfp36l2 12.4004422821899 10.9965687769496 3.76404955095059
Il10ra 11.9867649941734 10.9965687769496 3.76404955095059
Hexb 13.9214339669789 10.9965687769496 3.76404955095059
D530037H12Rik 10.4018822600769 10.9965687769496 3.76404955095059
Rbm5 8.25606928937062 10.9965687769496 3.76404955095059
Rab20 9.64744268247702 10.9965687769496 3.76404955095059
Grn 13.6303783372944 10.9965687769496 3.76404955095059
Ninj1 12.3180331814826 10.9965687769496 3.76404955095059
Mavs 9.23385264584594 10.9965687769496 3.76404955095059
Bach1 11.7684659473826 10.9965687769496 3.76404955095059
Ifitm6 9.1396048659572 10.9965687769496 3.76404955095059
D9Ertd306e 8.20712585253381 10.9965687769496 3.76404955095059
C79242 8.41316050528701 10.9965687769496 3.76404955095059
Fam46c 12.2421510197398 10.9965687769496 3.76404955095059
Cox7c 7.74136635370398 10.9965687769496 3.76404955095059
Ctsd 13.8681659233396 10.9965687769496 3.76404955095059
Ctsa 12.9644748360344 10.9965687769496 3.76404955095059
Pald1 11.0128320429645 10.9965687769496 3.76404955095059
Ifngr1 12.016051864462 10.9965687769496 3.76404955095059
Ucp2 10.8156159051053 10.9965687769496 3.76404955095059
Tcn2 12.1195930224409 10.9965687769496 3.76404955095059
Tspan4 10.5961076445175 10.9965687769496 3.76404955095059
Cmtm3 10.0110497819572 10.9965687769496 3.76404955095059
Ppp1r15a 12.6593601245383 10.9965687769496 3.76404955095059
Lgals3bp 9.38516852690337 10.9965687769496 3.76404955095059
Slc15a4 11.356384012252 10.9965687769496 3.76404955095059
Dhrs3 10.8328899765314 10.9965687769496 3.76404955095059
Lrmp 8.89491220593798 10.9965687769496 3.76404955095059
Olfml3 13.5644607358692 10.9965687769496 3.76404955095059
Pla2g4a 9.55730250855793 10.9965687769496 3.76404955095059
Ncf2 11.109264808914 10.9965687769496 3.76404955095059
Il7r 9.22711297999003 10.9965687769496 3.76404955095059
Ctss 14.1223387589978 10.9965687769496 3.76404955095059
Cd53 12.6270729328698 10.9965687769496 3.76404955095059
Fcgr3 13.3874319809845 10.9965687769496 3.76404955095059
Hps4 12.4456398299555 10.9965687769496 3.76404955095059
Lrp1 11.092810317946 10.9965687769496 3.76404955095059
S100a9 12.2965410503709 10.9965687769496 3.76404955095059
Dusp1 14.1813580097059 10.9965687769496 3.76404955095059
Lgmn 13.4068999504885 10.9965687769496 3.76404955095059
Klf2 12.9915058739807 10.9965687769496 3.76404955095059
Fcrls 13.5200887013828 10.9965687769496 3.76404955095059
Trip6 9.31751803635675 10.9965687769496 3.76404955095059
Tlr1 9.55990391864875 10.9965687769496 3.76404955095059
Rhob 13.3993450977518 10.9965687769496 3.76404955095059
Selplg 13.492313873689 10.9965687769496 3.76404955095059
Cd1d1 7.73376427805144 10.9965687769496 3.76404955095059
Cd68 12.2825968841945 10.9965687769496 3.76404955095059
Gpr65 7.85611733273235 10.9965687769496 3.76404955095059
Ebi3 9.38512048892932 10.9965687769496 3.76404955095059
Casp1 8.72506021576845 10.9965687769496 3.76404955095059
Csf2rb2 9.46516272602394 10.9965687769496 3.76404955095059
Atf3 13.3007390383143 10.9965687769496 3.76404955095059
C1qc 13.5695399365939 10.9965687769496 3.76404955095059
Chst7 11.0545300964632 10.9965687769496 3.76404955095059
Hck 11.7192724128215 10.9965687769496 3.76404955095059
Gcnt1 7.89240442650036 10.9965687769496 3.76404955095059
Casp4 9.17977855891737 10.9965687769496 3.76404955095059
Ly96 8.98885773803667 10.9965687769496 3.76404955095059
Lag3 9.94342037341401 10.9965687769496 3.76404955095059
Cxcl2 10.9236295592129 10.9965687769496 3.76404955095059
Ltf 11.9771261319803 10.9965687769496 3.76404955095059
Cx3cr1 12.8322911670036 10.9965687769496 3.76404955095059
H2-D1 12.6856010965553 10.9965687769496 3.76404955095059
Stab1 10.7835801182221 10.9965687769496 3.76404955095059
Evi2a 12.5801879760248 10.9965687769496 3.76404955095059
Il6 8.3523884587654 10.9965687769496 3.76404955095059
Mrc1 8.47267687587698 10.9965687769496 3.76404955095059
Cbl 10.6935557955462 10.9965687769496 3.76404955095059
Cd33 8.91751905662005 10.9965687769496 3.76404955095059
Hps3 10.6281605531013 10.9965687769496 3.76404955095059
Itgb2 11.8281947861841 10.9965687769496 3.76404955095059
Rgl2 11.0627483576315 10.9965687769496 3.76404955095059
Adamts1 11.3973807177838 10.9965687769496 3.76404955095059
Ang 8.67340897437916 10.9965687769496 3.76404955095059
Sh2b2 9.32069277757714 10.9965687769496 3.76404955095059
Tyrobp 12.9035612805634 10.9965687769496 3.76404955095059
Ptplad2 9.63817330010533 10.9965687769496 3.76404955095059
Slc29a3 11.6835560124248 10.9965687769496 3.76404955095059
Vasp 10.5290974508756 10.9965687769496 3.76404955095059
Pbxip1 10.3716503756831 10.9965687769496 3.76404955095059
Emr1 12.777781853873 10.9965687769496 3.76404955095059
Nrros 12.3519497751025 10.9965687769496 3.76404955095059
Tmem119 13.699678559052 10.9965687769496 3.76404955095059
Pnpla7 10.5843197435089 10.9965687769496 3.76404955095059
Slc46a3 9.85031592896195 10.9965687769496 3.76404955095059
Parp14 9.10437062254361 10.9965687769496 3.76404955095059
Ttr 13.1109777518357 10.9965687769496 3.76404955095059
Havcr2 10.710530075929 10.9965687769496 3.76404955095059
Alas2 9.97256535353661 10.9965687769496 3.76404955095059
Cmtm7 10.4036329494645 10.9965687769496 3.76404955095059
Mafb 10.9849900615298 10.9965687769496 3.76404955095059
Apobec1 9.7227717478305 10.9965687769496 3.76404955095059
Blnk 11.8079240962002 10.9965687769496 3.76404955095059
Tmcc3 9.16895367720384 10.9965687769496 3.76404955095059
Notch2 11.035203297165 10.9965687769496 3.76404955095059
Alox5ap 12.5749967599795 10.9965687769496 3.76404955095059
Fyb 11.7159427823204 10.9965687769496 3.76404955095059
Sepp1 13.725757445204 10.9965687769496 3.76404955095059
Kdm2b 11.0048236173497 10.9965687769496 3.76404955095059
Sall3 9.56740794423544 10.9965687769496 3.76404955095059
Slc37a2 8.79282849614854 10.9965687769496 3.76404955095059
Zfp36 13.4960506681509 10.9965687769496 3.76404955095059
Abhd15 9.92497435981129 10.9965687769496 3.76404955095059
Lmo2 12.1717394598769 10.9965687769496 3.76404955095059
Cyba 11.7749627835735 10.9965687769496 3.76404955095059
Spata13 11.8360921296241 10.9965687769496 3.76404955095059
Wasf2 12.4660305697947 10.9965687769496 3.76404955095059
Scarb2 11.7293389223241 10.9965687769496 3.76404955095059
Ptpn6 11.3292345329635 10.9965687769496 3.76404955095059
4833441D16Rik 9.33372525445037 10.9965687769496 3.76404955095059
Tec 10.1967601761071 10.9965687769496 3.76404955095059
Cd52 8.83934325002235 10.9965687769496 3.76404955095059
Irf5 10.4417221455899 10.9965687769496 3.76404955095059
Wdr81 11.507769957771 10.9965687769496 3.76404955095059
Klrd1 7.52307482814316 10.9965687769496 3.76404955095059
Naip2 10.8151812852359 10.9965687769496 3.76404955095059
Anxa3 12.9131833282778 10.9965687769496 3.76404955095059
