Pvalb 11.6455776455751 8.10108868336794 6.11348544258704
Sst 14.2070854438921 8.04370329811847 6.09732501943571
Npy 13.2570737102573 7.88264407253904 5.67548227827401
Lgals1 12.228192469399 8.5110860653911 4.86232664275579
Col19a1 10.6142094382244 4.90761099835999 4.1122700622198
Lhx6 10.7645689637568 5.90787039957157 5.16668226921691
Rab3b 11.3610237894092 6.95459106371978 5.60511933871419
Slc32a1 12.6183965490872 7.63601792072458 5.0033359734507
Pnoc 10.2895810318256 5.80261620029751 5.49444409514557
Olfm3 11.9149080863304 8.2272395509272 4.95145675160302
Kcnmb2 10.3439575353129 6.54959350015836 5.42355134920226
Rpp25 9.80555655979108 5.84004099055547 4.52483589599091
Reln 13.5859167314174 8.11528963868112 5.76781896272174
Grpr 9.98510693853522 5.90698979827854 4.96839208771606
Klf5 9.9494553254179 6.10116787138942 5.50290990989235
Rgs8 11.7839643453945 8.17126257234126 4.89239832472367
