Tnfrsf19 12.1156697239951 7.53856233351246 5.68339683663098
Vcam1 11.9160797964727 8.28232648338617 5.04014652277177
Cyr61 10.1177044550445 5.80905711024029 5.28958186558426
Elovl2 9.83895831865411 5.54497780625136 4.345868872169
Pdgfrb 9.71629560913977 5.17409182024775 4.76225773973134
Ntsr2 13.6055748398178 9.31919805005687 5.58918420367047
F3 11.9474319451514 7.3351496899198 5.43955562587948
Fmo1 10.4550000631851 6.14632078337552 5.73772352482539
Slc15a2 12.4237797743405 8.88983403286968 6.62585539697154
Prodh 11.3932900135866 7.32128974939284 6.5884551043211
Gpld1 12.3135701271047 8.32605796546298 5.48774260337228
Entpd2 11.4902850369583 7.54373541336895 6.02303731557629
Fzd2 11.0958067545779 6.7610538343235 5.41095229947616
Ptprz1 12.0564337659456 6.57411608590863 4.26755069094635
Slc38a3 11.8553876765167 7.64913611558096 6.6513632110678
Dio2 12.3177001399104 8.59776638277128 5.62421153196209
Cyp2d22 10.8365481139835 6.31358519895291 5.49711348094178
Cyp4f14 9.67489580591138 6.0263596304588 4.76364203252385
Gabrb1 12.8510975140561 9.03886329067541 5.87581026775484
Tmem47 10.6592460772236 6.43133201812493 4.79209737830817
Cyp7b1 10.6279033013097 6.94410923830011 4.44375775027275
Slc7a10 12.2900981803109 7.10910428714118 6.08796739355356
Fgfr3 13.0445492374123 8.585855690737 6.61150256798053
Atp1b2 13.2020952683659 9.20973706165799 6.39293019786014
Zbtb20 12.0027392694898 8.56965950386791 7.17300004293124
Igfbp5 11.305619647262 6.95974717295262 5.24231645614223
Phkg1 8.90994630130679 5.13972504345318 4.25301067240774
Acsbg1 12.1437391983005 7.50684228584878 5.9895517652976
Slco1c1 12.6736146753653 7.26087201924723 4.79003655203734
S1pr1 12.261631814222 8.48187934976983 6.09172538118214
Ncan 11.5710807168993 7.86027124315498 5.4259098685396
Cbs 10.5584146556914 6.85511670089438 5.77851015661185
Aldh1l1 11.6109010833616 7.2448918549792 5.07929748800235
Aldoc 11.7750983992992 7.77917546633914 5.28035061837025
Egfr 9.21767320344795 5.0256669321641 4.832878355066
Emp2 10.8755551545408 6.87123265441663 6.6281907982233
Aqp4 12.9483666417877 8.55693333810151 4.64886897400818
Col4a5 7.75846706425486 4.08531194193919 3.84340884865345
Amot 11.1599181191627 7.25146726513863 5.41240953190396
Cldn10 10.9023686731994 6.9597147700068 5.5643019713366
Slc1a3 12.472434147682 8.03205064638754 4.84225139518996
Tlcd1 11.8398312913122 7.87093565806854 5.80420336577983
Scara3 11.0956687038331 6.97186044073172 4.7179147984649
Atp1a2 12.6890236469513 8.40733061849813 4.91085037669451
Slc14a1 9.37407469070602 5.41372567659541 4.63125595418614
Tril 12.7808449547726 8.78031396935503 5.0842856135487
Itih5 10.93068630591 7.13473649469446 6.50812433399802
Lrig1 11.1543627448314 7.3586555670827 4.47336382714762
AI464131 10.4927876247177 6.0525202372192 4.12114563277672
Mlc1 12.2348830805864 7.6499086537543 4.42727209763104
Gjb6 12.0328702999436 7.79413215071722 4.74807908865654
Grin2c 10.8357165985743 6.30211819030978 5.29118274338158
Cyp4f15 10.907872911598 6.04811464525073 5.31781258761767
Ezr 11.6214002183063 7.72374337445308 5.36614894335691
Slc1a2 11.0991054003123 6.67240554797528 5.4595288975824
Igfbp2 10.8035894005494 7.06013641522064 6.3311099129588
