Golm1 13.2228620208301 8.8822049508935 6.86418370089403
Spint1 10.3620651308772 5.39596378198914 5.29777748229373
Slc2a5 10.8269977023283 6.63854237340678 6.4318810668009
Cd14 13.2049355321198 7.77803901450155 5.85599846329792
Rgs1 11.2389184048195 5.42704257120295 4.56164199015838
Tlr4 9.52232042614701 4.93731749006211 4.45160291316917
Crybb1 12.3115090947672 7.0369741650451 6.56099354511835
Plxdc2 12.0373438315815 8.32062832398114 7.95334064835007
Cysltr1 9.30853545628386 4.42608179068834 3.98269101406443
Cttnbp2nl 11.7749257015414 7.31482515518724 5.81918808883851
Pon3 9.21728037726349 4.79486462072501 4.31493577531712
C3ar1 11.7076857580746 5.69658220225341 5.32117345523935
Fgd2 12.1429079203943 6.52741436845071 5.92091357693895
Tlr7 11.2467305035447 5.00753081776222 4.88265411551584
Csf1r 14.1286628029754 8.74610698398716 8.30144613630875
Rab3il1 10.4586338104096 6.82845776150798 6.52975999389049
Ccl2 9.47485160075847 5.34931724209882 5.25510174123789
Cd86 11.7021853869334 5.14561287153258 4.84686602108648
Tgfbr1 13.5150074612029 8.02923632233552 7.22262609949384
Trem2 11.5107699836761 6.68690021880057 6.34006721866715
Il1a 10.5667123595673 4.60888876968017 4.02914064364812
Hpgds 9.22812608726862 5.26086367756394 5.03465818441158
Ccl4 12.7931968542229 6.62677205780766 5.9532916090113
Ccr5 11.7268922023947 4.88544890238812 4.73318309880503
Pla2g15 12.362051934196 7.49814749898646 6.34736798136588
Gpr34 12.1230255978837 4.51374999285442 4.00661090740465
Entpd1 9.42916624211941 5.33947532158329 4.46557886438687
Icam1 12.1225355815481 6.24741780552009 4.58581925609333
F11r 12.1524301985122 6.08519340441245 5.70155535334428
P2ry6 11.6007828884257 4.80503195559899 4.60825898173462
Tgfbr2 12.4940909992134 7.41235479628507 6.14509291792022
Mlph 9.56090364861037 5.41524780272197 5.18425092025517
Adap2 10.5190230284243 5.485495722798 5.27183881585172
Pros1 11.4599370629849 7.35928816942016 5.83540599447641
Lair1 10.6853337756812 5.75013218621504 4.84602339270356
P2ry12 12.4857705176685 6.1430236152059 4.44997199681308
Kctd12 12.1759928184299 8.04918396870048 6.83708335110496
Il10ra 11.995013072368 5.02222915394656 4.88050197918749
Hexb 13.9488375321006 9.54756598277765 9.02910952910303
Pald1 10.9649747165284 7.16894467575047 6.06998240679664
Olfml3 13.5701536207402 6.57703089583221 6.42490707068874
Fcrls 13.5915552698062 6.28673144956982 5.67506269170876
Atf3 13.2668149520329 8.78363863210955 5.32102973293804
Ly96 9.08131747851202 5.35500034705882 4.29193289660594
Lag3 9.96584406079397 5.74777218765069 5.37983085798475
Cx3cr1 12.8753622126755 6.11778162198486 5.54134247536771
Stab1 10.8270009561861 5.44361869040806 5.24131254857932
Pdgfb 10.756040825492 6.20012862346223 5.86690242255647
Ang 8.53150632095638 4.18106613274797 4.06859977914121
Tmem119 13.7487452460203 6.71336632073469 5.94287641715067
Havcr2 10.6655567140622 4.52704882096458 4.23852887545404
Mafb 10.9945535647202 6.48029691594371 6.08372098161421
Blnk 11.7974047378067 5.88607105025704 5.41156473232038
