Golm1 13.1709345745481 10.2787637437864 3.78384791291684
Mrpl52 8.75688181591619 10.2787637437864 3.78384791291684
Dusp6 12.2043335698759 10.2787637437864 3.78384791291684
Junb 11.5780026398467 10.2787637437864 3.78384791291684
Lcp1 11.8463632704423 10.2787637437864 3.78384791291684
Txnip 13.6993914736524 10.2787637437864 3.78384791291684
Cotl1 13.0176014199206 10.2787637437864 3.78384791291684
Klf10 10.1153774463127 10.2787637437864 3.78384791291684
Cd34 10.5911587485583 10.2787637437864 3.78384791291684
Tpst2 11.1246231388186 10.2787637437864 3.78384791291684
Cd83 13.2264749464343 10.2787637437864 3.78384791291684
Fkbp5 11.3757997333897 10.2787637437864 3.78384791291684
Serpinf1 9.41188678958694 10.2787637437864 3.78384791291684
Sipa1 11.1257432146877 10.2787637437864 3.78384791291684
Rpl37a 11.1355259013217 10.2787637437864 3.78384791291684
Coro1a 12.6004028717715 10.2787637437864 3.78384791291684
Tnfaip2 9.08145533726492 10.2787637437864 3.78384791291684
Ctsc 12.6065842886925 10.2787637437864 3.78384791291684
Tubb6 9.94309885815544 10.2787637437864 3.78384791291684
Ier2 13.4150634942812 10.2787637437864 3.78384791291684
4632428N05Rik 12.9592128362635 10.2787637437864 3.78384791291684
Spint1 10.3415667614487 10.2787637437864 3.78384791291684
Slc2a5 10.7506339487812 10.2787637437864 3.78384791291684
Afp 8.20241684612463 10.2787637437864 3.78384791291684
Fbl 11.0131825400986 10.2787637437864 3.78384791291684
Irf8 12.5606886061131 10.2787637437864 3.78384791291684
Parvg 10.3224146114506 10.2787637437864 3.78384791291684
Rgs10 13.3912666623373 10.2787637437864 3.78384791291684
Rps6ka1 12.439882687873 10.2787637437864 3.78384791291684
Trpv2 10.5912774798385 10.2787637437864 3.78384791291684
Sirpa 12.4962163654576 10.2787637437864 3.78384791291684
Mfng 10.1100884876208 10.2787637437864 3.78384791291684
Bid 9.46870042456916 10.2787637437864 3.78384791291684
Slc40a1 11.6365802495677 10.2787637437864 3.78384791291684
C1qb 13.3846079047961 10.2787637437864 3.78384791291684
Rpl22l1 11.3719371022214 10.2787637437864 3.78384791291684
Plekho1 10.6038456884602 10.2787637437864 3.78384791291684
Ccl6 10.223717633042 10.2787637437864 3.78384791291684
Cd14 13.3052539164274 10.2787637437864 3.78384791291684
Pycard 11.8185468367102 10.2787637437864 3.78384791291684
Il16 10.7022595486227 10.2787637437864 3.78384791291684
Slc7a7 11.052383619296 10.2787637437864 3.78384791291684
Srgn 13.2509970787582 10.2787637437864 3.78384791291684
Myh9 12.5865032254667 10.2787637437864 3.78384791291684
Ctsb 11.5122543783846 10.2787637437864 3.78384791291684
Tgm2 11.7718766956168 10.2787637437864 3.78384791291684
Plek 13.0669588958399 10.2787637437864 3.78384791291684
Itgb5 13.3318370523038 10.2787637437864 3.78384791291684
Eif4ebp1 8.82237668766226 10.2787637437864 3.78384791291684
Rgs1 11.2541972267774 10.2787637437864 3.78384791291684
Camk1 9.85042383776096 10.2787637437864 3.78384791291684
Ier5 13.0591463203827 10.2787637437864 3.78384791291684
Rac2 9.75239695917386 10.2787637437864 3.78384791291684
Cd79b 8.31573716498709 10.2787637437864 3.78384791291684
Snx5 12.5628056055199 10.2787637437864 3.78384791291684
Elk3 10.4901390004177 10.2787637437864 3.78384791291684
Ralb 10.0765623740964 10.2787637437864 3.78384791291684
Slc25a37 10.6378478547555 10.2787637437864 3.78384791291684
Rgs19 10.139947557409 10.2787637437864 3.78384791291684
Serinc3 10.8737843005988 10.2787637437864 3.78384791291684
D17H6S56E-5 9.99291673904863 10.2787637437864 3.78384791291684
Fcgr1 12.3056772228307 10.2787637437864 3.78384791291684
Slc7a8 10.2500860624308 10.2787637437864 3.78384791291684
Ccl9 11.5606702750711 10.2787637437864 3.78384791291684
Trim30a 9.82440837349698 10.2787637437864 3.78384791291684
B4galt1 11.050190662426 10.2787637437864 3.78384791291684
Tnfrsf1b 11.5849644137814 10.2787637437864 3.78384791291684
Inpp5d 12.5199395399242 10.2787637437864 3.78384791291684
Tlr4 9.52419084436795 10.2787637437864 3.78384791291684
Ptp4a3 10.0928968892893 10.2787637437864 3.78384791291684
Aif1 11.8782125697407 10.2787637437864 3.78384791291684
Syk 11.2305153374971 10.2787637437864 3.78384791291684
Klf6 12.1614928848338 10.2787637437864 3.78384791291684
Mknk2 10.9559680185081 10.2787637437864 3.78384791291684
Crybb1 12.3010895138039 10.2787637437864 3.78384791291684
Fcer1g 12.6409109862305 10.2787637437864 3.78384791291684
Ctsh 12.8519091129382 10.2787637437864 3.78384791291684
Gpsm3 9.66649074936397 10.2787637437864 3.78384791291684
Ncf4 10.7081144474155 10.2787637437864 3.78384791291684
Ggta1 10.3145780373454 10.2787637437864 3.78384791291684
Etv3 10.4081045115536 10.2787637437864 3.78384791291684
Lcp2 10.3889718130272 10.2787637437864 3.78384791291684
Ngp 12.4329204009581 10.2787637437864 3.78384791291684
Spi1 10.2850028049619 10.2787637437864 3.78384791291684
Csf3r 10.4703586336665 10.2787637437864 3.78384791291684
Ms4a6b 11.1222234312687 10.2787637437864 3.78384791291684
Hcls1 8.83239317939796 10.2787637437864 3.78384791291684
Pabpc1 11.1513836653323 10.2787637437864 3.78384791291684
Acsl4 9.87228290507521 10.2787637437864 3.78384791291684
Cxcl10 9.83264446685726 10.2787637437864 3.78384791291684
Maff 10.2395219098757 10.2787637437864 3.78384791291684
Cysltr1 9.33333349087416 10.2787637437864 3.78384791291684
Cebpa 9.88957255483431 10.2787637437864 3.78384791291684
Cttnbp2nl 11.7204560544011 10.2787637437864 3.78384791291684
Lyl1 9.97533629065994 10.2787637437864 3.78384791291684
Ptpn18 10.4025712369028 10.2787637437864 3.78384791291684
Tlr2 11.9268402473875 10.2787637437864 3.78384791291684
Serpine1 9.52331793271942 10.2787637437864 3.78384791291684
Cd37 10.9048574016166 10.2787637437864 3.78384791291684
Map3k8 10.2849700718244 10.2787637437864 3.78384791291684
Rgs2 12.8270914592276 10.2787637437864 3.78384791291684
Myd88 10.7278217724093 10.2787637437864 3.78384791291684
Ccl12 10.5112043294489 10.2787637437864 3.78384791291684
Arhgap4 9.36525554969312 10.2787637437864 3.78384791291684
H2-Oa 8.7917936065526 10.2787637437864 3.78384791291684
Pon3 9.20297150005047 10.2787637437864 3.78384791291684
Slamf9 11.1882832385642 10.2787637437864 3.78384791291684
S100a8 13.0395448654869 10.2787637437864 3.78384791291684
Il10rb 10.7116513838826 10.2787637437864 3.78384791291684
C3ar1 11.7072754362155 10.2787637437864 3.78384791291684
Fgd2 12.1304825880125 10.2787637437864 3.78384791291684
Ccl3 13.4953964323281 10.2787637437864 3.78384791291684
Ms4a6d 11.3799791784438 10.2787637437864 3.78384791291684
Tnf 10.0055468588953 10.2787637437864 3.78384791291684
Was 8.0303356973264 10.2787637437864 3.78384791291684
Ier3 13.4963591841383 10.2787637437864 3.78384791291684
Nupr1 9.93831898336817 10.2787637437864 3.78384791291684
Camp 12.113738407204 10.2787637437864 3.78384791291684
Klk8 10.2464469222101 10.2787637437864 3.78384791291684
Actb 12.5645790625352 10.2787637437864 3.78384791291684
Chil3 11.1159878878753 10.2787637437864 3.78384791291684
Arap3 9.86775374576886 10.2787637437864 3.78384791291684
Tlr7 11.2112407400947 10.2787637437864 3.78384791291684
Hpgd 12.0107499612859 10.2787637437864 3.78384791291684
Rab3il1 10.4710400563943 10.2787637437864 3.78384791291684
Slc11a1 11.4154854568916 10.2787637437864 3.78384791291684
Ccl2 9.49866288250659 10.2787637437864 3.78384791291684
Cd86 11.6419705628058 10.2787637437864 3.78384791291684
Gpr84 11.5935377294956 10.2787637437864 3.78384791291684
Vamp8 11.9027573726861 10.2787637437864 3.78384791291684
Tcirg1 11.3257053795282 10.2787637437864 3.78384791291684
Trim12a 8.5835260320544 10.2787637437864 3.78384791291684
Zfhx3 11.2942984484453 10.2787637437864 3.78384791291684
Slc15a3 11.5219827541908 10.2787637437864 3.78384791291684
Clec7a 9.36335652990378 10.2787637437864 3.78384791291684
Rel 9.30153835661437 10.2787637437864 3.78384791291684
Tsc22d3 11.4721491337919 10.2787637437864 3.78384791291684
Gdi2 8.09982445011505 10.2787637437864 3.78384791291684
Sla 12.3378861062474 10.2787637437864 3.78384791291684
Tgfbr1 13.4953964323281 10.2787637437864 3.78384791291684
Asph 11.1131392793095 10.2787637437864 3.78384791291684
Ivns1abp 12.7182126498181 10.2787637437864 3.78384791291684
Adcy7 11.9646243532397 10.2787637437864 3.78384791291684
Rbm39 10.4094928984617 10.2787637437864 3.78384791291684
Mef2c 11.5742405985012 10.2787637437864 3.78384791291684
Mrc2 8.85958477054983 10.2787637437864 3.78384791291684
Bmp2k 11.3162621163235 10.2787637437864 3.78384791291684
Lgals9 9.80576100376818 10.2787637437864 3.78384791291684
Trem2 11.528689695107 10.2787637437864 3.78384791291684
Cited2 11.544533489924 10.2787637437864 3.78384791291684
Gna15 8.93153578094543 10.2787637437864 3.78384791291684
H2-M3 10.536790243709 10.2787637437864 3.78384791291684
Birc3 10.7521481640029 10.2787637437864 3.78384791291684
Igsf6 8.68495551282954 10.2787637437864 3.78384791291684
Samsn1 8.95535277925432 10.2787637437864 3.78384791291684
Il1a 10.5450729398403 10.2787637437864 3.78384791291684
Hpgds 9.14123713383759 10.2787637437864 3.78384791291684
Naip5 11.1347547074536 10.2787637437864 3.78384791291684
Ccl4 12.7516225784521 10.2787637437864 3.78384791291684
Klf3 8.44575749935971 10.2787637437864 3.78384791291684
Stat6 10.5031698578152 10.2787637437864 3.78384791291684
Msn 10.7217422633417 10.2787637437864 3.78384791291684
Dapp1 10.626591308075 10.2787637437864 3.78384791291684
Clec4a2 10.1190075949126 10.2787637437864 3.78384791291684
Fli1 10.0832277034328 10.2787637437864 3.78384791291684
Ets1 9.75745818736726 10.2787637437864 3.78384791291684
Ptprc 12.4215732421658 10.2787637437864 3.78384791291684
Fosb 11.9818678393755 10.2787637437864 3.78384791291684
Ccr5 11.7087776692335 10.2787637437864 3.78384791291684
Il6ra 12.6405285425734 10.2787637437864 3.78384791291684
Tgif1 8.50458243562559 10.2787637437864 3.78384791291684
Pla2g15 12.3512186582331 10.2787637437864 3.78384791291684
Ifi30 11.4062018650154 10.2787637437864 3.78384791291684
H2-DMa 11.3395300052483 10.2787637437864 3.78384791291684
Gpr34 12.142699851518 10.2787637437864 3.78384791291684
Rrad 10.0026571297703 10.2787637437864 3.78384791291684
Hk2 12.3164140648536 10.2787637437864 3.78384791291684
Rassf5 12.1314858616268 10.2787637437864 3.78384791291684
Hfe 11.3196450739578 10.2787637437864 3.78384791291684
Pik3cg 10.1537853547168 10.2787637437864 3.78384791291684
Prkcd 11.3607793398998 10.2787637437864 3.78384791291684
Mertk 13.0985151577591 10.2787637437864 3.78384791291684
Cd84 9.96224237530016 10.2787637437864 3.78384791291684
Ly86 13.8305038298173 10.2787637437864 3.78384791291684
Vav1 10.4997459843954 10.2787637437864 3.78384791291684
Pik3cd 8.99966364024255 10.2787637437864 3.78384791291684
Cfh 10.8438396260437 10.2787637437864 3.78384791291684
Tnfrsf13b 9.66545251361214 10.2787637437864 3.78384791291684
Hhex 10.060418644213 10.2787637437864 3.78384791291684
Entpd1 9.58873000960094 10.2787637437864 3.78384791291684
Ptgs1 12.1626150793908 10.2787637437864 3.78384791291684
Adrb1 10.5218876655346 10.2787637437864 3.78384791291684
Frrs1 10.6966078261321 10.2787637437864 3.78384791291684
Mgat1 11.5154477989229 10.2787637437864 3.78384791291684
Ctc1 11.7422487728519 10.2787637437864 3.78384791291684
Pdk1 10.616493115329 10.2787637437864 3.78384791291684
Unc93b1 11.3066168079527 10.2787637437864 3.78384791291684
Hvcn1 10.2856187487951 10.2787637437864 3.78384791291684
Edem1 10.5644676490564 10.2787637437864 3.78384791291684
Icam1 12.144222640413 10.2787637437864 3.78384791291684
Ptbp3 11.2952745829932 10.2787637437864 3.78384791291684
Rcsd1 12.3223507478265 10.2787637437864 3.78384791291684
0610040J01Rik 10.8106638816197 10.2787637437864 3.78384791291684
Tm6sf1 11.273380881778 10.2787637437864 3.78384791291684
Cd177 8.01898297885642 10.2787637437864 3.78384791291684
Casp8 9.83591177234681 10.2787637437864 3.78384791291684
F11r 12.1638127271072 10.2787637437864 3.78384791291684
Tor4a 10.4213155961976 10.2787637437864 3.78384791291684
Trim34a 8.69868770830196 10.2787637437864 3.78384791291684
Plxdc1 10.9642741564864 10.2787637437864 3.78384791291684
Glipr1 8.88148604367629 10.2787637437864 3.78384791291684
Lpxn 10.730982217212 10.2787637437864 3.78384791291684
Siglec5 8.337886172674 10.2787637437864 3.78384791291684
Mylip 12.3804927223987 10.2787637437864 3.78384791291684
Fcrl1 9.27554865404005 10.2787637437864 3.78384791291684
P2ry6 11.5909433501351 10.2787637437864 3.78384791291684
Ighm 11.6041085325057 10.2787637437864 3.78384791291684
Tgfbr2 12.4312251246194 10.2787637437864 3.78384791291684
Mlph 9.52478746573067 10.2787637437864 3.78384791291684
Ncf1 9.01873662127703 10.2787637437864 3.78384791291684
Il13ra1 9.69650941211153 10.2787637437864 3.78384791291684
Adap2 10.4876327911899 10.2787637437864 3.78384791291684
Lrba 12.293139019726 10.2787637437864 3.78384791291684
Capn3 10.437566906065 10.2787637437864 3.78384791291684
Vwa5a 10.3690918760756 10.2787637437864 3.78384791291684
Arrb2 11.5161791808491 10.2787637437864 3.78384791291684
Pros1 11.4244912078995 10.2787637437864 3.78384791291684
Snx20 9.44398648759649 10.2787637437864 3.78384791291684
Rin2 10.1302854085197 10.2787637437864 3.78384791291684
Plcl2 12.1252063601465 10.2787637437864 3.78384791291684
Arhgdib 10.7800288131728 10.2787637437864 3.78384791291684
Tifa 10.6649959627868 10.2787637437864 3.78384791291684
Arhgap17 11.0358082941061 10.2787637437864 3.78384791291684
Trim47 10.122871565472 10.2787637437864 3.78384791291684
Plcg2 11.2395812321787 10.2787637437864 3.78384791291684
Rps9 12.5526443081372 10.2787637437864 3.78384791291684
Sash3 11.2528818012755 10.2787637437864 3.78384791291684
Themis2 9.94919523666928 10.2787637437864 3.78384791291684
Mpeg1 13.5339312443488 10.2787637437864 3.78384791291684
Xist 12.7732517233129 10.2787637437864 3.78384791291684
Cd48 9.99176185857167 10.2787637437864 3.78384791291684
Akna 10.5978331936346 10.2787637437864 3.78384791291684
Sult1a1 9.92143049281146 10.2787637437864 3.78384791291684
Fes 10.5840546362038 10.2787637437864 3.78384791291684
Cep152 9.68353142517718 10.2787637437864 3.78384791291684
B2m 13.2088860971046 10.2787637437864 3.78384791291684
Ccrl2 11.4107831106411 10.2787637437864 3.78384791291684
Lcn2 11.7182561949748 10.2787637437864 3.78384791291684
Gimap6 8.28896486111756 10.2787637437864 3.78384791291684
Myo1g 9.04216166021584 10.2787637437864 3.78384791291684
Tmem173 11.1696407087511 10.2787637437864 3.78384791291684
BC028528 9.01173787915138 10.2787637437864 3.78384791291684
AF251705 12.0057126252299 10.2787637437864 3.78384791291684
Acsl5 10.8519435402484 10.2787637437864 3.78384791291684
Hmha1 10.4487011332694 10.2787637437864 3.78384791291684
Gmip 10.2055870255081 10.2787637437864 3.78384791291684
Nckap1l 11.1526856630168 10.2787637437864 3.78384791291684
Abcc3 9.7509259850256 10.2787637437864 3.78384791291684
Rhoh 10.7637079698635 10.2787637437864 3.78384791291684
1700017B05Rik 11.7522974287947 10.2787637437864 3.78384791291684
Gusb 11.4803411718158 10.2787637437864 3.78384791291684
Lair1 10.6612900224916 10.2787637437864 3.78384791291684
P2ry12 12.4385715566921 10.2787637437864 3.78384791291684
Nfkbie 8.36904693020926 10.2787637437864 3.78384791291684
Rnf19b 9.65744414029616 10.2787637437864 3.78384791291684
Ypel5 10.1376253861012 10.2787637437864 3.78384791291684
Pld4 12.1700437011819 10.2787637437864 3.78384791291684
D15Ertd621e 10.0624486421296 10.2787637437864 3.78384791291684
Fermt3 11.4207362066657 10.2787637437864 3.78384791291684
Znrf2 10.0659626701785 10.2787637437864 3.78384791291684
Plk3 11.036823711972 10.2787637437864 3.78384791291684
Ptk2b 9.02358194444095 10.2787637437864 3.78384791291684
Kctd12 12.099676793357 10.2787637437864 3.78384791291684
H2-Aa 11.2644036954394 10.2787637437864 3.78384791291684
Fam105a 11.8820924454901 10.2787637437864 3.78384791291684
Rap1b 10.5897063292161 10.2787637437864 3.78384791291684
Herpud1 12.5116726598182 10.2787637437864 3.78384791291684
Cytip 8.69693750599179 10.2787637437864 3.78384791291684
1110001A16Rik 9.82494627749734 10.2787637437864 3.78384791291684
Cd300a 10.0530239896872 10.2787637437864 3.78384791291684
Tmem71 7.83337212150143 10.2787637437864 3.78384791291684
Clcf1 8.68466038510135 10.2787637437864 3.78384791291684
Il10ra 11.9867649941734 10.2787637437864 3.78384791291684
Rab20 9.64744268247702 10.2787637437864 3.78384791291684
Grn 13.6303783372944 10.2787637437864 3.78384791291684
Bach1 11.7684659473826 10.2787637437864 3.78384791291684
Ifitm6 9.1396048659572 10.2787637437864 3.78384791291684
Fam46c 12.2421510197398 10.2787637437864 3.78384791291684
Pald1 11.0128320429645 10.2787637437864 3.78384791291684
Ifngr1 12.016051864462 10.2787637437864 3.78384791291684
Ppp1r15a 12.6593601245383 10.2787637437864 3.78384791291684
Lgals3bp 9.38516852690337 10.2787637437864 3.78384791291684
Lrmp 8.89491220593798 10.2787637437864 3.78384791291684
Olfml3 13.5644607358692 10.2787637437864 3.78384791291684
Ncf2 11.109264808914 10.2787637437864 3.78384791291684
Cd53 12.6270729328698 10.2787637437864 3.78384791291684
Fcgr3 13.3874319809845 10.2787637437864 3.78384791291684
Hps4 12.4456398299555 10.2787637437864 3.78384791291684
S100a9 12.2965410503709 10.2787637437864 3.78384791291684
Lgmn 13.4068999504885 10.2787637437864 3.78384791291684
Klf2 12.9915058739807 10.2787637437864 3.78384791291684
Fcrls 13.5200887013828 10.2787637437864 3.78384791291684
Tlr1 9.55990391864875 10.2787637437864 3.78384791291684
Selplg 13.492313873689 10.2787637437864 3.78384791291684
Cd68 12.2825968841945 10.2787637437864 3.78384791291684
Ebi3 9.38512048892932 10.2787637437864 3.78384791291684
Casp1 8.72506021576845 10.2787637437864 3.78384791291684
Csf2rb2 9.46516272602394 10.2787637437864 3.78384791291684
Atf3 13.3007390383143 10.2787637437864 3.78384791291684
C1qc 13.5695399365939 10.2787637437864 3.78384791291684
Chst7 11.0545300964632 10.2787637437864 3.78384791291684
Hck 11.7192724128215 10.2787637437864 3.78384791291684
Casp4 9.17977855891737 10.2787637437864 3.78384791291684
Ehd4 10.2769858985773 10.2787637437864 3.78384791291684
Ly96 8.98885773803667 10.2787637437864 3.78384791291684
Lag3 9.94342037341401 10.2787637437864 3.78384791291684
Ltf 11.9771261319803 10.2787637437864 3.78384791291684
Cx3cr1 12.8322911670036 10.2787637437864 3.78384791291684
Stab1 10.7835801182221 10.2787637437864 3.78384791291684
Il6 8.3523884587654 10.2787637437864 3.78384791291684
Ptger3 7.74890432623238 10.2787637437864 3.78384791291684
Pdgfb 10.6620659529342 10.2787637437864 3.78384791291684
Smap2 11.0753111415981 10.2787637437864 3.78384791291684
Itgb2 11.8281947861841 10.2787637437864 3.78384791291684
Ang 8.67340897437916 10.2787637437864 3.78384791291684
Sh2b2 9.32069277757714 10.2787637437864 3.78384791291684
Tyrobp 12.9035612805634 10.2787637437864 3.78384791291684
Vasp 10.5290974508756 10.2787637437864 3.78384791291684
Emr1 12.777781853873 10.2787637437864 3.78384791291684
Nrros 12.3519497751025 10.2787637437864 3.78384791291684
Tmem119 13.699678559052 10.2787637437864 3.78384791291684
Slc46a3 9.85031592896195 10.2787637437864 3.78384791291684
Havcr2 10.710530075929 10.2787637437864 3.78384791291684
Alas2 9.97256535353661 10.2787637437864 3.78384791291684
Cmtm7 10.4036329494645 10.2787637437864 3.78384791291684
Mafb 10.9849900615298 10.2787637437864 3.78384791291684
Blnk 11.8079240962002 10.2787637437864 3.78384791291684
Tmcc3 9.16895367720384 10.2787637437864 3.78384791291684
Daglb 9.94097644340737 10.2787637437864 3.78384791291684
Alox5ap 12.5749967599795 10.2787637437864 3.78384791291684
Fyb 11.7159427823204 10.2787637437864 3.78384791291684
Ctla2b 9.94438247489242 10.2787637437864 3.78384791291684
Slc37a2 8.79282849614854 10.2787637437864 3.78384791291684
Zfp36 13.4960506681509 10.2787637437864 3.78384791291684
Lmo2 12.1717394598769 10.2787637437864 3.78384791291684
Cyba 11.7749627835735 10.2787637437864 3.78384791291684
Spata13 11.8360921296241 10.2787637437864 3.78384791291684
Ptpn6 11.3292345329635 10.2787637437864 3.78384791291684
4833441D16Rik 9.33372525445037 10.2787637437864 3.78384791291684
Tec 10.1967601761071 10.2787637437864 3.78384791291684
Irf5 10.4417221455899 10.2787637437864 3.78384791291684
Naip2 10.8151812852359 10.2787637437864 3.78384791291684
Anxa3 12.9131833282778 10.2787637437864 3.78384791291684
