Golm1 13.1792932323564 9.14889039187142 6.94597023279314
Tgfbi 10.214108505107 6.23623241993931 4.60896166039968
Lcp1 11.9186828085383 6.45623575552324 4.34443814730738
Cd83 13.2161047162533 7.39157349263806 5.96649642612825
Sipa1 11.028832104782 7.07349341984873 6.19874481900487
Tnfaip2 9.07410944533167 5.23418580201184 3.9893238858605
Socs3 12.8477426387797 8.14102216121594 4.14877829050055
4632428N05Rik 12.9633024758073 8.59302290073858 4.99256221421112
Spint1 10.3283172527647 6.06616160773614 5.27644939415078
Afp 8.35050803873215 3.96478346369623 3.71825278240917
Clic1 11.3122330580261 7.6855493010895 5.55553943901758
Irf8 12.5462653592052 5.94515220863291 5.16352676451703
Tbxas1 9.68864876043037 6.19950000398983 5.61812587571318
Parvg 10.4281853264487 6.53741131084273 5.28923906165503
Rgs10 13.3720136026536 9.00716823518346 6.03099270521752
Rps6ka1 12.3511118887686 8.24569392946572 7.52231222383361
Mfng 10.2459357618163 6.04884443120172 5.61423577031906
Slc40a1 11.6873175794834 6.94690912707862 5.94752494846269
C1qb 13.3809165744448 6.48948139073212 3.80992627377671
Ccl6 10.4831140019336 4.84043698669803 4.11104894808907
Cd14 13.3794861542207 7.07235694839012 6.21718157961361
Pycard 11.7530559991681 6.41636922469651 5.36628033973339
C1qa 13.1874316054276 7.07031031498665 5.0274187892083
Il16 10.5676116874908 6.06855560588513 5.31012956476627
Slc7a7 10.9326702827516 5.58249540688747 5.03944421835646
Srgn 13.2795222117037 6.97389865702801 5.48020756752438
Nfkbiz 12.6921044506167 8.82304901139205 5.03786085252805
Tgm2 11.6702792723547 7.38557728405946 5.77348208750312
Plek 13.0385446953369 6.75421882469653 5.83915599482979
Rgs1 11.3590498478886 4.93402767406109 4.58814876851295
Cd79b 8.10777669835161 4.69116935109502 4.55518341611495
Snx5 12.5419589726741 8.75901418268292 6.76967688107215
Elk3 10.4319956263106 6.18732321529403 4.73177864371874
Laptm5 13.25292607905 7.78077151125238 4.01829557157489
Serinc3 10.7887820532689 7.03537202848599 6.50264993095968
Fcgr1 12.2955371160684 5.19959214801166 4.51686303985014
Slc16a6 11.5647594820405 6.83397123165006 5.56486283159873
Ccl9 11.4677327663853 5.21920568657441 4.7728871510616
B4galt1 11.1336165305587 7.23866951417707 5.93922690224829
Tnfrsf1b 11.7452188608572 6.80687517073964 5.91213120142582
Inpp5d 12.4577394438636 7.55016802207374 6.42811589988303
Tlr4 9.57555684780965 5.04401920765451 4.4096090673828
Pmaip1 7.97566326054479 4.62055905405149 3.99577055777858
Aif1 11.8214348072249 5.37860588147518 4.95711663857623
Syk 11.3160084368777 6.74586205411353 6.10749773392305
Klf6 12.2250639567383 8.12195635771206 6.24757425008648
Crybb1 12.2648088011919 7.08613402411575 6.41784295788462
Fcer1g 12.6718396223893 6.70841047733232 5.78755660328333
Ctsh 12.87251521366 6.53487048845804 5.34446391783654
Gpsm3 9.55595780536678 5.49981251991125 5.08652194206308
Ncf4 10.7292352869563 5.2237574615607 4.88210414752885
Ggta1 10.3002208247185 5.89788919712068 4.04459530719899
Lcp2 10.4089431447829 4.88027169449108 4.57429667145155
Ngp 12.7574775005176 6.30884856287692 5.39791186130121
Spi1 10.4190424481911 6.16307903388708 5.88657831822961
Csf3r 10.4683520496493 6.70207528816361 5.34376266921557
Ms4a6b 11.2554621340409 5.21983011264694 4.74999460916093
Hcls1 8.70906636115833 4.86393342984766 4.71448281818865
Pabpc1 11.1781404360411 6.16508838528943 4.43518063287224
Skap2 12.056136723105 8.65151263580429 6.76489174218993
Cebpb 11.5932508063623 8.10133582209179 6.19953973391249
Plxdc2 12.0745716973584 7.93492485655956 6.53669661052516
Cxcl10 9.72683118350032 5.65988035610003 5.14029001460608
Cysltr1 9.25437959121948 4.40105790121903 3.95051357379772
Cttnbp2nl 11.6991350325633 7.26263983675145 5.87645420964628
Lyl1 9.96552235514374 5.51322214245878 4.97098006986273
Ptpn18 10.3344380846283 6.52417982243373 5.53960742663222
Tlr2 11.9276981137555 5.96232232202854 5.61629852987975
Cd163 7.96377468160987 4.2863446988853 4.0244026053021
Serpine1 9.65311808101758 5.24753511088961 4.60010530520744
Mlxipl 10.5385226388773 6.48986967521713 4.96087724430701
Cd37 10.9003612304416 6.40489534974942 5.40985409802239
Map3k8 10.2772018482877 4.9695558502922 4.76329779670462
Myd88 10.6605178444686 6.69016044008047 5.70414426972033
Ccl12 10.6391731596107 4.65384059165202 4.43322466896031
Arhgap4 9.32893709991249 5.41203981481374 5.25094829505189
Pon3 9.25424963832735 4.57765970201478 4.22420504045962
Slamf9 11.1460693903532 7.77218836544782 6.2074894043945
S100a8 13.1710031765985 4.82574976050841 4.57154997495716
Il10rb 10.5493104181091 6.64686870534261 5.27011914777637
C3ar1 11.7048817822179 6.40446539357725 5.23946811047501
Fgd2 12.0963667807367 6.35257260925282 5.79292403244003
Ccl3 13.5359936909524 4.97323240148755 4.35898614505466
Ms4a6d 11.4841310922632 5.30245771741373 4.34118213470142
Ier3 13.5124048716238 8.01782153086218 7.24982011325745
Camp 12.4507582747533 5.74625479544503 5.36216752876169
Klk8 10.1827990465209 5.91151561777248 5.55832988432643
Chil3 11.4871946767607 4.49926036546259 3.88871825126172
Arap3 9.99309938625579 4.40955771984442 4.08879318878099
Tlr7 11.1537008662761 5.34900315718736 4.81907598806535
Csf1r 14.0292728577336 10.2115700835624 6.86553838412522
Hpgd 11.9738918982247 6.30224045413315 4.28283893692972
Slc11a1 11.3948658681908 6.53713636912131 5.49981807285767
Ccl2 9.3887194295731 5.32802579967189 5.06328703817535
Cd86 11.6527693006629 5.21431676948354 4.83925908402142
Gpr84 11.5263505075912 6.11099060131442 5.28803339332288
Trim12a 8.39694276788024 4.56299359250001 4.01672111351213
Zfhx3 11.2191522315493 6.06309084238521 4.45845932962454
Slc15a3 11.3995649353571 5.53195622967356 5.27696402595933
Rel 9.43208070521036 5.53700432666581 5.08136325894172
Sla 12.4329217789332 7.77069957093191 5.69537781667972
Tgfbr1 13.5090583473981 7.88063973496517 5.98015395156786
Adcy7 11.9949098164077 7.04209172223981 5.06606832477511
Lgals9 9.69958847858634 5.83279270927489 5.22447656941512
Trem2 11.303795824757 6.69989433509687 6.21558372846626
Gna15 8.99367862824198 5.39631159735678 4.8528060028926
Birc3 10.6915102166933 6.48324365153174 5.98509597548961
Igsf6 8.83394697282607 4.40866550999599 4.13701698023918
Samsn1 8.81738530496463 4.61537494587918 4.50541291252623
Il1a 10.5376640185961 4.45458427372836 4.32587022065431
Hpgds 9.22775583355141 5.32256183420988 4.97771967629155
Naip5 11.0978070538461 4.60085491873637 4.16121507854427
Ccl4 12.6588721873418 7.30938998842554 5.87010272210613
Stat6 10.468465477124 6.13925838060728 4.8494901778866
Clec4a2 10.1399334143348 5.21035477473309 4.72501873341744
Fli1 10.1221580891138 4.18151103052345 3.81739623682376
Ets1 9.52298260959165 5.1592911119038 4.52982392611622
Ptprc 12.4924457080349 4.7897725618233 4.3632395833802
Ccr5 11.6775104276773 5.31478800490302 4.42493928958611
Il6ra 12.6762370901779 6.19400394712194 5.48691023103741
Tgif1 8.32241012578398 4.93942487967321 4.54835025621494
Pla2g15 12.3402771280608 7.78025565153969 6.48992579891096
Ifi30 11.3741036101554 7.27153322758149 5.75383606612909
H2-DMa 11.302506340632 7.46430131557528 6.51890714317602
Gpr34 12.0465417111213 4.238173531738 4.00634028788074
Rrad 10.0218987777276 5.9678542329061 5.18327035071208
Ndel1 9.33926152391583 6.01073081104609 5.04179799944727
Rnase4 13.0645450224258 6.30387655049888 5.21631976483924
Hk2 12.2311857728962 7.44619101918466 6.1430435359693
Hfe 11.261965590755 6.76083712404458 5.65269832445921
Pik3cg 10.1391450667911 5.70286965167302 5.00254563842399
Cd84 9.79853579725004 4.68956296320025 4.5037403994429
Ly86 13.8484382572477 7.19906850027676 5.38937031060565
Vav1 10.4988780096262 4.23704153586091 4.01784955153563
Cfh 10.9189995251726 4.18272233770709 3.50434191643677
Tnfrsf13b 9.55249902249023 4.88456110678742 4.26560507136761
Hhex 10.0129558927535 6.01699982062857 5.19724412810422
Entpd1 9.36332417160173 5.51057056770958 4.2174436463955
Ptgs1 12.1460566579667 7.83231011365651 4.92391696929035
Lyz2 12.6255399097117 7.13360986587316 5.92621328277477
Ctc1 11.7381009275171 7.71973430447397 7.20886274009533
Unc93b1 11.2638153754962 7.15226863403152 6.51076478628235
Cmtm6 12.3249537931389 8.89378318036806 5.63224403834799
Hvcn1 10.3744362140918 5.70944836999793 5.41237572001388
Edem1 10.5468048765477 6.83166252408179 4.63261355520069
Icam1 12.0835121128031 6.38229877030171 4.72759869796304
Rcsd1 12.3327371826167 7.66119211540505 6.37770964869935
Tmem140 8.37653073680301 4.66658718617913 4.4000060420071
Tm6sf1 11.2414066824985 7.56354571195815 4.38437551673741
Cd177 8.34962699286364 4.51869173221798 4.13708470432019
Casp8 9.75678338176791 5.24934755142252 4.90059167425211
F11r 12.1396861374846 6.35711985292202 5.6560430344607
Ifi35 9.14048261664104 5.67132904614487 5.24534536773196
Lpxn 10.7275528959061 5.149931395286 4.46206215149213
Siglec5 8.28941632201165 4.0383238396494 3.7744320000997
Fcrl1 9.22764356004362 5.59516192514602 5.30582658256876
P2ry6 11.5574667748729 4.63960562548986 4.24709261115977
H2-K1 12.7949568117272 7.77060780696428 7.27616513053113
Tgfbr2 12.4393744689228 6.83737166079231 6.12708372058841
Ceacam1 8.80282175058088 4.84587858862851 4.51483850165703
Mlph 9.57489838859243 5.82551470912787 5.18996889400248
Ncf1 8.88584686160739 5.55915955159665 5.23291920269013
Il13ra1 9.84239214017086 5.76985243111988 4.28454170403852
Adap2 10.5722797031115 5.44971889527019 5.01083108773758
Capn3 10.3369957490321 5.17311218462343 4.4098823228641
Arrb2 11.4983554070217 6.96318736852052 6.63138070537054
Pros1 11.4603712254362 7.55943792501305 4.76554947924317
Arhgap17 10.9767981793134 7.4674039179823 5.00304723541205
Trim47 10.0791566495733 6.50664225786076 5.34795461307667
Lgals3 9.11302237976578 5.71208779338716 4.74543523856058
Plcg2 11.1549584884923 7.6572311038579 7.07507138227104
Sash3 11.249005723635 6.94121958763625 5.22232578575152
Themis2 9.99513496121799 5.34487792166184 4.92271239199063
Mpeg1 13.5931395335038 7.26200718402515 5.78845684532295
Cd48 9.95999221182058 4.81717168742487 4.27215387998341
Akna 10.7072692564892 6.75264004164427 4.75783790927707
Fes 10.5551239260507 6.71906262369739 5.86723918639233
Cep152 9.74520694836984 6.15734555228237 5.63958996304606
Ccrl2 11.3826980615646 6.34051004083269 5.76670994500818
Lcn2 12.0118513639671 4.45673823242731 4.32211278118427
Hbb-b2 7.88283645776123 4.27537346408065 3.99490320286614
Gimap6 8.28531118681062 4.92255798684555 4.55321531390684
Myo1g 9.24155609377298 5.77568146991059 4.95185414579976
Tmem173 11.0989726590541 7.28954980703211 6.01503703826014
AF251705 11.9378287827213 7.39072674056198 6.33443338513461
Hmha1 10.4292840746509 5.88770831995247 5.5061386221392
Ebf3 8.03327435115078 4.61326436057612 4.16298396217269
Gmip 10.0312950363764 6.18990086087901 5.66158580364711
Nckap1l 11.1514517971807 6.29968599624488 4.79994630512669
Abcc3 9.68880748830503 5.62009772326188 4.99791279602097
Rhoh 10.6886747062572 5.35162995974989 4.80755170866794
1700017B05Rik 11.7630363477309 7.35593863015357 5.78809927891752
Srgap2 11.7876768649285 8.43854597979177 7.88030357749617
Lair1 10.6341607739461 5.74064536788303 4.89836469312787
P2ry12 12.3417720061336 5.62707486580792 4.76773620385398
Rnf19b 9.59453701735849 5.63251252911536 4.91124666458752
Pld4 12.0162068213804 5.8543527646637 5.32705598797131
Lrrfip1 10.7165591037594 7.17750771066272 5.43537499306977
AU020206 9.7250304187546 5.58182865341033 5.01218574102918
Fermt3 11.255187597153 4.64276479712937 3.97795916921673
Ankrd44 11.6555430067368 8.0293809102342 5.3562887828384
Kctd12 12.2024123826132 8.29466921773506 6.65582098997868
H2-Aa 10.95884712019 5.98149775404434 4.6622003919159
Fam105a 11.8141138102905 8.34220905637694 5.90234992902726
Herpud1 12.561534184029 9.0779971299122 8.16183800376301
Cd300a 9.78331319123392 5.50812092151802 4.86260588297482
Lyz1 12.291433368859 6.25309816923464 4.73784187487614
Clcf1 8.66818372368241 4.00394970882429 3.76255548919365
Adrb2 8.06163788196254 4.3538604681543 4.0770889952778
Lrrk1 9.00233842375518 5.3516143693259 4.62040263063663
Il10ra 11.9204835825207 5.05081597109834 4.74768182739732
Hexb 13.9682695694516 9.42964912127379 8.1865996853421
D530037H12Rik 10.2863068988974 6.94041435521247 4.48938854079583
Rab20 9.47961105235741 5.0552841452086 3.88988966431658
Grn 13.5694893497197 10.2093009695052 8.15654279499632
Ifitm6 9.52062006754197 5.80081248648256 5.59991186673576
D9Ertd306e 8.17933645172779 4.83866071901423 4.22526231322631
Fam46c 12.3008656779841 6.33026687622475 4.69128955605284
Pald1 10.8157904216058 6.9306613473926 6.08409531150885
Ifngr1 12.0120817823602 8.35129502303863 7.14002981240136
Anxa1 10.0891907764378 5.69833679255291 4.46731136853933
Lrmp 8.72621364395205 4.60672619634873 4.35092347685091
Olfml3 13.5589885962411 6.94300288900728 6.16917030556389
Ncf2 10.9678841319022 6.38670752734672 5.58665779917808
Ctss 14.0972400899769 9.23271698787888 5.19063379067403
Cd53 12.647448770815 6.16432743405644 5.18453376084022
Fcgr3 13.39521832835 6.54938369772801 5.36734691699104
S100a9 12.5433488948648 5.21139846315073 4.6176665844257
Hp 9.14524736055938 5.62851834862985 5.20994519874522
Klf2 13.0114488593516 8.83704373812925 5.67743985120345
Fcrls 13.5094801235154 6.43490109779211 5.50551864432611
Tlr1 9.47210882993985 4.30581299514199 4.15045162495762
Selplg 13.4608296010201 7.69546663260365 6.1487780935666
Cd68 12.242490069775 5.77715170883806 4.91226412627749
Gpr65 7.84688309866013 4.09780286541528 3.822981658032
Casp1 8.7453943640576 4.99288900497885 4.29685829028463
Csf2rb2 9.41716750216967 5.02541429831429 4.44240426682549
Atf3 13.3007390383143 8.52923948329675 4.94389180462186
C1qc 13.5863871767458 6.46998364377411 5.08909137073905
Hck 11.677853867497 5.55426523436409 4.61169013754589
Gcnt1 8.17673933531389 4.39427345072547 4.10027975863644
Casp4 9.24666718666705 4.75707080803104 3.95468267410931
Ehd4 10.2095137657382 6.28998189839079 5.23668758777869
Ly96 9.04291773410898 5.19363486086903 4.51692448008247
Lag3 9.95212609690159 6.18464394745866 5.31814986334685
Cxcl2 11.1862547067567 5.20286035158239 4.2373092102517
Ltf 12.2109361391241 7.54756321944587 6.00288625434835
Cx3cr1 12.8661645891936 6.53538895512694 5.13899211999131
H2-D1 12.6018887958776 7.81040086693887 7.21164695970276
Stab1 10.8319181809469 5.60114286153916 5.07825089253822
Il6 8.39447282799593 4.32425445060444 3.79255135262266
Pdgfb 10.784427213788 7.40641695885546 5.75622431564763
Mrc1 8.63837955832117 4.48182517588483 4.20402352331907
Itgb2 11.8272052895604 5.12392490778365 4.59796821555072
Psmb9 9.34845122497028 5.89075875741479 5.38254342325221
Ang 8.39410428367088 4.14906072523038 4.03394484434831
Sh2b2 9.22244603896785 5.40966478923064 4.59343691934353
Tyrobp 12.8882077765556 6.64263981846651 5.51854428557174
Emr1 12.7324162108168 6.96354520883988 5.5753635530187
Nrros 12.2035612900789 8.76918484798966 5.90167533822288
Tmem119 13.7062504747088 7.04809238435868 5.57567220428204
Parp14 9.29651035265735 5.7309092471964 4.93628201424827
Havcr2 10.6395343238155 4.36699811815595 4.20022564243988
Alas2 10.1192139258561 5.3601367715519 4.81555638573437
Cmtm7 10.2158890607314 5.80163430848705 4.84659827893512
Blnk 11.7867853033936 6.96955992156273 5.15642790506826
Alox5ap 12.5576931349978 6.98398520379818 6.01665449826539
Fyb 11.7070682335866 6.33748208877743 6.01827077331935
Ctla2b 9.98817720392032 4.59292728069057 4.11657763252621
Zfp36 13.4710413836478 9.82470715187815 6.38703812397868
Abhd15 10.2572440975652 5.58884537689669 5.02718262170643
Cyba 11.7795222099381 7.088115026121 5.03614215057363
Spata13 11.8423721764084 8.31397142299803 5.369654253826
Ptpn6 11.5568573976642 7.62010017535243 6.474671580651
Tec 10.1464631671626 6.64659074036619 5.58012895619351
Cd52 8.87459768254704 4.83349109953263 4.49848186439098
Irf5 10.4986359523617 6.36149740965385 5.41960884272375
Naip2 10.6906973938164 4.5830892823997 4.24288535604549
Anxa3 12.8939144704404 6.43722969830238 5.14148798086878
