Spint1 11.6518891116016 6.55343316908454 4.77864665389286
Cd14 15.0881277812882 11.4085056030554 5.96866671637514
Tlr4 11.0317574107723 7.47971137411267 3.48772220316611
Crybb1 13.7915412039293 8.73847437335344 5.97200790257329
Cttnbp2nl 8.87883912502971 4.92233645914632 1.64313618796642
Pon3 10.7415012043785 7.40315899464055 3.88882546217033
C3ar1 12.7204297002934 7.55975061772643 3.40731551945248
Fgd2 12.7508960184864 8.11464569404467 4.80697158859425
Ltc4s 11.0231381962426 6.81812782883084 3.5793300053278
Tlr7 13.2033519216098 8.32775611729224 3.14081237591995
Rab3il1 10.489116073033 5.51408718855533 4.04176896057981
Ccl2 11.6059175361301 6.16764679375957 4.76456486914341
Cd86 11.916029399746 5.97379490114377 3.95436015144093
Tgfbr1 8.38914891653409 4.13402070705034 2.76490807213304
Dst 11.1447280843955 3.84221893069582 3.22556335818178
Il1a 13.7992464133504 9.22006636300796 3.08658687001807
Ccl4 14.1591641440691 10.5610868145288 6.77826091326131
Tgfbr2 14.2113128556156 10.5177225326437 7.19631773499402
Ccr5 13.2200275105007 9.82611703188519 4.23650448315392
Pla2g15 8.89215284369139 5.28370892573488 3.55945783357235
Gpr34 13.7060492140353 9.72097227638471 4.42754918238295
Entpd1 11.338033403695 7.70053712582477 5.45353805128551
F11r 13.6135438604943 9.68255505490728 4.3188895879657
P2ry6 13.3953363640041 8.76165842743923 4.11059758759477
Mlph 9.08328810702397 2.98044675943042 1.56220355527543
Pros1 12.7760310089422 8.90414822644959 6.89447915853959
Ebf3 8.54968282153806 3.72016028112511 2.95022608627691
Abcc3 11.4286648326461 7.36288005945365 3.49253348895256
Lair1 12.6725347196519 7.93754977558719 5.78984914097138
P2ry12 14.4665870344514 11.0468939196848 5.54948493482765
Il10ra 13.4432896995709 8.41634162788074 2.26308247711541
Olfml3 14.6651015303204 10.0154174811667 5.82852657492531
Hps4 13.4522304927609 9.95460263705332 9.02600913593123
Fcrls 15.1865534569242 10.0893632487279 6.05235072937762
St3gal6 11.4859449005206 7.55679817087025 6.99530185120244
Ly96 10.571818950155 6.41461526438475 3.19213517625182
Lag3 10.655916992608 4.38376221201518 3.14725688100922
Stab1 12.3964535379575 7.76391476294353 5.13775023706145
Pdgfb 11.8011938268598 8.2024574210569 5.3886421635648
Ang 11.1928615295694 6.16838615137249 3.92348707805864
Havcr2 12.402013747959 8.83153764067482 4.19669465041643
