Uhrf1 9.53427432476441 5.55940459045385 4.30980582566564
Dpysl3 12.8837712643463 8.21529910176917 5.2018476270825
Nasp 11.6288470631536 7.77370682955278 6.31746132966808
Rrm2 11.6111642006541 7.7294278633926 4.33199711381523
Ccnd2 13.9324354113347 10.5677982969129 5.42504703222849
Nusap1 10.6922193016853 6.10168774438498 5.13525757134097
Rnd3 11.147304665057 7.62479296500038 4.38386572862101
Ccna2 11.2214637710139 7.19368789351369 5.35017806502126
Dcx 12.9992884069284 7.93928090899102 4.81161070594493
Zcchc14 11.1644737928983 7.75031798956685 5.24707289157904
2810417H13Rik 11.482242210821 7.35916994872825 5.1806006428634
Igfbpl1 9.97989734602987 6.02573851877755 4.9288950942943
Tmem2 11.2640536076435 7.47994957627176 5.06906707020569
Mki67 12.2894855558827 7.26124047908645 5.17241111527926
Cenpf 10.1337691740404 5.58090737264561 4.6326747163638
Smc4 10.5176275690196 7.06622221005567 4.4191874122
Top2a 11.6433083587303 6.70072397007785 4.52172896050867
Cdca7 11.4007435849176 6.39927256787733 4.9251078644379
Trip13 10.4075548492614 6.90414655280112 5.20698407271388
Kif2c 8.54458335727805 5.16029982820227 4.1612607287713
Zbtb12 9.46654178096821 5.95183425503096 4.91073021577652
Sox11 12.1901352007152 5.80306822080332 4.08470451954381
Cenpe 8.34767451096559 4.08141656967554 3.71504969093079
Pbk 10.9766873691486 6.98960837703707 4.79389555345612
Dlx2 10.9362088035108 6.73418045493417 4.90149940795325
Dlx1 13.2290397628289 8.42854551989807 4.23845640656334
Gsg2 8.00149169800754 4.66388293017402 4.17904862715146
Cep55 9.32947005437654 5.88706541926366 4.49971062208466
Ube2c 9.80516240401687 6.14137755314998 4.56320837258757
