Gsn 12.2347797665368 7.9307336910168 4.86334857172922
Cldn11 11.0064836364978 5.32762934943525 4.08246213341909
Trim59 11.2543117861358 6.38084592403694 5.3310873299007
Apod 11.6993922390292 8.32227556826498 6.4283301418959
Lpar1 10.9994879568256 7.27349178612438 5.83074664620607
Mal 13.6518371170871 7.21151284484316 5.07924323600457
Ppp1r14a 11.5005500102704 4.9031214094034 4.03757821795156
Ugt8a 12.3920383302347 6.30726315644797 4.28785470811497
Mbp 14.1961473315842 9.00555131782808 5.28164493381846
Ndrg1 12.4974537514375 8.12337732410978 5.09616052009884
Mobp 12.6764341871513 6.3995756186555 4.64343017676507
Ptgds 11.3128956564884 6.97583302564683 5.17639173562665
Pdlim2 11.8920129871191 8.38180192585391 5.45225832171037
Lims2 10.8808742848307 7.4830770565076 6.77363253894043
Tspan2 12.3519083592679 7.62860587033562 4.99449552560038
Slain1 10.6014464505276 6.82292436377565 4.15928583129612
Plp1 13.4195082184943 9.53578624892895 4.43712129145726
Ddc 10.4740630420148 6.05880905638542 5.02914470690265
Nkx6-2 9.44277877404187 5.21025694063367 4.87549982254597
Anln 10.2008068360695 6.00701015001321 4.79907315531162
Erbb3 9.69870669531447 5.86738399038301 5.35802416850526
Plekhh1 8.35916410467463 4.84885069217621 4.47791009807017
Mog 11.2805941904474 4.45650374621628 4.03477399076378
Josd2 11.0200546766172 7.37863877967118 5.90872785054819
S1pr5 10.6247499105414 6.12429074962611 4.30243231281347
Adamts4 9.70690387678077 6.19330696772696 5.67222931888319
Mag 11.3018646377365 7.4597126464161 6.14400286590635
