Tnfrsf19 12.9614431656159 8.10852833263749 5.72897846104991
Fkbp10 9.41016721018573 5.63700363489313 4.95013041254554
Vcam1 12.4816675192392 8.36494692944489 3.96352873254681
Cyr61 11.1016744501914 6.21397216510652 5.22991120114314
Gldc 10.6195560343143 6.91177542952071 4.85477389018007
Glud1 13.0704105392276 9.50151136691758 8.70503517232211
Elovl2 10.5345481554953 6.11198591707067 4.35050915741083
Aldh1a1 12.5583261661241 8.79035279191164 4.8018327197112
Ppic 9.03026818175481 5.4554744411402 4.56518498840942
Smpdl3a 12.2435887824058 8.82293156422377 5.67623017277802
Bcan 13.3287754905492 9.89005215452565 4.92073518873172
Lcat 10.9824809233372 6.67817114658461 5.41177241684405
Ntsr2 13.5684441880855 9.25953107866997 5.56500787484286
F3 12.2069413293603 7.67754195304586 4.48350664806331
Slc12a4 10.9174966731953 7.46512183604043 5.73407057738124
Tspan7 12.2199587629975 8.38065103789221 6.83060263830521
Slc15a2 12.9496989006332 8.91777964521841 5.37307674413696
Prodh 11.9691636372262 7.72524946512431 6.24077615196342
Wwtr1 11.1517537438884 7.16282682579526 5.00322976642105
Gpld1 11.9747462478102 8.1565527762966 5.33498349293433
Entpd2 11.7608219101721 7.44624232001634 6.09752845670165
Lhx2 11.1802895014327 7.78302593328008 4.40376222490221
Fzd2 11.9098568848207 7.12598173187065 5.47842224711448
Ptprz1 12.3815607225295 8.6548965484634 5.73126917461125
Slc38a3 12.5975051169451 7.68742671625497 6.67226390586531
Dio2 13.7439646415243 8.89362325189946 5.72043126055286
Fads2 11.4848342910614 7.628871203117 5.67784047550967
Cyp2d22 10.8552990705605 6.53902075825844 5.3857100450584
Cyp4f14 10.7067734949371 5.7802572523836 4.61421228265763
Tmem47 10.4965712579836 6.51909618677171 4.89450680336095
Cyp7b1 11.1316079477238 7.53473916696872 4.44257250925284
Slc7a10 12.650632377432 7.1100693688871 5.98961096429871
Chrdl1 8.98000609008049 4.88008731830057 4.54967053701192
Fxyd1 11.8095398028271 8.26999420476654 6.83363431029703
Hapln1 8.5826902579342 5.13915649636793 3.82101385326474
Fgfr3 13.136818632434 8.58967706740724 6.25594449614266
Papss2 9.54017106968766 6.06742605302341 4.63918106170199
Phkg1 9.28863227795836 4.98911673025275 4.07011149801687
Acsbg1 12.4363624086258 7.63053358337577 5.53039761551654
Tgfb2 9.57988228229853 6.08297066891797 4.73497243193855
Slco1c1 12.8658244149028 6.87881069826513 4.98908744042763
S1pr1 13.0563040201157 8.43058729358018 7.10537383733429
Axl 10.7966551006585 6.01483653794407 5.355760923259
Cbs 11.2303243966133 7.00260915658835 5.8089860183041
Ccdc80 12.3624872098242 7.9405343489527 6.12016355458524
Oplah 10.8194235565085 7.18934913320654 5.72031147603664
Tmem51 10.8131865914581 7.45943383625146 5.91339395287041
Adhfe1 10.71886486577 7.08113672266481 4.45697260051677
Aldh1l1 12.309294043204 7.8558797400483 4.97106226767951
Emp2 11.8167492498468 6.97565170467197 6.09687961717795
Aqp4 13.2344943030716 9.06741559097566 4.5446016167935
Col4a5 8.11286487078675 4.2405337386976 3.82203795605872
Cldn10 11.7580096064742 6.91336385434482 5.35786731159418
Cth 10.7498689130988 6.29662527716855 4.58464285187596
Slc1a3 13.0492534590685 7.90300901226663 4.56506900172524
Tlcd1 12.0693106988743 7.80337091806727 5.70984912719953
Scara3 11.972788703116 8.36982504941552 4.7017860061865
Gabrg1 11.5167053669387 8.0371308248944 4.71014275174121
Ttpa 10.2345638795306 6.14008738692026 4.64237642984381
Atp1a2 12.8994520696648 9.21834585546994 4.63967309253329
Slc14a1 9.72685423916001 5.43357065502961 4.27185638213076
Btbd17 9.50531007389581 5.63421376096347 4.59800001851707
Tril 12.7758945826597 8.68128662112534 5.15419601791275
Itih5 11.3275201319304 7.71833948971334 5.74982679743473
Pla2g7 13.1881702523631 7.9062077333253 5.62845751042988
Cd38 10.4409955141749 6.14210411521935 5.12435287861757
Lgi4 10.1190560582577 6.66808788951788 5.93585075947562
Lrig1 10.9058695770974 6.75892466038326 4.38391197098855
AI464131 11.3037115822094 5.95669286680226 4.07684547452923
Mlc1 12.8215284529148 7.61418418264131 4.29754513582169
Gjb6 12.2385652839836 7.6708071876843 4.77703050752791
Grin2c 12.003213684667 6.4778885027186 5.28910569312816
Cyp4f15 11.5842891990597 6.05780975496235 5.25516394066952
Slc1a2 12.272862056665 6.71339341115112 5.49811479575361
Igfbp2 11.8053293459635 7.3418053885111 5.37998908516435
Slc41a1 12.4045049889031 8.90082587036021 8.01918629261288
