Tgfbi 10.214108505107 6.43551303136028 4.49707246105467
Lcp1 11.9186828085383 6.53031711154319 4.30688677479951
Cd83 13.2161047162533 7.31295079823825 5.50900751016897
Sipa1 11.028832104782 7.30794919918375 6.28393415429067
Tnfaip2 9.07410944533167 5.38208132170733 3.953572409332
Socs3 12.8477426387797 8.16272168396026 4.04420539470989
4632428N05Rik 12.9633024758073 8.56237180354389 4.89972014742736
Spint1 10.3283172527647 6.03969956243272 5.20054911727119
Afp 8.35050803873215 4.10619393253315 3.69528807018856
Clic1 11.3122330580261 7.80579589147979 5.44385350906858
Irf8 12.5462653592052 5.97023192160954 5.20820370324152
Dnajb1 11.2409766690475 7.9179696940077 7.12662476828709
Tbxas1 9.68864876043037 6.33176060497533 5.7471116077309
Parvg 10.4281853264487 6.60534697455943 5.29695013118546
Rps6ka1 12.3511118887686 8.3765627833927 7.54267566138228
Mfng 10.2459357618163 6.23302688457777 5.59349258916627
Slc40a1 11.6873175794834 6.96521468770619 5.69921427547748
C1qb 13.3809165744448 7.25719716118041 3.75811245584155
Ccl6 10.4831140019336 4.82463906935836 4.03687750097553
Cd14 13.3794861542207 7.51677535101158 6.16206112831791
Pycard 11.7530559991681 6.40361033864658 5.2281590563077
C1qa 13.1874316054276 7.46973379834006 5.10418174279125
Il16 10.5676116874908 5.80666808391434 5.28638028486753
Slc7a7 10.9326702827516 5.58679090142709 5.05893985127701
Srgn 13.2795222117037 7.22224592368181 5.47502377658467
Nfkbiz 12.6921044506167 8.86888846888951 5.03676718405562
Tgm2 11.6702792723547 7.70210295328009 5.54650727558556
Plek 13.0385446953369 6.79127540827066 5.87595792670231
Rgs1 11.3590498478886 4.8842029587516 4.57473402337485
Cd79b 8.10777669835161 4.66136500740984 4.52789893644884
Snx5 12.5419589726741 8.6586974748217 6.83503273455809
Elk3 10.4319956263106 6.27312979878986 4.45165420436152
Laptm5 13.25292607905 8.2984540113582 3.90952305826762
Serinc3 10.7887820532689 7.02836881974453 6.39316141782466
Ctsz 12.9968566741552 9.67333327755644 6.31498053454836
Fcgr1 12.2955371160684 5.26870937444246 4.42783911275859
Slc16a6 11.5647594820405 7.28151378049229 5.46397912997454
Ccl9 11.4677327663853 5.31308005016647 4.81661554632411
B4galt1 11.1336165305587 7.3278640806657 5.88629402631976
Tnfrsf1b 11.7452188608572 6.78820333792593 5.91340146157383
Inpp5d 12.4577394438636 7.48161720557308 6.44407795352609
Tlr4 9.57555684780965 5.2180008199392 4.38786249674231
Pmaip1 7.97566326054479 4.62923821661763 3.977388111088
Aif1 11.8214348072249 5.4155302825646 4.85870869848667
Syk 11.3160084368777 6.79637529301544 6.13614819599375
Klf6 12.2250639567383 8.08485822485562 6.33395113183906
Crybb1 12.2648088011919 7.02220691185157 6.44019097575297
Fcer1g 12.6718396223893 6.78364049406956 5.74414291206008
Ctsh 12.87251521366 6.58640635968129 5.22638442637771
Gpsm3 9.55595780536678 5.55082994561375 5.08392132049835
Ncf4 10.7292352869563 5.21283679987884 4.82858411981678
Ggta1 10.3002208247185 5.82954043308749 4.0915828818183
Lcp2 10.4089431447829 5.0074301873743 4.50715304055113
Ngp 12.7574775005176 6.38114281830252 5.38778556770803
Spi1 10.4190424481911 6.1827211881081 5.88556096080382
Csf3r 10.4683520496493 6.77745750147314 5.2798820609712
Ms4a6b 11.2554621340409 5.30135794851652 4.75637570651165
Hcls1 8.70906636115833 4.86149116127837 4.67792644610865
Pabpc1 11.1781404360411 6.20831952153304 4.23041358337533
Skap2 12.056136723105 8.63773887847866 6.57828403127009
Cebpb 11.5932508063623 8.16205734383938 6.03958076163524
Plxdc2 12.0745716973584 7.92689259747777 5.62407015986093
Cxcl10 9.72683118350032 5.70383248267113 5.15498116485709
Cysltr1 9.25437959121948 4.50570114397685 3.90434970023548
Cttnbp2nl 11.6991350325633 7.31241366158063 5.78784946940949
Lyl1 9.96552235514374 5.68321864075052 4.96684072227089
Ptpn18 10.3344380846283 6.65615080538949 5.63920641380079
Tlr2 11.9276981137555 5.95778829388615 5.6130896339327
Cd163 7.96377468160987 4.35418067021057 3.98107003010161
Serpine1 9.65311808101758 5.46659454886365 4.64693391706607
Mlxipl 10.5385226388773 6.57105121567858 4.95927792917159
Cd37 10.9003612304416 6.5093720089458 5.28101546520869
Map3k8 10.2772018482877 5.03980626405729 4.71971112332105
Myd88 10.6605178444686 6.73214216807499 5.72533183850061
Ccl12 10.6391731596107 4.66908415618317 4.33684942483657
Arhgap4 9.32893709991249 5.54028906153973 5.25056809387938
Pon3 9.25424963832735 4.65652122578698 4.31398652205413
Slamf9 11.1460693903532 7.7184563636816 6.2446131597206
S100a8 13.1710031765985 4.93008563521797 4.52953955756408
Il10rb 10.5493104181091 6.7348297197201 5.21894197696834
C3ar1 11.7048817822179 6.52532880317801 5.3030378128737
Fgd2 12.0963667807367 6.23494977820797 5.79979765373525
Ccl3 13.5359936909524 5.02181849227437 4.5931022528572
Ms4a6d 11.4841310922632 5.24835326799395 4.35778075498731
Ier3 13.5124048716238 8.20762814540862 7.21277025661707
Camp 12.4507582747533 5.79757406264125 5.37030560184225
Klk8 10.1827990465209 5.91480121202985 5.54871567094271
Chil3 11.4871946767607 4.48329090113903 3.72300307903421
Arap3 9.99309938625579 4.41221994963921 3.97885910492152
Tlr7 11.1537008662761 5.31525878243662 4.86831414114355
Csf1r 14.0292728577336 10.6598184378661 6.8153611291603
Hpgd 11.9738918982247 6.29523256266115 4.19811262975892
Slc11a1 11.3948658681908 6.55265662192678 5.46313835053774
Ccl2 9.3887194295731 5.30299098243941 4.93237175242407
Cd86 11.6527693006629 5.30439179187497 4.78496689717974
Gpr84 11.5263505075912 6.31843542807604 5.31158009260946
Trim12a 8.39694276788024 4.49372470973109 3.95346089947707
Zfhx3 11.2191522315493 6.00900354752866 4.39404178219252
Slc15a3 11.3995649353571 5.49497915404735 5.13773662908591
Rel 9.43208070521036 5.99879687316647 5.0561960882021
Sla 12.4329217789332 7.68251135000823 5.6909169495346
Tgfbr1 13.5090583473981 7.85280943510887 5.544425149418
Adcy7 11.9949098164077 7.4570834556653 4.82803349892651
Lgals9 9.69958847858634 5.78991942370013 5.27933675717499
Trem2 11.303795824757 6.84066534316514 6.18595294667372
Gna15 8.99367862824198 5.45063314604899 4.94386765775972
Birc3 10.6915102166933 6.49816416842079 6.01019774881424
Igsf6 8.83394697282607 4.3273266893174 4.13418998536391
Samsn1 8.81738530496463 4.78822329334989 4.4771907061104
Il1a 10.5376640185961 4.47935737471601 4.35963795771241
Hpgds 9.22775583355141 5.36413035621341 4.86705892098415
Naip5 11.0978070538461 4.75397132728382 4.14342210144216
Ccl4 12.6588721873418 7.61464537951971 5.89847803341972
Stat6 10.468465477124 6.19937999887926 4.8576199276703
Clec4a2 10.1399334143348 5.21720941994962 4.852275362651
Fli1 10.1221580891138 4.15834039816498 3.80760532650792
Ets1 9.52298260959165 5.12153385225684 4.07521392778417
Ptprc 12.4924457080349 4.97169693417949 4.27972209041452
Ccr5 11.6775104276773 4.76389555562315 4.38189472383281
Il6ra 12.6762370901779 6.1687642329799 5.53952980903012
Tgif1 8.32241012578398 4.92179024083229 4.54028842439407
Pla2g15 12.3402771280608 8.02459910822709 6.48505555379804
Ifi30 11.3741036101554 7.30486396747774 5.91588498696477
H2-DMa 11.302506340632 7.48413774527913 6.45370634878277
Gpr34 12.0465417111213 4.29962184343579 4.00341395535433
Rrad 10.0218987777276 6.1178787035511 5.14548775300982
Rnase4 13.0645450224258 6.29728160297993 5.19187577275468
Hk2 12.2311857728962 7.51593430491791 6.02572427413974
Hfe 11.261965590755 6.83781039705067 5.61544493558026
Pik3cg 10.1391450667911 5.69844215274392 4.99519674630448
Cd84 9.79853579725004 4.68354498789986 4.42897810611062
Ly86 13.8484382572477 7.32270857251645 5.32900211888484
Vav1 10.4988780096262 4.18419787214574 3.94055478472808
Cfh 10.9189995251726 4.33054823567659 3.47933871960507
Tnfrsf13b 9.55249902249023 5.03236746112932 4.30070984675694
Hhex 10.0129558927535 5.99419436342949 5.21647243012033
Entpd1 9.36332417160173 5.53306965594171 4.16500353972533
Ptgs1 12.1460566579667 8.31684874523805 4.93467725402951
Lyz2 12.6255399097117 7.36609451002263 5.93216975195296
Ctc1 11.7381009275171 7.76320949016688 7.22093761531171
Unc93b1 11.2638153754962 7.2767877587732 6.40553815446024
Cmtm6 12.3249537931389 8.9306841210632 4.74773581314271
Hvcn1 10.3744362140918 5.79345111437921 5.32775896168291
Edem1 10.5468048765477 6.88186174512219 4.57909333554065
Icam1 12.0835121128031 6.38301477461085 4.8635861652873
Ptbp3 11.2821230739434 7.88172930479226 5.91408331851113
Rcsd1 12.3327371826167 7.68090805673638 6.40058859175205
Tmem140 8.37653073680301 4.71219773537896 4.39432910922664
Cd177 8.34962699286364 4.62815799727499 4.10074963502635
Casp8 9.75678338176791 5.24433439021204 4.98366463662866
F11r 12.1396861374846 6.49503666848332 5.67838845638507
Ifi35 9.14048261664104 5.68145833350795 5.31780854132074
Tor4a 10.2205590701386 6.87446565722581 5.48546268943577
Lpxn 10.7275528959061 5.16689140532456 4.39464804917839
Siglec5 8.28941632201165 4.15649008507737 3.80047224459786
Fcrl1 9.22764356004362 5.58221418439316 5.30248675598269
P2ry6 11.5574667748729 4.66550130823685 4.2783367578884
H2-K1 12.7949568117272 8.00465294234259 7.28441150517807
Tgfbr2 12.4393744689228 7.63409493867242 5.62881109620092
Ceacam1 8.80282175058088 4.73869849453035 4.52893748297763
Mlph 9.57489838859243 5.84036282403079 5.19857709381221
Ncf1 8.88584686160739 5.5112200845173 5.20824937197012
Il13ra1 9.84239214017086 5.9173410952909 4.27938383405742
Adap2 10.5722797031115 5.33328000421424 5.06046915333127
Capn3 10.3369957490321 5.06983706675736 4.52270618296937
Arrb2 11.4983554070217 7.01517294504746 6.60435374422365
Pros1 11.4603712254362 7.51108118467235 4.62317774857673
Arhgap17 10.9767981793134 7.44579737723856 4.91525898839653
Trim47 10.0791566495733 6.57963562655283 5.35088784257692
Plcg2 11.1549584884923 7.75569645011563 7.11207692137967
Sash3 11.249005723635 6.89158858406939 5.22852786794284
Themis2 9.99513496121799 5.44181229807543 4.89617386396937
Mpeg1 13.5931395335038 7.20880466424407 5.67082582014634
Cd48 9.95999221182058 4.84311388767818 4.29088130731779
Akna 10.7072692564892 6.62715790705715 4.75505165908738
Fes 10.5551239260507 6.71934995336063 5.91508744928008
Cep152 9.74520694836984 6.09700580402894 5.6169047071246
Ccrl2 11.3826980615646 6.43645047540563 5.78784544352084
Lcn2 12.0118513639671 4.47615237812052 4.21142122372866
Hbb-b2 7.88283645776123 4.27391684834882 3.85950420015508
Gimap6 8.28531118681062 4.93405795618478 4.59854895911067
AF251705 11.9378287827213 7.368719570266 6.25985769279751
Hmha1 10.4292840746509 5.9717176665234 5.43697346527017
Ebf3 8.03327435115078 4.62687882973895 4.12313895785531
Gmip 10.0312950363764 6.45953819918401 5.66628533834536
Nckap1l 11.1514517971807 6.32923247686821 4.78400743566589
Abcc3 9.68880748830503 5.65363652719481 4.967021788811
Rhoh 10.6886747062572 5.55828341420008 4.78794013842877
1700017B05Rik 11.7630363477309 7.39005125658411 5.60662197036385
Srgap2 11.7876768649285 8.4251684733604 7.96966399219271
Lair1 10.6341607739461 5.87582330977321 4.88422959523424
P2ry12 12.3417720061336 5.75268926553098 4.62071078234678
Rnf19b 9.59453701735849 5.55149838024415 4.72719834471548
Pld4 12.0162068213804 5.86626950227533 5.2508583247579
Lrrfip1 10.7165591037594 7.1562989167078 4.97248770355748
AU020206 9.7250304187546 5.57544498011854 5.06665405612379
Fermt3 11.255187597153 4.57725093969144 3.88655316405705
Ankrd44 11.6555430067368 7.99660649386024 5.42870366686603
H2-Aa 10.95884712019 5.98219773767939 4.76898215294237
Fam105a 11.8141138102905 8.36909750055126 5.87608127008804
Herpud1 12.561534184029 9.17787235753808 8.11490416985848
Cd300a 9.78331319123392 5.51037466775409 4.82259360302433
Lyz1 12.291433368859 6.41255023840504 4.34194931733779
Clcf1 8.66818372368241 4.02083357429262 3.69484209408416
Adrb2 8.06163788196254 4.364797298152 4.17249667108642
Lrrk1 9.00233842375518 5.280980410434 4.61470992206823
Il10ra 11.9204835825207 5.10215265177954 4.75997558951664
Hexb 13.9682695694516 9.48381122879374 7.575911014059
Rab20 9.47961105235741 5.15436394148401 3.88336323962373
Grn 13.5694893497197 10.2118452987812 8.01082817325982
Ifitm6 9.52062006754197 5.85917192094329 5.62261807324932
D9Ertd306e 8.17933645172779 4.72062399983874 4.23896395998524
Fam46c 12.3008656779841 6.24487047188787 4.62293708045197
Pald1 10.8157904216058 6.86021753820251 6.03779987890703
Ifngr1 12.0120817823602 8.3450908793183 7.13689622106574
Anxa1 10.0891907764378 6.1958609514779 4.44384462491416
Lrmp 8.72621364395205 4.67464029747449 4.33479985034984
Olfml3 13.5589885962411 6.99948168425517 6.10994520588146
Ncf2 10.9678841319022 6.40529087129383 5.56711558712031
Ctss 14.0972400899769 9.71792937949928 4.93445985540125
Cd53 12.647448770815 6.420472676637 5.09487598446385
Fcgr3 13.39521832835 6.81366410186989 5.4101127647294
S100a9 12.5433488948648 5.20183824954928 4.68880269654049
Hp 9.14524736055938 5.70791016005584 5.27679795929508
Klf2 13.0114488593516 8.86705362190387 5.61237087974856
Fcrls 13.5094801235154 6.49365508977627 5.59805338972312
Tlr1 9.47210882993985 4.49562304366285 4.09440878760767
Selplg 13.4608296010201 7.79405820922259 6.07786328413167
Cd68 12.242490069775 5.82053990166211 4.88250298837011
Gpr65 7.84688309866013 4.28378804483786 3.83808634113597
Casp1 8.7453943640576 5.0745231196777 4.28400172197747
Csf2rb2 9.41716750216967 5.0290864157658 4.42017704009661
Atf3 13.3007390383143 8.48492970336031 4.91980104733251
C1qc 13.5863871767458 7.06792090554154 5.0345433139868
Hck 11.677853867497 5.47704554852497 4.65016759179793
Gcnt1 8.17673933531389 4.39426765025908 4.12341931667275
Casp4 9.24666718666705 4.77156020051569 3.90611837736323
Ly96 9.04291773410898 5.39301532782941 4.53154948136319
Lag3 9.95212609690159 6.1911780404772 5.28211778607222
Cxcl2 11.1862547067567 5.08774388927117 4.23814476702071
Ltf 12.2109361391241 7.62479855154228 5.94193510553769
Cx3cr1 12.8661645891936 6.94585569049999 5.12986982726401
H2-D1 12.6018887958776 7.98400722006503 7.1230091630312
Stab1 10.8319181809469 5.64603082309413 5.07996029680604
Il6 8.39447282799593 4.43494075574329 3.79503943947129
Pdgfb 10.784427213788 7.30376904268404 5.75369385532995
Mrc1 8.63837955832117 4.54030870519494 4.1549180158524
Itgb2 11.8272052895604 5.18639030586938 4.5147296282456
Psmb9 9.34845122497028 5.83315421369343 5.322558517732
Ang 8.39410428367088 4.24769698914141 3.98239116533296
Sh2b2 9.22244603896785 5.29512937729897 4.5995708770177
Tyrobp 12.8882077765556 6.63125401169759 5.49223469140893
Emr1 12.7324162108168 6.91718224518301 5.4635515465977
Nrros 12.2035612900789 8.85678430987708 5.88573469651941
Tmem119 13.7062504747088 7.1021885665443 5.67612219060248
Parp14 9.29651035265735 5.6914296405012 4.8815013320211
Ttr 13.2596253146871 8.68486881586701 3.89619081108605
Havcr2 10.6395343238155 4.39023828018423 4.2291212598797
Alas2 10.1192139258561 5.44082077385283 4.80820267189592
Cmtm7 10.2158890607314 5.82270701212647 4.84741855605798
Blnk 11.7867853033936 6.98345570987698 5.05352838785839
Alox5ap 12.5576931349978 7.36302849808717 5.88416500246674
Fyb 11.7070682335866 6.70226836889514 6.00953927107101
Ctla2b 9.98817720392032 4.77013369767714 4.08575538526387
Zfp36 13.4710413836478 9.86526870874233 6.32560402240174
Abhd15 10.2572440975652 5.6196811327341 5.06481028476655
Cyba 11.7795222099381 7.08802099303639 5.04522503795044
Spata13 11.8423721764084 8.4285423895562 5.16084534171275
Ptpn6 11.5568573976642 7.63864889787153 6.43038378611102
Tec 10.1464631671626 6.8109451665942 5.46234221431193
Cd52 8.87459768254704 4.81917050018986 4.5022222167696
Irf5 10.4986359523617 6.53074731352217 5.51731308677421
Naip2 10.6906973938164 4.66345895354786 4.19448377789798
Anxa3 12.8939144704404 6.37446772221145 5.08632092825282
