Ppp1r14a 11.514280705559 7.33676780938714 4.19301466994387
Mobp 12.7160297890117 8.95876652081895 4.67782248062974
Pdlim2 12.0091884907 8.11773858156122 5.56583030319844
Lims2 10.8921170758448 7.48317267780095 6.7780441470529
Tspan2 12.4796235404517 8.32978697078047 4.84390924016187
Ddc 10.6032242789357 6.37071169179949 4.99701336972845
Nkx6-2 9.40550978686453 5.58647233736743 5.08265641397342
Mog 11.238125483188 6.60716845831558 4.05632999264306
Josd2 11.0358861714567 7.57259207597277 6.24479215881084
S1pr5 10.6527975985023 7.04628420050611 4.38008013221703
