Ddr1 9.56455502538568 9.604535171332 3.55450070301302
Gja1 9.45120216900357 9.604535171332 3.55450070301302
Syt4 8.31626685216689 9.604535171332 3.55450070301302
Stmn1 12.9456961274489 9.604535171332 3.55450070301302
Emb 9.55648673622905 9.604535171332 3.55450070301302
Chgb 11.1562789600634 9.604535171332 3.55450070301302
Npdc1 10.8800182060679 9.604535171332 3.55450070301302
Ndn 11.2494686460228 9.604535171332 3.55450070301302
Atp9a 10.6747123227916 9.604535171332 3.55450070301302
Scd1 9.77648001277955 9.604535171332 3.55450070301302
Tubb3 10.545435879271 9.604535171332 3.55450070301302
Sqle 10.6005620319415 9.604535171332 3.55450070301302
Hey1 10.0452934558799 9.604535171332 3.55450070301302
Fabp5 11.3475462813448 9.604535171332 3.55450070301302
Fabp3 11.3129793376586 9.604535171332 3.55450070301302
Cd24a 12.8137384468846 9.604535171332 3.55450070301302
Lrrn1 9.07851205724085 9.604535171332 3.55450070301302
Map4 10.5600084973743 9.604535171332 3.55450070301302
Syngr3 10.3640320369343 9.604535171332 3.55450070301302
Nsg2 10.1404443481185 9.604535171332 3.55450070301302
Sparcl1 11.365252170428 9.604535171332 3.55450070301302
Prnp 12.844665156515 9.604535171332 3.55450070301302
Olig1 9.70639536248451 9.604535171332 3.55450070301302
Fstl1 11.3539066700792 9.604535171332 3.55450070301302
Ndufc1 11.3090039438984 9.604535171332 3.55450070301302
Rgs4 11.0030422553238 9.604535171332 3.55450070301302
Nfib 8.39620356275405 9.604535171332 3.55450070301302
Mllt11 13.036989727531 9.604535171332 3.55450070301302
Adk 10.9448652176944 9.604535171332 3.55450070301302
Mcam 9.22881043039905 9.604535171332 3.55450070301302
Dync1i1 10.2721779083171 9.604535171332 3.55450070301302
Gsta4 9.96852444599112 9.604535171332 3.55450070301302
Guk1 11.9548485032587 9.604535171332 3.55450070301302
Gabarapl1 11.6894533848523 9.604535171332 3.55450070301302
Cryab 12.66237884772 9.604535171332 3.55450070301302
Igdcc4 10.6770926115249 9.604535171332 3.55450070301302
Ttc3 9.79289822217654 9.604535171332 3.55450070301302
Lxn 12.4502596826093 9.604535171332 3.55450070301302
Me1 9.09426995216959 9.604535171332 3.55450070301302
Snap91 11.0441933014243 9.604535171332 3.55450070301302
Rnd3 7.7544851874915 9.604535171332 3.55450070301302
Serpini1 10.5728631462505 9.604535171332 3.55450070301302
Tmem35 8.75721280695065 9.604535171332 3.55450070301302
Tppp3 12.583171400636 9.604535171332 3.55450070301302
Htra1 12.4849237558888 9.604535171332 3.55450070301302
Prkar1b 13.1957636777545 9.604535171332 3.55450070301302
S100a10 12.2793931726653 9.604535171332 3.55450070301302
Pfkm 10.3595081155634 9.604535171332 3.55450070301302
Tac1 9.91913106878205 9.604535171332 3.55450070301302
Kcnip1 9.07010158428899 9.604535171332 3.55450070301302
Parva 8.57424110460602 9.604535171332 3.55450070301302
Snap25 12.5744076122821 9.604535171332 3.55450070301302
Ndufb2 12.9828405071705 9.604535171332 3.55450070301302
Abhd8 10.2094256328208 9.604535171332 3.55450070301302
Pcsk1n 12.2043715992762 9.604535171332 3.55450070301302
Hspb8 11.8963999367147 9.604535171332 3.55450070301302
C1qtnf4 8.92005146664657 9.604535171332 3.55450070301302
Ckmt1 10.6044469260663 9.604535171332 3.55450070301302
Acot7 11.6867744242605 9.604535171332 3.55450070301302
Ddt 11.2839769752213 9.604535171332 3.55450070301302
Meis2 8.39667371630528 9.604535171332 3.55450070301302
Fam69b 9.97930589102199 9.604535171332 3.55450070301302
Slc25a14 11.1739720821247 9.604535171332 3.55450070301302
Lynx1 11.7792175639664 9.604535171332 3.55450070301302
Crip2 11.4464415360635 9.604535171332 3.55450070301302
Dkk3 10.3438461030205 9.604535171332 3.55450070301302
Sorbs1 9.7138456093538 9.604535171332 3.55450070301302
Bex2 11.1729723722055 9.604535171332 3.55450070301302
Gpc1 9.76321552324507 9.604535171332 3.55450070301302
Elovl6 8.55749639058737 9.604535171332 3.55450070301302
Nap1l5 12.3181507064062 9.604535171332 3.55450070301302
Sept3 9.90009122120909 9.604535171332 3.55450070301302
Kcna1 11.4651956099502 9.604535171332 3.55450070301302
Gng3 10.9969150002752 9.604535171332 3.55450070301302
Cyb561 11.0873950593031 9.604535171332 3.55450070301302
Ssx2ip 11.0804218252967 9.604535171332 3.55450070301302
Pcbp3 8.76253490557749 9.604535171332 3.55450070301302
Rab33a 9.73548602449176 9.604535171332 3.55450070301302
Limk1 10.9525997238427 9.604535171332 3.55450070301302
Grb14 8.89348577328484 9.604535171332 3.55450070301302
Cplx1 13.4062465209969 9.604535171332 3.55450070301302
Sncg 12.0958951593297 9.604535171332 3.55450070301302
Atp6v1g2 11.0820977756195 9.604535171332 3.55450070301302
Rab15 10.7650618795017 9.604535171332 3.55450070301302
Synj2bp 10.4750803112791 9.604535171332 3.55450070301302
Cep19 11.8663036091232 9.604535171332 3.55450070301302
Fhl1 11.7229824538892 9.604535171332 3.55450070301302
Sirt3 10.5988999602873 9.604535171332 3.55450070301302
Pak3 9.72339115950302 9.604535171332 3.55450070301302
Gng4 8.05689359121544 9.604535171332 3.55450070301302
Pdlim7 10.056141618094 9.604535171332 3.55450070301302
Cpeb1 9.11390608159894 9.604535171332 3.55450070301302
Resp18 10.8782953232138 9.604535171332 3.55450070301302
Slco3a1 9.43981085233439 9.604535171332 3.55450070301302
Nap1l2 11.127656010552 9.604535171332 3.55450070301302
Eef1a2 11.3085560497458 9.604535171332 3.55450070301302
Cfl2 12.0075927005383 9.604535171332 3.55450070301302
Prkcz 10.4263856532794 9.604535171332 3.55450070301302
Chd3os 11.4504418505995 9.604535171332 3.55450070301302
Nrip3 11.6708463333479 9.604535171332 3.55450070301302
Stmn4 9.52248096965514 9.604535171332 3.55450070301302
Gspt2 8.43466066614922 9.604535171332 3.55450070301302
Dhcr24 9.36161182149709 9.604535171332 3.55450070301302
Chga 11.2046835865064 9.604535171332 3.55450070301302
Nr2f1 7.57043096873964 9.604535171332 3.55450070301302
Ina 10.7816263805845 9.604535171332 3.55450070301302
Pfn2 12.5486196949073 9.604535171332 3.55450070301302
Omg 10.1785784891592 9.604535171332 3.55450070301302
Cdhr1 8.72806683579709 9.604535171332 3.55450070301302
Rbfox1 10.3889425273196 9.604535171332 3.55450070301302
Rnf112 9.37299326283106 9.604535171332 3.55450070301302
Larp6 8.96915059639073 9.604535171332 3.55450070301302
Tpd52l1 11.8924948641821 9.604535171332 3.55450070301302
Hoxb5 9.85604838254947 9.604535171332 3.55450070301302
Mrpl42 11.8228589686335 9.604535171332 3.55450070301302
Atp1b1 12.0733585796737 9.604535171332 3.55450070301302
Emc9 11.199492045084 9.604535171332 3.55450070301302
Lmo1 9.59999013726712 9.604535171332 3.55450070301302
Slc4a3 10.3161614038083 9.604535171332 3.55450070301302
Nap1l3 9.85036211010021 9.604535171332 3.55450070301302
Irx3 11.3469532994741 9.604535171332 3.55450070301302
Wasf1 9.75662276801832 9.604535171332 3.55450070301302
Nrsn1 10.0066162351366 9.604535171332 3.55450070301302
Slc17a6 8.10922531050136 9.604535171332 3.55450070301302
Astn1 9.05125284855301 9.604535171332 3.55450070301302
Clu 13.7199406298887 9.604535171332 3.55450070301302
Egln3 9.24925605925491 9.604535171332 3.55450070301302
Mpdz 8.36273151628169 9.604535171332 3.55450070301302
Lin7b 11.3462728606893 9.604535171332 3.55450070301302
Cox7a1 7.91726208177031 9.604535171332 3.55450070301302
Cd59a 10.4397169142984 9.604535171332 3.55450070301302
Pcbd1 11.2192742004656 9.604535171332 3.55450070301302
Tesc 13.5610307065464 9.604535171332 3.55450070301302
Pnkd 9.72638644628694 9.604535171332 3.55450070301302
Cd55 8.54100486187344 9.604535171332 3.55450070301302
Mapk8ip2 11.1030426543616 9.604535171332 3.55450070301302
Sh3gl2 12.0868452961164 9.604535171332 3.55450070301302
Cds2 12.6949300784998 9.604535171332 3.55450070301302
Cdh2 7.97714811991273 9.604535171332 3.55450070301302
Eno2 11.1622925441104 9.604535171332 3.55450070301302
Hebp2 12.2323397340639 9.604535171332 3.55450070301302
Cadm3 10.1202387971755 9.604535171332 3.55450070301302
Inadl 10.6804321948363 9.604535171332 3.55450070301302
Rtn2 9.78953917889828 9.604535171332 3.55450070301302
Ugt8a 8.82712458404957 9.604535171332 3.55450070301302
Tmeff2 11.0057615090215 9.604535171332 3.55450070301302
Anxa2 12.0517929030467 9.604535171332 3.55450070301302
Serpina3n 9.82065838735338 9.604535171332 3.55450070301302
Vstm2b 10.0343455647942 9.604535171332 3.55450070301302
Mfsd6 9.05281839731827 9.604535171332 3.55450070301302
Fxyd7 11.4075636189094 9.604535171332 3.55450070301302
Cacna2d3 11.0577747059954 9.604535171332 3.55450070301302
S100b 11.4842214437679 9.604535171332 3.55450070301302
Gng13 10.6867576331826 9.604535171332 3.55450070301302
Ank1 10.5131082144594 9.604535171332 3.55450070301302
Cck 10.1963444649172 9.604535171332 3.55450070301302
Fam19a5 10.248197537386 9.604535171332 3.55450070301302
Elf5 8.6224800248516 9.604535171332 3.55450070301302
Lgals1 12.9287166099997 9.604535171332 3.55450070301302
Mbp 12.3754139418369 9.604535171332 3.55450070301302
Spock1 9.87548201381561 9.604535171332 3.55450070301302
Masp1 7.85023205154189 9.604535171332 3.55450070301302
Akap12 9.0927612516264 9.604535171332 3.55450070301302
Mark1 10.0080151588308 9.604535171332 3.55450070301302
Plec 10.3173206815403 9.604535171332 3.55450070301302
Prph 11.4169192541284 9.604535171332 3.55450070301302
Gna14 8.82492236403174 9.604535171332 3.55450070301302
Prss12 11.4883190381658 9.604535171332 3.55450070301302
Atp2b2 9.04827267825033 9.604535171332 3.55450070301302
Sema3a 9.93434655518939 9.604535171332 3.55450070301302
Syt2 10.3950599152439 9.604535171332 3.55450070301302
Chn1 8.99614670268591 9.604535171332 3.55450070301302
Kcnq2 10.7174402545212 9.604535171332 3.55450070301302
Ptprf 8.02626395798178 9.604535171332 3.55450070301302
Gucy1b3 8.28825525265195 9.604535171332 3.55450070301302
Sln 8.22641454763931 9.604535171332 3.55450070301302
Hs6st2 9.46992757915173 9.604535171332 3.55450070301302
Vsnl1 10.790899436214 9.604535171332 3.55450070301302
Nrg3 8.00738798730139 9.604535171332 3.55450070301302
Epb4.1l1 8.94681780291647 9.604535171332 3.55450070301302
Trpc1 8.58011230696786 9.604535171332 3.55450070301302
Ryr2 8.24427241362359 9.604535171332 3.55450070301302
Myt1l 8.23036973073269 9.604535171332 3.55450070301302
Gabrb3 7.86498990896106 9.604535171332 3.55450070301302
Cabp1 7.9059584176648 9.604535171332 3.55450070301302
Gabra1 7.56271154783875 9.604535171332 3.55450070301302
Cttn 12.1833840981262 9.604535171332 3.55450070301302
Cend1 8.94682427281047 9.604535171332 3.55450070301302
Ankrd6 9.06932369792157 9.604535171332 3.55450070301302
2010204K13Rik 10.7941934328711 9.604535171332 3.55450070301302
Hoxa9 10.3096818477386 9.604535171332 3.55450070301302
Sytl2 10.0767433454111 9.604535171332 3.55450070301302
Sult4a1 9.22257286987256 9.604535171332 3.55450070301302
Enah 10.8072139357509 9.604535171332 3.55450070301302
Spry2 8.61322119608909 9.604535171332 3.55450070301302
Rit2 11.6036441850153 9.604535171332 3.55450070301302
Uts2 10.1176061163288 9.604535171332 3.55450070301302
Epdr1 11.5722823555886 9.604535171332 3.55450070301302
Bace1 10.990893938143 9.604535171332 3.55450070301302
Pip5k1b 7.14892427129113 9.604535171332 3.55450070301302
Vamp1 12.6386039276178 9.604535171332 3.55450070301302
Elavl2 10.6837368567246 9.604535171332 3.55450070301302
Nedd4 9.68743074822436 9.604535171332 3.55450070301302
L1cam 10.3506002356866 9.604535171332 3.55450070301302
Sema7a 10.0352843334675 9.604535171332 3.55450070301302
Oprl1 8.6296496747207 9.604535171332 3.55450070301302
Slc18a3 11.1569546624862 9.604535171332 3.55450070301302
Kctd1 8.36119534869419 9.604535171332 3.55450070301302
Hras 11.1694086496201 9.604535171332 3.55450070301302
Acss2 10.4909830735113 9.604535171332 3.55450070301302
Glrb 10.9753103319007 9.604535171332 3.55450070301302
Nefm 12.8500634796239 9.604535171332 3.55450070301302
Atp5k 13.4309047131605 9.604535171332 3.55450070301302
Extl2 12.4193001429128 9.604535171332 3.55450070301302
Rab3a 11.0879882077028 9.604535171332 3.55450070301302
Rasgrf1 11.3124527531441 9.604535171332 3.55450070301302
Arpp19 11.0080674952487 9.604535171332 3.55450070301302
Ache 10.2366567102604 9.604535171332 3.55450070301302
Calcb 12.6378005415879 9.604535171332 3.55450070301302
Pcdhb9 9.09044821982986 9.604535171332 3.55450070301302
Sh3bgr 11.5261018738575 9.604535171332 3.55450070301302
Rnd2 11.4298353264005 9.604535171332 3.55450070301302
Isl1 10.1864791849788 9.604535171332 3.55450070301302
Polr3k 10.6748061789398 9.604535171332 3.55450070301302
Cntnap2 9.15846639399141 9.604535171332 3.55450070301302
Rims2 8.45389008456326 9.604535171332 3.55450070301302
Cartpt 10.0143048183541 9.604535171332 3.55450070301302
Kif5c 9.93642703234116 9.604535171332 3.55450070301302
Nsg1 10.1489264927318 9.604535171332 3.55450070301302
Paqr4 10.7456899114282 9.604535171332 3.55450070301302
Thy1 12.6870357527689 9.604535171332 3.55450070301302
Fgf1 11.4167880552491 9.604535171332 3.55450070301302
Scg5 10.3450045490424 9.604535171332 3.55450070301302
Napb 10.0980658768863 9.604535171332 3.55450070301302
Kcnb1 8.20900044133695 9.604535171332 3.55450070301302
Id4 8.92447740029991 9.604535171332 3.55450070301302
Ints6 12.008480223076 9.604535171332 3.55450070301302
Stmn2 11.7761423206151 9.604535171332 3.55450070301302
Cbln1 10.5915979721971 9.604535171332 3.55450070301302
Mest 9.81903180012586 9.604535171332 3.55450070301302
Gdap1 10.2351192751518 9.604535171332 3.55450070301302
Socs5 10.7086079660791 9.604535171332 3.55450070301302
Adam23 9.24572170426279 9.604535171332 3.55450070301302
Fbxw2 9.85025082701203 9.604535171332 3.55450070301302
Ptbp2 10.1090259798735 9.604535171332 3.55450070301302
Scn8a 9.79546189611465 9.604535171332 3.55450070301302
Gap43 9.40040132777074 9.604535171332 3.55450070301302
Nell2 10.5302606371668 9.604535171332 3.55450070301302
Itm2a 10.6763777633724 9.604535171332 3.55450070301302
Dner 10.9552688795817 9.604535171332 3.55450070301302
Tmem246 11.1752307914505 9.604535171332 3.55450070301302
Cela1 10.8563210368721 9.604535171332 3.55450070301302
Chchd6 11.3365317962542 9.604535171332 3.55450070301302
Lamp5 9.64530651982835 9.604535171332 3.55450070301302
1110008P14Rik 12.7455822057657 9.604535171332 3.55450070301302
Sez6l2 11.4773411854723 9.604535171332 3.55450070301302
Tspyl4 12.090387033951 9.604535171332 3.55450070301302
Tmem242 9.86881020331135 9.604535171332 3.55450070301302
2010107G23Rik 8.68075610165624 9.604535171332 3.55450070301302
Ndufa4 12.4990045963101 9.604535171332 3.55450070301302
Nme1 12.8339395751393 9.604535171332 3.55450070301302
Pmm1 10.0970962389957 9.604535171332 3.55450070301302
Parm1 8.75984881814171 9.604535171332 3.55450070301302
Susd4 9.87125881049488 9.604535171332 3.55450070301302
Elovl4 8.63304951417192 9.604535171332 3.55450070301302
Tspan17 11.1621367111203 9.604535171332 3.55450070301302
Ube2e2 11.0043478196515 9.604535171332 3.55450070301302
Selm 11.6677989297439 9.604535171332 3.55450070301302
Rufy3 9.86529531425186 9.604535171332 3.55450070301302
Arhgef7 8.85637378726295 9.604535171332 3.55450070301302
Flywch2 9.17192152399504 9.604535171332 3.55450070301302
Cgref1 10.0821316575604 9.604535171332 3.55450070301302
Car10 9.18798408488834 9.604535171332 3.55450070301302
2900011O08Rik 11.4151049929145 9.604535171332 3.55450070301302
Slit2 9.96515532816552 9.604535171332 3.55450070301302
Cacfd1 10.657206110849 9.604535171332 3.55450070301302
Ccdc136 10.8647755840539 9.604535171332 3.55450070301302
Aldoc 11.8674093250346 9.604535171332 3.55450070301302
Smyd2 11.5213429861821 9.604535171332 3.55450070301302
Cdh22 10.5244880492254 9.604535171332 3.55450070301302
Nefh 12.9323020218768 9.604535171332 3.55450070301302
Ptprd 9.70505292857692 9.604535171332 3.55450070301302
Slc29a4 9.16757390300216 9.604535171332 3.55450070301302
Rhov 8.83782805332705 9.604535171332 3.55450070301302
Isoc1 11.768555428529 9.604535171332 3.55450070301302
Kcnc4 10.8502429273251 9.604535171332 3.55450070301302
Cdh10 8.43118470840675 9.604535171332 3.55450070301302
Neto1 8.67534377528008 9.604535171332 3.55450070301302
Slc12a5 11.747606563964 9.604535171332 3.55450070301302
Kcnk3 9.88302523826711 9.604535171332 3.55450070301302
Ccdc28a 10.5420280056185 9.604535171332 3.55450070301302
Aqp4 8.17977878498773 9.604535171332 3.55450070301302
Slc1a1 10.1865785106787 9.604535171332 3.55450070301302
Plp1 10.2234323265381 9.604535171332 3.55450070301302
Stau2 10.6289232888435 9.604535171332 3.55450070301302
Edil3 9.48959525157659 9.604535171332 3.55450070301302
Ppp1r3c 9.34740563245522 9.604535171332 3.55450070301302
Olfm1 10.2567499468257 9.604535171332 3.55450070301302
Caln1 11.5352508276612 9.604535171332 3.55450070301302
Dusp26 10.9983970529339 9.604535171332 3.55450070301302
Olfm3 8.79801684568696 9.604535171332 3.55450070301302
Nfatc2 10.9356120511232 9.604535171332 3.55450070301302
Armcx1 10.4290779004733 9.604535171332 3.55450070301302
Cit 9.36629330625473 9.604535171332 3.55450070301302
Plagl1 8.88980406453428 9.604535171332 3.55450070301302
Ttc39c 9.07961870260801 9.604535171332 3.55450070301302
Nefl 13.8305038298173 9.604535171332 3.55450070301302
Alcam 9.81335922530498 9.604535171332 3.55450070301302
Scn3b 8.47157372806427 9.604535171332 3.55450070301302
Cacng5 9.22027923502183 9.604535171332 3.55450070301302
Ntng1 9.52096123024653 9.604535171332 3.55450070301302
Susd2 11.0479102407714 9.604535171332 3.55450070301302
Gnaz 9.14807614283965 9.604535171332 3.55450070301302
Crtac1 10.4707627430302 9.604535171332 3.55450070301302
Ndrg4 13.0932992102422 9.604535171332 3.55450070301302
Ppp2r2b 10.8215825228555 9.604535171332 3.55450070301302
Slc6a15 9.56468197754382 9.604535171332 3.55450070301302
Cnn3 10.8578187346965 9.604535171332 3.55450070301302
6330403K07Rik 11.7166526439039 9.604535171332 3.55450070301302
Etl4 8.56384159600746 9.604535171332 3.55450070301302
Celf4 10.068858201562 9.604535171332 3.55450070301302
Medag 9.07964175829753 9.604535171332 3.55450070301302
Tsr2 10.5107534570476 9.604535171332 3.55450070301302
Thra 11.4036399660426 9.604535171332 3.55450070301302
Fbxo2 12.1482872712003 9.604535171332 3.55450070301302
Penk 9.58229232635724 9.604535171332 3.55450070301302
Amph 10.93152273815 9.604535171332 3.55450070301302
Zfp612 9.13873445469945 9.604535171332 3.55450070301302
Copg2os2 9.01011414142445 9.604535171332 3.55450070301302
Armcx4 8.15937189054593 9.604535171332 3.55450070301302
Wnk4 9.49818452442081 9.604535171332 3.55450070301302
Gabrg1 9.18777757824448 9.604535171332 3.55450070301302
Magi1 8.20453750819894 9.604535171332 3.55450070301302
Clip4 8.40793570032609 9.604535171332 3.55450070301302
Rbfox3 8.33428116469586 9.604535171332 3.55450070301302
Adora1 10.8872504563313 9.604535171332 3.55450070301302
Calca 12.0357999855436 9.604535171332 3.55450070301302
Cda 9.65579307035783 9.604535171332 3.55450070301302
Arhgap20 9.32490934447168 9.604535171332 3.55450070301302
Rhbdl3 9.17531157140778 9.604535171332 3.55450070301302
Cystm1 11.4753122952614 9.604535171332 3.55450070301302
Uqcrq 12.4090931143076 9.604535171332 3.55450070301302
Pip5kl1 7.81312682785697 9.604535171332 3.55450070301302
Mycbp 11.4298431881687 9.604535171332 3.55450070301302
Acyp2 11.3360457528431 9.604535171332 3.55450070301302
Deb1 11.6613668252208 9.604535171332 3.55450070301302
Rasl10a 9.85407572644847 9.604535171332 3.55450070301302
Snrnp25 11.5959197559128 9.604535171332 3.55450070301302
Slitrk1 10.4342053514975 9.604535171332 3.55450070301302
Tmcc2 10.5073264451531 9.604535171332 3.55450070301302
Tomm7 11.9616836167292 9.604535171332 3.55450070301302
2010107E04Rik 12.7785523982323 9.604535171332 3.55450070301302
Tdrp 10.812514862691 9.604535171332 3.55450070301302
Nkiras1 11.9929619742813 9.604535171332 3.55450070301302
Lysmd2 10.3643957171739 9.604535171332 3.55450070301302
Elavl4 8.38382336320946 9.604535171332 3.55450070301302
Ndufaf5 10.3546638606799 9.604535171332 3.55450070301302
Pacrg 10.3498197355991 9.604535171332 3.55450070301302
Hddc2 10.4051520043247 9.604535171332 3.55450070301302
Ngfrap1 12.4787112287248 9.604535171332 3.55450070301302
2610524H06Rik 9.46514420793871 9.604535171332 3.55450070301302
Spryd7 10.7842534626356 9.604535171332 3.55450070301302
Bcat1 11.7315673813414 9.604535171332 3.55450070301302
Tmem205 11.4160976550577 9.604535171332 3.55450070301302
Fndc4 11.2599347110297 9.604535171332 3.55450070301302
Timm8b 12.5688628418525 9.604535171332 3.55450070301302
Necab3 9.10233075671165 9.604535171332 3.55450070301302
Sh3gl3 9.4619600212143 9.604535171332 3.55450070301302
Mast1 10.3474594791464 9.604535171332 3.55450070301302
Darc 9.493452559709 9.604535171332 3.55450070301302
Rab3c 7.98043558319336 9.604535171332 3.55450070301302
Reep1 12.1932182074462 9.604535171332 3.55450070301302
Myeov2 10.2447346985067 9.604535171332 3.55450070301302
Chchd10 10.7563470327625 9.604535171332 3.55450070301302
Abat 8.55408857067878 9.604535171332 3.55450070301302
Clvs1 11.5871263048133 9.604535171332 3.55450070301302
Asns 10.7195234107569 9.604535171332 3.55450070301302
Pdap1 11.3431325813581 9.604535171332 3.55450070301302
Ppargc1a 8.17520097649681 9.604535171332 3.55450070301302
Sh3bgrl2 8.69037908203213 9.604535171332 3.55450070301302
Rell2 11.1695615079372 9.604535171332 3.55450070301302
Fermt2 10.1574487460922 9.604535171332 3.55450070301302
Fam174b 8.96973218862766 9.604535171332 3.55450070301302
Coro2b 10.174096809555 9.604535171332 3.55450070301302
Rnf157 12.4667269199366 9.604535171332 3.55450070301302
Aard 10.3735740281853 9.604535171332 3.55450070301302
Tmem56 7.63484372592459 9.604535171332 3.55450070301302
Nrcam 9.38035714687189 9.604535171332 3.55450070301302
Morn4 9.46771352859073 9.604535171332 3.55450070301302
Ccl27a 9.42875202567154 9.604535171332 3.55450070301302
Spock2 9.2990836982268 9.604535171332 3.55450070301302
Rnf208 10.7420713011481 9.604535171332 3.55450070301302
Limch1 9.17256495726907 9.604535171332 3.55450070301302
Stmn3 12.2791235109248 9.604535171332 3.55450070301302
Tvp23a 10.1721496957519 9.604535171332 3.55450070301302
Npr3 8.22863888307484 9.604535171332 3.55450070301302
Kctd17 11.2746971731384 9.604535171332 3.55450070301302
Fhod3 10.3920761936197 9.604535171332 3.55450070301302
Fgf14 8.37968772715582 9.604535171332 3.55450070301302
Kalrn 8.55448196758069 9.604535171332 3.55450070301302
Kazald1 10.8844030348451 9.604535171332 3.55450070301302
Cacnb4 8.03521613515776 9.604535171332 3.55450070301302
Mapk10 10.5652291638864 9.604535171332 3.55450070301302
Dennd6a 8.73587584018341 9.604535171332 3.55450070301302
F2r 10.5878038874562 9.604535171332 3.55450070301302
Lrrtm1 8.80253229714971 9.604535171332 3.55450070301302
Fdft1 11.8511146196431 9.604535171332 3.55450070301302
Osbpl6 9.05617681380016 9.604535171332 3.55450070301302
Atp6v0e2 12.7060584424923 9.604535171332 3.55450070301302
Uchl1 12.0257346579268 9.604535171332 3.55450070301302
Syp 9.60259724082879 9.604535171332 3.55450070301302
Uqcr11 12.7476593455215 9.604535171332 3.55450070301302
Tnk2 12.3096816979487 9.604535171332 3.55450070301302
Mgst3 9.97317187692226 9.604535171332 3.55450070301302
Pcsk2 10.4327316390482 9.604535171332 3.55450070301302
Ykt6 10.4646785310116 9.604535171332 3.55450070301302
Nipsnap1 10.3837974606334 9.604535171332 3.55450070301302
Kcnab1 10.1899731460688 9.604535171332 3.55450070301302
Bex1 11.802723110702 9.604535171332 3.55450070301302
Scg3 10.6588681575025 9.604535171332 3.55450070301302
Enpep 7.60690345951009 9.604535171332 3.55450070301302
Arhgdig 11.7292119946546 9.604535171332 3.55450070301302
Kcnk1 10.0470347629753 9.604535171332 3.55450070301302
Gltpd1 10.7634523825662 9.604535171332 3.55450070301302
Sept4 10.6373455049337 9.604535171332 3.55450070301302
Cd200 9.41782744410753 9.604535171332 3.55450070301302
Hoxa5 7.55049025725432 9.604535171332 3.55450070301302
Cadps 10.428575249005 9.604535171332 3.55450070301302
Stard10 10.2174644878599 9.604535171332 3.55450070301302
Rhou 10.1314795083984 9.604535171332 3.55450070301302
Gpx3 10.3408586926791 9.604535171332 3.55450070301302
Cdkl2 9.78343498687475 9.604535171332 3.55450070301302
Spp1 11.2072773067 9.604535171332 3.55450070301302
Cyfip2 9.42555614571518 9.604535171332 3.55450070301302
Mapk12 9.88087067271275 9.604535171332 3.55450070301302
Zmat3 10.8754824059406 9.604535171332 3.55450070301302
2310030G06Rik 8.22094994564785 9.604535171332 3.55450070301302
Nicn1 10.7334621176989 9.604535171332 3.55450070301302
Fkbp1b 12.3450490418942 9.604535171332 3.55450070301302
Kcnmb4 10.1619469094822 9.604535171332 3.55450070301302
Kcnh2 10.0217930144887 9.604535171332 3.55450070301302
Cntn1 10.5527092696363 9.604535171332 3.55450070301302
Trhr 8.7627703277024 9.604535171332 3.55450070301302
Cpne6 11.0359684196531 9.604535171332 3.55450070301302
Rph3a 9.09629950731432 9.604535171332 3.55450070301302
Spock3 7.87930557473614 9.604535171332 3.55450070301302
Scn1a 11.0973523429737 9.604535171332 3.55450070301302
Serpinb6a 11.4381192059838 9.604535171332 3.55450070301302
Hcn1 9.27227710432908 9.604535171332 3.55450070301302
Cdk5r2 9.80414599585258 9.604535171332 3.55450070301302
Rgs7 10.8161200435453 9.604535171332 3.55450070301302
Tagln3 11.2575793964304 9.604535171332 3.55450070301302
Rgs17 9.27764855678775 9.604535171332 3.55450070301302
Scg2 8.8807716757655 9.604535171332 3.55450070301302
Kif21a 8.74280482612425 9.604535171332 3.55450070301302
3632451O06Rik 9.10917426421185 9.604535171332 3.55450070301302
Dffa 11.6198202290097 9.604535171332 3.55450070301302
Calb2 10.0407266075695 9.604535171332 3.55450070301302
Lrrc49 11.1398374523944 9.604535171332 3.55450070301302
Rerg 8.84110158432087 9.604535171332 3.55450070301302
Acsl6 9.83410679970626 9.604535171332 3.55450070301302
Tram1l1 9.09348076947942 9.604535171332 3.55450070301302
Zfp521 8.03692248064635 9.604535171332 3.55450070301302
Chac1 10.2884918241371 9.604535171332 3.55450070301302
Dpp6 9.86063467172921 9.604535171332 3.55450070301302
Ccdc92 10.8799533369339 9.604535171332 3.55450070301302
Chodl 11.1534609306748 9.604535171332 3.55450070301302
Cadps2 8.65860689831248 9.604535171332 3.55450070301302
Nol3 9.72337857239417 9.604535171332 3.55450070301302
Fam92a 10.748372586879 9.604535171332 3.55450070301302
Fgf12 8.42916980898361 9.604535171332 3.55450070301302
Vstm2a 9.58644578868326 9.604535171332 3.55450070301302
Arl16 9.72583103921917 9.604535171332 3.55450070301302
Nckap1 12.4112711846555 9.604535171332 3.55450070301302
Kcnj14 10.7775436228277 9.604535171332 3.55450070301302
Hoxc8 10.5465679654857 9.604535171332 3.55450070301302
Slc41a2 8.1925243943902 9.604535171332 3.55450070301302
Dpcd 12.2884451432621 9.604535171332 3.55450070301302
Zdhhc2 9.69320910684181 9.604535171332 3.55450070301302
Pcp4l1 11.3324598198555 9.604535171332 3.55450070301302
Slc22a23 9.07519112992563 9.604535171332 3.55450070301302
Cltb 11.544436577353 9.604535171332 3.55450070301302
Fez1 9.72546181688502 9.604535171332 3.55450070301302
Fam189b 11.0053629183685 9.604535171332 3.55450070301302
Nlgn2 11.177577743416 9.604535171332 3.55450070301302
D430019H16Rik 9.46397391473924 9.604535171332 3.55450070301302
Adcy2 10.727789381694 9.604535171332 3.55450070301302
Gm1976 9.56798645436445 9.604535171332 3.55450070301302
Rspo2 10.0996783791835 9.604535171332 3.55450070301302
Cdr2l 10.3234830183493 9.604535171332 3.55450070301302
Pcp4 12.0324244820705 9.604535171332 3.55450070301302
Dmtn 10.6482925568684 9.604535171332 3.55450070301302
Mnx1 7.60687652404079 9.604535171332 3.55450070301302
