Golm1 13.2088860971046 6.76527724403398 6.52104337932628
Dusp6 12.1106891877544 5.78970716952628 5.35934108382347
Tgfbi 10.1405547174483 5.55467319844534 5.39805726478744
Sgpl1 9.65202662527855 5.31234238567007 4.60407979333808
Junb 11.5348729987463 6.24000339675723 5.47262710690675
Txnip 13.6791294028158 6.49295835503192 6.36374940477108
Klf10 10.2322983288757 6.62561649681687 5.65696025395733
Cd9 11.7732224133317 7.48434640011317 7.17114200525752
Cd34 10.3774455408259 4.83927594963628 4.67590824945099
Sipa1 11.0491157826369 6.72298378112278 6.44245487546423
Coro1a 12.5292545103329 8.71323705845488 8.50644174765232
Btg2 11.4551013031419 6.1336477750189 5.52284405974221
Ets2 10.9375646531096 7.56373685372671 7.47235211466739
Tnfaip2 9.10265124910753 4.45219825192179 4.39450291885653
Litaf 12.4983539473891 7.65154306981539 6.92205554853922
Cyfip1 12.6467245474294 7.79636431134423 7.52418328622346
Lamp2 11.6194145923605 8.03292601863294 7.62011198089777
Snx18 11.9053155899221 8.17865747083228 7.76710931031886
Ctsc 12.6316085285889 5.27690941040107 5.16343952909757
Rcbtb2 9.72307900109777 6.12455117426757 6.04142713659378
Ier2 13.4110457696294 7.239166280841 6.60985185313767
Nr4a1 12.062949010541 7.3705668075845 6.27763534852119
Nfe2l2 11.3582431578503 5.60991669815586 5.57661207688836
Socs3 12.872389729541 5.53699792838188 3.94484707786018
Sparc 11.7641395212327 7.52098528745782 6.92802018391163
Scamp2 12.177112436192 6.81551280580289 6.52703832697236
Acss1 9.88171693983298 5.39255117525532 5.36757554159325
4632428N05Rik 13.023417651154 5.06041439888633 5.00385178366043
Spint1 10.3486258835977 5.39547270817782 5.3698706063722
Slc2a5 10.7420519945533 6.84943290629457 6.5474593290155
Afp 8.25927872186671 4.18042950244616 4.00806043685668
Plxnb2 11.1948611499116 6.39199096695049 5.73262133376825
Irf8 12.5830920544812 5.34835105702262 5.32707067010498
Tbxas1 9.82110086955256 6.27428640121168 6.01114150268223
Slc39a8 8.53981315614105 4.03119722048317 3.8860014849824
Parvg 10.3515058485033 6.1428945894909 5.11870433716051
Mcl1 12.2087835671601 7.42687761642665 6.99750051152676
Numb 12.2370666835434 8.8572692080879 8.77199170181891
Rps6ka1 12.4350911117328 7.9881461958983 7.25288100802201
Parp9 9.59737310164525 5.29314152416837 5.0984656816728
Tnfaip8 10.0379616559435 5.8356343512184 5.38348367350051
Sirpa 12.5100346647181 8.6226283623861 8.26693414583806
Tmem206 10.0929242148177 6.63283159994381 6.58495859925871
Slc40a1 11.6104164701375 6.13449957705685 5.77185106226893
C1qb 13.334449855087 4.57259749919 4.48579623300017
Egr1 14.0292728577336 9.40929664154313 8.48532942365427
Cyp4v3 11.0641916928349 6.95803610971035 5.87069438654895
Syngr2 11.4772980236412 6.24839634713665 5.77816172031358
Igtp 10.5922785032095 6.98808229869004 6.52848215246509
Usp2 11.7719760326918 7.21667392244552 6.28150330461203
Ccl6 10.2968696260595 4.42247937463811 4.38379302533802
Cd14 13.2858211222074 6.05411229090265 5.59035123892272
Plekha2 10.4311418193647 6.63039592647083 6.53057286127247
Tob2 11.2110342965434 7.71245848641343 6.78559257218531
Pycard 11.7476509071618 6.36855999246638 5.54447048715042
C1qa 13.2023340640432 6.48559766568329 6.15320984621639
Il16 10.5721616851226 5.64322938975853 5.42449566318833
Slc7a7 10.8083190565862 5.09616495021224 4.95851670549036
Klf4 12.6915189251281 4.94076738737729 4.88742085886846
Sertad1 10.5663023888607 7.21328904345731 7.04352785855315
Jun 13.1617299805308 8.69730470838925 6.98504443426039
Srgn 13.2068622416084 7.3546357121261 6.34382648361778
Myh9 12.4734956086251 7.66053954729817 7.45928075731772
Nfkbiz 12.6004495355117 5.41340616537738 4.8818504029102
Tgm2 11.642946111078 6.96178337575193 6.13428887146316
Plek 13.0477422121131 7.4750119992296 6.94928391995902
Itgb5 13.2913066952736 9.19820511876179 4.94794461710391
Elf1 9.02649072365098 4.52915746071286 4.44903444375685
Rgs1 11.0898478208524 4.41332169847771 4.35566770757723
Ier5 13.0763760033494 7.16030076518923 6.79130694787387
Nfatc1 9.99637924524422 6.45280532055122 6.08854855986415
Mknk1 10.800314167277 7.4298158146682 6.60128254064137
Snx5 12.5389716579728 8.80270988178308 8.403008898819
Elk3 10.437348137504 6.20599726051829 6.01828602313017
Naglu 9.15316717727129 5.7570780920463 5.34868425005777
Laptm5 13.2497958585741 7.03036810236913 6.18638821417182
Tjp1 12.0525883185267 7.97806355982619 7.50493746473059
Slc25a37 10.7966850520022 7.00572457106978 6.85247712682601
Serinc3 10.9280820038238 6.5406748384267 6.36804702731098
Ctsz 13.0485403305481 9.32234942151472 9.07934531644715
Fcgr1 12.2838802885119 4.96995463732363 4.6965079819631
Slc16a6 11.5411253999105 7.65095621326865 6.19285299608553
Pdlim4 9.52654344568754 5.53744564736549 5.00340653288738
Ccl9 11.3508771596472 4.79451747274672 4.54311165367498
Trim30a 9.8600658104235 5.41502566014102 5.1847969792077
B4galt1 10.9185743862039 6.21151093013825 5.88047616459775
Tnfrsf1b 11.7294024065306 6.2047062500441 6.18545844351871
Inpp5d 12.4783900860876 6.3415954630782 6.05669350654238
Tlr4 9.37755048286687 4.53284584000011 4.40883074894198
Pmaip1 7.91264692829158 4.13218658499109 3.87380896411677
Aif1 11.8099905233592 5.83198890145188 5.1283793536315
Gbp2 7.75131948277657 4.28214503608205 3.97962893901374
Syk 11.1736838971837 5.84284258790757 5.83624190492669
Klf6 12.1197284009329 6.43815254873267 6.39005430579325
Crybb1 12.2532048432707 6.9191785357036 6.71536653076306
Fem1b 8.70991737467351 5.37240094944421 5.17515993005267
Fcer1g 12.6825054501545 6.06522711602998 5.59242872649398
Ctsh 12.8742742032151 5.80448304752555 5.67428175673396
Gpsm3 9.5878408034758 5.77790415972977 5.44174811284226
Ncf4 10.7305401881173 5.03717808241296 5.02952976739151
Nrip1 11.7630520200561 8.17186810671348 6.59819499945803
Ggta1 10.3021085784473 5.34390971286791 4.55586243272433
Calcrl 7.87647545215041 4.13347195820425 3.92429259915863
Ptpre 10.843721694117 7.49501363928279 6.84148103097122
Lcp2 10.4299333406719 5.22014121236374 4.66317679610111
Ngp 12.2995043542679 5.45639218044731 5.15689140283212
Spi1 10.3859436109085 6.09865134454009 6.07687468595513
Atp7a 10.1676606708827 5.90870874507621 5.34684939527715
Csf3r 10.5303261448833 5.48194998570017 5.14176466589353
Ms4a6b 11.2757685053458 5.00413796801118 4.81118449463955
Hcls1 8.63630419546985 4.98127369203399 4.72671765041004
Pabpc1 11.2298634617249 4.24678737420315 4.10486139734428
Plxdc2 12.0529683323577 7.19325329674801 6.73128578398739
Cxcl10 9.7662958946731 5.33517431829061 5.25658935710037
Cysltr1 9.23363767777187 4.26959836419892 3.8522369631416
Cebpa 9.78114583046527 5.64326688188915 5.3356698126997
Cttnbp2nl 11.7692220388043 6.04807327673163 5.63001816136475
Lyl1 10.013448973115 5.16983847928266 5.01152902461478
Ptpn18 10.350655093353 6.48890174348897 6.15392960694517
Tlr2 11.864186632689 5.78148699503837 5.0471788515755
Serpine1 9.57269546409715 5.05850493168117 4.8975586695979
Sox4 10.0789976366356 6.14837963455525 5.40730302576701
Mlxipl 10.5927739153422 4.83149207414468 4.54934053595857
Cd37 10.9462016903761 5.44567921384082 5.41429900686637
Map3k8 10.1917146557049 4.89525286044875 4.83984265675278
Myd88 10.7885966963584 6.09064396662323 5.77836349661868
Ccl12 10.4751595691536 4.61694771019223 4.61459096604282
Arhgap4 9.38418443524174 5.54624020333348 5.40059145877844
H2-Oa 8.62773488286702 5.12061933571468 4.87946089140608
Pon3 9.10935515291671 4.44525754824139 4.41335159050124
Slamf9 11.2066876411094 6.5633564209548 6.37967270388465
S100a8 12.9638824039872 5.21024134875661 4.75159514307397
C3ar1 11.6182149621142 5.35684121226878 5.07796111735411
Ripk1 10.1083880816926 5.39490836440076 5.1619987519989
Fgd2 12.1293203269256 6.09713859715786 5.82830907238788
Rela 11.9778670098948 7.40614767045184 6.94450526481064
Ccl3 13.5496556060224 4.64254045723692 4.54081470891946
Ms4a6d 11.498084859003 4.69653264267427 4.67093038564711
Was 7.77846383705685 4.42996822549826 4.35514517774277
Ier3 13.5855914649438 9.70577293000376 8.3138684280819
Camp 11.8351935968853 5.72657124117925 5.44091102737536
Klk8 10.1637978906065 5.75165651604567 5.68290310466083
Chil3 10.6986949112657 4.21525800657797 3.86053847665045
Arap3 10.0084235335535 4.43055169778009 4.31041695123412
Tlr7 11.1690114771889 4.98736805054588 4.95528807705857
Csf1r 14.0292728577336 7.64425122113569 7.58088333472888
Trim25 10.7654788423984 7.41858525459811 5.98253915127083
Hpgd 11.9284845304822 5.32369066848635 5.02993183142157
Rab3il1 10.4344246472987 6.49928994654991 6.48987535761204
Mcm3 8.86157244294894 5.26574810295268 4.67188478743883
Gdap10 8.70005361056442 4.57864672342682 3.8254384872613
Slc11a1 11.348119903574 5.44093747722177 5.28384223943574
Hnrnpa2b1 10.3678589554357 6.86586970919052 6.64776547854943
Ccl2 9.39365889899599 5.27670247899088 5.00667658248791
Cd86 11.7078926817195 4.95234295574959 4.88531393736334
Prkd3 9.75622982659752 6.18137989443871 5.4203490046968
Gpr84 11.5922078227709 5.60578858113251 5.44936828921313
Vamp8 11.7887532870376 6.93386230136956 6.56678872803623
Tcirg1 11.327613036728 7.14653867440365 6.99930899999972
Sqrdl 11.0525062877998 7.32004764382302 7.06223002265973
Trim12a 8.60607054794922 4.28373350244176 4.12105508986316
Zfhx3 11.2458196415341 7.69481389749409 6.87231778960457
Slc15a3 11.5031029092383 5.33194578152177 5.21522755975333
Clec7a 9.10343532556032 5.11641840468772 4.69327786424268
Rel 9.37584581713377 5.09854662979997 4.96974457729761
Sla 12.412369723073 5.78188688204161 5.75460308651668
Itga9 7.48681708147096 3.82552934267837 3.71446838250636
Tgfbr1 13.4953964323281 7.42619028227921 6.68523612646466
Snap23 8.30473877019984 4.56511266078996 4.11925556449601
Sgk3 9.74194633209768 6.40536335135903 6.2999559514886
Adcy7 12.0401852065097 7.97957913009209 7.44611487391284
Rbm39 10.3141735206265 5.95700015933666 5.05901676041886
Rsad2 9.60114008128317 6.11628789728843 5.75652869715607
Vamp3 10.8922604019769 7.41381009602679 6.85139430652861
Bmp2k 11.469593488735 7.76945872712792 7.15902572273487
Itgav 11.4249163560326 7.92878876359265 7.75721238445407
Lgals9 9.7144470271434 5.56274219139979 5.54574263544708
Bco2 8.71139937372906 5.29506271196984 5.24146039690527
Trem2 11.3744113100813 6.50119933184799 6.45605401876576
Gna15 8.98838653928669 5.38286526075618 5.10695143043834
Bach2 8.81323555007668 5.41144471232336 5.25189190582965
Myo7a 9.61175632860521 5.91067191215706 5.6490210250047
Birc3 10.6680989517335 6.44075813585495 6.34012489665305
Igsf6 8.76352354526292 4.58811032156803 4.35999789513102
Samsn1 9.02117009275432 4.74412469151593 4.57435614319681
Il1a 10.5627537042988 4.31559878098233 3.97573927957766
Hpgds 9.22555193578103 5.02815873284506 5.00950387361515
Naip5 11.1748062850229 4.61090337482666 4.08270748914585
Ccl4 12.655502757357 6.01658559258533 5.60310033132365
Klf3 8.53631488900221 4.96963783556734 4.66459946115853
Itpr2 10.9235418495534 6.35671821721345 5.84165936147124
Stat6 10.5002673668222 6.32187517818237 5.18959982594385
Glrp1 7.89296047511651 4.52537482944201 4.44609727489525
Phxr1 9.55428321825257 5.70032375928079 5.57927235792756
Abca1 12.0522527378122 7.20607702216736 6.01571815241271
Adam17 10.5698610751329 5.90383675089162 5.40894499158678
Dapp1 10.6616079104408 5.14275683210524 4.77571324172579
Clec4a2 10.2600474435221 5.15566105570622 5.0388752961619
Fli1 10.0941254445629 4.05318375117328 3.81415046144467
Ets1 9.55277010530181 4.28785403772812 3.87072405602211
Ptprc 12.5235480291392 4.53558591999768 4.41662350778515
Fosb 11.9510983205342 4.78633557163719 4.69110350869848
Ccr5 11.7396919362898 4.67780990255466 4.38010530124462
Il6ra 12.6715970650916 5.90644904065454 5.66773906578971
Phxr4 9.18649240397513 5.32767633175559 5.32361556411146
Tgif1 8.50945088524124 4.31428632526778 4.19994571082309
Pla2g15 12.3259450180791 7.16182634532491 6.2870097176816
Itga6 11.5653613108728 7.67121805792291 7.11813020019446
Ifi30 11.3781163789488 7.68477901653368 6.91882066734587
Zfp36l1 12.7051334383384 6.48243688220749 5.40260397635273
Gpr34 12.096128861767 3.9125610664471 3.8822875260153
Rrad 10.1172735062529 6.50827113111538 6.00013770214668
Ndel1 9.39722597598048 4.67365134360458 4.21933810854903
Rhog 11.2153941245626 7.69954171061678 7.57760404116729
Rnase4 13.1184612117893 5.96719002518588 5.85019219707237
Hk2 12.3862706589026 7.03574658321789 6.1217527095929
Fam111a 8.63296054191287 4.94166632547205 4.58532274471077
Hfe 11.337741662807 7.51221452122107 6.93880929363383
Naalad2 9.76797067590899 5.85047293259607 5.38841261457979
Pik3cg 10.1956130518895 5.08613329568896 4.94809132559779
Zeb2 11.4200634065622 6.54234777057689 6.05290210517873
Btk 9.78197374603171 5.69179933497324 5.64305429772777
Tlr3 9.64446847867037 5.96897773640817 5.65662707934968
Dock2 8.92972325318732 5.2205622858411 5.0861017805338
Prkcd 11.3204144141644 7.27453323435341 7.06219527192873
Mertk 13.1217916703296 5.78807076015696 5.57595239310251
Cd84 9.78822716908046 4.82071612919652 4.63344404503654
Ly86 13.8305038298173 6.31748973046459 5.72259436297993
Vav1 10.4293295887311 4.2943625107606 4.09380753302967
Pag1 12.7340021971061 7.70357430009028 7.67621665994378
Fos 13.9437278525404 10.2340145985133 9.83704186994014
Cfh 11.031443374587 3.90682664289057 3.84954306592079
Tnfrsf13b 9.62154101704082 4.82295684738993 4.53124870801743
Cebpd 10.4638830746908 7.04167067873952 4.83616763660762
Luc7l2 10.585512343916 5.69810459186574 4.7734550878688
Hhex 10.1791275378831 5.39037870864346 4.92523078265994
Entpd1 9.37032387449548 4.42430903307018 4.39801858717469
Ptgs1 12.2066936221392 5.94390335266565 5.57782431451971
Adrb1 10.605744756129 4.7293693063351 4.70973015361142
Phip 9.93381226911831 6.42761211447406 6.32842836275171
Rock1 9.89063984973382 6.02891566392145 5.71384999133806
Stk17b 9.76929078464475 5.63675642645791 5.45736758533924
Frrs1 10.4433587610755 5.22176696976534 4.95055957145469
Lyz2 12.4203041170638 6.54806028590082 6.37827783934503
Ssfa2 10.5053173268952 6.56878271206686 6.55173781046253
Ccnl1 12.9368942943523 7.20117552505808 7.03214041266343
Galnt4 9.34294526677315 5.38427601937536 4.95278469071254
Ctc1 11.684666568769 6.71738267457361 6.5989931222544
Unc93b1 11.4209147437175 6.40215081229243 6.09926389322658
Mob1a 11.6102028819568 7.90410210866292 7.73080622120199
Cmtm6 12.3089984078596 6.63529440482612 6.1824416416369
Sfpq 11.5973070285364 6.43475163904185 5.04742238870531
Tmem63a 11.3090792003542 7.82412946749582 7.06760224937451
Tspan14 11.1207155751017 6.81917358527495 6.26470457044054
Lpcat3 11.5785330904885 6.94868634815209 6.72535349234562
Pxn 11.8707334790657 6.99258153568718 6.44000428605015
Hvcn1 10.2816397991105 5.51515030123801 5.35561454234766
Edem1 10.6216568370496 5.36645087096645 5.14865063616704
Icam1 12.0685839298591 4.67626595278396 4.51201122033114
Ptbp3 11.2472405918636 6.54250826185507 5.81743668242755
Oaf 8.51310185570322 4.91361214019989 4.72539394648642
Prkab1 10.8355194367992 7.50788634992997 6.42593615107126
Rbl1 8.55134046564386 4.72288138149299 4.69329496658985
Rcsd1 12.2491457547791 6.76402570698971 6.50378566275451
Npl 10.001127646462 5.77983137020143 5.63228019238278
Tmem140 8.43942036859799 5.0069421894476 4.44676628132889
0610040J01Rik 10.7636422265407 6.35677385901325 5.86003662511714
Cklf 11.3887159381797 7.32965250542351 6.43809206539721
Cd177 7.89852531580111 4.30693515309254 4.12350479611257
Casp8 9.83466998065678 4.86412081838723 4.71710800603713
Tmed5 10.6438973211329 6.75286821396167 6.51267447680232
F11r 12.1660086110926 5.8558994635499 5.82408498625951
Eva1a 8.59272796994992 5.04704974311665 4.95772971860189
Mfap3 11.5292136076852 7.47319901795333 7.2096843953033
Reep3 10.7838089345004 6.77026883892506 6.08623570375081
Tor4a 10.3275630348071 5.68538572899442 5.65009889739953
Cep68 9.44244162444605 6.07086207040239 5.94156632825393
Ptbp1 9.13537300639005 5.11428930789832 5.01145014303111
Lpxn 10.7589192457976 4.69371351058321 4.45519342940678
Siglec5 8.37803746411404 4.61220351756437 4.12227665468122
Mylip 12.4448215476567 7.91303896548914 7.70366095133396
Fcrl1 9.2345619860761 5.25935201750882 5.23121056724269
Sppl2a 11.2656068290913 7.31447253839974 6.58448295285524
P2ry6 11.5687601975602 4.65575030011646 4.47291541419556
Wsb1 12.2689369964062 7.19432359112111 6.24895484749563
H2-K1 12.8220187202518 9.10383641498532 8.60595775123311
Tgfbr2 12.4852370462276 7.17363485622129 5.94822569182895
Prpf4b 10.1625902874336 6.69241084376941 6.65182196076806
Ceacam1 8.89348245863094 4.5251098457794 4.11635027749293
Mlph 9.42445206203504 5.32267576244761 5.2365911947702
Ptprj 8.46289822394071 5.08778514831867 4.84321314683475
Ncf1 8.82497080443061 5.36991201442592 5.12902642350552
Il13ra1 9.86451620775328 5.47822789585912 5.08934682402245
Adap2 10.5685173068896 5.63708491223645 5.39326813260991
Akr1b10 8.35011600348348 4.44066375526683 4.31561077517886
Lrba 12.2919124748407 7.61255389802919 7.44820175287557
Pld1 10.7972506121956 6.29716512000722 6.16930533577536
Ggnbp2 9.14383515526131 5.13784107493441 4.85052480574401
Capn3 10.5561819143241 4.74776210292499 4.50938448044977
Rrbp1 12.1145818395139 7.46478420549219 7.10168587783222
Clk1 11.9513540021191 8.16041784601912 7.55670196810148
Glul 11.7849610224289 8.05394742562201 7.56929644140373
Arrb2 11.4717203569511 7.90138863846949 7.29042674687137
Pros1 11.415313090188 5.75260705298474 5.64716623758378
Ifih1 8.88841546660143 5.33468926339821 5.16847446173553
Rin2 10.0137972126995 5.6924029452115 5.621029114666
Arhgdib 10.677726097009 6.81454990049781 5.93720816310281
Tifa 10.6723597482397 6.97449134875954 6.38506627987092
Arhgap17 11.1079285558079 5.64323691026758 5.06584651085775
Phgdh 10.9712292951051 7.61910307378306 7.18531173638435
Parp12 9.33903499881959 4.81531907548833 4.70921622071939
Trim47 10.0914805439239 5.302380360176 4.96559467301172
Ddx26b 12.2468247856479 7.58371718404232 6.96958563317655
Slc25a45 10.8446724447982 6.46076786151002 6.31524240412883
Jmjd1c 12.6964155907754 8.06064900276798 8.05324694278485
Mlxip 10.979316932642 7.62185061179841 6.69640506774009
Sash3 11.2827116875116 5.54868065046993 5.32086097531787
Themis2 10.0072343518523 5.29049472055738 5.21349073299079
Stard8 9.0910710928602 5.20527503678715 4.7303547307453
Mpeg1 13.5781184656323 6.60732940551549 5.82154492328617
Hspa1b 12.6715792604311 8.56351447869203 8.48012373703508
Xist 12.7814738520482 4.3303367008616 4.23233776976096
Cd48 10.0036336466823 4.81718182179404 4.56460969392783
Akna 10.6519382313125 4.9388919626934 4.76120986811742
2810474O19Rik 10.2582255456019 5.82352448257658 5.68598065933788
Sult1a1 9.83315975441973 5.4265623987009 5.39018642405145
Fes 10.6453727108248 6.11743448574602 5.80150116511769
Cep152 9.46016705782019 5.57706728555625 5.33387040176818
Gsap 7.35128039306591 3.9824980128277 3.9029657217152
Diap2 10.2534156378815 5.8203409814919 5.26961309864101
Egr2 11.2779367742076 5.10428272460818 4.17146866584064
Ccrl2 11.412796081801 5.68858055264158 5.38746896389964
Lcn2 11.5003470873269 7.36022845490524 4.21667585557669
Hbb-b2 7.85273730267384 4.35759244971605 4.09158949465136
Myo1g 9.16480303343511 5.06900925744762 4.84988091935995
Tmem173 11.0209006256616 6.33976160339799 5.96731887743254
BC028528 8.86286621957845 5.17959327038451 5.07534564797489
AF251705 12.004730998868 6.97143235892338 6.63348339370371
Arap1 9.10079518529151 5.66812698507096 5.36182577158089
Hmha1 10.4033953674837 5.98080975974798 5.83048119203115
Rreb1 9.70547877386974 5.43434438108244 4.97755189263338
Gmip 10.1713248884895 5.92476155237049 5.73196364116529
Nckap1l 11.1568327951404 5.35638075235679 5.23229559956185
Abcc3 9.76277744586897 6.3253631114851 5.08487386200147
Rhoh 10.549623104043 5.13872176281691 5.09973126154433
1700017B05Rik 11.7692217223209 6.01055430851006 5.60555244168037
2810043O03Rik 8.44135319965957 4.32011998146329 3.85181935796054
Gusb 11.5188785741544 6.5134342851904 5.89905294732847
Lair1 10.6130187631943 4.94327608675628 4.91412876400003
P2ry12 12.4746819840061 4.51180639822312 4.48902920581158
Epb4.1l2 12.5141878325852 6.8076809386209 6.02256734520289
Pld4 12.0206051656766 5.62781397240581 5.25611721429203
D15Ertd621e 10.1076206667302 6.44014487097299 6.4223149795583
Lrrfip1 10.9400431244598 6.43335579295378 5.57496431284088
AU020206 9.79188957346073 5.70629211423286 5.52063991104576
Fermt3 11.3312647513459 4.72210244435683 4.61063748380565
Tgif2 9.99623865035626 6.30534788741654 5.9001048282652
Ankrd44 11.6744535697079 6.80022968173479 5.27156250674135
Kctd12 12.185543532286 6.84843764258788 6.25992185133588
H2-Aa 10.7894269702174 5.10604475502887 4.95889990543068
Fam105a 11.8900076562701 7.20290935134818 6.89270856113544
Herpud1 12.5159313960105 8.85054468214352 8.31356117377151
2610528A11Rik 7.86623713531595 4.29380613849789 4.23430748563301
Cd300a 9.88309640091064 5.45596125771957 4.50605554249158
Tmem71 7.88522201218847 4.31282598956158 4.14724340790083
Wipf1 10.4629969820139 7.09162030028601 6.45648135484109
Lyz1 12.1662559978148 6.44293785470219 5.63012093879651
Clcf1 8.65510766759181 3.82414130599823 3.68054972703695
Hmgb2 8.93163848816194 5.39690326371293 4.9963299142159
Zfp36l2 12.439882687873 6.59251518541703 6.01339978640292
Il10ra 11.9839212283458 5.25337840926759 4.89320880859479
Hexb 13.9346832426844 10.2441551104681 9.47687055813343
D530037H12Rik 10.2564249540948 4.18206769963778 3.97496052244299
Rbm5 8.3025396995835 4.59107366176729 4.46252000928697
Rab20 9.52042754395053 4.65941875622471 4.29148944646768
Slc9a3r1 10.4599610051368 6.89842713277321 6.83323663450336
Grn 13.5521140781199 8.43329178885552 7.78032138858083
Bach1 11.8613788138478 8.04421344326559 7.95137820579424
D9Ertd306e 8.19945017537725 4.0797102396954 4.07848340685989
C79242 8.62864714756362 4.58971602209182 4.49604341770961
Fam46c 12.3550028613422 6.62809160294268 5.33610589710881
Pald1 10.9785325599872 6.32963023078113 6.20020193061081
Ifngr1 12.0357079893049 7.8037478855693 7.63222080026499
Tcn2 12.2009774284341 6.71184760476666 6.42269567159228
Anxa1 9.44951730885527 4.87242594387688 4.85462314602903
Cmtm3 9.86902934165744 6.00732730981878 5.68171854634496
Ppp1r15a 12.6949179793628 8.02779569058223 7.66639319990831
Dhrs3 10.9504578835445 7.61641036195729 6.35581809977011
Lrmp 8.81165282774176 4.47232367459926 4.43415674237264
Olfml3 13.5847807250187 6.3506277624843 6.20892280945678
Pla2g4a 9.53408946100642 5.5957479800112 5.04306820844469
Ncf2 10.9263417405773 6.04430931678871 5.73862019581065
Il7r 9.24960705759555 5.00094092070307 4.71185469507998
Ctss 14.1436377001564 8.39535588354104 7.95751588068805
Cd53 12.7058528961117 5.45025602873287 5.30537841206599
Fcgr3 13.3678397073662 6.06499358330163 6.05095670371364
Hps4 12.4032005490264 8.88778750099796 8.58089291563342
Lrp1 11.0278863741599 7.49689713066919 7.26092321851007
S100a9 12.1512954978643 5.15555633799984 4.86541936705611
Dusp1 14.0972400899769 10.0608287907032 9.27704837937232
Traf5 8.95498899555541 5.53389156707862 5.47621146185636
Klf2 12.9546948291203 6.05536529571447 5.61207636125403
Fcrls 13.538343734353 5.74157484323319 5.67414814756091
Trip6 9.13109177292618 5.34382704431344 5.09911085507806
Tlr1 9.60520010506197 4.0972171795281 4.02924927566386
Rhob 13.4348557298283 9.9888864352523 9.95160889696352
Selplg 13.5701528797604 6.81306843955872 6.5628562530928
Cd68 12.2655547644002 5.03221140128056 4.9391644967986
Gpr65 7.70886230022633 3.96554308899183 3.85133399740287
Csf2rb2 9.47900201616068 4.74671836393085 4.64236691307593
Atf3 13.284073086988 5.45024956697205 5.06604751487062
C1qc 13.5961558255427 5.58998491690631 5.35571757627568
Chst7 10.8148655259312 7.20507832874601 6.48087937899105
Hck 11.7859620796645 5.01773115356798 4.82492822146003
Gcnt1 7.991253437913 4.37748950595283 4.23528675338928
Casp4 9.26315299804554 4.17706448770453 4.14068959503956
Per1 12.1017921149289 7.7867960292132 7.55658294413769
Ly96 8.91937274322914 5.10715597181981 4.5917248781395
Lag3 9.80016274610109 5.76971809824976 5.41272332362223
Cxcl2 10.7266031675695 4.23313451386715 4.03226905611537
Ltf 11.851175722853 6.96183459072569 6.5123141386039
Cx3cr1 12.8730629616277 5.71626214553899 5.42452315349231
H2-D1 12.6327304628196 9.24854505938265 8.4293176190653
Stab1 10.7605924600716 5.46891342911746 5.43666887210007
Evi2a 12.5942263303086 7.08373639159404 6.82390353174833
Il6 8.13911235858362 3.98669119958914 3.82768776099921
Pdgfb 10.7325445782435 6.27294274375219 6.2647290549063
Mrc1 7.99313411604932 4.3848564204222 4.178953922025
Cbl 10.680668532199 6.80237216230895 6.78212234891904
Cd33 8.96248766850356 5.35689448823991 4.95148077667006
Itgb2 11.9243168449721 4.78950861011455 4.53653586923051
Psmb9 9.4278289264293 5.96418160225179 5.67836325721705
Adamts1 11.4689263478583 6.42069103039366 5.26889470109213
Ang 8.34675454689537 4.18279066837569 4.01573064638078
Sh2b2 9.2750055292418 4.73771752198105 4.70544166293926
Tyrobp 12.872201384089 5.97769907615785 5.45516109149311
Slc29a3 11.7903703089593 7.34662224696672 6.36421420231768
Pbxip1 10.4609020888979 7.07269208108676 6.15251339673353
Emr1 12.7903721087621 6.53248537127524 6.03322225011041
Nrros 12.3097176638707 5.82889694922089 5.52417749210036
Fus 10.8512520717717 7.24749411546154 7.05665638371887
Tmem119 13.7335005220805 5.8698413313404 5.79606933942236
Pnpla7 10.5591266313939 5.4641975153223 5.37390049235825
1810011O10Rik 8.45121368033437 4.78366406203974 4.68511797993638
Slc46a3 9.89987469037992 6.39464824704859 6.00250233690087
Parp14 9.22364341007536 5.34772694720091 5.17344852902121
Havcr2 10.538253418377 4.35116624969954 4.18473342011677
Alas2 10.1462688588052 5.09639923235921 4.66963235967625
Cmtm7 10.4128713125775 5.27767884498751 5.13926852240691
Mafb 11.0489700121364 6.3808625741696 5.99541596997969
Apobec1 9.60585585332662 5.65091330190045 5.02648657610533
Blnk 11.8256575206264 5.78509390485615 5.77982644941707
Tmcc3 9.18215566840257 5.26738935958285 5.20576542312963
Notch2 10.9771741155417 6.02525507763477 5.98104942434878
Vrk2 8.89925651350072 5.09292962662717 4.78564764689727
Daglb 9.97127658837575 6.55214107126924 6.41452317805012
Alox5ap 12.5974435879102 7.76278549173404 7.68220243084591
Fyb 11.6377216118874 6.15479891529333 6.05575857475815
Ctla2b 9.67840248028284 6.35337004369699 4.3846386662497
Hspa1a 11.8173372899826 7.08097341717541 7.06845938224015
Slc37a2 8.79411898885638 5.29403039219442 5.17010884335352
Zfp36 13.4481818753213 6.18801535761821 6.13018317697495
Abhd15 9.85244350316464 4.7156499319018 4.70202457447262
Lmo2 12.173746157097 8.52961942317987 8.26538912488247
Cyba 11.683487063587 5.4934129340534 5.36971435238347
Spata13 11.8423721764084 7.56076343525925 6.4620237586641
Wasf2 12.4099034178626 7.09865878360478 6.68863939577042
Ptpn6 11.3447432428118 6.71219263218948 6.2851819885823
4833441D16Rik 9.44333514879099 4.51553094786119 4.44234290884622
Tec 10.193963488774 6.62261346872705 5.44339477427176
Cd52 8.77120540091781 4.74061115650365 4.68150208052128
Irf5 10.3658986193304 6.11870813025863 5.80499543775503
Wdr81 11.5953862047792 7.82610949515107 7.68773483205248
Naip2 10.6301514409205 4.44382569092321 4.40295049502593
Anxa3 12.8961234593997 5.88041418124363 5.39403254702393
