Tgfbi 10.214108505107 6.30390340737797 6.08162012200264
Junb 11.5499826198348 7.63094949348929 6.3194270967136
Mpo 8.64472480371545 5.21474462103767 5.15619449368483
Lcp1 11.9186828085383 7.50857599164346 5.11967580706882
Klf10 10.2647564636486 6.62851271104453 6.33816073211054
Fuca2 9.94422515793594 6.30074814539922 6.12936013250715
Cd34 10.4821943254353 6.02571150197519 4.61752776101349
Sipa1 11.028832104782 7.16763351455453 6.10774237866115
Tubb6 9.94746027053954 5.70658743274083 5.55005136128387
Spint1 10.3283172527647 5.60679254137896 5.16408388874819
Afp 8.35050803873215 4.7259588417552 4.22775427583114
Trpv2 10.5248576204666 7.10428206618868 6.05393712624386
C1qb 13.3809165744448 9.82684017939656 5.94237347871793
Syngr2 11.5324666076936 8.13873182281625 6.71134288800682
Pmp22 12.2434056339285 8.51753917131149 8.4003547648815
Il16 10.5676116874908 6.60646907352934 6.02039876267947
Slc7a7 10.9326702827516 6.51618735552467 5.37364252833888
Srgn 13.2795222117037 9.72518086984642 5.95832373228268
Ctsb 11.3550575287054 6.93070872360705 6.37544938746235
Camk1 9.67124425194516 6.26654769628462 5.63451603545112
Snx5 12.5419589726741 8.75071324085356 8.51822890305775
Abhd12 10.8191173965588 7.39634812006118 6.98221930536451
Rgs19 10.0869225771368 6.288216018597 5.30964823313771
Fcgr1 12.2955371160684 8.41948728377507 5.69315171573882
Ccl9 11.4677327663853 7.62210304833934 5.19066221806049
Pmaip1 7.97566326054479 4.30631968975137 4.24031707267853
Aif1 11.8214348072249 7.11808276193394 5.75930044571391
Crybb1 12.2648088011919 7.88511263218251 7.518062190853
Fcer1g 12.6718396223893 7.70874442584053 6.19329251753572
Ctsh 12.87251521366 7.93948074349541 7.01265856833405
Ncf4 10.7292352869563 6.95444874680259 5.90765800941813
Ggta1 10.3002208247185 6.1702654489898 4.46661001713131
Lcp2 10.4089431447829 6.67124485227208 5.08617143635791
Ngp 12.7574775005176 9.15224223143878 5.46957257463542
Ms4a6b 11.2554621340409 6.31628119304595 5.22668586200338
Cxcl10 9.72683118350032 5.37246308095619 5.33746858611989
Cttnbp2nl 11.6991350325633 8.23066166667294 7.07303472028355
Tlr2 11.9276981137555 7.50107318726611 6.10936433203099
Cd163 7.96377468160987 4.11645623270488 3.99631115675485
Cd37 10.9003612304416 6.82374728798975 6.06182283706169
Map3k8 10.2772018482877 5.18449978191635 4.69106469994995
Myd88 10.6605178444686 6.26877058243073 6.09362476941844
Ccl12 10.6391731596107 5.63390949619235 4.67859506936588
H2-Oa 8.62773488286702 5.24787914041983 5.20739497644174
Pon3 9.25424963832735 5.89208684230226 4.53498610011777
Slamf9 11.1460693903532 6.80600535682717 6.73208369351746
S100a8 13.1710031765985 9.48434744715832 4.61184533554821
Il10rb 10.5493104181091 6.62919039146077 5.60711773986672
C3ar1 11.7048817822179 7.16430904709488 5.25024020313525
Ccl3 13.5359936909524 9.79637270717056 6.08234338373875
Ms4a6d 11.4841310922632 6.69468001479522 5.28143125991619
Ier3 13.5124048716238 9.47675389566965 8.79734617053721
Camp 12.4507582747533 7.54685779038609 5.32542494848661
Chil3 11.4871946767607 7.9109032059564 4.23131446450966
Arap3 9.99309938625579 6.44014709446293 4.11369700132194
Tlr7 11.1537008662761 6.40580862501261 5.10203848035456
Hpgd 11.9738918982247 5.2691220223852 4.36825282550341
Slc11a1 11.3948658681908 7.26890003781033 5.92454375263061
Ccl2 9.3887194295731 5.81098430290273 5.31478661107706
Cd86 11.6527693006629 7.12784707105203 5.52316904503292
Gpr84 11.5263505075912 7.18571837043467 6.36526208217794
Vamp8 11.7850542682879 8.45846228581131 7.45942108057682
Tcirg1 11.2860007996333 7.83173835171465 7.25523127192891
Trim12a 8.39694276788024 4.24031707267853 4.23131384633866
Gdi2 8.02870913914554 4.58707704327366 4.50942575425856
Sla 12.4329217789332 8.90829683266379 6.35340994062765
Gpr56 11.1033359990947 7.51026967558085 7.16641849207002
Lgals9 9.69958847858634 6.20791407777098 5.43201307695938
Clec5a 8.06555640971743 4.63774698590753 4.49595622362278
Igsf6 8.83394697282607 4.41497896032397 4.02522598179701
Naip5 11.0978070538461 6.57203558617211 5.31495316360447
Tapbp 11.4198825404039 7.9952384318771 7.76811290699498
Dapp1 10.6129812986097 7.12956981903299 6.20794710193681
Fli1 10.1221580891138 6.03620819844267 3.97217901151358
Il6ra 12.6762370901779 8.27214586096156 6.74717773664068
Itga6 11.5191682655928 8.05274907055378 7.76567145094497
H2-DMa 11.302506340632 7.4656831696477 7.39923102184063
Rassf5 12.0777209054467 8.38950980188663 5.90388208040415
Prkcd 11.3269526908875 7.82992759607837 6.07032283463052
Cd84 9.79853579725004 5.76332987288284 4.75499543013569
Cfh 10.9189995251726 5.4242810857933 4.03284190566499
Smim3 9.36289130684882 6.01707048148571 5.84037414026684
Ptgs1 12.1460566579667 8.79671819691338 5.83068468062013
Lyz2 12.6255399097117 9.26655444939102 7.14954762487587
Mgat1 11.5360792908076 8.19321315470467 8.17438851314925
Bin1 11.0419581077655 7.69604864121615 6.95702429189312
Pdk1 10.5237600984828 7.04710489730661 6.89805260470762
Unc93b1 11.2638153754962 7.89226914931018 6.72999280358866
Edem1 10.5468048765477 6.93007732153501 5.71908929525275
Tmem140 8.37653073680301 4.79361765907764 4.23397748479676
Tm6sf1 11.2414066824985 7.85692527268762 4.58382597217462
Cd177 8.34962699286364 4.833489650221 4.60182053579076
F11r 12.1396861374846 8.2606470947784 6.2885481685305
Plxdc1 10.9345884722293 7.49251288055897 5.88822848524415
Siglec5 8.28941632201165 4.13385474113472 4.09611541612816
Fcrl1 9.22764356004362 5.6782674853825 5.30182815764659
P2ry6 11.5574667748729 6.38347738901593 5.37657996453273
Mlph 9.57489838859243 5.33627023163681 5.11981765858292
Il13ra1 9.84239214017086 6.07953758790798 5.00697227304504
Vwa5a 10.3106484906387 5.9783824651251 5.45869375715412
Arrb2 11.4983554070217 6.8944718581801 5.88772632961361
Pros1 11.4603712254362 7.46011673559665 5.96279027236904
Arhgdib 10.7973257228637 6.86135766731881 6.48326445129718
Trim47 10.0791566495733 6.74714041601005 5.14282443582195
Rps9 12.6440720428475 8.60880121257779 8.02477854557567
Sash3 11.249005723635 6.68681380098116 6.06778978065474
Cd48 9.95999221182058 5.78745781343913 4.41067969284944
Lcn2 12.0118513639671 7.29619133706373 4.29384655811794
Myo1g 9.24155609377298 5.76262523766306 5.53536149642653
Tmem173 11.0989726590541 6.77710155963701 5.83832019895961
BC028528 8.76172624772281 5.23627357655078 5.11652598166977
Acsl5 10.9329425458093 7.25033706907701 7.03871821864367
Rhoh 10.6886747062572 6.22339317843939 5.26832991355554
1700017B05Rik 11.7630363477309 6.88365491024111 5.73343010252415
Lair1 10.6341607739461 6.70651507882054 5.44234777200789
Rnf19b 9.59453701735849 5.78076754658086 5.06733219881735
Pld4 12.0162068213804 8.07566530651332 6.12785462884527
Fermt3 11.255187597153 6.51111776816614 4.88538891096649
H2-Aa 10.95884712019 5.28946378456521 5.02166349317107
Rap1b 10.5311748389021 7.08691774569275 6.484015227839
Clcf1 8.66818372368241 4.91977550816482 3.80810584421855
Il10ra 11.9204835825207 8.04857145901766 5.06927031416591
Rab20 9.47961105235741 5.72268449866913 4.36767346978186
Ifitm6 9.52062006754197 5.45808698699311 5.27217234346877
Lgals3bp 9.31699434078624 5.83129258872416 5.59944563443185
Slc15a4 11.4134041549916 7.70695522134926 7.68089146466674
Dhrs3 10.8664384075394 6.99745543148597 6.9479837627273
Olfml3 13.5589885962411 9.78724568307741 7.05733447071047
Pla2g4a 9.54677550171969 6.19898611885152 6.1700933726074
Ncf2 10.9678841319022 7.18399478874221 6.08191544786046
Fcrls 13.5094801235154 9.54965424145219 6.00825278485179
Tlr1 9.47210882993985 5.68460262506168 3.99094244649029
Cd68 12.242490069775 7.78225941579537 6.23823724065428
Ebi3 9.21311913542791 5.79364121904971 5.20110442513016
Csf2rb2 9.41716750216967 4.83914943066823 4.77973622735812
Hck 11.677853867497 8.21473747034521 5.10041926701001
Ehd4 10.2095137657382 6.85080958999571 5.52121741212809
Ly96 9.04291773410898 4.60244312828002 4.19801358852111
Lag3 9.95212609690159 5.72554918549385 5.48873937902478
Ltf 12.2109361391241 8.33552497357431 6.19846526024243
Stab1 10.8319181809469 6.83536063924988 5.6885162197638
Evi2a 12.5292457386737 9.01951285260832 8.37872505555094
Il6 8.39447282799593 4.41740362419663 3.7288788929998
Ptger3 7.91209741922707 4.00382301282044 3.80766129279783
Mrc1 8.63837955832117 4.1648869010067 3.48901948967623
Smap2 11.0019898893746 6.48095024986634 6.28384408361871
Itgb2 11.8272052895604 8.17697505613979 5.75263301121878
Ang 8.39410428367088 4.36158180309535 3.94329993369247
Emr1 12.7324162108168 7.61162411448246 6.06423304990277
Nrros 12.2035612900789 8.62184591957144 5.78275111482967
Tmcc3 9.49652683269657 6.10650704177406 5.0165130353143
Fyb 11.7070682335866 7.42856391337901 6.58770620414182
Ctla2b 9.98817720392032 6.10729286647974 4.05542088931572
Abhd15 10.2572440975652 6.52865125879171 5.60771395918857
Iffo1 10.6807630733858 7.34457232434193 7.27736804075695
Spata13 11.8423721764084 8.00324722462603 7.7459390030312
Irf5 10.4986359523617 7.07125053368884 5.84485294783663
Naip2 10.6906973938164 5.5222353270713 4.98706801359726
Anxa3 12.8939144704404 8.03042668726479 6.04720379008597
