Tnfrsf19 12.9468649736235 8.163665998085 5.68860091988845
Fkbp10 9.23809487823485 5.69569851104564 4.90681316303461
Vcam1 12.4905064931973 8.18118631825557 4.14221318464415
Cyr61 11.2219398189934 6.10272355470138 5.15948404560562
Gldc 10.7079755259347 6.80483654852572 4.76922810698914
Glud1 13.0922984788764 9.51157885612392 8.70317315628475
Elovl2 10.4971364704757 5.98137288871517 4.3649464617835
Aldh1a1 12.4566077444824 8.72978831231894 4.7545494272754
Ppic 8.89327303717949 5.1767089716401 4.55087175050288
Smpdl3a 12.241810630879 8.89619561075724 5.89919395968408
Lcat 11.0410026946585 6.67722820026823 5.41728943075303
Pdgfrb 9.66980230227635 6.30034607602735 4.03167861617883
Ntsr2 13.5479959753493 9.29023412325873 5.53528029183511
F3 12.170861291235 7.80972984582482 4.6308309091342
Tspan7 12.4300135912677 8.54545650013446 6.74442668763496
Slc15a2 12.9209288584813 8.84529439707958 5.0780135161277
Prodh 11.9191654669986 7.65556560324929 6.24638476912338
Wwtr1 11.144159451558 7.08389419189317 5.08123395670454
Gpld1 11.9669661261077 8.21941938410631 5.30772290056436
Entpd2 11.8338785997951 7.56179394770555 5.95452714229846
Lhx2 11.3608732744881 7.60964918794958 4.46972851436558
Fzd2 11.9103842892574 7.04136158757484 5.7142712851975
Ptprz1 12.4344860817074 8.7812322487277 5.79323210780622
Slc38a3 12.5689053714982 7.83559164470737 6.64726344868143
Dio2 13.6972078979736 8.72070661132084 5.46436298120136
Fads2 11.5512721777708 7.61873255224606 5.78480148620385
Cyp2d22 10.7300049309132 6.52963239792586 5.22990949532343
Cyp4f14 10.6790595583826 5.88751920456593 4.87351513954973
Tmem47 10.523084290564 6.34428154717965 4.60544189527875
Cyp7b1 11.1706739164099 7.65323969683044 4.54851527851229
Slc7a10 12.5925975152025 7.09741282544064 6.03905199026398
Chrdl1 9.01341114730262 5.17341249285628 4.54206405280569
Fxyd1 11.9085593541225 8.10342292825513 6.69961596620637
Hapln1 8.79106852020775 4.93649455836275 3.89384442984399
Fgfr3 13.2051960746302 8.58277733139727 6.29487241963784
Papss2 9.72814242150944 6.16798060830659 4.67335857337237
Phkg1 9.15832369838292 5.15758510945864 4.0819925623446
Acsbg1 12.2564662982543 7.62213164050102 5.59182988054346
Tgfb2 9.73919027688644 5.93867673547116 4.71983204286992
Slco1c1 12.8787965984781 7.24155263899532 5.12705274141925
S1pr1 13.1580874993649 8.42396300333168 6.96930855461081
Axl 10.8014214349533 6.01224335935997 5.51673838426788
Cbs 11.1144722339394 6.93548999637349 5.59911345633735
Ccdc80 12.3443186835103 7.86437886474062 6.09475576490567
Oplah 10.7875743274621 7.24126253767204 5.98066707223202
Tmem51 10.7657305845802 7.43382036463797 6.33678100550915
Adhfe1 10.8567818663259 7.19543934104139 4.62805679694742
Aldh1l1 12.3448151337453 7.84854454183277 5.06573469561095
Lmcd1 9.92407559020043 6.57729749836326 4.7713111674301
Emp2 11.9447390671465 7.00188850581261 6.07282177646121
Aqp4 13.2600202904851 9.18449151840478 4.63080507214131
Col4a5 8.14520466671327 4.1869579096033 3.78651824181333
Cldn10 11.7672802277779 6.98302977826268 5.32554591731273
Cth 10.7458830325434 6.27321803298178 4.63134369803313
Slc1a3 12.9120572557712 7.88743489253179 4.63338945803716
Tlcd1 12.0026388358752 7.88586173656543 5.75304454834617
Scara3 11.9517215321744 8.19432013748505 4.6591139148873
Gabrg1 11.6686086206442 8.11238233149921 4.79421069608055
Ttpa 10.2547945328337 6.09309323736451 4.68258168663085
Atp1a2 12.860642113609 9.2302834457622 4.66348789096248
Slc14a1 9.56091240653294 5.31120168329847 4.28391620113783
Btbd17 9.69967409301057 5.56607320955324 4.60476516150975
Tril 12.6940200578731 8.76705695951033 5.16422119701935
Itih5 11.3303487273976 7.53749890217197 5.54750085122225
Pla2g7 13.2486813035544 8.00663694591571 5.67709225932051
Cd38 10.5532551831293 6.2087471434466 5.16096607707701
Lrig1 10.7364940784037 6.91772397220686 4.45486868808381
AI464131 11.3261733254919 6.02377318515291 4.04083004776513
Mlc1 12.7808291767584 7.61923431392168 4.42370448235774
Gjb6 12.2629359260794 7.86955869453233 4.76532291520519
Grin2c 11.9001062473218 6.50152396446362 5.24953415910839
Cyp4f15 11.6068320821582 6.02472111560424 5.16604878986504
Slc1a2 12.2329919079947 6.87529756606093 5.46310557072158
Igfbp2 11.8692974634775 7.59174443503132 5.38372893907882
Slc41a1 12.3606815817952 8.92231568611663 7.94466755605401
