Ppp1r14a 11.5073499645355 7.42916710209161 4.17652341834201
Mobp 12.7060248787538 8.97097262771053 4.83136279739258
Gamt 10.8172793888553 7.4631542840734 5.87236145649354
Pdlim2 11.994992330034 8.38313546985625 5.60291679690356
Lims2 10.8383776207006 7.47585674846633 6.81712472704641
Tspan2 12.5434507357769 8.21416700250461 4.98636577100943
Ddc 10.4619845303191 6.23853273051212 5.06422861615764
Nkx6-2 9.3521037988187 5.49438272100893 4.95526510138348
Mog 11.216784015958 6.39188032606407 4.112839415524
Josd2 11.0253119052429 7.59690380363836 6.24892175635933
S1pr5 10.627997190366 6.7450541636312 4.18161982504653
