Tppp3 10.6095644520264 6.96916824446537 6.05188372446234
Hspb8 10.3111796656594 6.16563348095949 6.15775619772383
Shd 9.75196020814051 6.3341822462916 6.29218717934117
Trpc3 11.1760872362626 6.39584126237463 5.43349951394977
Sncg 10.2579472200085 5.11987359168842 4.65593975056404
Ufsp1 9.9597300812035 6.42336141922489 6.13675308426012
Resp18 11.4708452209006 6.73708666190061 4.35554039415347
Nrip3 11.742567310961 8.3962197375115 5.64445471287862
Unc119 11.3341725939914 7.09875885359055 6.63624414133315
Cxcl14 10.8989313612432 6.00702809098466 4.90651041147964
Pcbd1 11.9518375526459 7.34114299491171 6.58859536357141
Hebp2 9.83731119316302 6.18506784207012 5.89734615005028
Mt3 12.0880395435769 8.36811162574961 7.14360435121843
Sln 8.87798342214744 4.76475057962356 4.71730193614404
Ngfr 9.61547782245055 6.24202182098153 5.83881274632405
Elavl2 11.8290469985585 8.0599225833919 3.96490990519268
Slc18a3 11.499183432934 5.24922891200055 4.81075064211953
Ecel1 11.6263184424628 6.93038754622774 6.11461737384965
Ache 11.6408769206902 6.75893403020763 6.34999102714592
Cartpt 9.41909584519271 5.99664501381 4.67794948246586
Fgf1 9.26757017457339 5.90671842265908 5.57380851988725
Stmn2 11.2677446272363 7.64718175491659 4.53507066064454
Zic3 8.92379468926038 5.247972656102 4.85148688111756
Zic1 11.8115318782944 6.58433795099984 5.17668280074973
Tspan17 10.2673558464305 6.44214938382202 5.04258466820477
Uqcr10 10.1587045557634 6.73272609485634 6.41968725823121
Wif1 7.76378806086366 3.95000831199117 3.8889641332785
Lhx8 12.0766196879855 6.37163795224997 4.19755371924047
Cda 9.14361203192943 5.76868035076166 5.67080154185575
Hopx 10.6367189101918 6.41744772785282 6.03210076549544
Mela 9.92797255491494 4.60857194707667 4.3437115127413
Tacr3 9.23011299918996 5.16177792875241 4.55878699822034
Arhgdig 12.0727804194228 8.68586582535195 5.50193212766277
Gpx3 10.7499082120009 6.64670614960687 6.4644832034123
Fkbp1b 11.9223058174224 7.68522770159642 6.53639820734365
Crabp2 10.3274019625677 5.77535598702186 5.17707605466351
Adcy2 11.7540194128276 8.28643132016292 6.6202486581885
