Golm1 13.1792932323564 6.82083407333461 6.39037492197988
Dusp6 12.1118170992931 8.52234314806177 5.21177446747008
Sgpl1 9.58944930363067 6.06727616009273 5.37446782205197
Junb 11.5499826198348 6.30546095959945 5.55896323559451
Marcksl1 12.1668078078091 8.4948019671066 8.07577409070777
Mpo 8.64472480371545 5.08745959856164 4.79816640404549
Lcp1 11.9186828085383 6.23554627987506 4.58371505133718
Txnip 13.6926905825169 6.16029851675104 6.05796722614255
Cd9 11.7908634776503 6.21675630987403 5.92659141380162
Cd34 10.4821943254353 7.15145195570775 4.97969056711161
Tpst2 11.1108919206009 7.72051702987601 7.65268898826969
Cd83 13.2161047162533 8.26293172966363 5.84706094577099
Mmp2 8.7280447113755 5.30983425864683 5.17931118419218
Sipa1 11.028832104782 6.68880620157327 6.53407013816105
Coro1a 12.5292545103329 9.04594513270746 8.65911996676802
Btg2 11.3906424677534 5.90490771834233 5.8776717456707
Tnfaip2 9.07410944533167 4.41218357203326 4.35930575174188
Litaf 12.5687309938788 6.92834701480983 6.78249122222256
Cyfip1 12.6115291742802 8.27298799402373 7.08200904718223
Lamp2 11.5544716379291 7.63592796120228 6.156886225321
Snx18 11.8255448234537 8.3209843362611 7.91275331682775
Ctsc 12.6108642775907 4.52283229840757 4.50034870996282
Cd82 9.23153634995101 5.69205897637996 5.51185481535043
Tubb6 9.94746027053954 5.76623535069204 5.59305974878772
Ier2 13.4029366730924 7.35348384456859 5.90673674743652
Nr4a1 12.1194322490947 8.44924947567011 7.52802949169972
Pnp 12.8799287012372 8.70277519789855 7.64224184632908
Nfe2l2 11.356253934114 5.98179616730237 5.73085056765113
Socs3 12.8477426387797 4.23532656837613 4.0259763907386
Sparc 11.7443656880018 6.11063411004828 5.5321841076195
Scamp2 12.1490850674193 6.633914933647 6.57306095813625
Acss1 9.50387495272519 6.09725715975271 5.20042787541222
4632428N05Rik 12.9633024758073 5.11867025035354 4.86801568709293
Slc2a5 10.6169587052025 6.4991838139948 6.33906992610592
Clic1 11.3122330580261 6.44512826405692 5.53541493473952
Plxnb2 11.1496648391028 6.66773443171987 5.86475202805494
Irf8 12.5462653592052 6.33565557103459 5.42940518739141
Mical1 8.77305668351709 5.20609407253698 4.9923575356777
Tbxas1 9.68864876043037 6.12049776310112 5.89360537511544
Slc39a8 8.14296708004609 4.35080679774464 3.89950410443047
Parvg 10.4281853264487 5.88209279316432 5.61837924458871
Mcl1 12.2077605709068 7.5281837232776 7.01371687013673
Rps6ka1 12.3511118887686 7.33000520283056 6.65341117843649
Parp9 9.69879112347596 5.41341606085061 5.15927527901873
Tnfaip8 10.106166018297 5.52771236744181 5.02806794881716
Mfng 10.2459357618163 5.71368731958517 5.54898980697721
Slc40a1 11.6873175794834 5.838150256483 4.9917524783643
C1qb 13.3809165744448 4.58089295972933 4.09539130835721
Cyp4v3 11.0156233140278 5.81553273722174 5.25147492034658
Qk 12.4657276661435 8.69294567104445 8.65939865869136
Syngr2 11.5324666076936 5.18126778911455 4.99211414946123
Pmp22 12.2434056339285 7.769833659766 6.3713006851111
Igtp 10.573481340332 7.21252215207357 6.0935655409588
Ccl6 10.4831140019336 4.57975115488038 4.49752096330645
Cd14 13.3794861542207 6.15061962351291 5.87484769175521
Tnfrsf1a 11.349722903685 7.10009268259664 6.91909029222457
Tob2 11.2863217891244 7.45146429684237 6.88819665664692
Pycard 11.7530559991681 5.91826230299194 5.52143151835389
C1qa 13.1874316054276 6.45481869634257 5.85090287902365
Il16 10.5676116874908 5.43046048629357 5.35744187211974
Slc7a7 10.9326702827516 5.29904520466139 5.21792790685295
Klf4 12.8356975471887 5.12381136646505 5.05937704204694
Jun 13.1513958362792 7.29056096593431 5.86734685249994
Srgn 13.2795222117037 6.07138474405814 5.13026760491289
Myh9 12.5447914497017 8.02532306502514 6.77926388834916
Nfkbiz 12.6921044506167 4.96063020797873 4.50506095834337
Tgm2 11.6702792723547 6.30646337614471 6.03198169545933
Plek 13.0385446953369 7.88951086898572 7.28825700746456
Itgb5 13.3122301859398 5.0002839730334 4.80726828778278
Elf1 9.08464008124719 5.01778526520168 4.6049481727262
Cln3 9.83088294827292 6.20894122120758 6.12896809993296
Rgs1 11.3590498478886 4.44784555278379 4.36652174422205
Tmem37 9.84921340109981 6.33349947682941 6.06275015982203
Rac2 9.85175366603671 6.09223583868422 5.84421903909628
Nfatc1 10.0088645121847 6.24476345131151 6.12315893119988
Snx5 12.5419589726741 9.03669435915899 8.37087905023396
Elk3 10.4319956263106 4.76835056025643 4.70524115018056
Soat1 9.01103606914302 5.3961281850179 5.39064122668657
Laptm5 13.25292607905 5.68228860473728 5.59754783038477
Ptgr1 9.95096043750722 5.47607444125236 5.15863444439515
Ctsz 12.9968566741552 8.69442438115541 8.04886377310477
Fcgr1 12.2955371160684 5.09494635977747 4.7482102854187
Slc16a6 11.5647594820405 7.24528917523216 7.11946088113229
Pdlim4 9.51167808110339 4.78513977396084 4.51290001698082
Ccl9 11.4677327663853 4.94362552139615 4.87827143209843
Trim30a 9.81298833801394 5.28850387743567 5.15109924958539
B4galt1 11.1336165305587 6.16620370812023 5.91713062988358
Nrp1 10.6812295061732 6.71652709679409 5.30428957231388
Tnfrsf1b 11.7452188608572 5.96195987486074 5.76157495184425
Inpp5d 12.4577394438636 6.6838336896555 6.30679456872715
Tlr4 9.57555684780965 4.52177188459572 4.34411116368146
Pmaip1 7.97566326054479 4.34924415505959 4.03665741483615
Aif1 11.8214348072249 6.6567272109699 5.75691039137309
Il15 7.64022998784039 4.30747780666388 4.08936462161527
Lims1 11.3701224038562 7.5622270248707 7.39307483093499
Syk 11.3160084368777 5.84496415640638 5.78124917508235
Klf6 12.2250639567383 8.07505876299209 6.20745646843161
Crybb1 12.2648088011919 6.52686833947357 6.26578674286677
Fcer1g 12.6718396223893 5.8801804026941 5.79289678585894
Ctsh 12.87251521366 5.32790079877562 5.25986316073181
Gpsm3 9.55595780536678 5.38105930012197 5.2822982547014
Ncf4 10.7292352869563 5.0606679332998 5.00295284086678
Ggta1 10.3002208247185 4.26963543167545 4.11479975753538
Calcrl 7.78386106503694 4.34714942774672 3.7733158566328
Lcp2 10.4089431447829 5.10521081329694 4.83844181762639
Ngp 12.7574775005176 5.39992970395075 5.22324548610411
Spi1 10.4190424481911 5.9070791973462 5.84431253025753
Atp7a 10.2141459779396 6.07633723330752 5.89687864602796
Csf3r 10.4683520496493 5.19896145931345 5.17620473318789
Irgm1 9.75785220128619 6.33028953403326 6.1416680869615
Ms4a6b 11.2554621340409 4.84867442987921 4.67085133958163
Hcls1 8.70906636115833 4.94839140158258 4.63853498407413
Pabpc1 11.1781404360411 4.30573214950366 4.07785064060786
Cebpb 11.5932508063623 7.53570887659698 7.25597872562369
Plxdc2 12.0745716973584 6.57682454115121 6.27724146734015
Cxcl10 9.72683118350032 5.29107478168936 5.18655376226421
Maff 10.2074887860116 6.29894289239861 5.79263917854621
Cysltr1 9.25437959121948 4.05257732689582 3.88283432807245
Cebpa 9.84230025530157 6.15667528750148 5.42973587015132
Cttnbp2nl 11.6991350325633 6.8750517663753 5.60590752432817
Lyl1 9.96552235514374 4.97926709769891 4.96903369067034
Ptpn18 10.3344380846283 6.32546803542576 5.96102458182301
Tlr2 11.9276981137555 5.56047084025957 5.38137424711549
Serpine1 9.65311808101758 5.14223248513971 4.83952045605029
Mlxipl 10.5385226388773 4.83395286185297 4.82327549017116
Cd37 10.9003612304416 5.60803352595956 5.41079307822716
Map3k8 10.2772018482877 4.80813238300608 4.7849041289846
Myd88 10.6605178444686 5.97375832232533 5.51311455312846
Ccl12 10.6391731596107 4.77371039015854 4.56445224181162
Jam2 8.93482451958042 5.26054082733512 5.15796234145403
Arhgap4 9.32893709991249 5.38022046720597 5.17636385836442
H2-Oa 8.62773488286702 5.13653488616405 4.81213744381273
Pon3 9.25424963832735 4.21662422295526 4.18878237058478
Slamf9 11.1460693903532 6.2629301582611 6.1428820663829
S100a8 13.1710031765985 4.86214204771579 4.85653828766583
Il10rb 10.5493104181091 6.77565667566108 5.27560716115757
C3ar1 11.7048817822179 5.45664222730615 5.43056715468173
Ripk1 10.2351943744533 5.56476789394551 5.30798873500195
Fgd2 12.0963667807367 5.89104763679684 5.81451644768406
Rela 11.8418378886618 7.15125018305266 7.0910667745971
Ccl3 13.5359936909524 4.62244243795958 4.61354800104508
Ttc28 8.96750239347399 5.53267580094365 5.19506861109718
Ms4a6d 11.4841310922632 4.78833119999483 4.52480635813549
Tnf 9.93397669508449 6.38626487098673 6.17428043676409
Was 8.02197322990764 4.53974569366179 4.28299573724971
Ier3 13.5124048716238 9.94367814777843 7.44243265616057
Myo1c 9.73318457178588 6.37325535420697 6.31924710454693
Nupr1 9.91190169343546 5.84104136515577 5.65297766560462
Camp 12.4507582747533 5.46798927214326 5.43586346512764
Ltc4s 9.72815138352943 6.1051892345456 6.03955049539788
Klk8 10.1827990465209 5.76766975740357 5.55371561435983
Chil3 11.4871946767607 4.05007485796461 3.95537319304912
Arap3 9.99309938625579 5.06923360104321 4.27210311627873
Tlr7 11.1537008662761 4.94539952760937 4.73941498111372
Csf1r 14.0292728577336 7.04093007528054 6.88878790664766
Trim25 10.6548242070809 7.29480685183993 5.56799007836858
Hpgd 11.9738918982247 6.76979488263324 5.3391058395913
Rab3il1 10.3829864041852 6.89611306808428 6.14404105257034
Mcm3 9.01275163949269 5.13389481934625 4.82459957950675
Nfkbia 13.5863871767458 10.1148506775153 9.70318246219789
Gdap10 8.59879464478789 4.46265251478686 4.31975773967268
Slc11a1 11.3948658681908 5.46599142543241 5.26506378883682
Hnrnpa2b1 10.1857595588016 6.68564799375877 5.76311933582948
Ccl2 9.3887194295731 5.40708894212815 5.06704043775693
Cd86 11.6527693006629 5.26527999733531 4.86395815572606
Prkd3 9.77821211859841 6.02411565862521 5.14686016727592
Gpr84 11.5263505075912 5.53104771589673 5.35848168604153
Vamp8 11.7850542682879 6.5441648880784 5.99496037011466
Tcirg1 11.2860007996333 6.8721797416179 6.50906445299852
Sqrdl 11.1213981292751 7.30606649982643 5.93095335784147
Trim12a 8.39694276788024 4.23294321781891 4.23207686209394
Slc15a3 11.3995649353571 5.54697319816785 5.3323207685692
Clec7a 9.25038759656192 5.00223470633854 4.70884015483778
Rel 9.43208070521036 5.06589569833054 4.94074526861301
Tsc22d3 11.5894187043498 7.54232441942005 6.21858686013551
Sla 12.4329217789332 6.10240217294823 5.21826896651867
Tgfbr1 13.5090583473981 6.87317702369105 6.18118693307011
Snap23 8.48388126836494 4.85525167456297 4.32805260236864
St6gal1 11.5442181234637 7.62987125199498 7.37160203142144
Asph 11.0774007157198 7.04133393555932 6.36409872482186
Adcy7 11.9949098164077 7.02109213543566 5.33516750893199
Rbm39 10.2573002722239 6.58297218283498 5.67714116877462
Rsad2 9.7910425144954 6.18729210176562 5.76506910203028
Gpr56 11.1033359990947 7.12446997326047 6.93445779050142
Lgals9 9.69958847858634 5.40403208465729 5.27134672618574
Bco2 8.889124080815 5.38478124881907 5.28424285549063
Trem2 11.303795824757 6.47124118867746 6.28306611635295
Gna15 8.99367862824198 5.36639252558397 5.35791807383069
Myo7a 9.50521719944788 6.072472672528 5.65534021984435
Birc3 10.6915102166933 6.49990587512765 6.0284697084575
Igsf6 8.83394697282607 4.49123528409106 4.38606419572464
Samsn1 8.81738530496463 5.19660868302048 4.50348569529323
Il1a 10.5376640185961 4.16594535979302 4.0443799879094
Hpgds 9.22775583355141 5.29938851059888 5.12348267868947
Naip5 11.0978070538461 4.46016190615928 4.31793202395471
Ccl4 12.6588721873418 5.81298704341891 5.78314646646195
Itpr2 10.8475742428576 5.85820034601019 5.53262415408807
Stat6 10.468465477124 6.29550223757208 5.93281873767225
Phxr1 9.60693645820777 5.74983875979253 5.6753234192658
Tapbp 11.4198825404039 8.0936437713538 7.19857937359569
Msn 10.8303816272 6.00782053755825 5.81308701279222
Abca1 12.0542577742267 6.5577717218124 6.0492696081666
Adam17 10.5495689245511 6.16562715151908 5.68441109282993
Dapp1 10.6129812986097 5.24892108840297 4.99686771215499
Clec4a2 10.1399334143348 4.91835004124768 4.63555796384319
Fli1 10.1221580891138 4.0325881963892 3.96972604119789
Ets1 9.52298260959165 4.38926979286716 4.16212854879524
Ptprc 12.4924457080349 4.68987291135017 4.48775712256713
Fosb 12.0153263432166 6.49208647315938 4.62894776574224
Ccr5 11.6775104276773 4.66191186746572 4.62720482604179
Il6ra 12.6762370901779 5.81918889323799 5.77934190661566
Phxr4 8.85549062606335 5.46298034148418 5.42902837933248
Tgif1 8.32241012578398 4.60747743266315 4.2907424025391
Pla2g15 12.3402771280608 7.99840807375199 7.1418167801296
Itga6 11.5191682655928 6.11908034101144 5.98976132723678
Ifi30 11.3741036101554 7.04703493674902 5.51673191206079
Zfp36l1 12.768092682973 6.24089907564539 5.66313796229518
Id2 12.1967220814378 8.35124473220073 7.51967957998585
Gpr34 12.0465417111213 3.98515321492447 3.68344199384434
Rrad 10.0218987777276 5.62046062465762 5.24242034031681
Cr1l 11.6700570684498 8.02050508232443 7.82489101529493
Ndel1 9.33926152391583 4.34394039845845 4.25219504157185
Rhog 11.1977184303104 7.00238773205133 6.7995761836323
Rnase4 13.0645450224258 5.80870468173254 5.05439845660109
Hk2 12.2311857728962 6.09879549328829 6.03496230248095
Fam111a 8.38937991141375 4.83656745314012 4.38101579002398
Hfe 11.261965590755 6.808951282324 4.961941154988
Naalad2 9.57573482021452 5.54297581937385 5.36253236788104
Pik3cg 10.1391450667911 5.23611987784057 5.12881031203441
Zeb2 11.448770010793 6.54023092993052 5.35050804539504
Btk 9.59129305907372 5.60543790231143 5.26312284817953
Tlr3 9.57440918362698 5.59312404772452 5.17736684567407
Dock2 8.82632728691093 5.33019505211768 5.02850394399071
Prkcd 11.3269526908875 7.90697959190541 6.33015622731081
Mertk 13.1492058693859 5.63072774739584 5.52844521422269
Cd84 9.79853579725004 4.82474848192363 4.80679485846617
Ly86 13.8484382572477 5.99362203510426 5.47348722876792
Vav1 10.4988780096262 4.38415787127441 4.31892872123407
Pag1 12.681394781079 8.01945413346735 7.67110699348544
Fos 13.9214281458166 8.51696757625784 7.65095305888858
Cfh 10.9189995251726 4.1615082335914 3.60893389450862
Tnfrsf13b 9.55249902249023 4.52398644070511 4.40230787339025
Cebpd 10.5727375378467 5.36843176835272 4.5494618205754
Luc7l2 10.5406316174713 5.58658822418563 5.26363778361607
Smim3 9.36289130684882 5.87025783344428 5.5922723720872
Hhex 10.0129558927535 5.28751756145124 4.9976809428877
Entpd1 9.36332417160173 5.40848767778975 4.48025805657973
Ptgs1 12.1460566579667 5.24643090589011 5.2348318724357
Stk17b 9.82516171443988 5.47832922145204 5.40854741204347
Frrs1 10.5118954880326 4.96954662475944 4.88055174839173
Lyz2 12.6255399097117 6.16915252825505 5.9612678121667
Ssfa2 10.3963514628908 6.76882995966525 6.04509026498094
Ccnl1 12.9467381083197 7.79503188314379 7.27090515700385
Galnt4 9.17182977737832 4.86371295453885 4.66425855122441
Ctc1 11.7381009275171 7.43766068978747 7.2362218061599
Unc93b1 11.2638153754962 6.26935637366512 6.11786248116976
Mob1a 11.6524237224905 7.61767927039256 7.30910774933638
Cmtm6 12.3249537931389 6.55692862843191 6.40045395107724
Sfpq 11.5941111598284 5.50220582118863 5.25176651918758
Tmem63a 11.3673624046704 7.19927413821762 6.8346006675453
Tspan14 11.1135085123949 6.92014731298488 6.91355617608028
Lpcat3 11.4010483293012 7.02470645332112 6.83719029062931
Pxn 11.7931446549569 6.7888459740449 6.19292914487071
Hvcn1 10.3744362140918 6.44437528815897 5.33911720633044
Srsf7 12.2454124184616 8.74209394985321 8.6022848045626
Edem1 10.5468048765477 6.27719797754765 4.82857960180272
Icam1 12.0835121128031 4.97219803009266 4.72633295729645
Ptbp3 11.2821230739434 7.92281440186639 6.50944380098425
Prkab1 10.8294129270605 6.99078565310577 6.90557259629821
Rbl1 8.60653858129746 4.53635363617337 4.48389764412
Rcsd1 12.3327371826167 6.78251739379118 6.52914983716104
Tmem140 8.37653073680301 4.66345400742956 4.56539089782866
0610040J01Rik 10.8216796982396 5.64746942059851 5.49364732007141
Cklf 11.4118605648373 6.19146552530761 5.44231703941155
Cd177 8.34962699286364 4.24889953960053 4.12649818730949
Casp8 9.75678338176791 4.95457105090982 4.72528430573655
Tmed5 10.5709139699701 7.09709796690024 5.96041252623778
F11r 12.1396861374846 6.33824178863187 5.80745624988921
Eva1a 8.74419904985229 4.68224749837352 4.55150399242012
Mfap3 11.424323136373 7.93520909169248 7.42000681042716
Reep3 10.8117416298317 6.45308501633162 5.46594980112777
Tor4a 10.2205590701386 5.45483327758799 5.32264965261447
Trim34a 8.51637667451946 5.12292170414855 4.9466197959813
Trib1 10.0283426085731 6.54900341871699 6.1825402964613
Lpxn 10.7275528959061 4.53891723871325 4.364090149392
Siglec5 8.28941632201165 3.8817366597856 3.88043659136841
Mylip 12.3911493278824 7.52049035190843 7.28412855500398
Fcrl1 9.22764356004362 5.2420956904784 5.21526650802151
Lifr 10.8658507374762 7.36188658696398 7.26845693302419
Csf1 9.86949876759856 6.12045947271334 6.03929880402495
P2ry6 11.5574667748729 4.50758434027828 4.39406512060989
Wsb1 12.1255060427543 7.82294981475165 6.33199145670756
H2-K1 12.7949568117272 8.94429480960807 6.58421781377138
Slc3a2 12.5974908597412 9.26802233870504 8.10088741293927
Tgfbr2 12.4393744689228 5.79728699192063 5.27225550507932
Prpf4b 10.0168384764663 6.53759781220169 6.18530333573053
Ceacam1 8.80282175058088 4.41044199288058 4.15014331796174
Mlph 9.57489838859243 5.28679154899493 5.19743310223236
Ncf1 8.88584686160739 5.38663347665794 5.21921283364916
Il13ra1 9.84239214017086 5.7591394114112 4.95075644487523
Adap2 10.5722797031115 5.30569704214994 5.22513299937073
Akr1b10 8.12473567494519 4.48297476294143 4.42715003423418
Lrba 12.2631508876539 8.76525358426364 7.09317411881536
Pld1 10.8239587790307 5.80190943571231 5.51317899791189
Pon2 9.33868555313833 5.25327203533769 4.77880379881499
Ggnbp2 8.92116224716715 5.58512748451659 5.1967006555453
Capn3 10.3369957490321 4.79634821570229 4.55971220095716
Gem 8.28519304309807 4.67109077303656 4.05415406799289
ND5 11.9277080301183 7.90566227962829 7.83435314323411
Rrbp1 12.1135184174842 8.01803649954095 6.57168983203275
Clk1 11.9522343163908 7.6671141701476 7.64841605032523
Vwa5a 10.3106484906387 6.6959364509727 5.07014522003275
Glul 11.9280143428985 7.37544796109941 6.86401871769097
Arrb2 11.4983554070217 7.87939719439341 7.1076540436826
Pros1 11.4603712254362 5.46098707919811 5.16654878229675
Ifih1 8.92117937270675 5.36774621404149 5.01777554132894
Rin2 10.1168098461982 5.88317004461128 5.7819579022738
Tifa 10.8074268423842 6.05582498263255 6.00664478178654
Arhgap17 10.9767981793134 5.18762057810013 5.17521936826869
Phgdh 11.0749094502032 7.4099428312292 6.80488893385069
Parp12 9.49139397984138 5.0092298641644 4.81199010222761
Trim47 10.0791566495733 5.30731616972501 5.00262198784487
Lgals3 9.11302237976578 4.69313357758813 4.67595772971599
Ddx26b 12.2044872770196 7.98752971463495 7.76784105363835
Slc25a45 10.8173200145939 6.34775104949066 6.09447888653004
Plcg2 11.1549584884923 7.01431330691323 6.63366028558479
Ccdc93 11.5481832070344 8.08670945234628 8.06199644050023
Mlxip 11.0084570885722 7.32289007870818 6.72445466840849
Sash3 11.249005723635 5.97463444498639 5.27972378585295
Themis2 9.99513496121799 5.27669134787257 5.0296323314327
Smo 8.93859914159649 5.22081015061868 5.07057388365886
Mpeg1 13.5931395335038 5.90020092450693 5.78076003992883
Hspa1b 12.7002530870076 7.41368940273927 6.53260112599579
Xist 12.7596727744674 4.19329116700818 4.15724556138799
Cd48 9.95999221182058 4.73389849731809 4.60010783393959
Akna 10.7072692564892 4.98115487110721 4.88225352563449
2810474O19Rik 10.3199763689726 6.95011281370653 5.74361927706989
Sult1a1 9.98708391284936 5.00889433531471 4.93028539311761
Fes 10.5551239260507 6.1491909146011 5.90139141871789
Cep152 9.74520694836984 5.57990178667572 5.49954198643069
B2m 13.1894322739796 9.67246839800683 7.39605484057594
Ccrl2 11.3826980615646 5.71859123918318 5.34665805511864
Lcn2 12.0118513639671 4.41782408843115 4.3904008798363
Hbb-b2 7.88283645776123 4.13536231862981 4.09394891802882
Gimap6 8.28531118681062 4.62586277308984 4.46503401422767
Myo1g 9.24155609377298 5.02360724072534 4.9869222466009
Tmem173 11.0989726590541 6.0449788977491 5.96115286570231
BC028528 8.76172624772281 4.98811195769331 4.75719486474101
AF251705 11.9378287827213 6.77672181930464 6.37792633387319
Hmha1 10.4292840746509 5.678794654183 5.64080160962133
Rreb1 9.67685838321431 5.67745784533631 5.28091340113044
Gmip 10.0312950363764 5.99216590718845 5.64862760880279
Nckap1l 11.1514517971807 6.59876770547829 5.50194701649096
Abcc3 9.68880748830503 5.09603922692001 4.99978439345089
Rnf130 12.3746152428166 9.03435565773071 7.75441834008118
Rhoh 10.6886747062572 5.09592230534133 5.00568128373705
1700017B05Rik 11.7630363477309 5.84067583728518 5.44377711870072
Srgap2 11.7876768649285 8.40636675985558 8.28659526138346
2810043O03Rik 8.26904649519335 4.25686169845392 4.15923309970466
Gusb 11.4166507135997 6.53504504991854 4.96713635839251
Lair1 10.6341607739461 4.88537927507481 4.74886941637052
P2ry12 12.3417720061336 4.78007139140142 4.6816131351633
Apoe 11.813606877339 7.83661978512787 7.52763668423643
Epb4.1l2 12.5141878325852 7.2247440270452 6.6787525558197
Pld4 12.0162068213804 5.57264919166389 5.29813939202147
Lrrfip1 10.7165591037594 5.57889824223478 5.48148017183394
AU020206 9.7250304187546 5.80721629111539 5.25381002625125
Fermt3 11.255187597153 4.80832796607887 4.80313008373359
AW112010 8.13341050571967 4.78269192925129 4.72440301228287
Tgif2 9.91494649369466 6.20238952966002 6.04863628446915
Kctd12 12.2024123826132 8.50730352597873 6.85247413501922
H2-Aa 10.95884712019 4.75519541828672 4.54350455878347
Fam105a 11.8141138102905 8.43667048349544 7.78762536713497
Cpne3 9.53740558386254 6.17894919301134 5.75309980865289
Herpud1 12.561534184029 8.52900936356808 7.55255556789919
2610528A11Rik 7.90612876986473 4.58073465341308 4.42290618689996
Cd300a 9.78331319123392 5.14469009886031 4.81618992005291
Tmem71 7.74769305584135 4.20500424314502 4.20352430520356
Lyz1 12.291433368859 4.55525656472556 4.35089775671525
Zfp110 10.6328144276245 6.81685068330322 6.5222290573135
Clcf1 8.66818372368241 4.31965351038885 3.83996863997761
Adrb2 8.06163788196254 4.43772669415685 4.21155296203815
Hmgb2 9.11494801820282 5.55998073117831 5.547768978191
Lrrk1 9.00233842375518 4.82757418991621 4.80767711781913
Zfp36l2 12.4844215051541 7.06854046477356 5.91147975701143
Il10ra 11.9204835825207 5.32294680874317 4.64703060419274
Hexb 13.9682695694516 10.5121441130211 7.43991645359071
D530037H12Rik 10.2863068988974 4.18092405048308 4.03653082788802
Rab20 9.47961105235741 4.20686670378056 4.14630364073405
Slc9a3r1 10.4708123572034 6.90178927300628 6.50948369075494
Vim 8.23795736569226 4.56422810557826 4.23741118514585
Grn 13.5694893497197 8.75491724295059 7.44952850552109
Mavs 9.31586109517846 5.49994611597857 4.2910253328077
Bach1 11.8359025049111 7.79990262298113 7.15540823504794
Ifitm6 9.52062006754197 6.16781368898372 5.4660398250859
D9Ertd306e 8.17933645172779 4.01079225317342 3.94835102427476
C79242 8.37764848139916 4.53105173802438 4.44145953462594
Fam46c 12.3008656779841 6.91851489964408 4.66244203326241
Ctsa 12.9368651417016 9.27338467581028 8.63346951440603
Pald1 10.8157904216058 5.91119527399059 5.80080640672362
Ifngr1 12.0120817823602 7.28391958742153 7.16737066304985
Ucp2 10.9174179061083 6.81301746830391 6.70202890617102
Tcn2 12.1131223131962 6.57184352658983 5.98277168499681
Anxa1 10.0891907764378 4.70238118403968 4.55907758130537
Cmtm3 9.80544069396922 5.70833064963289 5.63814054138618
Ppp1r15a 12.6842681011032 8.04336262767916 7.3518889985014
Slc15a4 11.4134041549916 7.86469621927823 7.47086975640723
Dhrs3 10.8664384075394 7.06069007486774 5.88524253103598
Lrmp 8.72621364395205 4.61962175809158 4.60094377964269
Olfml3 13.5589885962411 6.24464141718092 6.17830626783315
Pla2g4a 9.54677550171969 5.00607537427035 4.80490799624179
Ncf2 10.9678841319022 5.67014536105651 5.58232504632285
Il7r 9.09542824054331 5.06136252237007 4.87700739776673
Ctss 14.0972400899769 7.56551808470001 7.12918526709499
Cd53 12.647448770815 5.41339642562886 5.2278081304917
Fcgr3 13.39521832835 5.90932017010448 5.87206282985415
Hps4 12.4456398299555 7.96285838155898 7.65281169253202
S100a9 12.5433488948648 4.79214834733615 4.76526536681315
Dusp1 14.1600590685473 9.57881130218487 9.25852477619498
Traf5 8.9887948057126 5.60968153355381 5.42285729230172
Hp 9.14524736055938 5.63694688727579 5.40539976421855
Lgmn 13.3423749152836 9.72919108605881 6.94519093271828
Klf2 13.0114488593516 5.3655573655196 5.05219898505761
Fcrls 13.5094801235154 5.72973244074837 5.69567013105775
Trip6 9.25539301100816 5.54244403489463 4.92977371483726
Tlr1 9.47210882993985 4.15469669436714 4.1465261846728
St3gal6 9.53416252798134 6.05761732032986 5.50712123663915
Selplg 13.4608296010201 6.67850956767766 6.50724094868914
Cd68 12.242490069775 7.40022432800709 4.74146647139708
Gpr65 7.84688309866013 3.98534217801466 3.93193229017277
Ebi3 9.21311913542791 5.8239494219938 5.54712692963691
Csf2rb2 9.41716750216967 4.56975200915066 4.30604958889205
Atf3 13.3007390383143 4.95243522987152 4.89298479655783
Tal1 7.64688818065614 4.32413741111778 4.24599902755945
C1qc 13.5863871767458 5.62586472989656 5.38820667070106
Chst7 10.9028652320415 5.99197380453422 5.62311049300889
Hck 11.677853867497 5.52900498788213 4.71210502720071
Gcnt1 8.17673933531389 4.34085596115512 4.33464579237075
Casp4 9.24666718666705 4.19594275494123 4.06391314806371
Ly96 9.04291773410898 5.07926575674101 4.14799072489546
Lag3 9.95212609690159 5.66789788360485 5.65105735610348
Cxcl2 11.1862547067567 4.21953239348551 4.18337107583374
Ltf 12.2109361391241 7.5685042296524 6.23996339780167
Cx3cr1 12.8661645891936 5.53312976570721 5.44645269324591
H2-D1 12.6018887958776 8.92758258823207 6.43668419290814
Stab1 10.8319181809469 5.30447515791655 5.29149280708567
Evi2a 12.5292457386737 6.24358348833474 6.06362624437157
Il6 8.39447282799593 3.99307062923541 3.88147340738834
Pdgfb 10.784427213788 6.4567319688637 6.13947039899463
Mrc1 8.63837955832117 4.34090579617919 4.11917817858258
Cd33 8.8986929970054 5.25921680736703 5.08155260097496
Itgb2 11.8272052895604 4.65486678411365 4.62672800264636
Rgl2 11.1123727065015 7.36483847280117 6.89752832473333
Psmb9 9.34845122497028 5.91691038294812 5.81910101223469
Adamts1 11.3594540869076 5.65124750012194 5.44684735705507
Ang 8.39410428367088 4.09468582549189 4.04839213902791
Sh2b2 9.22244603896785 4.5519949908429 4.53854964925951
Tyrobp 12.8882077765556 5.8908729755212 5.46045925102219
Ptplad2 9.53045279911964 5.49181192266983 5.44857064343736
Slc29a3 11.671269772336 5.8916273870331 5.54376015686866
Pbxip1 10.4089275516797 6.44360552000746 6.3318806017814
Emr1 12.7324162108168 5.57938594932611 5.39309195424125
Nrros 12.2035612900789 6.09328484551357 5.66653503720104
Tmem119 13.7062504747088 6.08157864715241 5.98162402782734
Pnpla7 10.5567704595249 5.98587887771075 5.38381126397271
1810011O10Rik 8.23549028637786 4.43427885385985 4.39895899235252
Slc46a3 9.78161930361504 6.18554670342377 6.02266959108972
Parp14 9.29651035265735 5.3237848177542 5.09827070884263
Havcr2 10.6395343238155 4.48388035485805 4.20522459244613
Alas2 10.1192139258561 4.98199947992878 4.70688881122907
Cmtm7 10.2158890607314 5.22937035058923 5.03796512695335
Mafb 10.9468667556878 5.70940112017523 5.00433267127677
Apobec1 9.55069814656581 5.59559720830264 5.36704835430944
Blnk 11.7867853033936 6.02855153030724 5.54059115185833
Tmcc3 9.49652683269657 5.36298291838245 4.82983585076174
Hdc 8.38106110642383 5.03968432112465 4.88791675916515
Notch2 11.0904077018543 6.62479196008165 5.8775359552139
Alox5ap 12.5576931349978 7.68014064756897 6.09987556650526
Fyb 11.7070682335866 6.06196414734019 5.99996792458754
Sepp1 13.7057662789234 8.76413263538153 8.03826846826083
Ctla2b 9.98817720392032 4.23414860510967 4.11843434530638
Hspa1a 11.8296568285311 6.34992986514302 5.5520504334101
Slc37a2 8.63564598464605 5.22929981713898 5.22072604722972
Zfp36 13.4710413836478 6.29421449497244 5.88073625530197
Abhd15 10.2572440975652 4.97080145980773 4.87771160934477
Cyba 11.7795222099381 5.70262682536163 5.10469531185899
Wasf2 12.354976901621 7.37925593372795 6.67911357235717
Ptpn6 11.5568573976642 6.62037587759204 6.55571393134217
4833441D16Rik 9.111877090883 4.73406459977262 4.62587133157266
Tec 10.1464631671626 5.60763520131867 5.29573497374214
Cd52 8.87459768254704 5.27256465396993 4.6616214799751
Irf5 10.4986359523617 5.79197371644877 5.76186785816543
Wdr81 11.497830880817 7.87138023117034 7.53374044688239
Naip2 10.6906973938164 4.59854584185691 4.49701954869508
Anxa3 12.8939144704404 5.43184326428479 5.37913483490771
