Tppp3 11.283828678629 7.81072498637604 5.79248073556221
Tac1 12.7281118478351 8.43411215445724 6.42974268742763
Abhd8 10.2509560590456 6.90907025144403 6.63420941483504
Pfdn1 10.8828547153213 7.37268897129522 6.12281879738397
C1qtnf4 9.73130455096657 6.06948904853338 4.68229295552517
Ceacam10 8.36799395119292 4.95360643820939 4.27526678463206
Slc6a4 13.2687666804024 6.97278161472731 5.88833623219925
Fxyd6 10.7931850313489 7.33506153063458 5.42149055292734
Kcna5 8.79735423259167 5.45105572446629 4.17222552086293
Synj2bp 10.9301450019835 6.7613964528793 6.73838369618658
Tpd52l1 11.1331905508552 6.95160773451465 6.4607481992474
Slc22a3 10.4316004838709 5.91417066475475 4.75856284503044
Chn1 9.62735868834202 6.11585003856038 4.55003914631362
Cend1 9.26321194809325 5.30097177215237 4.35252390394661
2010204K13Rik 12.9782366771453 8.62114503133634 6.221701008962
Klk1b27 8.73392053773961 4.65101127036972 4.37624404186058
Nedd4 9.66883939680077 6.06477251385106 5.67812634032071
Id4 11.6628008544354 6.0042662489398 5.29459595058473
Zwint 9.69869778151138 6.09226803053785 4.80997896859835
Tmem242 9.95656483451032 5.87658195989609 5.43903167338655
Flywch2 9.94548205810587 6.43074080617688 4.30035817530197
Fev 10.7744246565637 6.63492610313445 5.18121929343159
Ppp2r2b 9.94676912225785 6.36157681930988 6.1798982112671
Qpct 8.85748079556421 4.93234425149725 4.61984940693485
Mal2 10.7029590783133 4.9322912383544 3.92320461035936
Timm8b 12.7630175566403 9.41570907137635 8.75982060960074
Kcnj9 8.59444668898107 5.16332746908428 5.05819292731326
Mela 9.97123545516391 4.44716391968425 3.95820315720161
Dos 10.3470043917734 6.9574272829715 6.28041973365817
A530058N18Rik 7.58831341815115 4.21106770448344 3.72838342822917
Ykt6 9.79014950739908 6.26789036436164 6.256402052273
Ctla2a 8.82355876215085 4.5639506916646 3.89393269604039
Rpp25 8.5466279310723 4.87029906574136 4.56859492828124
Gata3 8.48575744117105 4.61221920093875 4.50719649146379
Cited1 9.1785020692238 5.19816572934765 5.13082553590551
Spock3 9.40437614049455 5.15452406195671 3.69180829575772
Chodl 8.57128440363271 5.07456504119301 4.85477756210213
Fam92a 11.4114648086121 7.35762988884936 7.14249466896792
