Ddr1 11.5092220094137 9.6718550931955 3.61947523787487
Gja1 13.599525412071 9.6718550931955 3.61947523787487
Plat 9.74229595937377 9.6718550931955 3.61947523787487
Gsn 12.4155833997082 9.6718550931955 3.61947523787487
Scd2 9.16623334601239 9.6718550931955 3.61947523787487
Stmn1 13.5977799986678 9.6718550931955 3.61947523787487
Chgb 8.65588580478486 9.6718550931955 3.61947523787487
Npdc1 8.60917590197262 9.6718550931955 3.61947523787487
Tnfrsf19 9.08565099967804 9.6718550931955 3.61947523787487
Ndn 10.9650800932781 9.6718550931955 3.61947523787487
Atp9a 10.2454214949849 9.6718550931955 3.61947523787487
Scd1 10.6432062227215 9.6718550931955 3.61947523787487
Sqle 11.6031137245213 9.6718550931955 3.61947523787487
Cldn11 10.3615605949605 9.6718550931955 3.61947523787487
Fabp5 10.5949762904295 9.6718550931955 3.61947523787487
Lrrn1 10.4260689767264 9.6718550931955 3.61947523787487
Sparcl1 13.2340892677015 9.6718550931955 3.61947523787487
Trim59 11.032584999081 9.6718550931955 3.61947523787487
Ccnd2 9.77252933811712 9.6718550931955 3.61947523787487
Prnp 13.6979505399126 9.6718550931955 3.61947523787487
Olig1 13.1674408133433 9.6718550931955 3.61947523787487
Plekhb1 12.9777190760185 9.6718550931955 3.61947523787487
Il33 10.3150487270727 9.6718550931955 3.61947523787487
Ptn 10.9099428391103 9.6718550931955 3.61947523787487
Fstl1 10.0371554884755 9.6718550931955 3.61947523787487
Olig2 8.67179373665367 9.6718550931955 3.61947523787487
Nfib 11.1794492812778 9.6718550931955 3.61947523787487
Serpinb1a 10.8050125678559 9.6718550931955 3.61947523787487
Gsta4 10.7931021581357 9.6718550931955 3.61947523787487
Apod 12.0567471453497 9.6718550931955 3.61947523787487
Gstm1 11.9807001718842 9.6718550931955 3.61947523787487
Cryab 13.2654019809408 9.6718550931955 3.61947523787487
Igdcc4 10.7930406516124 9.6718550931955 3.61947523787487
Thbs3 9.66809785084856 9.6718550931955 3.61947523787487
Me1 9.42744782835237 9.6718550931955 3.61947523787487
Plod2 9.33757301108379 9.6718550931955 3.61947523787487
Tppp3 12.2984782910786 9.6718550931955 3.61947523787487
Efs 8.90283988415968 9.6718550931955 3.61947523787487
Bcan 11.5384566431409 9.6718550931955 3.61947523787487
Htra1 13.1613939786896 9.6718550931955 3.61947523787487
Osbpl1a 11.8409033496202 9.6718550931955 3.61947523787487
Snap25 7.96389935777211 9.6718550931955 3.61947523787487
Gstm5 11.6939668023049 9.6718550931955 3.61947523787487
Tspan6 10.7204954130939 9.6718550931955 3.61947523787487
Pcsk1n 10.1166254751358 9.6718550931955 3.61947523787487
Sox2 10.0751688547685 9.6718550931955 3.61947523787487
Sdc2 10.7034384812141 9.6718550931955 3.61947523787487
Acot7 11.0783409992532 9.6718550931955 3.61947523787487
Hspa2 9.87291568133694 9.6718550931955 3.61947523787487
Lpar1 11.3129483183188 9.6718550931955 3.61947523787487
Ntsr2 13.3070381871343 9.6718550931955 3.61947523787487
Eif2s3y 8.98997920589186 9.6718550931955 3.61947523787487
Fah 10.776932240971 9.6718550931955 3.61947523787487
Mal 13.3896163131163 9.6718550931955 3.61947523787487
Dmd 8.29379549080827 9.6718550931955 3.61947523787487
Sorbs1 11.5850394415344 9.6718550931955 3.61947523787487
Elovl6 10.2827460671419 9.6718550931955 3.61947523787487
F3 10.6669351437291 9.6718550931955 3.61947523787487
Nap1l5 11.2870515647209 9.6718550931955 3.61947523787487
Kcna1 11.2040783527394 9.6718550931955 3.61947523787487
Gpd2 11.0623404531553 9.6718550931955 3.61947523787487
Rab33a 10.3124610760148 9.6718550931955 3.61947523787487
Ncald 9.67921128896999 9.6718550931955 3.61947523787487
Ackr3 9.98224114571542 9.6718550931955 3.61947523787487
Slc6a9 10.7090110826139 9.6718550931955 3.61947523787487
Rsph1 11.1098251065738 9.6718550931955 3.61947523787487
Grb14 10.471464499413 9.6718550931955 3.61947523787487
Amy1 8.55640091636625 9.6718550931955 3.61947523787487
Grhpr 11.433619164531 9.6718550931955 3.61947523787487
Chl1 7.63077999886594 9.6718550931955 3.61947523787487
Fhl1 11.644775116443 9.6718550931955 3.61947523787487
Mapt 11.3533903571597 9.6718550931955 3.61947523787487
Sirt3 10.8830585393157 9.6718550931955 3.61947523787487
Vldlr 9.50439112354399 9.6718550931955 3.61947523787487
Abhd3 11.6620401964156 9.6718550931955 3.61947523787487
Cyp2j6 7.82923029057637 9.6718550931955 3.61947523787487
Cpeb1 7.80995764007045 9.6718550931955 3.61947523787487
Ghr 8.97355479525 9.6718550931955 3.61947523787487
Cml1 10.9665951238045 9.6718550931955 3.61947523787487
Gpld1 12.9124051926997 9.6718550931955 3.61947523787487
Prkcz 10.1239611210145 9.6718550931955 3.61947523787487
Ppp1r14a 11.706478170199 9.6718550931955 3.61947523787487
Stmn4 13.1150622231434 9.6718550931955 3.61947523787487
Dhcr24 10.3222900581554 9.6718550931955 3.61947523787487
Nr2f1 9.51613564338273 9.6718550931955 3.61947523787487
Gstt1 9.90192444103398 9.6718550931955 3.61947523787487
Pfn2 11.3451111278031 9.6718550931955 3.61947523787487
Omg 11.606739119408 9.6718550931955 3.61947523787487
Entpd2 10.8696986456977 9.6718550931955 3.61947523787487
Fn3k 9.35879964950254 9.6718550931955 3.61947523787487
Apcdd1 9.89663027007643 9.6718550931955 3.61947523787487
Larp6 9.41135365903257 9.6718550931955 3.61947523787487
Tnfaip6 8.41768176714342 9.6718550931955 3.61947523787487
Cxcl14 8.63778924944466 9.6718550931955 3.61947523787487
Sh3d19 8.82854645336736 9.6718550931955 3.61947523787487
Matn4 9.13668129644586 9.6718550931955 3.61947523787487
Aspa 12.0744497368139 9.6718550931955 3.61947523787487
Nap1l3 8.10898937860737 9.6718550931955 3.61947523787487
Irx3 8.94113377686293 9.6718550931955 3.61947523787487
Fzd2 9.2296804458742 9.6718550931955 3.61947523787487
Wasf1 8.8236104285621 9.6718550931955 3.61947523787487
Astn1 10.2326351256568 9.6718550931955 3.61947523787487
Clu 13.551658404046 9.6718550931955 3.61947523787487
Mpdz 8.69003583385692 9.6718550931955 3.61947523787487
Ptprz1 12.2227935620946 9.6718550931955 3.61947523787487
Slc38a3 10.2549690929879 9.6718550931955 3.61947523787487
Psd3 9.75322685285385 9.6718550931955 3.61947523787487
Sh3gl2 10.116409756433 9.6718550931955 3.61947523787487
Cds2 12.2865822372144 9.6718550931955 3.61947523787487
Rdh5 10.5502940191258 9.6718550931955 3.61947523787487
Cdh2 8.21525174189384 9.6718550931955 3.61947523787487
Eno2 8.381840348285 9.6718550931955 3.61947523787487
Fads2 9.71280280082694 9.6718550931955 3.61947523787487
Cyp2d22 9.23399755433917 9.6718550931955 3.61947523787487
Rtn2 8.04343117813458 9.6718550931955 3.61947523787487
Ugt8a 13.0045098434524 9.6718550931955 3.61947523787487
Gstm7 9.95591956680441 9.6718550931955 3.61947523787487
Tmeff2 11.9342822339415 9.6718550931955 3.61947523787487
Timp3 9.41746881007848 9.6718550931955 3.61947523787487
Serpina3n 9.69520684761263 9.6718550931955 3.61947523787487
Hrh1 8.56710380676021 9.6718550931955 3.61947523787487
Dtna 10.435603728842 9.6718550931955 3.61947523787487
Sptbn1 12.0587472764795 9.6718550931955 3.61947523787487
S100b 11.1990715303195 9.6718550931955 3.61947523787487
Aox1 8.57735771611758 9.6718550931955 3.61947523787487
Kcnj10 12.9002775951387 9.6718550931955 3.61947523787487
Mia 9.4505735743965 9.6718550931955 3.61947523787487
Bbox1 10.0184964099335 9.6718550931955 3.61947523787487
Mbp 14.1436377001564 9.6718550931955 3.61947523787487
Nkain1 10.9503613645834 9.6718550931955 3.61947523787487
Gabrb1 12.1682717249584 9.6718550931955 3.61947523787487
Arhgap23 10.3557994448269 9.6718550931955 3.61947523787487
Mark1 8.47882371498548 9.6718550931955 3.61947523787487
Lss 8.68994905794874 9.6718550931955 3.61947523787487
Ninj2 9.42756860245832 9.6718550931955 3.61947523787487
Kif3a 10.3938251801146 9.6718550931955 3.61947523787487
Pard3 8.64365993080554 9.6718550931955 3.61947523787487
Tmem47 9.25715835343701 9.6718550931955 3.61947523787487
Kctd4 9.22016541727199 9.6718550931955 3.61947523787487
Csrp2 9.20387783226581 9.6718550931955 3.61947523787487
Ndrg1 13.0951137206071 9.6718550931955 3.61947523787487
1700019G17Rik 8.18202222089625 9.6718550931955 3.61947523787487
Ntrk2 12.644314400529 9.6718550931955 3.61947523787487
Ptprf 11.8261916671518 9.6718550931955 3.61947523787487
Fgfr2 11.2530210732087 9.6718550931955 3.61947523787487
Hapln2 10.0287392878777 9.6718550931955 3.61947523787487
Mobp 12.2983814611998 9.6718550931955 3.61947523787487
Irx5 8.66617850123902 9.6718550931955 3.61947523787487
Cyp7b1 8.348222671572 9.6718550931955 3.61947523787487
Slc7a10 10.9222560938873 9.6718550931955 3.61947523787487
Nkx2-2 8.58683471248306 9.6718550931955 3.61947523787487
Ttyh2 10.3927226783748 9.6718550931955 3.61947523787487
Cttn 11.6671447615475 9.6718550931955 3.61947523787487
Myb 8.59925631375529 9.6718550931955 3.61947523787487
Fxyd1 10.2737109795401 9.6718550931955 3.61947523787487
Syne1 11.1257172498475 9.6718550931955 3.61947523787487
Sytl2 9.93733305126132 9.6718550931955 3.61947523787487
Enah 12.2358468898787 9.6718550931955 3.61947523787487
Vcan 7.67390490197671 9.6718550931955 3.61947523787487
Gpr19 10.8743759362685 9.6718550931955 3.61947523787487
Epdr1 10.8536209876853 9.6718550931955 3.61947523787487
Bace1 11.4345860268024 9.6718550931955 3.61947523787487
Ak4 8.96145537866071 9.6718550931955 3.61947523787487
Fgfr3 12.1267133757166 9.6718550931955 3.61947523787487
Pdgfra 9.49129635101646 9.6718550931955 3.61947523787487
Nedd4 11.8684071512574 9.6718550931955 3.61947523787487
Ncam1 12.1511876564958 9.6718550931955 3.61947523787487
Atp1b2 12.0757336558062 9.6718550931955 3.61947523787487
Zbtb20 11.9328533911657 9.6718550931955 3.61947523787487
Klf9 11.9890393566922 9.6718550931955 3.61947523787487
Igfbp5 10.8983415732333 9.6718550931955 3.61947523787487
Acsbg1 10.4269903501389 9.6718550931955 3.61947523787487
Acss2 9.78505239776643 9.6718550931955 3.61947523787487
Glrb 8.27402467873796 9.6718550931955 3.61947523787487
Myo10 9.6111263657294 9.6718550931955 3.61947523787487
Arl2 11.2967516678467 9.6718550931955 3.61947523787487
Gamt 10.4071364816804 9.6718550931955 3.61947523787487
Nkain4 11.5081232773115 9.6718550931955 3.61947523787487
Shroom3 9.23231667827698 9.6718550931955 3.61947523787487
Rnd2 10.2856082182437 9.6718550931955 3.61947523787487
Prkd1 8.25541091307243 9.6718550931955 3.61947523787487
Ttyh1 9.18154919461955 9.6718550931955 3.61947523787487
Mak 9.79839729377789 9.6718550931955 3.61947523787487
Fjx1 8.84648866567771 9.6718550931955 3.61947523787487
Rims2 8.91296012416817 9.6718550931955 3.61947523787487
Kcnd2 10.1375503652636 9.6718550931955 3.61947523787487
Kif5c 9.72078901665788 9.6718550931955 3.61947523787487
Sc4mol 11.5211317647061 9.6718550931955 3.61947523787487
Efnb3 10.9844058832515 9.6718550931955 3.61947523787487
Gpm6b 11.1864235142539 9.6718550931955 3.61947523787487
Irs1 9.3754618004121 9.6718550931955 3.61947523787487
Hes5 11.0496096385086 9.6718550931955 3.61947523787487
Lgi1 8.62306915989274 9.6718550931955 3.61947523787487
Id4 11.7527536604406 9.6718550931955 3.61947523787487
Ints6 10.7550435172022 9.6718550931955 3.61947523787487
Ptprk 9.71452231364364 9.6718550931955 3.61947523787487
Cbln1 7.80811011594793 9.6718550931955 3.61947523787487
Cspg4 9.83142025261002 9.6718550931955 3.61947523787487
Wnt7a 9.03959684183355 9.6718550931955 3.61947523787487
Clic4 11.9836307057511 9.6718550931955 3.61947523787487
Agt 11.9725801729209 9.6718550931955 3.61947523787487
Timp4 11.5313004806763 9.6718550931955 3.61947523787487
Sv2a 10.6121759480036 9.6718550931955 3.61947523787487
Bicc1 8.31027370762511 9.6718550931955 3.61947523787487
Scn8a 7.97687555724139 9.6718550931955 3.61947523787487
Ednrb 11.0790414072056 9.6718550931955 3.61947523787487
Ncan 9.3370925026312 9.6718550931955 3.61947523787487
Qdpr 12.672212380933 9.6718550931955 3.61947523787487
Dner 10.9042572361781 9.6718550931955 3.61947523787487
Tmem246 9.47479126295363 9.6718550931955 3.61947523787487
Idi1 10.0042542209826 9.6718550931955 3.61947523787487
Ptgds 12.6389452457814 9.6718550931955 3.61947523787487
Slc44a1 12.382003392647 9.6718550931955 3.61947523787487
Sez6l2 12.2636232085014 9.6718550931955 3.61947523787487
Tspyl4 10.7909509758311 9.6718550931955 3.61947523787487
Gdpd1 10.2659203354841 9.6718550931955 3.61947523787487
Elovl7 9.19647722156733 9.6718550931955 3.61947523787487
Tmem98 10.0197952489307 9.6718550931955 3.61947523787487
Gpr37l1 12.9457831877732 9.6718550931955 3.61947523787487
Fam216a 9.83444818845935 9.6718550931955 3.61947523787487
Polr3h 10.2436939520855 9.6718550931955 3.61947523787487
Lrrc48 10.6849143926603 9.6718550931955 3.61947523787487
Cdc42ep1 9.2755355387286 9.6718550931955 3.61947523787487
Tmem51 9.2928619104189 9.6718550931955 3.61947523787487
Adhfe1 8.01614860626914 9.6718550931955 3.61947523787487
Selm 9.9260930180145 9.6718550931955 3.61947523787487
Asrgl1 12.0056386264159 9.6718550931955 3.61947523787487
Aldh1l1 9.67954105929331 9.6718550931955 3.61947523787487
Spon1 11.2091438249058 9.6718550931955 3.61947523787487
Tmem87a 9.87642003749354 9.6718550931955 3.61947523787487
Phldb1 11.6627742366307 9.6718550931955 3.61947523787487
Rapgef3 11.3042610514001 9.6718550931955 3.61947523787487
Mmd2 12.3590351659012 9.6718550931955 3.61947523787487
Nrbp2 10.1592783834982 9.6718550931955 3.61947523787487
Tspan2 11.5610685118401 9.6718550931955 3.61947523787487
Samd4 10.1293054613596 9.6718550931955 3.61947523787487
Gprc5b 12.077916310551 9.6718550931955 3.61947523787487
Plekhf1 9.47995062400907 9.6718550931955 3.61947523787487
Cyp2j9 10.2285356099928 9.6718550931955 3.61947523787487
Calml4 11.0453286436087 9.6718550931955 3.61947523787487
Aldoc 13.80368660234 9.6718550931955 3.61947523787487
Rsph9 10.4514899644287 9.6718550931955 3.61947523787487
Cald1 10.0016719607554 9.6718550931955 3.61947523787487
Slain1 9.63667416293137 9.6718550931955 3.61947523787487
Ptprd 12.6472917509556 9.6718550931955 3.61947523787487
Gpsm2 9.19179542098059 9.6718550931955 3.61947523787487
Gpr85 8.46024319387393 9.6718550931955 3.61947523787487
Sox10 11.4232637120618 9.6718550931955 3.61947523787487
Mboat2 10.1819553488173 9.6718550931955 3.61947523787487
Rarres2 10.3657922096104 9.6718550931955 3.61947523787487
Cdh10 9.67882131471297 9.6718550931955 3.61947523787487
Tyro3 7.75445651036336 9.6718550931955 3.61947523787487
Zcchc18 9.71202130580989 9.6718550931955 3.61947523787487
Aqp4 11.7187979849904 9.6718550931955 3.61947523787487
Plp1 13.3641777903796 9.6718550931955 3.61947523787487
Prrx1 8.15284974938649 9.6718550931955 3.61947523787487
S100a16 12.6407374779304 9.6718550931955 3.61947523787487
Edil3 9.85406870740421 9.6718550931955 3.61947523787487
Ppp1r3c 10.7949547823995 9.6718550931955 3.61947523787487
Tacc2 10.3963625801095 9.6718550931955 3.61947523787487
Dock5 9.68077868829383 9.6718550931955 3.61947523787487
Csrp1 11.1385172200456 9.6718550931955 3.61947523787487
Dtx1 11.1663407147809 9.6718550931955 3.61947523787487
Amot 9.79294878046037 9.6718550931955 3.61947523787487
Armcx1 9.46979809660257 9.6718550931955 3.61947523787487
Cuedc1 10.7134350580703 9.6718550931955 3.61947523787487
Sox6 8.9912653484803 9.6718550931955 3.61947523787487
Ddc 8.75839815332064 9.6718550931955 3.61947523787487
Vit 7.80036543856423 9.6718550931955 3.61947523787487
Sorl1 11.6831522981569 9.6718550931955 3.61947523787487
Cadm4 9.45789418196939 9.6718550931955 3.61947523787487
Ntm 8.93127407280559 9.6718550931955 3.61947523787487
Alcam 8.58164491413711 9.6718550931955 3.61947523787487
Ddx3y 10.0616824395008 9.6718550931955 3.61947523787487
Gpm6a 8.80211551943253 9.6718550931955 3.61947523787487
Ndrg4 10.0366633385486 9.6718550931955 3.61947523787487
Tlcd1 11.19715028199 9.6718550931955 3.61947523787487
Trib2 9.45090719284909 9.6718550931955 3.61947523787487
Tmeff1 9.65610708414046 9.6718550931955 3.61947523787487
Slc45a3 8.76189704412515 9.6718550931955 3.61947523787487
Srebf1 12.2790611313028 9.6718550931955 3.61947523787487
Cnn3 11.3078881662494 9.6718550931955 3.61947523787487
6330403K07Rik 12.733847597178 9.6718550931955 3.61947523787487
Celf4 8.30286888950534 9.6718550931955 3.61947523787487
Fa2h 10.755847052578 9.6718550931955 3.61947523787487
Phlpp1 11.253028567548 9.6718550931955 3.61947523787487
Thra 10.6809790800598 9.6718550931955 3.61947523787487
Fbxo2 10.3481331930865 9.6718550931955 3.61947523787487
Scara3 8.200028950459 9.6718550931955 3.61947523787487
Amph 10.1189937195406 9.6718550931955 3.61947523787487
Metrn 11.267174581261 9.6718550931955 3.61947523787487
Zfp612 9.14410010323646 9.6718550931955 3.61947523787487
Copg2os2 9.95992151888314 9.6718550931955 3.61947523787487
Armcx4 8.07180076548883 9.6718550931955 3.61947523787487
Gabrg1 10.0894051220795 9.6718550931955 3.61947523787487
Adora1 10.2437410680233 9.6718550931955 3.61947523787487
Abca8a 8.48291382418894 9.6718550931955 3.61947523787487
Nkx6-2 9.55004929585624 9.6718550931955 3.61947523787487
Atp1a2 11.9330118780354 9.6718550931955 3.61947523787487
Spag5 8.21902385619283 9.6718550931955 3.61947523787487
Gnai1 8.91736252352656 9.6718550931955 3.61947523787487
Rassf9 8.48775882904904 9.6718550931955 3.61947523787487
Tmem163 9.42543096308095 9.6718550931955 3.61947523787487
Tmcc2 10.2289788204186 9.6718550931955 3.61947523787487
Slc14a1 7.95463619772007 9.6718550931955 3.61947523787487
Hopx 9.90457199502989 9.6718550931955 3.61947523787487
Pacrg 9.88127756642308 9.6718550931955 3.61947523787487
Dmkn 9.07295929774404 9.6718550931955 3.61947523787487
Ptch1 12.3851325750694 9.6718550931955 3.61947523787487
Tril 12.1904959038101 9.6718550931955 3.61947523787487
Mt2 11.8878500697579 9.6718550931955 3.61947523787487
Ppap2b 13.6524904558236 9.6718550931955 3.61947523787487
Rimklb 9.46246136848871 9.6718550931955 3.61947523787487
Bcat1 9.49955197699094 9.6718550931955 3.61947523787487
Tmem205 11.1096681754531 9.6718550931955 3.61947523787487
Pla2g7 10.6815827275665 9.6718550931955 3.61947523787487
Fmn2 9.19724686320645 9.6718550931955 3.61947523787487
Antxr1 11.2219303123009 9.6718550931955 3.61947523787487
Tekt1 9.62321478058406 9.6718550931955 3.61947523787487
Lrrc23 10.2330928258681 9.6718550931955 3.61947523787487
Sh3gl3 10.8386364152152 9.6718550931955 3.61947523787487
Anln 10.4568852408628 9.6718550931955 3.61947523787487
Cd38 9.95059226120901 9.6718550931955 3.61947523787487
Abat 9.68977523428265 9.6718550931955 3.61947523787487
Ppargc1a 9.82799654816895 9.6718550931955 3.61947523787487
Fermt2 11.5566171246303 9.6718550931955 3.61947523787487
Lrig1 10.5180901230531 9.6718550931955 3.61947523787487
Slc20a2 10.6037925850198 9.6718550931955 3.61947523787487
Coro2b 9.90014404967673 9.6718550931955 3.61947523787487
Tbcel 10.4076909761446 9.6718550931955 3.61947523787487
Erbb3 10.5395291484527 9.6718550931955 3.61947523787487
Nrcam 10.1652486299824 9.6718550931955 3.61947523787487
Neo1 10.9799481427889 9.6718550931955 3.61947523787487
Ccl27a 8.21291022220998 9.6718550931955 3.61947523787487
Plekhh1 8.65946004135003 9.6718550931955 3.61947523787487
Limch1 11.5758879138014 9.6718550931955 3.61947523787487
Unc5b 10.5369567753197 9.6718550931955 3.61947523787487
Stmn3 9.43647752864967 9.6718550931955 3.61947523787487
Gria1 9.70211323739889 9.6718550931955 3.61947523787487
AI464131 8.37423376388447 9.6718550931955 3.61947523787487
Fhod3 8.35467230006462 9.6718550931955 3.61947523787487
Elavl3 9.75693168375247 9.6718550931955 3.61947523787487
Cachd1 10.318424474046 9.6718550931955 3.61947523787487
Cacnb4 8.14809667621735 9.6718550931955 3.61947523787487
Mapk10 9.39009215976825 9.6718550931955 3.61947523787487
Impad1 11.0702633689798 9.6718550931955 3.61947523787487
Cpeb3 8.88355545685897 9.6718550931955 3.61947523787487
Fdft1 12.1714020089311 9.6718550931955 3.61947523787487
Pkp4 12.2074340041229 9.6718550931955 3.61947523787487
Ahi1 10.0667961259662 9.6718550931955 3.61947523787487
Gli2 9.79268107481803 9.6718550931955 3.61947523787487
Sash1 11.3859311339401 9.6718550931955 3.61947523787487
Tm4sf1 10.2815497831519 9.6718550931955 3.61947523787487
Mlc1 10.5147132350463 9.6718550931955 3.61947523787487
Ndrg2 12.6396013835903 9.6718550931955 3.61947523787487
Atp6v0e2 12.2295980514604 9.6718550931955 3.61947523787487
Uchl1 9.54003295642863 9.6718550931955 3.61947523787487
Tnk2 11.9967895627206 9.6718550931955 3.61947523787487
Gjb6 10.8370875854321 9.6718550931955 3.61947523787487
Efhd1 10.0979828813763 9.6718550931955 3.61947523787487
Bex1 11.4495930833452 9.6718550931955 3.61947523787487
Scg3 11.8332088198395 9.6718550931955 3.61947523787487
Kcnk1 10.8068042308058 9.6718550931955 3.61947523787487
Sept4 12.341883498482 9.6718550931955 3.61947523787487
Car2 13.489606014655 9.6718550931955 3.61947523787487
Mog 11.0823741603563 9.6718550931955 3.61947523787487
Kcnn2 8.77507644443992 9.6718550931955 3.61947523787487
Gng11 12.2850591223985 9.6718550931955 3.61947523787487
Ngef 10.5322907877108 9.6718550931955 3.61947523787487
Klk6 9.74983523858409 9.6718550931955 3.61947523787487
Rhou 11.9169975501687 9.6718550931955 3.61947523787487
Acot1 9.45115933262312 9.6718550931955 3.61947523787487
Itih3 13.6458045804062 9.6718550931955 3.61947523787487
S1pr5 10.4356050734668 9.6718550931955 3.61947523787487
Reln 8.99200018763102 9.6718550931955 3.61947523787487
Gdpd3 11.3133470922097 9.6718550931955 3.61947523787487
Trps1 9.40336525004934 9.6718550931955 3.61947523787487
Cntn1 10.7120000166583 9.6718550931955 3.61947523787487
Tagln3 9.51108524708522 9.6718550931955 3.61947523787487
Car14 9.91649951919922 9.6718550931955 3.61947523787487
Cdh11 9.13312292285776 9.6718550931955 3.61947523787487
Fabp7 11.2708463959305 9.6718550931955 3.61947523787487
Wnt4 9.97141736159838 9.6718550931955 3.61947523787487
Serpinh1 9.24607885210216 9.6718550931955 3.61947523787487
Gpr37 9.70583360516299 9.6718550931955 3.61947523787487
Cacng4 10.4186895842792 9.6718550931955 3.61947523787487
Acsl6 11.4014145249596 9.6718550931955 3.61947523787487
Zfp521 8.0613835313573 9.6718550931955 3.61947523787487
Spsb4 8.26552829211846 9.6718550931955 3.61947523787487
Dbndd2 13.1614019064769 9.6718550931955 3.61947523787487
Pcolce2 10.0706856682344 9.6718550931955 3.61947523787487
Slc6a1 11.2438224597353 9.6718550931955 3.61947523787487
Nckap1 12.226945566353 9.6718550931955 3.61947523787487
Csgalnact1 10.1943567728286 9.6718550931955 3.61947523787487
Adamts4 8.89052491390099 9.6718550931955 3.61947523787487
1190005I06Rik 8.57729054290363 9.6718550931955 3.61947523787487
Zdhhc2 8.50106546387881 9.6718550931955 3.61947523787487
Fam213a 12.3425675023848 9.6718550931955 3.61947523787487
Pcp4l1 9.57619454655176 9.6718550931955 3.61947523787487
Slc22a23 9.11377490164849 9.6718550931955 3.61947523787487
Gal3st1 9.2961392438969 9.6718550931955 3.61947523787487
Fez1 12.6769711517432 9.6718550931955 3.61947523787487
D430019H16Rik 8.76878521877205 9.6718550931955 3.61947523787487
Adcy2 10.7108184091069 9.6718550931955 3.61947523787487
Ptpla 10.6811268525478 9.6718550931955 3.61947523787487
Mag 11.835965963123 9.6718550931955 3.61947523787487
Desi1 10.3213348209974 9.6718550931955 3.61947523787487
Fbln7 7.98831860414892 9.6718550931955 3.61947523787487
