Golm1 13.1709345745481 6.78957325481704 6.52104337932628
Dusp6 12.2043335698759 5.78970716952628 5.66648546158827
Tgfbi 10.1729708775644 5.88355576171514 5.39805726478744
Sgpl1 9.54910293773426 5.31234238567007 4.54452927969186
Junb 11.5780026398467 6.24000339675723 5.34992712188681
Txnip 13.6993914736524 6.3736086611709 6.36374940477108
Klf10 10.1153774463127 6.62561649681687 5.55979901528686
Cd9 11.8962881279299 7.48434640011317 7.26239818639698
Cd34 10.5911587485583 4.85238873481882 4.83927594963628
Tpst2 11.1246231388186 7.80097666764568 7.63790608172511
Cd83 13.2264749464343 9.87187609981335 9.28238619731859
Sipa1 11.1257432146877 6.76479423587944 6.72298378112278
Coro1a 12.6004028717715 8.71323705845488 8.51328480786148
Btg2 11.4968904593275 6.12504737266095 5.52284405974221
Tnfaip2 9.08145533726492 4.45219825192179 4.34529065901249
Litaf 12.5127367018525 7.60986568462428 6.92205554853922
Cyfip1 12.6066769077138 7.79636431134423 7.33434624400308
Lamp2 11.6172171151883 8.03292601863294 7.81828055157112
Snx18 11.9105809619856 8.11121314137498 7.76710931031886
Ctsc 12.6065842886925 5.27690941040107 5.17607600670694
Rcbtb2 9.51693799161507 6.12455117426757 5.99800518379469
Cd82 9.38715719713112 5.90629734753685 5.80956299061121
Ier2 13.4150634942812 7.239166280841 7.16176603052709
Nr4a1 12.1604408921049 7.20591919823664 6.27763534852119
Nfe2l2 11.3735710823378 5.60991669815586 5.32611015526029
Socs3 12.8363611039744 5.53699792838188 4.15680550885794
Sparc 11.723215805215 7.4425044640708 6.92802018391163
Scamp2 12.0782300087712 6.81551280580289 6.6703894852596
Acss1 9.58139552895345 5.72887901154336 5.36757554159325
4632428N05Rik 12.9592128362635 5.06654481605459 5.00385178366043
Spint1 10.3415667614487 5.3698706063722 5.24222351786965
Slc2a5 10.7506339487812 6.78110011754576 6.5474593290155
Afp 8.20241684612463 4.02962231251893 4.00806043685668
Plxnb2 11.1751053377305 6.58450393821627 5.73262133376825
Irf8 12.5606886061131 5.48826040235433 5.32707067010498
Tbxas1 9.77227819439976 6.20089995637611 6.01114150268223
Slc39a8 8.3702572354114 4.03119722048317 3.9138725465744
Parvg 10.3224146114506 6.34681159462778 5.11870433716051
Mcl1 12.1472433486191 7.27889259221075 6.99750051152676
Numb 12.2270194543794 8.8572692080879 8.77837636555316
Rps6ka1 12.439882687873 7.9881461958983 7.04663842556033
Parp9 9.82908871348782 5.28671928804951 5.0984656816728
Tnfaip8 9.91373565516323 5.98724449454894 5.38348367350051
Sirpa 12.4962163654576 8.51556245027675 8.26693414583806
Tmem206 10.2057688234462 6.66361932484036 6.58495859925871
Slc40a1 11.6365802495677 5.86588971927377 5.77185106226893
C1qb 13.3846079047961 4.72773578207943 4.48579623300017
Egr1 14.0125449996656 9.02954972207448 8.48532942365427
Cyp4v3 11.0721852303594 6.95803610971035 5.60876891163607
Syngr2 11.4559121689701 6.24839634713665 5.75342973252187
Igtp 10.5169764277721 7.15575340047911 6.52848215246509
Usp2 11.7287066241903 7.21667392244552 6.02797546435475
Ccl6 10.223717633042 4.52162733595159 4.38379302533802
Cd14 13.3052539164274 5.91339480574559 5.59035123892272
Plekha2 10.2816668147149 6.63039592647083 6.58509033765448
Tob2 11.2284375997777 7.40545597415611 6.78559257218531
Pycard 11.8185468367102 6.41067279610797 5.54447048715042
C1qa 13.2380236204344 6.48559766568329 5.91551191355026
Il16 10.7022595486227 5.64322938975853 5.39883441906687
Slc7a7 11.052383619296 5.09616495021224 4.87163312035056
Klf4 12.698526861476 5.05942506965145 4.88742085886846
Sertad1 10.6747710405396 7.21328904345731 6.87386390284479
Jun 13.1567215574815 8.69730470838925 6.7989601675356
Srgn 13.2509970787582 7.29488590382263 6.34382648361778
Myh9 12.5865032254667 7.66053954729817 7.60124690831557
Nfkbiz 12.6860754101133 5.41340616537738 4.80608253548259
Tgm2 11.7718766956168 6.96178337575193 6.31317888104511
Plek 13.0669588958399 7.61179090337371 6.94928391995902
Itgb5 13.3318370523038 9.19820511876179 5.57119968665546
Elf1 9.08676867890006 4.76254953837674 4.52915746071286
Cln3 9.94836220653156 6.51921236154038 6.00498390708485
Rgs1 11.2541972267774 4.55940395117031 4.35566770757723
Ier5 13.0591463203827 7.11226927865378 6.79130694787387
Rac2 9.75239695917386 6.3275792951588 5.96548195199709
Nfatc1 10.1057640630075 6.36793074729566 6.08854855986415
Cd79b 8.31573716498709 4.81833332033436 4.79546141243859
Snx5 12.5628056055199 8.8866823448365 8.403008898819
Elk3 10.4901390004177 6.31906529744144 6.01828602313017
Naglu 9.26626288253695 5.7570780920463 5.63485021719852
Laptm5 13.2497958585741 7.19569639848386 6.18638821417182
Tjp1 11.9606953410398 7.97787211350474 7.50493746473059
Slc25a37 10.6378478547555 6.95549586330726 6.85247712682601
Serinc3 10.8737843005988 6.5406748384267 6.39863346062701
D17H6S56E-5 9.99291673904863 6.61535380332814 6.4924425855732
Ctsz 13.0341451754765 9.37235943769612 9.07934531644715
Fcgr1 12.3056772228307 4.96995463732363 4.67193621229406
Slc16a6 11.601886645942 7.65095621326865 6.22937375164729
Pdlim4 9.4700059993897 5.53744564736549 4.88451331434383
Ccl9 11.5606702750711 5.01042901571192 4.54311165367498
Trim30a 9.82440837349698 5.48434735103184 5.1847969792077
B4galt1 11.050190662426 6.27629291798617 5.88047616459775
Tnfrsf1b 11.5849644137814 6.21821778619095 6.2047062500441
Inpp5d 12.5199395399242 6.34861299257286 6.05669350654238
Tlr4 9.52419084436795 4.5296551012822 4.40883074894198
Pmaip1 7.94812896443572 4.13218658499109 3.89297634119091
Aif1 11.8782125697407 5.91383015332381 5.1283793536315
Syk 11.2305153374971 6.11983441135165 5.83624190492669
Klf6 12.1614928848338 6.56421856864658 6.39005430579325
Crybb1 12.3010895138039 6.9191785357036 6.59131241824853
Fcer1g 12.6409109862305 6.09260382533954 5.59242872649398
Ctsh 12.8519091129382 5.80448304752555 5.57274365053228
Gpsm3 9.66649074936397 5.77790415972977 5.45212443569739
Ncf4 10.7081144474155 5.39809998190104 5.03717808241296
Nrip1 11.6975319588524 8.17186810671348 6.3990760291379
Ggta1 10.3145780373454 5.34390971286791 4.96947547773784
Calcrl 7.84138491604448 4.2792956359549 3.92429259915863
Ptpre 10.8354103326392 7.19795184506047 6.84148103097122
Lcp2 10.3889718130272 4.8801236350042 4.66317679610111
Ngp 12.4329204009581 5.52573930326163 5.15689140283212
Spi1 10.2850028049619 6.1476701599732 6.07687468595513
Atp7a 10.1404314445784 5.90870874507621 5.26821350338173
Csf3r 10.4703586336665 5.33067083927366 5.14176466589353
Ms4a6b 11.1222234312687 5.00413796801118 4.88482369515244
Hcls1 8.83239317939796 4.98127369203399 4.77481336622212
Pabpc1 11.1513836653323 4.22140155217314 4.10486139734428
Plxdc2 12.0633823649962 7.19325329674801 6.83037608946945
Cxcl10 9.83264446685726 5.37362445359008 5.33517431829061
Cysltr1 9.33333349087416 4.26959836419892 3.95611837850733
Cebpa 9.88957255483431 5.64326688188915 5.22871489997809
Cttnbp2nl 11.7204560544011 6.04807327673163 5.78546928903339
Lyl1 9.97533629065994 5.01152902461478 4.93564639729057
Ptpn18 10.4025712369028 6.42346661457285 6.15392960694517
Tlr2 11.9268402473875 5.6241324370575 5.0471788515755
Serpine1 9.52331793271942 5.10904825997996 4.8975586695979
Sox4 9.95630765129675 6.0891934860757 5.40730302576701
Mlxipl 10.549742788076 4.85756796678015 4.54934053595857
Cd37 10.9048574016166 5.65566740733356 5.44567921384082
Map3k8 10.2849700718244 4.89525286044875 4.85462916541433
Myd88 10.7278217724093 5.86140866590826 5.77836349661868
Ccl12 10.5112043294489 4.62344518789234 4.61459096604282
Arhgap4 9.36525554969312 5.40059145877844 5.38131471342854
H2-Oa 8.7917936065526 4.96537404725288 4.87946089140608
Pon3 9.20297150005047 4.41335159050124 4.40646790797174
Slamf9 11.1882832385642 6.90160137306482 6.37967270388465
S100a8 13.0395448654869 5.21024134875661 4.574809491385
C3ar1 11.7072754362155 5.30502223408787 5.07796111735411
Ripk1 10.1243899929041 5.51330533649852 5.1619987519989
Fgd2 12.1304825880125 6.01839882070174 5.82830907238788
Rela 11.8428094359349 7.40614767045184 6.87709069980385
Ccl3 13.4953964323281 4.72873914318725 4.64254045723692
Ms4a6d 11.3799791784438 4.95065903004418 4.67093038564711
Tnf 10.0055468588953 6.38531631136662 6.05395162323086
Was 8.0303356973264 4.42996822549826 4.37867303400285
Ier3 13.4963591841383 9.70577293000376 8.0286412746161
Camp 12.113738407204 5.7104801968012 5.44091102737536
Ltc4s 9.78168546230716 6.32429057575875 6.18074086797152
Klk8 10.2464469222101 5.68290310466083 5.51669608998816
Chil3 11.1159878878753 4.21525800657797 3.6481594089514
Arap3 9.86775374576886 4.3335627509239 4.31041695123412
Tlr7 11.2112407400947 4.98736805054588 4.90709659765849
Csf1r 14.0460007158016 7.58088333472888 7.49510668383222
Trim25 10.8969751411857 7.33702309588483 5.98253915127083
Hpgd 12.0107499612859 5.32369066848635 4.93333643940493
Rab3il1 10.4710400563943 6.62258773223131 6.48987535761204
Mcm3 8.92535440058905 5.19513076853221 4.67188478743883
Gdap10 8.80480802896476 4.61048690702042 3.8254384872613
Slc11a1 11.4154854568916 5.44093747722177 5.3659738080543
Hnrnpa2b1 10.315155226878 6.72976664963755 6.64776547854943
Ccl2 9.49866288250659 5.23870265874494 5.00667658248791
Cd86 11.6419705628058 4.95234295574959 4.90784576188436
Prkd3 9.70383275414416 6.12009938458428 5.4203490046968
Gpr84 11.5935377294956 5.53569894055139 5.44936828921313
Vamp8 11.9027573726861 6.84553023196722 6.56678872803623
Tcirg1 11.3257053795282 7.14653867440365 6.89915213407022
Sqrdl 11.0518617676912 7.32004764382302 7.06309669474459
Trim12a 8.5835260320544 4.30742554543587 4.28373350244176
Zfhx3 11.2942984484453 7.69788567624204 6.87231778960457
Slc15a3 11.5219827541908 5.34092835052332 5.33194578152177
Clec7a 9.36335652990378 4.95472432408598 4.69327786424268
Rel 9.30153835661437 5.16180707585831 5.09854662979997
Sla 12.3378861062474 5.75460308651668 5.68588485335184
Itga9 7.35656542889308 3.82552934267837 3.68954443829712
Tgfbr1 13.4953964323281 7.42619028227921 6.53713970335686
Snap23 8.47917138557207 4.52343177075534 4.11925556449601
Sgk3 9.74194633209768 6.40536335135903 6.26125342905982
Adcy7 11.9646243532397 7.96551591919317 7.44611487391284
Rbm39 10.4094928984617 5.95700015933666 5.22891222987453
Rsad2 9.55409990020448 6.21904449701081 5.75652869715607
Vamp3 10.8638436564196 7.40514522758125 6.85139430652861
Bmp2k 11.3162621163235 7.76945872712792 7.22581231406997
Itgav 11.507195343065 7.80782889640642 7.75721238445407
Lgals9 9.80576100376818 5.56274219139979 5.47661225602946
Bco2 8.88551273021649 5.47566221476937 5.29506271196984
Trem2 11.528689695107 6.5640463776109 6.45605401876576
Gna15 8.93153578094543 5.59802921649404 5.10695143043834
Bach2 8.81723367907835 5.41144471232336 5.16970652202749
Myo7a 9.61565808015342 5.81407815897822 5.6490210250047
Birc3 10.7521481640029 6.49964888069676 6.34012489665305
Igsf6 8.68495551282954 4.58811032156803 4.30067134540583
Samsn1 8.95535277925432 4.74412469151593 4.58500575111306
Il1a 10.5450729398403 4.01432282339471 3.97573927957766
Hpgds 9.14123713383759 5.12840941903112 5.00950387361515
Naip5 11.1347547074536 4.57041205071081 4.08270748914585
Ccl4 12.7516225784521 5.94887614735752 5.60310033132365
Klf3 8.44575749935971 4.96963783556734 4.52636158070451
Itpr2 10.8613975316724 6.24795097803933 5.84165936147124
Stat6 10.5031698578152 6.32187517818237 5.20623287821222
Phxr1 9.60550945602768 5.70032375928079 5.61451423479714
Abca1 12.0785728549459 7.20607702216736 5.96190453041915
Adam17 10.581995677351 5.90383675089162 5.70763618177266
Dapp1 10.626591308075 5.34463683676603 4.77571324172579
Clec4a2 10.1190075949126 5.0388752961619 5.0298392536634
Fli1 10.0832277034328 3.81415046144467 3.75175247971574
Ets1 9.75745818736726 4.28785403772812 4.02401829090189
Ptprc 12.4215732421658 4.53558591999768 4.37223241984479
Fosb 11.9818678393755 4.80827771140483 4.69110350869848
Ccr5 11.7087776692335 4.60304033942976 4.38010530124462
Il6ra 12.6405285425734 5.90644904065454 5.65192570167078
Tgif1 8.50458243562559 4.30823454310216 4.19994571082309
Pla2g15 12.3512186582331 7.29436699546675 6.2870097176816
Itga6 11.5906633280243 7.67121805792291 6.9641353366843
Ifi30 11.4062018650154 7.72877225825044 6.91882066734587
Zfp36l1 12.7019764996359 6.17124694259853 5.40260397635273
Gpr34 12.142699851518 3.96197732644555 3.9125610664471
Rrad 10.0026571297703 6.6040152585403 6.00013770214668
Ndel1 9.26249492481989 4.32992363606519 4.21933810854903
Rhog 11.2037880767617 7.69954171061678 7.68255114752555
Rnase4 13.0771643703574 6.00085939312656 5.96719002518588
Hk2 12.3164140648536 7.27541284430293 6.1217527095929
Fam111a 8.33832002390926 4.94166632547205 4.51702144099773
Hfe 11.3196450739578 7.58854143628652 6.93880929363383
Naalad2 9.64837692903074 5.65452920478599 5.38841261457979
Pik3cg 10.1537853547168 4.94809132559779 4.86498557751174
Zeb2 11.4350095719432 6.63719760209374 6.05290210517873
Btk 9.58917222158551 5.66239858496334 5.64305429772777
Tlr3 9.63659550839082 5.96897773640817 5.52170668733231
Dock2 8.86389566600281 5.2205622858411 4.84158016294214
Prkcd 11.3607793398998 7.27453323435341 7.12163685848432
Mertk 13.0985151577591 5.81774264168505 5.57595239310251
Cd84 9.96224237530016 4.65638274418728 4.63344404503654
Ly86 13.8305038298173 6.22169356080675 5.72259436297993
Vav1 10.4997459843954 4.2943625107606 4.20762791570295
Pag1 12.6736213180298 7.70357430009028 7.60647449417634
Fos 13.9327205870223 10.201394142134 9.83704186994014
Cfh 10.8438396260437 3.84954306592079 3.84060829388787
Tnfrsf13b 9.66545251361214 4.82295684738993 4.34914679842177
Cebpd 10.5744174492867 7.04167067873952 4.8835310118307
Luc7l2 10.6746402351895 5.76544274377924 4.7734550878688
Hhex 10.060418644213 5.14421685840147 4.92523078265994
Entpd1 9.58873000960094 4.5130557744947 4.42430903307018
Ptgs1 12.1626150793908 6.2976448541919 5.57782431451971
Adrb1 10.5218876655346 4.7293693063351 4.59506671530339
Phip 10.0131625046948 6.32842836275171 6.23995757838661
Rock1 9.72163310525527 6.01180459632912 5.71384999133806
Stk17b 9.80355004387352 5.78526224161964 5.45736758533924
Frrs1 10.6966078261321 5.22023947901702 4.95055957145469
Lyz2 12.5660138290276 6.54806028590082 6.40865963010201
Ssfa2 10.4026641404164 6.55173781046253 6.48485027981804
Ccnl1 12.9368942943523 7.35575118287571 7.03214041266343
Galnt4 9.11869231898454 5.38427601937536 4.97038033674077
Ctc1 11.7422487728519 6.95091265217282 6.5989931222544
Unc93b1 11.3066168079527 6.36033622273646 6.09926389322658
Mob1a 11.6304802850351 7.90410210866292 7.89045212335744
Cmtm6 12.2803328178186 6.65756287231001 6.1824416416369
Sfpq 11.5708095722532 6.22052173740184 5.04742238870531
Tmem63a 11.3727165126659 7.64095524469236 7.06760224937451
Tspan14 11.2007785813707 7.08779261362568 6.26470457044054
Lpcat3 11.4786154330381 6.89923942575142 6.72535349234562
Pxn 11.8612215849744 6.83543144425187 6.44000428605015
Hvcn1 10.2856187487951 5.48376765506527 5.35561454234766
Edem1 10.5644676490564 5.36645087096645 5.32309732212589
Icam1 12.144222640413 4.67887082630209 4.51201122033114
Ptbp3 11.2952745829932 6.36969000821308 5.81743668242755
Oaf 8.52102005658831 4.97449644258998 4.72539394648642
Prkab1 10.8728158992286 7.50788634992997 6.50400291935433
Rbl1 8.51194870241016 5.07803730286923 4.72288138149299
Rcsd1 12.3223507478265 6.74408138123241 6.50378566275451
Npl 10.119227368812 5.87021108774053 5.77983137020143
Tmem140 8.46080936763924 5.0069421894476 4.70007348597671
Vps37b 9.96103963120737 6.61675916157562 6.61365999910408
0610040J01Rik 10.8106638816197 6.35677385901325 5.7465902588776
Cklf 11.3324839569912 7.32965250542351 6.45320307173558
Cd177 8.01898297885642 4.1808798246385 4.12350479611257
Casp8 9.83591177234681 4.98964768109125 4.71710800603713
Tmed5 10.4601759587631 6.77433037636248 6.51267447680232
F11r 12.1638127271072 5.82408498625951 5.81649868066311
Eva1a 8.63294613398656 5.15914792951928 5.04704974311665
Mfap3 11.4258563297422 7.4139994968858 7.2096843953033
Reep3 10.7593284719606 6.56694633500219 6.08623570375081
Tor4a 10.4213155961976 5.71264330112787 5.65009889739953
Trim34a 8.69868770830196 5.28904872042082 4.74216363248246
Ptbp1 9.02225932629817 5.01145014303111 4.96345491289773
Lpxn 10.730982217212 4.69371351058321 4.46673832683149
Siglec5 8.337886172674 4.61220351756437 4.04875288779813
Mylip 12.3804927223987 7.91303896548914 7.66689090625175
Cflar 9.90032647661365 6.53825083254008 6.46638254222019
Fcrl1 9.27554865404005 5.23121056724269 5.17444709650993
Sppl2a 11.1847931951435 7.31447253839974 6.58448295285524
P2ry6 11.5909433501351 4.65575030011646 4.37390959271963
Wsb1 12.1955534450875 7.16081184072987 6.24895484749563
H2-K1 12.7949568117272 9.10383641498532 8.86048374064153
Tgfbr2 12.4312251246194 7.17363485622129 6.02183681580748
H2-Ab1 8.4512011309411 4.8954879691667 4.77085213194099
Prpf4b 10.2022154854581 6.69241084376941 6.08785694311242
Ceacam1 8.73427463823456 4.36860450281259 4.11635027749293
Mlph 9.52478746573067 5.29491304619373 5.2365911947702
Ptprj 8.50606143624069 4.86414380854298 4.84321314683475
Ncf1 9.01873662127703 5.33090671307382 5.12902642350552
Il13ra1 9.69650941211153 5.33812013907652 5.08934682402245
Adap2 10.4876327911899 5.62987982610584 5.39326813260991
Akr1b10 8.35430474274704 4.52722567091798 4.31561077517886
Lrba 12.293139019726 7.64044774942167 7.44820175287557
Pld1 10.7880824610021 6.29716512000722 6.03060203063504
Suv420h1 9.74201990299736 6.38127955357966 6.19068097000114
Ggnbp2 8.88683207954564 5.13784107493441 4.67952191791386
Capn3 10.437566906065 4.74776210292499 4.7402997905223
Rrbp1 12.1135184174842 7.48870652376498 7.10168587783222
Clk1 11.9971319270739 8.12747115832997 7.55670196810148
Glul 11.9439234863599 8.05394742562201 7.42823067890674
Arrb2 11.5161791808491 7.90138863846949 7.63005902961839
Pros1 11.4244912078995 5.8112824912921 5.64716623758378
Rin2 10.1302854085197 5.87058488952078 5.621029114666
Arhgdib 10.7800288131728 6.7653765795094 5.93720816310281
Tifa 10.6649959627868 6.97449134875954 6.2681932819576
Arhgap17 11.0358082941061 5.64323691026758 5.16958819747108
Phgdh 11.0663668828628 7.41836406486553 7.18531173638435
Parp12 9.52345845288495 4.8333142526091 4.70921622071939
Trim47 10.122871565472 5.17228915760297 4.96559467301172
Lgals3 8.71732817427299 5.17781410476631 4.61447224471916
Ddx26b 12.2655895521916 7.38074155306309 6.96958563317655
Slc25a45 10.8783954265567 6.41966808260757 6.31524240412883
Jmjd1c 12.7042728123964 8.06064900276798 8.00442246486644
Mlxip 11.0131464704826 7.62185061179841 6.77726534074013
Sash3 11.2528818012755 5.43781784880552 5.32086097531787
Themis2 9.94919523666928 5.29049472055738 5.28870674325965
Stard8 9.02643397069546 5.14804890310796 4.7303547307453
Mpeg1 13.5339312443488 6.52784628237296 5.82154492328617
Hspa1b 12.7328150924375 8.56351447869203 8.38731319172359
Xist 12.7732517233129 4.3303367008616 4.27234829816744
Cd48 9.99176185857167 4.84861732312307 4.56460969392783
Akna 10.5978331936346 4.9388919626934 4.68414551005565
2810474O19Rik 10.2420219780856 5.82352448257658 5.52740471337107
Sult1a1 9.92143049281146 5.4265623987009 5.19060468001719
Fes 10.5840546362038 6.42073524805726 5.80150116511769
Myo1b 8.42949791093437 5.03314149986328 4.85858989393417
Cep152 9.68353142517718 5.51987115320584 5.33387040176818
Gsap 7.5615053421719 4.04835995790059 3.9824980128277
Diap2 9.90635960665803 5.8203409814919 5.14736871623482
Egr2 11.2144151601674 5.21104380900687 4.17146866584064
Ccrl2 11.4107831106411 5.60025904878948 5.38746896389964
Lcn2 11.7182561949748 7.36022845490524 4.22944485974592
Hbb-b2 7.86146929235822 4.35759244971605 4.15804126983811
Myo1g 9.04216166021584 4.98549126820692 4.84988091935995
Tmem173 11.1696407087511 6.25016864017717 5.96731887743254
BC028528 9.01173787915138 5.17959327038451 4.87150585122643
AF251705 12.0057126252299 6.93659960220153 6.63348339370371
Arap1 9.17388595229217 5.56844907001705 5.36182577158089
Hmha1 10.4487011332694 5.98080975974798 5.56970865107808
Rreb1 9.66195512280759 5.10290948401324 4.97755189263338
Gmip 10.2055870255081 5.87177376585707 5.73196364116529
Nckap1l 11.1526856630168 5.23229559956185 5.14501680550556
Abcc3 9.7509259850256 6.3253631114851 4.86554758956559
Rhoh 10.7637079698635 5.13872176281691 4.88098134076652
1700017B05Rik 11.7522974287947 6.01055430851006 5.72064163401143
2810043O03Rik 8.32709215618797 4.32011998146329 3.85703945379637
Gusb 11.4803411718158 6.5134342851904 6.17798095549353
Lair1 10.6612900224916 4.91412876400003 4.68201705644707
P2ry12 12.4385715566921 4.55235618993195 4.48902920581158
Rnf19b 9.65744414029616 6.22778994587456 6.09434503070534
Epb4.1l2 12.5432840929574 6.58697831167751 6.02256734520289
Pld4 12.1700437011819 5.532274789051 5.25611721429203
D15Ertd621e 10.0624486421296 6.44248904515127 6.4223149795583
Lrrfip1 10.7224886700699 6.43335579295378 5.46240919568393
AU020206 9.79768698851007 5.58177424614282 5.52063991104576
Fermt3 11.4207362066657 4.72210244435683 4.44836840142445
AW112010 8.11044475989335 4.7369747746895 4.54702250827716
Tgif2 9.9426138283241 6.12176580058866 5.9001048282652
Ankrd44 11.5679366187782 6.17400645732186 5.27156250674135
Kctd12 12.099676793357 6.84843764258788 6.20594892390412
H2-Aa 11.2644036954394 5.16556544821573 5.10604475502887
Fam105a 11.8820924454901 7.20290935134818 6.88187891433535
Herpud1 12.5116726598182 8.83743446734715 8.31356117377151
2610528A11Rik 7.85521558302243 4.29380613849789 4.28816072347391
Cytip 8.69693750599179 5.35105346039946 5.16878186875896
Cd300a 10.0530239896872 5.50069168103212 4.50605554249158
Tmem71 7.83337212150143 4.38739456848425 4.14724340790083
Wipf1 10.3652831365882 6.85879554488015 6.45648135484109
Lyz1 12.2502412289951 6.44293785470219 6.28693775604809
Clcf1 8.68466038510135 3.82414130599823 3.77910457077782
Hmgb2 9.04290768492065 5.61397022729063 4.9963299142159
Zfp36l2 12.4004422821899 6.34791540755361 6.01339978640292
Il10ra 11.9867649941734 5.25337840926759 4.78280553456075
Hexb 13.9214339669789 10.2441551104681 9.47687055813343
D530037H12Rik 10.4018822600769 4.18206769963778 4.03055309257195
Rbm5 8.25606928937062 4.46252000928697 4.18428612783615
Rab20 9.64744268247702 4.65941875622471 3.93387711123883
Slc9a3r1 10.5341792603602 6.89842713277321 6.84550337570059
Grn 13.6303783372944 8.4065925236527 7.78032138858083
Bach1 11.7684659473826 7.95137820579424 7.889821371624
D9Ertd306e 8.20712585253381 4.0797102396954 3.93621147016148
C79242 8.41316050528701 4.49604341770961 4.38742774284368
Usp24 8.70392300506957 5.20995902214154 5.1865508163284
Fam46c 12.2421510197398 6.37119133241348 5.33610589710881
Pald1 11.0128320429645 6.32963023078113 5.9407473786756
Ifngr1 12.016051864462 7.80706453884206 7.8037478855693
Tcn2 12.1195930224409 6.62332639048799 6.42269567159228
Anxa1 9.64055143138413 4.85462314602903 4.8139360391564
Cmtm3 10.0110497819572 6.09490345350745 5.68171854634496
Ppp1r15a 12.6593601245383 8.02779569058223 7.74643179010959
Lrmp 8.89491220593798 4.45959670326545 4.43415674237264
Olfml3 13.5644607358692 6.52036800488682 6.3506277624843
Pla2g4a 9.55730250855793 5.23562072538683 5.04306820844469
Ncf2 11.109264808914 5.93567628490127 5.73862019581065
Il7r 9.22711297999003 5.00605250598294 4.71185469507998
Ctss 14.1223387589978 8.40033595548761 7.95751588068805
Cd53 12.6270729328698 5.30537841206599 5.2947404419162
Fcgr3 13.3874319809845 6.06499358330163 5.93923007197835
Hps4 12.4456398299555 8.88778750099796 8.49821487742367
Lrp1 11.092810317946 7.49689713066919 7.17686270011485
S100a9 12.2965410503709 5.15555633799984 4.81627052418114
Dusp1 14.1813580097059 10.0608287907032 9.19408642001514
Traf5 9.0214474215703 5.47621146185636 5.47244871773431
Klf2 12.9915058739807 6.05536529571447 5.64865475623369
Fcrls 13.5200887013828 5.83003538774915 5.74157484323319
Trip6 9.31751803635675 5.16393879474011 5.09911085507806
Tlr1 9.55990391864875 4.08398829599497 4.02924927566386
Rhob 13.3993450977518 9.9888864352523 9.90568575412954
Selplg 13.492313873689 6.78386054108362 6.5628562530928
Cd68 12.2825968841945 5.04216579723 4.9391644967986
Gpr65 7.85611733273235 3.88129944267529 3.85133399740287
Csf2rb2 9.46516272602394 4.72031996214815 4.64236691307593
Atf3 13.3007390383143 5.45024956697205 5.04877628726499
C1qc 13.5695399365939 5.66385877977151 5.58998491690631
Chst7 11.0545300964632 7.20507832874601 6.47619250664379
Hck 11.7192724128215 5.17831096233481 5.01773115356798
Casp4 9.17977855891737 4.14068959503956 4.05829233975633
Per1 12.1580724735259 7.86807025989161 7.55658294413769
Ly96 8.98885773803667 5.10715597181981 4.71686514124942
Lag3 9.94342037341401 5.71775893436689 5.41272332362223
Cxcl2 10.9236295592129 4.03226905611537 3.95179344967962
Ltf 11.9771261319803 7.17703129901419 6.5123141386039
Cx3cr1 12.8322911670036 5.80013216141082 5.71626214553899
H2-D1 12.6856010965553 9.24854505938265 8.41587618385613
Stab1 10.7835801182221 5.46891342911746 5.43494971670008
Evi2a 12.5801879760248 7.1977436155094 6.82390353174833
Il6 8.3523884587654 3.98669119958914 3.76423973145748
Pdgfb 10.6620659529342 6.35401528327082 6.2647290549063
Mrc1 8.47267687587698 4.23132151647837 4.178953922025
Cbl 10.6935557955462 6.78212234891904 6.7707571297066
Cd33 8.91751905662005 5.18675657713252 4.95148077667006
Itgb2 11.8281947861841 4.78950861011455 4.70795975981282
Psmb9 9.49408509768935 5.99174294881896 5.96418160225179
Adamts1 11.3973807177838 6.42069103039366 5.07485720340753
Ang 8.67340897437916 4.14895865849894 4.01573064638078
Sh2b2 9.32069277757714 4.73771752198105 4.58586884584432
Tyrobp 12.9035612805634 5.96119906106494 5.45516109149311
Slc29a3 11.6835560124248 7.34662224696672 6.41442235436894
Pbxip1 10.3716503756831 6.70401748309507 6.15251339673353
Emr1 12.777781853873 6.53248537127524 6.13867886441511
Nrros 12.3519497751025 6.0218411657704 5.52417749210036
Fus 10.7051445337461 7.24749411546154 6.89691161241981
Tmem119 13.699678559052 6.02568115005814 5.8698413313404
Pnpla7 10.5843197435089 5.49271395283544 5.4641975153223
1810011O10Rik 8.37120216738482 4.78366406203974 4.42525941689531
Slc46a3 9.85031592896195 6.39464824704859 6.0354042625991
Parp14 9.10437062254361 5.24232056438218 5.17344852902121
Havcr2 10.710530075929 4.35116624969954 4.31025333417522
Alas2 9.97256535353661 4.9754684773346 4.66963235967625
Cmtm7 10.4036329494645 5.27767884498751 4.9699582685473
Mafb 10.9849900615298 6.3808625741696 5.7498207522229
Apobec1 9.7227717478305 5.70583276030657 5.02648657610533
Blnk 11.8079240962002 5.84152744066176 5.78509390485615
Tmcc3 9.16895367720384 5.27397151674471 5.20576542312963
Notch2 11.035203297165 5.98104942434878 5.5681561448709
Vrk2 8.87003271247097 5.09292962662717 4.71917790725776
Alox5ap 12.5749967599795 7.76278549173404 7.67316142186159
Fyb 11.7159427823204 6.21946265753673 6.05575857475815
Sepp1 13.725757445204 10.3932221649741 9.3983135394121
Ctla2b 9.94438247489242 6.18023738911793 4.3846386662497
Hspa1a 11.9245276178108 7.08097341717541 7.03936316241872
Slc37a2 8.79282849614854 5.25566086407404 5.17010884335352
Zfp36 13.4960506681509 6.14538654048577 6.13018317697495
Abhd15 9.92497435981129 4.79221373081619 4.7156499319018
Lmo2 12.1717394598769 8.52961942317987 8.12000745837354
Cyba 11.7749627835735 5.44184524897113 5.36971435238347
Spata13 11.8360921296241 7.56076343525925 6.19795003390206
Wasf2 12.4660305697947 7.29582794099839 6.68863939577042
Ptpn6 11.3292345329635 6.57135747419723 6.2851819885823
4833441D16Rik 9.33372525445037 4.54261952349735 4.51553094786119
Tec 10.1967601761071 6.28819609455713 5.44339477427176
Cd52 8.83934325002235 4.73109921792615 4.68150208052128
Irf5 10.4417221455899 5.86766015521245 5.80499543775503
Wdr81 11.507769957771 7.69912747857827 7.68773483205248
Klrd1 7.52307482814316 4.07911006355581 3.97629239421973
Naip2 10.8151812852359 4.50875758770287 4.40295049502593
Anxa3 12.9131833282778 5.88041418124363 5.44111497176443
