Lpl 11.4473094264083 8.0570871152985 7.43831346152746
Meis2 12.0095700610777 7.6141954120736 4.71966209044129
Itpr1 10.2288587140648 6.65409233390183 6.20225148318158
Icam5 11.1833811688091 7.64822235459862 6.53178409724149
Arpp21 11.0982551179624 7.40065826834102 4.67924307211791
Pde10a 8.95158530504431 5.35011293220956 5.0098601813064
Pard3 9.28412508915693 5.89031186080663 5.38375150713741
Ldb2 9.99389312667036 6.56960752269869 5.61342224219943
Pou3f1 10.8146800214407 6.33016660293534 4.7972397474335
Gpr88 10.9023285540868 7.36979170150546 3.85569751268963
Camkv 11.9127499353465 8.11089309111057 6.28534070233071
Lamp5 10.7853570507999 7.12912512267011 5.40167317316179
Itpka 11.3013560383459 7.37087272841683 4.96218046424553
Ccsap 11.1327553753654 7.38070720463912 6.18783446422971
Baiap2 10.4072340043098 6.87981421318515 5.74997654840478
Rab40b 11.8197909326119 8.28619311448276 4.55347271326116
Hpca 11.0938939989594 7.72660409967373 5.39380067175891
Ppp3ca 12.7177878292005 9.10996041947347 8.75613102696381
Plk2 12.0882543927511 7.95205194616896 7.01825028704925
Kalrn 12.1843799687969 8.34032842221952 4.72314880185512
Kcnab1 12.6927927486276 8.53774782013716 5.79066138253817
Ngef 12.7124126857583 8.61193020848142 5.71295183824819
Bcl11b 11.3168497303404 7.75005688237538 5.15374225206082
Rerg 9.23223720298879 5.47004930764908 4.41714780131537
Ppp1r1b 12.321991617556 8.51698322727595 6.61759625810597
Rarb 10.6732384284933 6.27207909519625 4.71490703761627
Lmo7 10.2311225653161 6.4330765492806 4.782811001762
