Cd24a 12.5610415167067 9.06292371601819 8.69696189885278
Mcam 9.59521154969639 5.9007209328684 5.34093084780546
Htra1 12.5026054865691 8.85573921468958 5.57295149557489
Irx3 10.6067487740216 6.00104247685067 5.30431628070096
Anxa2 11.7022593281692 7.94290989314512 7.6469811863803
Lgals1 13.1040061279892 9.30155054610169 7.79538830013949
Prph 11.3710843180706 7.86690159190804 4.94804710084311
Prss12 10.9632763592632 7.27884054263773 6.36210334242783
Uts2 9.41308063344634 4.83595232304255 4.76907491755446
Slc18a3 11.7152211508049 4.93612963905253 4.77808730408303
Calcb 12.6901914103932 5.87419743739873 4.33522250911655
Sh3bgr 11.6324995356339 6.64732136107478 4.79586293736095
Isl1 10.5877319093866 5.25222571464925 4.74819686683171
Nts 9.91677970845241 6.45431249421912 5.01464804676468
Hspb1 11.76558264524 8.24286990443941 6.66896807237494
Medag 8.91534447061658 5.392475439969 4.28349779238467
Calca 12.0483406782928 7.69097334514037 4.29009674775743
Trhr 8.30812763779678 4.64045610693459 4.02017803761459
Kcnj14 10.6481224632483 5.40713746056493 4.64129847365378
Rspo2 9.96617813360072 5.296763749582 4.79065890371325
