Tnfrsf19 13.0316333072025 8.04189032390559 5.68860091988845
Fkbp10 9.15018369515236 5.73756654074754 4.90681316303461
Vcam1 12.454218736085 8.18118631825557 4.10216237569091
Cyr61 10.9258228873572 6.40615938517156 5.09847244518607
Gldc 10.7811469260572 7.05709291475947 4.76922810698914
Glud1 13.0832060992223 9.49817030773545 8.70751222248506
Elovl2 10.7782973876764 5.86256844644973 4.33406430806189
Aldh1a1 12.9338170534945 8.73830553810668 4.75230599541736
Ppic 9.20752966722933 5.22376325717745 4.62160029542188
Lcat 10.3474308327137 6.69473108468637 5.39765055406464
Pdgfrb 9.57291493870681 5.98813433928759 4.04584007865086
Ntsr2 13.5118752881736 9.25483277046887 5.53528029183511
F3 12.1168093211607 7.94459599306519 4.61906511865314
Tspan7 12.1295213488184 8.51479774581137 6.74442668763496
Slc15a2 12.8938321412174 8.84529439707958 5.65905212142195
Prodh 11.6108518493642 7.39258748478836 6.18302050251111
Wwtr1 11.3275961255069 7.17577006760492 5.00062706384845
Gpld1 11.5222344542094 8.11515641407916 5.30772290056436
Entpd2 10.9163997066509 7.56076109099577 5.95452714229846
Fzd2 10.8916019912952 7.06789011498791 5.7142712851975
Osmr 8.0857621072813 4.47769986360329 4.06303564729616
Ptprz1 12.2933065258588 8.50109722579367 5.79323210780622
Slc38a3 12.0040531900695 7.65499615872549 6.64726344868143
Dio2 13.7341008084784 8.53206543736025 5.46436298120136
Fads2 11.6282776265158 7.73579830938026 5.78480148620385
Cyp2d22 10.5425608002774 6.25425248100745 5.22990949532343
Dtna 11.1287515959497 7.71338502652473 3.73825009510347
Cyp4f14 10.5023567086432 5.78369330670672 4.87351513954973
Tmem47 10.9917600140943 6.53470175054636 4.60544189527875
Cyp7b1 10.9878600340812 7.56272611178247 4.54851527851229
Slc7a10 12.0718096070767 7.12155194553539 6.03905199026398
Myo6 11.3519013423322 7.87225276083284 5.54938284862921
Chrdl1 8.78283295936285 5.15514082976066 4.53386536569946
Fxyd1 11.5552066269865 8.12030630333995 6.69961596620637
Hapln1 9.11130905698665 5.07545821534445 3.89384442984399
Fgfr3 12.9648030984158 8.43139712886526 6.42794347735991
Papss2 9.41655798417144 6.02840169112044 4.66913997090914
Phkg1 9.24273144835612 5.03317498673696 4.09914277107183
Acsbg1 12.5389336771037 7.59567342352372 5.49849417393166
Tgfb2 9.61572771897504 6.05325375410131 4.71983204286992
Slco1c1 12.9587098344725 7.24155263899532 5.09921477771187
S1pr1 12.8693261500675 8.42396300333168 6.98231188226948
Axl 10.3569604041579 6.05994347417593 5.44568443645006
Cbs 10.9205410485922 7.07071593032049 5.59911345633735
Ccdc80 12.3599763514893 8.02877795793255 6.11342994066183
Adhfe1 10.9621131233645 7.21300557973785 4.61907404095361
Aldh1l1 11.812561937682 7.66293636127497 5.06573469561095
Emp2 11.6041780116298 6.89083973103374 6.12501716738291
Aqp4 13.3296109296942 9.05619604928238 4.56503333171948
Col4a5 8.44758814058151 4.23984051688742 3.78651824181333
Amot 11.6143184313355 7.73573263568013 5.49603881746243
Cldn10 11.4085895817145 6.91524425623086 5.32029090755224
Cth 10.6701655083409 6.16646169303236 4.63959207135585
Slc1a3 13.1405042924359 7.88743489253179 4.57726367611502
Tlcd1 11.8210560512297 7.79648821826628 5.75304454834617
Nhsl1 10.0253893586657 6.57468115336666 4.79138498588263
Scara3 11.6022831231921 8.18525003298373 4.6591139148873
Ttpa 10.310550099587 6.14130174448802 4.64074191108522
Atp1a2 12.7792716364253 8.95819708355496 4.56152460129007
Slc14a1 9.98375562492513 5.53361466371615 4.24426753459402
Btbd17 9.3428939440885 5.66569135494182 4.6146619854466
Tril 12.5210684499103 8.64134098935781 5.16422119701935
Itih5 11.6824919770213 7.26541901060322 5.88001533148627
Pla2g7 13.0027729657756 8.02886738134902 5.80659549350805
Cd38 10.6824319489575 6.2087471434466 5.1460017112433
Lrig1 10.7083643476796 6.82021178447555 4.45486868808381
AI464131 10.8068925681277 6.00401214793256 4.04083004776513
Mlc1 12.8557599857415 7.64657783363585 4.42370448235774
Gjb6 12.1962668674704 7.76950052980818 4.76532291520519
Heph 8.17639488653725 4.4333444106811 3.85559856102256
Grin2c 11.0892847663707 6.18921695544279 5.24953415910839
Cyp4f15 10.9971851636793 6.04618316238314 5.16604878986504
Slc1a2 11.9350689185531 6.82933822184567 5.46310557072158
Igfbp2 11.4024775328471 7.34421604957023 5.37029786057682
