BP	Cont	SCZ
NTRK2	0.150201479869307	0.135875641356071	0.153172249041698
SLC1A3	0.147833327294603	0.135569422439337	0.153155890170994
AGT	0.149054298619312	0.135280912797443	0.148927337074672
PPAP2B	0.146496055988691	0.136155105952929	0.146543429818892
SOX9	0.147538706823093	0.135574474068549	0.145815627234089
NOTCH2	0.144199275694256	0.13536118364507	0.147546009841287
ATP1A2	0.140071947945849	0.135157040543338	0.147853994001845
FXYD1	0.144900250933049	0.127567412157569	0.145429657482842
TRIL	0.143570449204056	0.13520397633776	0.13528019870824
NTSR2	0.146106684023748	0.123903578240291	0.143670061120024
FGFR3	0.140010720557488	0.131085766991879	0.142554816630714
AXL	0.142587929202199	0.123554879697057	0.145868302524379
MLC1	0.134627612513323	0.133057146658128	0.143926841866141
ACSBG1	0.138385207859456	0.134945842758908	0.137442168394478
PAX6	0.136681484369241	0.128877841108346	0.141477126292556
LRP4	0.135179021694728	0.131950440655726	0.139478431573295
PPP1R3C	0.138557271178071	0.130844310685599	0.135740064601742
CLDN10	0.136346305529295	0.130219318362518	0.138075675082768
SDC4	0.125276110139601	0.13158813044716	0.13621037002955
TTYH1	0.13662723928838	0.123066942902843	0.132713325598399
AQP4	0.134135989602973	0.127197405097271	0.131043958329447
MYO10	0.12384007022961	0.131951550837913	0.134456317268616
ACAA2	0.133020974765409	0.113873949146618	0.142991672193574
EPHX1	0.134983567395997	0.124377323870508	0.129492922364519
ELOVL2	0.136613551413046	0.127865401522356	0.123981713116341
SELENBP1	0.118960027477877	0.131733523159248	0.137247893123056
ALDH1L1	0.122445136499674	0.133429762215213	0.131677485056903
GRIN2C	0.130783151495104	0.126614399918202	0.129889012435824
PRDX6	0.116811916831745	0.130431503709008	0.13635692000991
TRPS1	0.126720014726746	0.122064425457265	0.130066130566763
SLC1A4	0.125898802883677	0.127030893920494	0.122898437801843
SLCO1C1	0.12401323529778	0.131589988856769	0.112113095455672
GLUD1	0.111245023515408	0.128148299087057	0.127379288041836
GPR56	0.140645027123535	0.128720745550283	0.0958631703736383
TMEM47	0.132522647365056	0.123016297469505	0.109063865000836
S1PR1	0.132801093041746	0.1183876172944	0.111513536385184
SLC15A2	0.121176379845614	0.122353323923478	0.118119898550297
PRODH	0.120145505421086	0.110511853260512	0.130653462596017
LRIG1	0.121082257852572	0.12753236445658	0.110685067932841
SLC1A2	0.126802797806947	0.119867713791116	0.111781123466397
PTPRZ1	0.111856184137016	0.118259748272367	0.125165340245162
SLC9A3R1	0.1080450919993	0.120208890773365	0.116074871254787
F3	0.116358245275836	0.130178746263817	0.0970075972510353
PDLIM5	0.0977263858646905	0.117327243748982	0.128212886139201
ATP1B2	0.104580305236751	0.123936899686764	0.113807982424908
TIMP3	0.091657139299544	0.110639605149525	0.122919678974129
NDRG2	0.105843241726357	0.0974938074530798	0.120630946296242
ALDH6A1	0.089286903680626	0.115294831708411	0.114892246926578
SLC7A10	0.114250924778258	0.0984996130298849	0.0993134330324533
NDP	0.0995725473069555	0.109715297845473	0.102176794183994
LHX2	0.0778745537992984	0.121617265071209	0.104734295850845
FADS2	0.078216363815786	0.118795354391454	0.104005717999718
PTCH1	0.0629022750804817	0.125307914020528	0.111157564579291
MYO6	0.0755679043527525	0.108570713958699	0.0979960186404895
ZFP36L2	0.105197580504436	0.105979338417492	0.0663785323016147
CBS	0.0752981778782394	0.0929254534489629	0.106252230512812
NOTCH1	0.0960730349454832	0.103161586775449	0.0751318100753843
SCARA3	0.104591089885703	0.09763681643236	0.067935021501333
IGFBP5	0.0823520028354282	0.0905215058710951	0.0954774223796495
BCAN	0.0939689178732072	0.0787755386348003	0.093569993193527
DTNA	0.0866211902919155	0.106348077872151	0.0665033009824449
DIO2	0.103999019483179	0.113266258665955	0.0398970805008011
C2orf72	0.0774953139606655	0.0717474442459204	0.0917560685277761
EMP2	0.100918229007038	0.0533620902274854	0.0706528688400926
SREBF1	0.08475441760788	0.0948418631719805	0.0399064054688945
KCTD5	0.0391689897604607	0.0926357654528661	0.0586587464213276
PDGFRB	0.0941591527634571	0.041705031900097	0.0451690261463947
SLC38A3	0.0970286802064133	0.0338513493221231	0.0471102829665924
DMD	0.0262552597709894	0.0661486633977802	0.080219919390549
MSMO1	0.0718648385288166	0.0748410975958082	0.0186179917292483
SSFA2	0.0179961647241567	0.0635913263469485	0.074381772716321
COL4A5	0.0470871687106928	0.0616811445520273	0.0340866298412517
GSTM5	0.0392946805107743	0.0445660612106399	0.0532414133310907
TSPAN7	0.00776060628104399	0.041829399774362	0.0688075862074788
LMCD1	0.0714994446344268	0.0356801364807979	0.00938966826784817
CYR61	-0.00925908097210673	0.0597566544624758	0.052488040469753
GLDC	0.0346328613400318	0.0284304099074849	0.0250418830872855
SLC12A4	0.0161856315755754	0.0326011844048996	0.0294691347486809
MFGE8	0.0510258236082853	0.01109530438927	0.0154211087974451
PYGB	0.00978461651926574	0.0251404537420605	0.0278647866581408
KIF1C	0.032624678258064	-0.0208129095016388	0.049344725544188
MICAL1	0.0507543859239284	0.00989791808839022	-0.0204076159690162
ITIH5	0.0587633404253695	-0.0159482693202239	-0.00411605118445052
HSD11B1	0.0139969323247969	0.0350969838142355	-0.0186410644895496
SMO	0.0017663796987304	-0.017485286412051	0.0417051144699179
VCL	-0.0130905749520889	-0.00838407003267949	0.0233861999704262
KLF15	-0.0172088128855128	0.0214220996391325	-0.00383194009744886
CYP4F12	0.0384937694267646	-0.0443459500921069	-0.0137675338954532
MMP14	0.0375872370245493	-0.03645351355007	-0.0253171948877309
ACSL6	-0.0071784196744823	-0.018682384151376	-0.000956391736331825
IGFBP2	-0.0588135110705469	-0.0859641356616472	-0.0196418782114362
