BP	Cont	SCZ
MLPH	0.291200173333996	0.294996681524352	0.368230502776301
STAB1	0.280623416883876	0.313850194585982	0.284810069307061
OLFML3	0.333841266767804	0.302893823435245	0.227639749755001
LAIR1	0.18888644639372	0.335819569993021	0.325093310164264
ENTPD1	0.295063884568331	0.27073379955372	0.258904134865629
CCR5	0.181592288425368	0.234580347041271	0.375051441076819
CCL13	0.201120874550381	0.22011566056835	0.322143608422442
CX3CR1	0.345561012410429	0.235646634166369	0.0949030119863224
CSF1R	0.254671255410565	0.263492204456089	0.0481923257020102
PDGFB	0.096150385265964	0.263031877130618	0.129507951382065
TGFBR2	0.266480805113214	0.0691615273423884	0.0586622135819466
ICAM1	-0.121656265891525	0.0286673604240872	0.121953294360556
CD14	-0.0260078527249434	0.238655821877825	-0.230991271138454
LGMN	-0.0493137269840678	-0.197103962426463	-0.0819546522580046
HEXB	-0.115674873074431	-0.0635124605461583	-0.253100520032166
PPP1R15A	-0.212045903494331	-0.136545918537207	-0.151385054406664
GOLM1	-0.0576645949318534	-0.197516987426972	-0.279720777757854
ATF3	-0.296721853019893	-0.148163512690124	-0.149202596834397
HSPA1A	-0.3109474758128	-0.232338043503798	-0.142623086750723
