Fabp3 11.58473952985 7.75767661910068 5.69011531883488
S100a10 12.2253601729928 7.39352432312227 6.88197430872462
Cyb561 10.8663742186816 7.30570032000179 6.62458328649542
Trpc3 9.76560051583959 5.92880036761216 5.39893683351799
Sncg 11.2062776006754 4.72846786992501 4.67647573284155
Resp18 11.6981111356138 6.61104418499131 4.5459271669421
Nrip3 11.7333853282446 7.58559994562893 5.79790533613638
Lin7b 11.2212902614414 7.64715632046269 4.98288748540114
Tesc 12.5869520282485 8.89634273672075 6.11327522998548
Ccdc109b 9.66959971369583 5.52325658544028 4.88740642370902
Gdnf 8.86421513704172 4.75710180840042 4.69289999949275
Gbx2 7.84966975299982 4.25853843804016 4.1422636407642
Doc2b 10.6029226390129 6.17935638176421 5.17715697852443
Sln 8.91107731439576 5.02071330487781 4.81935496762035
Elavl2 12.2260863924056 7.85079670615831 4.1285820834763
Slc18a3 10.6588940394266 4.82346170316656 4.61132851045483
Lhx6 9.62174922125068 5.90787039957157 5.16668226921691
Rab3b 10.3706431258645 6.67115262628536 5.60511933871419
Ecel1 10.9569015665322 6.18691204193959 6.12013360954466
Ache 11.1282384433668 6.41937575478635 5.51492128297947
Isl1 11.8957100488022 5.06048491264737 4.65608760138617
Cartpt 10.0259307055442 5.64768115543302 4.99060717831556
Stmn2 11.2060339240039 6.47683625914754 4.36831138373712
Zic1 11.7899560604284 7.37501421684937 4.89175235597291
Gap43 12.6045934528261 8.36441776427836 5.49995186618478
Cgref1 10.779408262967 7.03680879691129 5.98086775812956
Olfm3 10.5951888591248 7.08259940079395 4.95145675160302
Serpinb1b 9.80190745969487 5.29362967740543 4.61766835897156
Lhx8 12.4196365375351 4.71113368411652 4.22450195189053
Rasd2 12.3340656789765 8.71740569809556 6.56669335035953
Tacr3 9.15259918953349 4.94260208219256 4.45238551544601
Crabp1 9.21975216097168 4.88675282856304 4.12559753426383
Gpx3 10.9607606750803 6.91940262986285 6.71249625685809
Fkbp1b 12.1925784435369 7.93914540105932 6.46570466543837
Crabp2 9.04616188482358 5.3967629550598 5.2615598246664
Gal 9.36247311068941 5.4572236381668 5.25252946338638
