Golm1 13.1709345745481 9.90316610357845 3.77617642668951
Mrpl52 8.75688181591619 9.90316610357845 3.77617642668951
Dusp6 12.2043335698759 9.90316610357845 3.77617642668951
Junb 11.5780026398467 9.90316610357845 3.77617642668951
Lcp1 11.8463632704423 9.90316610357845 3.77617642668951
Txnip 13.6993914736524 9.90316610357845 3.77617642668951
Cotl1 13.0176014199206 9.90316610357845 3.77617642668951
Klf10 10.1153774463127 9.90316610357845 3.77617642668951
Cd34 10.5911587485583 9.90316610357845 3.77617642668951
Tpst2 11.1246231388186 9.90316610357845 3.77617642668951
Cd83 13.2264749464343 9.90316610357845 3.77617642668951
Fkbp5 11.3757997333897 9.90316610357845 3.77617642668951
Serpinf1 9.41188678958694 9.90316610357845 3.77617642668951
Sipa1 11.1257432146877 9.90316610357845 3.77617642668951
Rpl37a 11.1355259013217 9.90316610357845 3.77617642668951
Coro1a 12.6004028717715 9.90316610357845 3.77617642668951
Ets2 10.8279407472273 9.90316610357845 3.77617642668951
Tnfaip2 9.08145533726492 9.90316610357845 3.77617642668951
Tubb6 9.94309885815544 9.90316610357845 3.77617642668951
Ier2 13.4150634942812 9.90316610357845 3.77617642668951
Nr4a1 12.1604408921049 9.90316610357845 3.77617642668951
4632428N05Rik 12.9592128362635 9.90316610357845 3.77617642668951
Spint1 10.3415667614487 9.90316610357845 3.77617642668951
Slc2a5 10.7506339487812 9.90316610357845 3.77617642668951
Afp 8.20241684612463 9.90316610357845 3.77617642668951
Irf8 12.5606886061131 9.90316610357845 3.77617642668951
Dnajb1 11.4072973894197 9.90316610357845 3.77617642668951
Tbxas1 9.77227819439976 9.90316610357845 3.77617642668951
Slc39a8 8.3702572354114 9.90316610357845 3.77617642668951
Parvg 10.3224146114506 9.90316610357845 3.77617642668951
Rgs10 13.3912666623373 9.90316610357845 3.77617642668951
Rps6ka1 12.439882687873 9.90316610357845 3.77617642668951
Trpv2 10.5912774798385 9.90316610357845 3.77617642668951
Sirpa 12.4962163654576 9.90316610357845 3.77617642668951
Mfng 10.1100884876208 9.90316610357845 3.77617642668951
Bid 9.46870042456916 9.90316610357845 3.77617642668951
Slc40a1 11.6365802495677 9.90316610357845 3.77617642668951
C1qb 13.3846079047961 9.90316610357845 3.77617642668951
Syngr2 11.4559121689701 9.90316610357845 3.77617642668951
Rpl22l1 11.3719371022214 9.90316610357845 3.77617642668951
Plekho1 10.6038456884602 9.90316610357845 3.77617642668951
Ccl6 10.223717633042 9.90316610357845 3.77617642668951
Cd14 13.3052539164274 9.90316610357845 3.77617642668951
Pycard 11.8185468367102 9.90316610357845 3.77617642668951
Il16 10.7022595486227 9.90316610357845 3.77617642668951
Slc7a7 11.052383619296 9.90316610357845 3.77617642668951
Srgn 13.2509970787582 9.90316610357845 3.77617642668951
Myh9 12.5865032254667 9.90316610357845 3.77617642668951
Nfkbiz 12.6860754101133 9.90316610357845 3.77617642668951
Ctsb 11.5122543783846 9.90316610357845 3.77617642668951
Tgm2 11.7718766956168 9.90316610357845 3.77617642668951
Plek 13.0669588958399 9.90316610357845 3.77617642668951
Itgb5 13.3318370523038 9.90316610357845 3.77617642668951
Eif4ebp1 8.82237668766226 9.90316610357845 3.77617642668951
Rgs1 11.2541972267774 9.90316610357845 3.77617642668951
Camk1 9.85042383776096 9.90316610357845 3.77617642668951
Ier5 13.0591463203827 9.90316610357845 3.77617642668951
Rac2 9.75239695917386 9.90316610357845 3.77617642668951
Cd79b 8.31573716498709 9.90316610357845 3.77617642668951
Snx5 12.5628056055199 9.90316610357845 3.77617642668951
Elk3 10.4901390004177 9.90316610357845 3.77617642668951
Laptm5 13.2497958585741 9.90316610357845 3.77617642668951
Slc25a37 10.6378478547555 9.90316610357845 3.77617642668951
Rgs19 10.139947557409 9.90316610357845 3.77617642668951
Serinc3 10.8737843005988 9.90316610357845 3.77617642668951
D17H6S56E-5 9.99291673904863 9.90316610357845 3.77617642668951
Fcgr1 12.3056772228307 9.90316610357845 3.77617642668951
Slc16a6 11.601886645942 9.90316610357845 3.77617642668951
Slc7a8 10.2500860624308 9.90316610357845 3.77617642668951
Ccl9 11.5606702750711 9.90316610357845 3.77617642668951
Trim30a 9.82440837349698 9.90316610357845 3.77617642668951
B4galt1 11.050190662426 9.90316610357845 3.77617642668951
Tnfrsf1b 11.5849644137814 9.90316610357845 3.77617642668951
Inpp5d 12.5199395399242 9.90316610357845 3.77617642668951
Tlr4 9.52419084436795 9.90316610357845 3.77617642668951
Ptp4a3 10.0928968892893 9.90316610357845 3.77617642668951
Aif1 11.8782125697407 9.90316610357845 3.77617642668951
Syk 11.2305153374971 9.90316610357845 3.77617642668951
Klf6 12.1614928848338 9.90316610357845 3.77617642668951
Mknk2 10.9559680185081 9.90316610357845 3.77617642668951
Crybb1 12.3010895138039 9.90316610357845 3.77617642668951
Fcer1g 12.6409109862305 9.90316610357845 3.77617642668951
Ctsh 12.8519091129382 9.90316610357845 3.77617642668951
Gpsm3 9.66649074936397 9.90316610357845 3.77617642668951
Ncf4 10.7081144474155 9.90316610357845 3.77617642668951
Ggta1 10.3145780373454 9.90316610357845 3.77617642668951
Lcp2 10.3889718130272 9.90316610357845 3.77617642668951
Ngp 12.4329204009581 9.90316610357845 3.77617642668951
Spi1 10.2850028049619 9.90316610357845 3.77617642668951
Atp7a 10.1404314445784 9.90316610357845 3.77617642668951
Csf3r 10.4703586336665 9.90316610357845 3.77617642668951
Ms4a6b 11.1222234312687 9.90316610357845 3.77617642668951
Hcls1 8.83239317939796 9.90316610357845 3.77617642668951
Pabpc1 11.1513836653323 9.90316610357845 3.77617642668951
Cebpb 11.6879517821222 9.90316610357845 3.77617642668951
Cxcl10 9.83264446685726 9.90316610357845 3.77617642668951
Maff 10.2395219098757 9.90316610357845 3.77617642668951
Hlx 8.13967568380746 9.90316610357845 3.77617642668951
Cysltr1 9.33333349087416 9.90316610357845 3.77617642668951
Cebpa 9.88957255483431 9.90316610357845 3.77617642668951
Lyl1 9.97533629065994 9.90316610357845 3.77617642668951
Ptpn18 10.4025712369028 9.90316610357845 3.77617642668951
Tlr2 11.9268402473875 9.90316610357845 3.77617642668951
Serpine1 9.52331793271942 9.90316610357845 3.77617642668951
Mlxipl 10.549742788076 9.90316610357845 3.77617642668951
Cd37 10.9048574016166 9.90316610357845 3.77617642668951
Map3k8 10.2849700718244 9.90316610357845 3.77617642668951
Rgs2 12.8270914592276 9.90316610357845 3.77617642668951
Myd88 10.7278217724093 9.90316610357845 3.77617642668951
Ccl12 10.5112043294489 9.90316610357845 3.77617642668951
Arhgap4 9.36525554969312 9.90316610357845 3.77617642668951
H2-Oa 8.7917936065526 9.90316610357845 3.77617642668951
Pon3 9.20297150005047 9.90316610357845 3.77617642668951
Slamf9 11.1882832385642 9.90316610357845 3.77617642668951
S100a8 13.0395448654869 9.90316610357845 3.77617642668951
Il10rb 10.7116513838826 9.90316610357845 3.77617642668951
C3ar1 11.7072754362155 9.90316610357845 3.77617642668951
Fgd2 12.1304825880125 9.90316610357845 3.77617642668951
Ccl3 13.4953964323281 9.90316610357845 3.77617642668951
Ms4a6d 11.3799791784438 9.90316610357845 3.77617642668951
Tnf 10.0055468588953 9.90316610357845 3.77617642668951
Was 8.0303356973264 9.90316610357845 3.77617642668951
Ier3 13.4963591841383 9.90316610357845 3.77617642668951
Nupr1 9.93831898336817 9.90316610357845 3.77617642668951
Camp 12.113738407204 9.90316610357845 3.77617642668951
Ltc4s 9.78168546230716 9.90316610357845 3.77617642668951
Klk8 10.2464469222101 9.90316610357845 3.77617642668951
Actb 12.5645790625352 9.90316610357845 3.77617642668951
Chil3 11.1159878878753 9.90316610357845 3.77617642668951
Arap3 9.86775374576886 9.90316610357845 3.77617642668951
Tlr7 11.2112407400947 9.90316610357845 3.77617642668951
Hpgd 12.0107499612859 9.90316610357845 3.77617642668951
Rab3il1 10.4710400563943 9.90316610357845 3.77617642668951
Slc11a1 11.4154854568916 9.90316610357845 3.77617642668951
Ccl2 9.49866288250659 9.90316610357845 3.77617642668951
Cd86 11.6419705628058 9.90316610357845 3.77617642668951
Galc 7.85073141952749 9.90316610357845 3.77617642668951
Gpr84 11.5935377294956 9.90316610357845 3.77617642668951
Vamp8 11.9027573726861 9.90316610357845 3.77617642668951
Trim12a 8.5835260320544 9.90316610357845 3.77617642668951
Zfhx3 11.2942984484453 9.90316610357845 3.77617642668951
Slc15a3 11.5219827541908 9.90316610357845 3.77617642668951
Rel 9.30153835661437 9.90316610357845 3.77617642668951
Tsc22d3 11.4721491337919 9.90316610357845 3.77617642668951
Gdi2 8.09982445011505 9.90316610357845 3.77617642668951
Sla 12.3378861062474 9.90316610357845 3.77617642668951
Tgfbr1 13.4953964323281 9.90316610357845 3.77617642668951
Asph 11.1131392793095 9.90316610357845 3.77617642668951
Adcy7 11.9646243532397 9.90316610357845 3.77617642668951
Rbm39 10.4094928984617 9.90316610357845 3.77617642668951
Mef2c 11.5742405985012 9.90316610357845 3.77617642668951
Mrc2 8.85958477054983 9.90316610357845 3.77617642668951
Lgals9 9.80576100376818 9.90316610357845 3.77617642668951
Trem2 11.528689695107 9.90316610357845 3.77617642668951
Cited2 11.544533489924 9.90316610357845 3.77617642668951
Gna15 8.93153578094543 9.90316610357845 3.77617642668951
H2-M3 10.536790243709 9.90316610357845 3.77617642668951
Birc3 10.7521481640029 9.90316610357845 3.77617642668951
Igsf6 8.68495551282954 9.90316610357845 3.77617642668951
Samsn1 8.95535277925432 9.90316610357845 3.77617642668951
Il1a 10.5450729398403 9.90316610357845 3.77617642668951
Hpgds 9.14123713383759 9.90316610357845 3.77617642668951
Naip5 11.1347547074536 9.90316610357845 3.77617642668951
Ccl4 12.7516225784521 9.90316610357845 3.77617642668951
Stat6 10.5031698578152 9.90316610357845 3.77617642668951
Dapp1 10.626591308075 9.90316610357845 3.77617642668951
Clec4a2 10.1190075949126 9.90316610357845 3.77617642668951
Fli1 10.0832277034328 9.90316610357845 3.77617642668951
Ets1 9.75745818736726 9.90316610357845 3.77617642668951
Itgam 7.64683147867138 9.90316610357845 3.77617642668951
Ptprc 12.4215732421658 9.90316610357845 3.77617642668951
Fosb 11.9818678393755 9.90316610357845 3.77617642668951
Ccr5 11.7087776692335 9.90316610357845 3.77617642668951
Il6ra 12.6405285425734 9.90316610357845 3.77617642668951
Pla2g15 12.3512186582331 9.90316610357845 3.77617642668951
Ifi30 11.4062018650154 9.90316610357845 3.77617642668951
H2-DMa 11.3395300052483 9.90316610357845 3.77617642668951
Gpr34 12.142699851518 9.90316610357845 3.77617642668951
Rrad 10.0026571297703 9.90316610357845 3.77617642668951
Rnase4 13.0771643703574 9.90316610357845 3.77617642668951
Hk2 12.3164140648536 9.90316610357845 3.77617642668951
Rassf5 12.1314858616268 9.90316610357845 3.77617642668951
Hfe 11.3196450739578 9.90316610357845 3.77617642668951
Pik3cg 10.1537853547168 9.90316610357845 3.77617642668951
Tnfrsf21 10.7597061879688 9.90316610357845 3.77617642668951
Prkcd 11.3607793398998 9.90316610357845 3.77617642668951
Mertk 13.0985151577591 9.90316610357845 3.77617642668951
Cd84 9.96224237530016 9.90316610357845 3.77617642668951
Ly86 13.8305038298173 9.90316610357845 3.77617642668951
Vav1 10.4997459843954 9.90316610357845 3.77617642668951
Pik3cd 8.99966364024255 9.90316610357845 3.77617642668951
Cfh 10.8438396260437 9.90316610357845 3.77617642668951
Tnfrsf13b 9.66545251361214 9.90316610357845 3.77617642668951
Cebpd 10.5744174492867 9.90316610357845 3.77617642668951
Hhex 10.060418644213 9.90316610357845 3.77617642668951
Entpd1 9.58873000960094 9.90316610357845 3.77617642668951
Ptgs1 12.1626150793908 9.90316610357845 3.77617642668951
Adrb1 10.5218876655346 9.90316610357845 3.77617642668951
Frrs1 10.6966078261321 9.90316610357845 3.77617642668951
Csk 9.42267056710508 9.90316610357845 3.77617642668951
Lyz2 12.5660138290276 9.90316610357845 3.77617642668951
Mgat1 11.5154477989229 9.90316610357845 3.77617642668951
Ctc1 11.7422487728519 9.90316610357845 3.77617642668951
Pdk1 10.616493115329 9.90316610357845 3.77617642668951
Unc93b1 11.3066168079527 9.90316610357845 3.77617642668951
Hvcn1 10.2856187487951 9.90316610357845 3.77617642668951
Edem1 10.5644676490564 9.90316610357845 3.77617642668951
Icam1 12.144222640413 9.90316610357845 3.77617642668951
Ptbp3 11.2952745829932 9.90316610357845 3.77617642668951
Rcsd1 12.3223507478265 9.90316610357845 3.77617642668951
Tmem140 8.46080936763924 9.90316610357845 3.77617642668951
0610040J01Rik 10.8106638816197 9.90316610357845 3.77617642668951
Tm6sf1 11.273380881778 9.90316610357845 3.77617642668951
Cd177 8.01898297885642 9.90316610357845 3.77617642668951
Casp8 9.83591177234681 9.90316610357845 3.77617642668951
F11r 12.1638127271072 9.90316610357845 3.77617642668951
Tor4a 10.4213155961976 9.90316610357845 3.77617642668951
Trim34a 8.69868770830196 9.90316610357845 3.77617642668951
Plxdc1 10.9642741564864 9.90316610357845 3.77617642668951
Glipr1 8.88148604367629 9.90316610357845 3.77617642668951
Lpxn 10.730982217212 9.90316610357845 3.77617642668951
Siglec5 8.337886172674 9.90316610357845 3.77617642668951
Fcrl1 9.27554865404005 9.90316610357845 3.77617642668951
P2ry6 11.5909433501351 9.90316610357845 3.77617642668951
Ighm 11.6041085325057 9.90316610357845 3.77617642668951
Rab43 9.90353354771866 9.90316610357845 3.77617642668951
Tgfbr2 12.4312251246194 9.90316610357845 3.77617642668951
Mlph 9.52478746573067 9.90316610357845 3.77617642668951
Ncf1 9.01873662127703 9.90316610357845 3.77617642668951
Il13ra1 9.69650941211153 9.90316610357845 3.77617642668951
Adap2 10.4876327911899 9.90316610357845 3.77617642668951
Lrba 12.293139019726 9.90316610357845 3.77617642668951
Capn3 10.437566906065 9.90316610357845 3.77617642668951
Btg1 12.8272407508816 9.90316610357845 3.77617642668951
Vwa5a 10.3690918760756 9.90316610357845 3.77617642668951
Arrb2 11.5161791808491 9.90316610357845 3.77617642668951
Pros1 11.4244912078995 9.90316610357845 3.77617642668951
Snx20 9.44398648759649 9.90316610357845 3.77617642668951
Rin2 10.1302854085197 9.90316610357845 3.77617642668951
Plcl2 12.1252063601465 9.90316610357845 3.77617642668951
Arhgdib 10.7800288131728 9.90316610357845 3.77617642668951
Rnasel 8.44553447587019 9.90316610357845 3.77617642668951
Arhgap17 11.0358082941061 9.90316610357845 3.77617642668951
Trim47 10.122871565472 9.90316610357845 3.77617642668951
Plcg2 11.2395812321787 9.90316610357845 3.77617642668951
Rps9 12.5526443081372 9.90316610357845 3.77617642668951
Mlxip 11.0131464704826 9.90316610357845 3.77617642668951
Sash3 11.2528818012755 9.90316610357845 3.77617642668951
Themis2 9.94919523666928 9.90316610357845 3.77617642668951
Mpeg1 13.5339312443488 9.90316610357845 3.77617642668951
Xist 12.7732517233129 9.90316610357845 3.77617642668951
Cd48 9.99176185857167 9.90316610357845 3.77617642668951
Akna 10.5978331936346 9.90316610357845 3.77617642668951
Sult1a1 9.92143049281146 9.90316610357845 3.77617642668951
Fes 10.5840546362038 9.90316610357845 3.77617642668951
Cep152 9.68353142517718 9.90316610357845 3.77617642668951
B2m 13.2088860971046 9.90316610357845 3.77617642668951
Ccrl2 11.4107831106411 9.90316610357845 3.77617642668951
Lcn2 11.7182561949748 9.90316610357845 3.77617642668951
Gimap6 8.28896486111756 9.90316610357845 3.77617642668951
Myo1g 9.04216166021584 9.90316610357845 3.77617642668951
Tmem173 11.1696407087511 9.90316610357845 3.77617642668951
BC028528 9.01173787915138 9.90316610357845 3.77617642668951
AF251705 12.0057126252299 9.90316610357845 3.77617642668951
Acsl5 10.8519435402484 9.90316610357845 3.77617642668951
Hmha1 10.4487011332694 9.90316610357845 3.77617642668951
Gmip 10.2055870255081 9.90316610357845 3.77617642668951
Nckap1l 11.1526856630168 9.90316610357845 3.77617642668951
Abcc3 9.7509259850256 9.90316610357845 3.77617642668951
Limd2 12.8057984632912 9.90316610357845 3.77617642668951
Rhoh 10.7637079698635 9.90316610357845 3.77617642668951
1700017B05Rik 11.7522974287947 9.90316610357845 3.77617642668951
Srgap2 11.7585843286276 9.90316610357845 3.77617642668951
Gusb 11.4803411718158 9.90316610357845 3.77617642668951
Lair1 10.6612900224916 9.90316610357845 3.77617642668951
Twf2 10.9336973935694 9.90316610357845 3.77617642668951
Tbpl1 11.5880190560378 9.90316610357845 3.77617642668951
P2ry12 12.4385715566921 9.90316610357845 3.77617642668951
Nfkbie 8.36904693020926 9.90316610357845 3.77617642668951
Rnf19b 9.65744414029616 9.90316610357845 3.77617642668951
Ypel5 10.1376253861012 9.90316610357845 3.77617642668951
Pld4 12.1700437011819 9.90316610357845 3.77617642668951
D15Ertd621e 10.0624486421296 9.90316610357845 3.77617642668951
Fermt3 11.4207362066657 9.90316610357845 3.77617642668951
Znrf2 10.0659626701785 9.90316610357845 3.77617642668951
Plk3 11.036823711972 9.90316610357845 3.77617642668951
Ptk2b 9.02358194444095 9.90316610357845 3.77617642668951
Kctd12 12.099676793357 9.90316610357845 3.77617642668951
H2-Aa 11.2644036954394 9.90316610357845 3.77617642668951
Fam105a 11.8820924454901 9.90316610357845 3.77617642668951
Rap1b 10.5897063292161 9.90316610357845 3.77617642668951
Herpud1 12.5116726598182 9.90316610357845 3.77617642668951
Cd300a 10.0530239896872 9.90316610357845 3.77617642668951
Clcf1 8.68466038510135 9.90316610357845 3.77617642668951
Lrrk1 9.1635528470806 9.90316610357845 3.77617642668951
Il10ra 11.9867649941734 9.90316610357845 3.77617642668951
Rab20 9.64744268247702 9.90316610357845 3.77617642668951
Grn 13.6303783372944 9.90316610357845 3.77617642668951
Ifitm6 9.1396048659572 9.90316610357845 3.77617642668951
Fam46c 12.2421510197398 9.90316610357845 3.77617642668951
Pald1 11.0128320429645 9.90316610357845 3.77617642668951
Ifngr1 12.016051864462 9.90316610357845 3.77617642668951
Tcn2 12.1195930224409 9.90316610357845 3.77617642668951
Tspan4 10.5961076445175 9.90316610357845 3.77617642668951
Ppp1r15a 12.6593601245383 9.90316610357845 3.77617642668951
Lrmp 8.89491220593798 9.90316610357845 3.77617642668951
Olfml3 13.5644607358692 9.90316610357845 3.77617642668951
Ncf2 11.109264808914 9.90316610357845 3.77617642668951
Il7r 9.22711297999003 9.90316610357845 3.77617642668951
Cd53 12.6270729328698 9.90316610357845 3.77617642668951
Fcgr3 13.3874319809845 9.90316610357845 3.77617642668951
Hps4 12.4456398299555 9.90316610357845 3.77617642668951
S100a9 12.2965410503709 9.90316610357845 3.77617642668951
Hp 8.70328719633713 9.90316610357845 3.77617642668951
Lgmn 13.4068999504885 9.90316610357845 3.77617642668951
Klf2 12.9915058739807 9.90316610357845 3.77617642668951
Fcrls 13.5200887013828 9.90316610357845 3.77617642668951
Tlr1 9.55990391864875 9.90316610357845 3.77617642668951
Zfp90 9.89278120178404 9.90316610357845 3.77617642668951
Selplg 13.492313873689 9.90316610357845 3.77617642668951
Cd68 12.2825968841945 9.90316610357845 3.77617642668951
Gpr65 7.85611733273235 9.90316610357845 3.77617642668951
Ebi3 9.38512048892932 9.90316610357845 3.77617642668951
Csf2rb2 9.46516272602394 9.90316610357845 3.77617642668951
Atf3 13.3007390383143 9.90316610357845 3.77617642668951
C1qc 13.5695399365939 9.90316610357845 3.77617642668951
Chst7 11.0545300964632 9.90316610357845 3.77617642668951
Hck 11.7192724128215 9.90316610357845 3.77617642668951
Casp4 9.17977855891737 9.90316610357845 3.77617642668951
Ly96 8.98885773803667 9.90316610357845 3.77617642668951
Lag3 9.94342037341401 9.90316610357845 3.77617642668951
Ltf 11.9771261319803 9.90316610357845 3.77617642668951
Cx3cr1 12.8322911670036 9.90316610357845 3.77617642668951
Stab1 10.7835801182221 9.90316610357845 3.77617642668951
Ptger3 7.74890432623238 9.90316610357845 3.77617642668951
Pdgfb 10.6620659529342 9.90316610357845 3.77617642668951
Smap2 11.0753111415981 9.90316610357845 3.77617642668951
Itgb2 11.8281947861841 9.90316610357845 3.77617642668951
Ang 8.67340897437916 9.90316610357845 3.77617642668951
Sh2b2 9.32069277757714 9.90316610357845 3.77617642668951
Tyrobp 12.9035612805634 9.90316610357845 3.77617642668951
Ptplad2 9.63817330010533 9.90316610357845 3.77617642668951
Vasp 10.5290974508756 9.90316610357845 3.77617642668951
Emr1 12.777781853873 9.90316610357845 3.77617642668951
Nrros 12.3519497751025 9.90316610357845 3.77617642668951
Tmem119 13.699678559052 9.90316610357845 3.77617642668951
1810011O10Rik 8.37120216738482 9.90316610357845 3.77617642668951
Slc46a3 9.85031592896195 9.90316610357845 3.77617642668951
Havcr2 10.710530075929 9.90316610357845 3.77617642668951
Alas2 9.97256535353661 9.90316610357845 3.77617642668951
Cmtm7 10.4036329494645 9.90316610357845 3.77617642668951
Mafb 10.9849900615298 9.90316610357845 3.77617642668951
Blnk 11.8079240962002 9.90316610357845 3.77617642668951
Tmcc3 9.16895367720384 9.90316610357845 3.77617642668951
Daglb 9.94097644340737 9.90316610357845 3.77617642668951
Alox5ap 12.5749967599795 9.90316610357845 3.77617642668951
Fyb 11.7159427823204 9.90316610357845 3.77617642668951
Ctla2b 9.94438247489242 9.90316610357845 3.77617642668951
Ccdc86 9.53354211585671 9.90316610357845 3.77617642668951
Slc37a2 8.79282849614854 9.90316610357845 3.77617642668951
Zfp36 13.4960506681509 9.90316610357845 3.77617642668951
Abhd15 9.92497435981129 9.90316610357845 3.77617642668951
Lmo2 12.1717394598769 9.90316610357845 3.77617642668951
Cyba 11.7749627835735 9.90316610357845 3.77617642668951
Spata13 11.8360921296241 9.90316610357845 3.77617642668951
Ptpn6 11.3292345329635 9.90316610357845 3.77617642668951
4833441D16Rik 9.33372525445037 9.90316610357845 3.77617642668951
Irf5 10.4417221455899 9.90316610357845 3.77617642668951
Naip2 10.8151812852359 9.90316610357845 3.77617642668951
Anxa3 12.9131833282778 9.90316610357845 3.77617642668951
