Golm1 13.1709345745481 7.89108656061808 6.78957325481704
Dusp6 12.2043335698759 5.66648546158827 5.00090545773466
Tgfbi 10.1729708775644 5.88355576171514 5.72201564930437
Sgpl1 9.54910293773426 4.88871907301282 4.54452927969186
Junb 11.5780026398467 5.34992712188681 4.70162978344904
Lcp1 11.8463632704423 4.84108256459341 4.46378366788911
Txnip 13.6993914736524 7.55175546117079 6.3736086611709
Klf10 10.1153774463127 5.55979901528686 4.67069380476541
Cd9 11.8962881279299 7.26239818639698 5.5985561423399
Cd34 10.5911587485583 5.5802762844048 4.85238873481882
Zfand5 13.0724898086973 9.52942707675265 8.27912128818122
Tpst2 11.1246231388186 7.63790608172511 6.44133527931323
Cd83 13.2264749464343 9.28238619731859 7.79380175108023
Sipa1 11.1257432146877 6.76479423587944 5.86830663042952
Coro1a 12.6004028717715 8.51328480786148 5.59711028144949
Btg2 11.4968904593275 6.12504737266095 5.6146044854897
Ets2 10.8279407472273 7.42064431855711 6.87357763090321
Tnfaip2 9.08145533726492 4.34529065901249 4.26261934677798
Cyfip1 12.6066769077138 8.50242522719753 7.33434624400308
Lamp2 11.6172171151883 7.81828055157112 7.70242948845013
Snx18 11.9105809619856 8.14861724857647 8.11121314137498
Ctsc 12.6065842886925 5.38194509623922 5.17607600670694
Rcbtb2 9.51693799161507 5.99800518379469 5.13667815388165
Tubb6 9.94309885815544 6.25498072913877 5.96693996995786
Ier2 13.4150634942812 7.16176603052709 5.80366157101453
Nr4a1 12.1604408921049 8.82144745925333 7.20591919823664
Rab32 7.60118101811754 3.97894801843612 3.86675825994366
Nfe2l2 11.3735710823378 5.38271406997454 5.32611015526029
Socs3 12.8363611039744 4.59385468305725 4.15680550885794
Scamp2 12.0782300087712 8.51724126150881 6.6703894852596
4632428N05Rik 12.9592128362635 5.85708913829071 5.06654481605459
Spint1 10.3415667614487 6.70565891558154 5.24222351786965
Afp 8.20241684612463 4.19884476910196 4.02962231251893
Clic1 11.3846871257571 7.6710927634519 6.06208895193605
Plxnb2 11.1751053377305 6.93046967677109 6.58450393821627
Irf8 12.5606886061131 5.48826040235433 5.47036998865932
Dnajb1 11.4072973894197 7.84450861111869 6.12902913146643
Mical1 8.88736256308852 5.05000209527065 5.00545576628086
Fkbp7 9.58447874704344 6.13850644786687 5.22919846595688
Tbxas1 9.77227819439976 6.3743524113311 6.20089995637611
Slc39a8 8.3702572354114 4.25477938706281 3.9138725465744
Parvg 10.3224146114506 6.70931317638576 6.34681159462778
Mcl1 12.1472433486191 7.27889259221075 6.4647992760506
Rps6ka1 12.439882687873 8.83143369939089 7.04663842556033
Tnfaip8 9.91373565516323 5.98724449454894 4.67787850362294
Sirpa 12.4962163654576 8.7314355610168 8.51556245027675
Tmem206 10.2057688234462 6.66361932484036 6.34561487035526
Slc40a1 11.6365802495677 7.16904544246508 5.86588971927377
C1qb 13.3846079047961 5.1826595227473 4.72773578207943
Egr1 14.0125449996656 10.5870768627241 9.02954972207448
Syngr2 11.4559121689701 5.75342973252187 4.97693847754679
Man1a 10.4296468533452 6.20008038876473 5.46753436151177
Plekho1 10.6038456884602 6.86962679486613 5.64306697041298
Pmp22 12.2653168767854 8.56430910167008 7.86012120086639
Usp2 11.7287066241903 6.9412201369296 6.02797546435475
Ccl6 10.223717633042 4.76279742099646 4.52162733595159
Cd14 13.3052539164274 7.18768885785648 5.91339480574559
Tob2 11.2284375997777 7.40545597415611 5.52901326248149
Pycard 11.8185468367102 6.41067279610797 5.41300958667004
C1qa 13.2380236204344 6.27431608490718 5.91551191355026
Il16 10.7022595486227 5.88551695640744 5.39883441906687
Slc7a7 11.052383619296 5.23849998953714 4.87163312035056
Klf4 12.698526861476 5.05942506965145 4.93321769243294
Sertad1 10.6747710405396 6.87386390284479 5.87870363862483
Jun 13.1567215574815 6.99797472170338 6.7989601675356
Srgn 13.2509970787582 7.29488590382263 6.10214735104052
Myh9 12.5865032254667 7.60124690831557 7.03992442440159
Nfkbiz 12.6860754101133 4.92332151616332 4.80608253548259
Tgm2 11.7718766956168 7.65648197417156 6.31317888104511
Plek 13.0669588958399 7.61179090337371 5.95366048132102
Itgb5 13.3318370523038 5.57119968665546 4.31007186213741
Elf1 9.08676867890006 4.76254953837674 4.37812579634081
Cln3 9.94836220653156 6.48549354397596 6.00498390708485
Rgs1 11.2541972267774 4.79770824747196 4.55940395117031
Ier5 13.0591463203827 7.11226927865378 5.66110255878395
Snx5 12.5628056055199 8.8866823448365 5.02430944192586
Elk3 10.4901390004177 6.31906529744144 4.89254413227656
Naglu 9.26626288253695 5.63485021719852 5.42582931287766
Laptm5 13.2497958585741 8.42178648700386 7.19569639848386
Ptgr1 10.0953671914278 5.7042770028684 5.51779156242958
Serinc3 10.8737843005988 6.70768284960129 6.39863346062701
Ctsz 13.0341451754765 9.37235943769612 5.19359360767704
Fcgr1 12.3056772228307 4.67193621229406 4.62114436954893
Slc16a6 11.601886645942 6.53877625938272 6.22937375164729
Pdlim4 9.4700059993897 5.15128745771004 4.88451331434383
Ccl9 11.5606702750711 5.24069040433686 5.01042901571192
Tnfrsf1b 11.5849644137814 7.16594740351435 6.21821778619095
Inpp5d 12.5199395399242 6.9069864622073 6.34861299257286
Aff1 10.5286978143419 6.99427223574059 6.4525301748075
Tlr4 9.52419084436795 4.78452922035084 4.5296551012822
Pmaip1 7.94812896443572 4.01610282977387 3.89297634119091
Aif1 11.8782125697407 5.91383015332381 4.83697218490585
Lims1 11.3895886323577 7.47366672255997 7.34605170993227
Syk 11.2305153374971 6.51410746460764 6.11983441135165
Klf6 12.1614928848338 6.78878899614936 6.56421856864658
Mknk2 10.9559680185081 7.35109889696338 6.78072271394671
Crybb1 12.3010895138039 6.59131241824853 6.56347382236664
Fcer1g 12.6409109862305 7.2190673550546 6.09260382533954
Ctsh 12.8519091129382 6.24476975550373 5.57274365053228
Gbp3 8.5913202656342 5.15549486372368 5.01277561154429
Gpsm3 9.66649074936397 5.45212443569739 5.27446382561013
Ncf4 10.7081144474155 5.44927205084808 5.39809998190104
Nrip1 11.6975319588524 6.64890332815586 6.3990760291379
Ggta1 10.3145780373454 4.96947547773784 4.54073073779709
Calcrl 7.84138491604448 4.2792956359549 4.08786541438054
Lcp2 10.3889718130272 4.8801236350042 4.8243702824859
Ngp 12.4329204009581 6.53038102846795 5.52573930326163
Spi1 10.2850028049619 6.20599528690602 6.1476701599732
Atp7a 10.1404314445784 6.59208471487694 5.26821350338173
Csf3r 10.4703586336665 6.63204315368398 5.33067083927366
Ms4a6b 11.1222234312687 5.27763469400098 4.88482369515244
Hcls1 8.83239317939796 4.77481336622212 4.75905507147843
Pabpc1 11.1513836653323 5.39442862396053 4.22140155217314
Skap2 11.9890479352489 8.16289898611933 7.93937283907639
Cebpb 11.6879517821222 7.59970710886995 5.87906876715969
Plxdc2 12.0633823649962 6.83037608946945 5.81886016951719
Cxcl10 9.83264446685726 5.88756352521919 5.37362445359008
Cysltr1 9.33333349087416 4.43771391788121 3.95611837850733
Cebpa 9.88957255483431 6.06515097629922 5.22871489997809
Cttnbp2nl 11.7204560544011 5.78546928903339 5.43349368678
Lyl1 9.97533629065994 5.52375960384306 4.93564639729057
Ptpn18 10.4025712369028 6.69205923156471 6.42346661457285
Tlr2 11.9268402473875 6.38891352757077 5.6241324370575
Serpine1 9.52331793271942 5.98824049304218 5.10904825997996
Sox4 9.95630765129675 6.0891934860757 5.67685380233683
Cd37 10.9048574016166 6.93227479830375 5.65566740733356
Map3k8 10.2849700718244 4.85462916541433 4.76386411221122
Myd88 10.7278217724093 6.41819232509888 5.86140866590826
Ccl12 10.5112043294489 4.62344518789234 4.50680266563729
Arhgap4 9.36525554969312 5.67031363077233 5.38131471342854
H2-Oa 8.7917936065526 5.21772476968112 4.96537404725288
Pon3 9.20297150005047 4.73258470882072 4.40646790797174
S100a8 13.0395448654869 4.83675529032616 4.574809491385
Il10rb 10.7116513838826 7.192707383407 6.66117338066797
C3ar1 11.7072754362155 6.8258066282598 5.30502223408787
Fgd2 12.1304825880125 6.24310374527042 6.01839882070174
Rela 11.8428094359349 8.05929801399647 6.87709069980385
Ccl3 13.4953964323281 5.53374411179192 4.72873914318725
Ms4a6d 11.3799791784438 4.95065903004418 4.61273551556264
Ier3 13.4963591841383 9.36720587063485 8.0286412746161
Nupr1 9.93831898336817 6.33066818618845 5.22777709573418
Camp 12.113738407204 6.06073390395374 5.7104801968012
Klk8 10.2464469222101 5.51669608998816 5.37598155164443
Chil3 11.1159878878753 5.26507884044667 3.6481594089514
Arap3 9.86775374576886 4.3335627509239 3.95931984698322
Tlr7 11.2112407400947 5.53294865171172 4.90709659765849
Hpgd 12.0107499612859 4.95576194532273 4.93333643940493
Mcm3 8.92535440058905 5.36856764700452 5.19513076853221
Slc11a1 11.4154854568916 7.62368655369789 5.3659738080543
Ccl2 9.49866288250659 5.24605508402399 5.23870265874494
Cd86 11.6419705628058 5.08932860135313 4.90784576188436
Prkd3 9.70383275414416 6.12009938458428 6.03294632064764
Gpr84 11.5935377294956 5.68619265839661 5.53569894055139
Vamp8 11.9027573726861 6.84553023196722 6.58538895231115
Tcirg1 11.3257053795282 7.88811269068706 6.89915213407022
Trim12a 8.5835260320544 4.30742554543587 4.17583613163442
Slc15a3 11.5219827541908 5.34092835052332 5.22565975163216
Rel 9.30153835661437 5.37221387469761 5.16180707585831
Tsc22d3 11.4721491337919 7.46409572273356 5.64581267449479
Sla 12.3378861062474 5.87446695265944 5.68588485335184
Tgfbr1 13.4953964323281 7.34524298721352 6.53713970335686
Snap23 8.47917138557207 4.52343177075534 4.06241353449615
Asph 11.1131392793095 6.52871077043655 5.03485023513633
Ivns1abp 12.7182126498181 8.89166907672389 7.84062517065855
Rbm39 10.4094928984617 5.22891222987453 4.87961085465731
Vamp3 10.8638436564196 7.40514522758125 7.17918519035831
Bmp2k 11.3162621163235 7.22581231406997 5.78839836295797
Lgals9 9.80576100376818 5.69573574598732 5.47661225602946
Trem2 11.528689695107 7.36584207982311 6.5640463776109
Gna15 8.93153578094543 5.59802921649404 5.3188260980682
Birc3 10.7521481640029 6.67492947623346 6.49964888069676
Igsf6 8.68495551282954 4.30067134540583 4.27176068550498
Samsn1 8.95535277925432 4.58500575111306 4.58490970022796
Il1a 10.5450729398403 4.65657187775634 4.01432282339471
Hpgds 9.14123713383759 5.74835583153612 5.12840941903112
Naip5 11.1347547074536 4.99691100406441 4.57041205071081
Ccl4 12.7516225784521 7.30852832384978 5.94887614735752
Klf3 8.44575749935971 4.70976436069252 4.52636158070451
Itpr2 10.8613975316724 6.82198519166394 6.24795097803933
Stat6 10.5031698578152 6.7076445419144 5.20623287821222
Msn 10.7217422633417 6.85736993785256 6.31283751254673
Bcl6 9.97529153752311 6.46704778645537 5.46831502383368
Abca1 12.0785728549459 7.86912069593085 5.96190453041915
Adam17 10.581995677351 6.18284800245984 5.70763618177266
Dapp1 10.626591308075 5.60709086032968 5.34463683676603
Clec4a2 10.1190075949126 5.09706340497965 5.0298392536634
Fli1 10.0832277034328 4.1510527521876 3.75175247971574
Mitf 10.3277193773821 6.83786061082149 6.43925452562587
Ets1 9.75745818736726 4.09095861820824 4.02401829090189
Itgam 7.64683147867138 4.2721763101046 4.24981519647674
Ptprc 12.4215732421658 4.57999618876376 4.37223241984479
Fosb 11.9818678393755 5.65896762468311 4.80827771140483
Ccr5 11.7087776692335 4.64341454693715 4.60304033942976
Il6ra 12.6405285425734 5.65192570167078 5.59688536772516
Tgif1 8.50458243562559 4.67621481603287 4.30823454310216
Pla2g15 12.3512186582331 7.90005812716016 7.29436699546675
Itga6 11.5906633280243 7.46946486613905 6.9641353366843
Ifi30 11.4062018650154 7.72877225825044 5.75046807773436
Cables1 10.7158993683559 6.84467251028371 6.49894931404861
H2-DMa 11.3395300052483 7.330221915218 6.07408896316273
Zfp36l1 12.7019764996359 6.28170166438813 6.17124694259853
Gpr34 12.142699851518 4.10346870149755 3.96197732644555
Rrad 10.0026571297703 6.6040152585403 5.40102886356413
Rnase4 13.0771643703574 6.35315827696261 6.00085939312656
Hk2 12.3164140648536 7.27541284430293 7.0447580608267
Fam111a 8.33832002390926 4.79356215826296 4.51702144099773
Hfe 11.3196450739578 7.58854143628652 7.35494558169316
Pik3cg 10.1537853547168 6.6102264818165 4.86498557751174
Zeb2 11.4350095719432 7.0177701479518 6.63719760209374
Tlr3 9.63659550839082 6.0510898512587 5.52170668733231
Prkcd 11.3607793398998 7.12163685848432 6.71544111715008
Mertk 13.0985151577591 6.60260775963954 5.81774264168505
Cd84 9.96224237530016 4.72712465569364 4.65638274418728
Ly86 13.8305038298173 7.83964523253927 6.22169356080675
Vav1 10.4997459843954 4.20762791570295 4.17309119677313
Pag1 12.6736213180298 8.23411634213313 7.60647449417634
Fos 13.9327205870223 10.201394142134 9.38900749010054
Cfh 10.8438396260437 3.93081496568279 3.84060829388787
Tnfrsf13b 9.66545251361214 4.79346471428788 4.34914679842177
Cebpd 10.5744174492867 4.8835310118307 4.359405013869
Hhex 10.060418644213 6.52639871095899 5.14421685840147
Entpd1 9.58873000960094 4.5130557744947 4.46530616640028
Ptgs1 12.1626150793908 6.2976448541919 5.29713621016032
Adrb1 10.5218876655346 5.79389820577703 4.59506671530339
Stk17b 9.80355004387352 5.78526224161964 5.43611668464421
Frrs1 10.6966078261321 6.7767764370386 5.22023947901702
Lyz2 12.5660138290276 6.794364145815 6.40865963010201
Ssfa2 10.4026641404164 6.48485027981804 6.38050080731365
Galnt4 9.11869231898454 4.97038033674077 4.9513996886218
Ctc1 11.7422487728519 7.42664018213845 6.95091265217282
Unc93b1 11.3066168079527 6.78565598394237 6.36033622273646
Mob1a 11.6304802850351 7.89045212335744 6.83027546971991
Cmtm6 12.2803328178186 7.13554504847374 6.65756287231001
Sfpq 11.5708095722532 8.17548180952505 6.22052173740184
Wls 8.21516176510327 4.77436557970383 4.54369945417338
Tspan14 11.2007785813707 7.08779261362568 5.93371914906984
Lpcat3 11.4786154330381 7.23111884198529 6.89923942575142
Hvcn1 10.2856187487951 5.48376765506527 5.22273374499867
Edem1 10.5644676490564 5.32309732212589 4.78374557009462
Icam1 12.144222640413 5.68832940241851 4.67887082630209
Prkab1 10.8728158992286 7.25805676579492 6.50400291935433
Rbl1 8.51194870241016 5.12371936394442 5.07803730286923
Rcsd1 12.3223507478265 7.84034938058561 6.74408138123241
Npl 10.119227368812 5.87021108774053 5.20239227198987
Tmem140 8.46080936763924 4.70007348597671 4.69105641268119
0610040J01Rik 10.8106638816197 6.17034896344 5.7465902588776
Tm6sf1 11.273380881778 7.88120429426389 4.26649950321201
Cklf 11.3324839569912 7.14153399843441 6.45320307173558
Cd177 8.01898297885642 4.57052487128852 4.1808798246385
Casp8 9.83591177234681 5.53997202646352 4.98964768109125
Tmed5 10.4601759587631 6.77433037636248 6.02492034447903
F11r 12.1638127271072 5.95949212790872 5.81649868066311
Eva1a 8.63294613398656 5.15914792951928 4.3639406689077
Zbtb1 9.31186634548201 5.90474446589303 5.60004920263336
Tor4a 10.4213155961976 6.63804644049343 5.71264330112787
Ptbp1 9.02225932629817 5.58550208036409 4.96345491289773
Glipr1 8.88148604367629 5.32682455641641 5.28197272555924
Lpxn 10.730982217212 5.41121346708357 4.46673832683149
Siglec5 8.337886172674 4.04875288779813 3.92816075509254
Fcrl1 9.27554865404005 5.8297752668278 5.17444709650993
Sppl2a 11.1847931951435 7.31447253839974 6.94367043847682
P2ry6 11.5909433501351 4.86360030438598 4.37390959271963
H2-K1 12.7949568117272 8.86048374064153 8.08501416595884
Tgfbr2 12.4312251246194 6.42430172029904 6.02183681580748
H2-Ab1 8.4512011309411 4.8954879691667 4.68528783060096
Ceacam1 8.73427463823456 5.32003012399999 4.36860450281259
Ncf1 9.01873662127703 5.33090671307382 5.06880053028041
Il13ra1 9.69650941211153 6.3540601801439 5.33812013907652
Adap2 10.4876327911899 5.62987982610584 5.49414848827018
Lrba 12.293139019726 8.81341290177815 7.64044774942167
Pld1 10.7880824610021 6.98552264859421 6.03060203063504
Suv420h1 9.74201990299736 6.38127955357966 6.18251378959305
Pon2 9.26937417743214 5.20631281597124 4.90392210656213
Capn3 10.437566906065 4.91337511949768 4.7402997905223
Casp7 8.22612436421626 4.82024936282784 4.67544865869616
Gem 8.28009388336886 4.28400938373657 3.84169085638277
Rrbp1 12.1135184174842 8.78525483924464 7.48870652376498
Glul 11.9439234863599 7.42823067890674 6.23454074541021
Arrb2 11.5161791808491 7.63005902961839 6.27918977377864
Pros1 11.4244912078995 5.8112824912921 5.3701831564951
Rin2 10.1302854085197 5.87058488952078 5.23085819169173
Tifa 10.6649959627868 6.83822615481585 6.2681932819576
Arhgap17 11.0358082941061 5.16958819747108 5.05394694852495
Phgdh 11.0663668828628 7.42529980986478 7.41836406486553
Parp12 9.52345845288495 5.48596892031631 4.8333142526091
Trim47 10.122871565472 5.4992722366735 5.17228915760297
Lgals3 8.71732817427299 4.95281922717902 4.61447224471916
Jmjd1c 12.7042728123964 8.68329740025931 8.00442246486644
Mlxip 11.0131464704826 7.36851170596137 6.77726534074013
Sash3 11.2528818012755 7.57452505575683 5.43781784880552
Themis2 9.94919523666928 5.72319206409921 5.28870674325965
Stard8 9.02643397069546 5.6403221623137 5.14804890310796
Mpeg1 13.5339312443488 6.82763874946102 6.52784628237296
Hspa1b 12.7328150924375 8.38731319172359 7.73752216814848
Xist 12.7732517233129 5.10111801366117 4.27234829816744
Cd48 9.99176185857167 4.84861732312307 4.6867683272271
Akna 10.5978331936346 4.82068680839774 4.68414551005565
Fes 10.5840546362038 6.86686187848293 6.42073524805726
Myo1b 8.42949791093437 5.06505119494511 4.85858989393417
Cep152 9.68353142517718 5.81872198033946 5.51987115320584
Diap2 9.90635960665803 5.41060742719995 5.14736871623482
Egr2 11.2144151601674 5.21104380900687 4.38589018072529
Ccrl2 11.4107831106411 5.97413176248672 5.60025904878948
Lcn2 11.7182561949748 4.27696849696642 4.22944485974592
Hbb-b2 7.86146929235822 4.15804126983811 4.15400456191909
Myo1g 9.04216166021584 5.67300168459983 4.98549126820692
Tmem173 11.1696407087511 7.02144502570104 6.25016864017717
BC028528 9.01173787915138 5.65649205496191 4.87150585122643
AF251705 12.0057126252299 7.85140776497665 6.93659960220153
Hmha1 10.4487011332694 6.35356132300951 5.56970865107808
Gmip 10.2055870255081 6.23995671096823 5.87177376585707
Nckap1l 11.1526856630168 7.27269904649624 5.14501680550556
Abcc3 9.7509259850256 6.09255497694329 4.86554758956559
Rhoh 10.7637079698635 5.06026097818416 4.88098134076652
1700017B05Rik 11.7522974287947 5.72064163401143 5.49908450601856
Srgap2 11.7585843286276 8.29736454540429 7.47794684511312
Gusb 11.4803411718158 6.17798095549353 5.40212935078036
Lair1 10.6612900224916 5.13544664537727 4.68201705644707
Twf2 10.9336973935694 7.48878780193841 5.38688805307971
P2ry12 12.4385715566921 5.22455209279636 4.55235618993195
Rnf19b 9.65744414029616 6.09434503070534 5.03771932064481
Epb4.1l2 12.5432840929574 6.59998823721271 6.58697831167751
Pld4 12.1700437011819 6.39939714365977 5.532274789051
D15Ertd621e 10.0624486421296 6.44248904515127 3.87403102276686
Lrrfip1 10.7224886700699 5.46240919568393 5.20180208986712
Fermt3 11.4207362066657 4.44836840142445 4.14752499263629
Ankrd44 11.5679366187782 6.17400645732186 5.50495847357846
Kctd12 12.099676793357 6.20594892390412 5.07171496723094
H2-Aa 11.2644036954394 6.05430911377585 5.16556544821573
Fam105a 11.8820924454901 6.88187891433535 6.73708368589261
Herpud1 12.5116726598182 8.83743446734715 6.88638224358385
Cd300a 10.0530239896872 5.83261232441686 5.50069168103212
Wipf1 10.3652831365882 6.95912466061783 6.85879554488015
Lyz1 12.2502412289951 6.28693775604809 4.78409851684898
Zfp110 10.6738601357144 6.49185320344958 5.26967244008609
Clcf1 8.68466038510135 3.96823854457769 3.77910457077782
Hmgb2 9.04290768492065 5.61397022729063 4.22347274092065
Zfp36l2 12.4004422821899 7.21953029383259 6.34791540755361
Il10ra 11.9867649941734 4.85756401848378 4.78280553456075
Hexb 13.9214339669789 10.2441551104681 9.15535805230273
Rab20 9.64744268247702 4.05833190539679 3.93387711123883
Grn 13.6303783372944 8.4065925236527 6.93433995960834
Bach1 11.7684659473826 7.889821371624 7.76332255840448
Usp24 8.70392300506957 5.1865508163284 4.84733294044496
Fam46c 12.2421510197398 6.37119133241348 5.49813234893602
Ctsa 12.9644748360344 8.95605085114616 7.70833834508713
Ifngr1 12.016051864462 8.13766931291748 7.80706453884206
Tcn2 12.1195930224409 7.45464858990357 6.62332639048799
Cmtm3 10.0110497819572 6.09490345350745 6.02438172669733
Ppp1r15a 12.6593601245383 7.87772914904243 7.74643179010959
Dhrs3 10.8328899765314 6.87943129897013 6.33237385048968
Lrmp 8.89491220593798 4.71309427099815 4.45959670326545
Olfml3 13.5644607358692 6.61609103760998 6.52036800488682
Pla2g4a 9.55730250855793 5.5012665464036 5.23562072538683
Ncf2 11.109264808914 5.97249684051495 5.93567628490127
Ctss 14.1223387589978 9.58808738411889 8.40033595548761
Cd53 12.6270729328698 5.64438987922007 5.2947404419162
Fcgr3 13.3874319809845 6.21797047586984 5.93923007197835
Hps4 12.4456398299555 8.9067718945189 8.49821487742367
S100a9 12.2965410503709 4.91798628942741 4.81627052418114
Dusp1 14.1813580097059 9.19408642001514 8.4855575614597
Lgmn 13.4068999504885 9.3589760491584 6.9548796708616
Klf2 12.9915058739807 5.80289150038127 5.64865475623369
Fcrls 13.5200887013828 7.7320019623755 5.83003538774915
Tlr1 9.55990391864875 4.12709526222495 4.08398829599497
Rhob 13.3993450977518 9.90568575412954 9.05637762971492
Selplg 13.492313873689 9.09904422721603 6.78386054108362
Cd68 12.2825968841945 5.04216579723 4.86012701214303
Gpr65 7.85611733273235 3.88129944267529 3.717075272618
Atf3 13.3007390383143 5.34277127143627 5.04877628726499
C1qc 13.5695399365939 6.36003223813944 5.66385877977151
Chst7 11.0545300964632 6.74361266010081 6.47619250664379
Hck 11.7192724128215 5.67542795659726 5.17831096233481
Casp4 9.17977855891737 4.81796973584455 4.05829233975633
Ly96 8.98885773803667 4.71686514124942 4.23972125304652
Lag3 9.94342037341401 6.32354403769428 5.71775893436689
Cxcl2 10.9236295592129 4.57048415512973 3.95179344967962
Ltf 11.9771261319803 8.2730660378576 7.17703129901419
Cx3cr1 12.8322911670036 7.15983979319751 5.80013216141082
H2-D1 12.6856010965553 8.47836905147112 8.41587618385613
Stab1 10.7835801182221 5.43494971670008 5.29081511012482
Evi2a 12.5801879760248 7.1977436155094 6.93149945568334
Il6 8.3523884587654 4.07630870214125 3.76423973145748
Pdgfb 10.6620659529342 6.61345567191704 6.35401528327082
Mrc1 8.47267687587698 4.37675130071459 4.23132151647837
Cbl 10.6935557955462 7.03050412499952 6.7707571297066
Itgb2 11.8281947861841 5.2380668019579 4.70795975981282
Psmb9 9.49408509768935 5.99174294881896 5.54061016568207
Selenbp1 8.46209954721546 5.12776369068375 4.91869694735089
Adamts1 11.3973807177838 6.23176455477017 5.07485720340753
Ang 8.67340897437916 4.14895865849894 4.12563154274579
Sh2b2 9.32069277757714 4.677266752109 4.58586884584432
Tyrobp 12.9035612805634 6.40770938793233 5.96119906106494
Slc29a3 11.6835560124248 7.10960073273724 6.41442235436894
Emr1 12.777781853873 6.44128641507257 6.13867886441511
Nrros 12.3519497751025 6.22913997280501 6.0218411657704
Tmem119 13.699678559052 7.21028582305215 6.02568115005814
Pnpla7 10.5843197435089 6.84318670767688 5.49271395283544
1810011O10Rik 8.37120216738482 4.57907443493134 4.42525941689531
Havcr2 10.710530075929 4.31025333417522 4.13989714212706
Alas2 9.97256535353661 5.68687181506792 4.9754684773346
Cmtm7 10.4036329494645 5.41118896373581 4.9699582685473
Mafb 10.9849900615298 5.7498207522229 5.60825824235466
Blnk 11.8079240962002 5.8662130419828 5.84152744066176
Tmcc3 9.16895367720384 5.62571345070337 5.27397151674471
Notch2 11.035203297165 6.10414291952534 5.5681561448709
Vrk2 8.87003271247097 4.71917790725776 4.40495823775763
Alox5ap 12.5749967599795 7.67316142186159 6.84770437802946
Fyb 11.7159427823204 6.21946265753673 6.03653447148495
Ctla2b 9.94438247489242 6.18023738911793 4.48016729436481
Hspa1a 11.9245276178108 7.12606798857707 7.03936316241872
Ccdc86 9.53354211585671 6.13638398380309 4.58401744707223
Zfp36 13.4960506681509 7.96295723540878 6.14538654048577
Abhd15 9.92497435981129 6.13850759618669 4.79221373081619
Lmo2 12.1717394598769 8.1892688236936 8.12000745837354
Cyba 11.7749627835735 5.80105757580666 5.44184524897113
Spata13 11.8360921296241 6.62118544890332 6.19795003390206
Wasf2 12.4660305697947 9.0038324049006 7.29582794099839
4833441D16Rik 9.33372525445037 5.51982890187222 4.54261952349735
Cd52 8.83934325002235 5.21055903544079 4.73109921792615
Irf5 10.4417221455899 6.56432809738119 5.86766015521245
Naip2 10.8151812852359 4.60108121922185 4.50875758770287
Anxa3 12.9131833282778 5.77404667397205 5.44111497176443
