Golm1 13.1792932323564 7.10613381872863 6.33028020304732
Dusp6 12.1118170992931 8.51596146720677 5.36839364658763
Sgpl1 9.58944930363067 5.86262817767666 5.36772826823148
Junb 11.5499826198348 6.30731598732568 5.5333616911587
Marcksl1 12.1668078078091 8.63651207321569 8.17054155784623
Creg1 11.4042519959731 8.03065391105497 7.27308299355289
Mpo 8.64472480371545 5.08504429959221 4.86711243868263
Lcp1 11.9186828085383 5.95649625444264 4.52776433810141
Txnip 13.6926905825169 6.41307018114394 6.17000250047322
Cd9 11.7908634776503 6.45703788115297 6.003520071948
Cd34 10.4821943254353 7.09110381916947 5.08931334240176
Tpst2 11.1108919206009 7.66936655753243 7.62973748986093
Cd83 13.2161047162533 8.65697776894191 5.80264917024729
Mmp2 8.7280447113755 5.26286995951688 4.64162155890348
Sipa1 11.028832104782 6.78894609337688 6.57087044583092
Coro1a 12.5292545103329 9.1617660188547 8.71865104099714
Btg2 11.3906424677534 6.01586470272899 5.85432144577624
Tnfaip2 9.07410944533167 4.43829491325933 4.30723390361113
Litaf 12.5687309938788 7.04449851659198 6.96887095127916
Cyfip1 12.6115291742802 8.2976202152292 7.15429855928162
Lamp2 11.5544716379291 7.49382036731873 6.21336353386736
Snx18 11.8255448234537 8.40990744007022 7.86604487441764
Ctsc 12.6108642775907 4.70477201822859 4.58263084692576
Cd82 9.23153634995101 5.85632633585526 5.49070836062351
Tubb6 9.94746027053954 5.72303134260195 5.65803346850532
Ier2 13.4029366730924 7.39642646287056 5.90246492451494
Nr4a1 12.1194322490947 8.3549616081726 7.9818301769571
Pnp 12.8799287012372 8.73833333842009 7.63141989730487
Nfe2l2 11.356253934114 5.90432502630436 5.65786984538048
Socs3 12.8477426387797 4.26259940197866 4.19962322054011
Sparc 11.7443656880018 6.37823657828772 5.39711774463313
Scamp2 12.1490850674193 6.60636296272984 6.20388172401226
Acss1 9.50387495272519 6.12666856421682 5.25425313182788
4632428N05Rik 12.9633024758073 5.13024920933834 5.07466549563616
Slc2a5 10.6169587052025 6.34770916931462 6.32991612417889
Afp 8.35050803873215 4.96361063195385 3.76165847843607
Clic1 11.3122330580261 6.54499807938742 5.58850174335975
Plxnb2 11.1496648391028 6.62306025777661 6.19309709622986
Irf8 12.5462653592052 6.33562899928735 5.53429034821917
Mical1 8.77305668351709 5.173237422876 4.6731767222678
Tbxas1 9.68864876043037 6.20530589515296 5.92672540385049
Slc39a8 8.14296708004609 4.30289408132296 3.91182786271407
Parvg 10.4281853264487 5.63870706508573 5.60231833240459
Mcl1 12.2077605709068 7.51055871418446 6.85971386444078
Rps6ka1 12.3511118887686 7.55263416373873 6.64766359487634
Parp9 9.69879112347596 5.18814801170486 5.17315274432685
Tnfaip8 10.106166018297 5.22356995952904 5.0671163311204
Mfng 10.2459357618163 5.82330185249667 5.59867475502284
Slc40a1 11.6873175794834 5.74984430839924 4.78926388250285
C1qb 13.3809165744448 4.45378542130293 4.35978509888893
Cyp4v3 11.0156233140278 5.71410951030057 5.20779950020959
Qk 12.4657276661435 8.98053850590482 8.71530037500274
Syngr2 11.5324666076936 5.17782123415796 4.99362645725552
Pmp22 12.2434056339285 7.98849862724027 6.41565837933795
Igtp 10.573481340332 6.88725156975836 6.091870399675
Ccl6 10.4831140019336 4.51937022752402 4.27055403784127
Cd14 13.3794861542207 6.25524551082045 5.90776666971727
Tnfrsf1a 11.349722903685 7.10255711264693 7.03059419886976
Tob2 11.2863217891244 7.45121890493628 7.09830564635003
Pycard 11.7530559991681 6.00975913708872 5.49349961408935
C1qa 13.1874316054276 6.56831797908196 5.83513595236115
Il16 10.5676116874908 5.67991372484136 5.43366193008629
Slc7a7 10.9326702827516 5.25429317062974 4.88267085561171
Klf4 12.8356975471887 5.00579492578198 4.96935179821266
Jun 13.1513958362792 7.30135403726101 6.20634835226686
Srgn 13.2795222117037 6.15296763643325 5.11193740652272
Myh9 12.5447914497017 8.055936728036 6.94577160786943
Nfkbiz 12.6921044506167 4.97215610630035 4.17948694841247
Tgm2 11.6702792723547 6.23547543712499 5.99017246427416
Plek 13.0385446953369 7.60345747568757 7.30378784609326
Itgb5 13.3122301859398 5.11772581434824 4.90311512885408
Elf1 9.08464008124719 4.79961142480547 4.58332242703002
Cln3 9.83088294827292 6.34869784135284 6.07497282057372
Rgs1 11.3590498478886 4.4439492679164 4.44218517070312
Tmem37 9.84921340109981 6.46324372432065 6.06178826864696
Rac2 9.85175366603671 6.1163640767608 5.88068872807591
Nfatc1 10.0088645121847 6.26439242603414 6.16414461775527
Snx5 12.5419589726741 8.95798434094179 8.28755806329377
Elk3 10.4319956263106 4.87061653255011 4.72993982139708
Soat1 9.01103606914302 5.39368511229732 4.9902284711661
Laptm5 13.25292607905 6.18195155542921 5.51182291177561
Ptgr1 9.95096043750722 5.52119109283578 5.30010815329272
Ctsz 12.9968566741552 8.78024689196179 8.08515738630129
Fcgr1 12.2955371160684 5.55860161784767 4.76489211517105
Slc16a6 11.5647594820405 7.31030182543362 7.15564332494325
Pdlim4 9.51167808110339 4.84419737717418 4.81980866378199
Ccl9 11.4677327663853 5.25909075687331 4.8696652267091
Trim30a 9.81298833801394 5.20013232649964 5.07470121054515
B4galt1 11.1336165305587 5.92314630613717 5.89618065799977
Nrp1 10.6812295061732 6.74445602424973 5.44566996283572
Tnfrsf1b 11.7452188608572 5.99329215900583 5.88092034943105
Inpp5d 12.4577394438636 6.78809711198561 6.434772896668
Tlr4 9.57555684780965 4.58605310913152 4.31035756125117
Pmaip1 7.97566326054479 4.24698211146567 4.01978345479126
Aif1 11.8214348072249 7.11754425255632 5.75279892310573
Il15 7.64022998784039 4.16345335585427 4.0926875461314
Lims1 11.3701224038562 7.47733199337218 7.29871357196619
Syk 11.3160084368777 5.91923281436612 5.86826467899346
Klf6 12.2250639567383 7.83030205325309 6.20185139567907
Crybb1 12.2648088011919 6.53445665002354 6.30054372286045
Fcer1g 12.6718396223893 5.96925782639356 5.94118908088342
Ctsh 12.87251521366 5.36214191909408 5.32538252717235
Gpsm3 9.55595780536678 5.47720352621822 5.37037593342841
Ncf4 10.7292352869563 5.01357416933446 4.92075676506679
Ggta1 10.3002208247185 4.19651325126789 4.18936695408371
Calcrl 7.78386106503694 4.34888887513313 3.81429328471681
Lcp2 10.4089431447829 5.11582497704191 4.94700326419491
Ngp 12.7574775005176 5.42167814979648 5.24404695091347
Spi1 10.4190424481911 5.95197225747471 5.83008618461786
Atp7a 10.2141459779396 6.05870424969725 5.5603571673275
Csf3r 10.4683520496493 5.22251897246311 4.9183408815315
Irgm1 9.75785220128619 6.22600152636364 6.16345290558163
Ms4a6b 11.2554621340409 4.75373748043519 4.69372151401652
Hcls1 8.70906636115833 4.84232086717413 4.72326289909746
Pabpc1 11.1781404360411 4.25164462900842 4.06200779241287
Cebpb 11.5932508063623 7.6536154982603 7.3034378440776
Plxdc2 12.0745716973584 6.54403185936999 6.24545161934024
Cxcl10 9.72683118350032 5.27296580820617 5.18142082952466
Maff 10.2074887860116 6.67795954701452 5.89377492524604
Cysltr1 9.25437959121948 3.98520606187344 3.79213611963154
Cebpa 9.84230025530157 6.15566581274945 5.57963727334987
Cttnbp2nl 11.6991350325633 6.89990590620654 5.51129949968947
Lyl1 9.96552235514374 4.94664953024188 4.76619408525991
Ptpn18 10.3344380846283 6.09232297953062 5.99407697167161
Tlr2 11.9276981137555 5.57141667336518 5.3248182494082
Serpine1 9.65311808101758 5.15696428772211 4.76679190205066
Mlxipl 10.5385226388773 4.88530772250148 4.59188327735865
Cd37 10.9003612304416 5.60349966972513 5.43016939157629
Map3k8 10.2772018482877 4.78975972394819 4.42820789177136
Myd88 10.6605178444686 5.94834791232095 5.53443771631643
Ccl12 10.6391731596107 4.83336243876346 4.49946610220817
Jam2 8.93482451958042 5.31936266880404 5.31142766244086
Arhgap4 9.32893709991249 5.49732277451672 5.3823241440733
H2-Oa 8.62773488286702 5.12523281925317 4.75484363071621
Pon3 9.25424963832735 4.22845267515869 4.21841765911167
Slamf9 11.1460693903532 6.63365721869694 6.16972339937266
S100a8 13.1710031765985 4.92221709675919 4.86919230456804
Il10rb 10.5493104181091 6.71702823241668 5.32279763058678
C3ar1 11.7048817822179 5.76079674538268 5.42091715003533
Ripk1 10.2351943744533 5.84491919213557 5.28259376935254
Fgd2 12.0963667807367 5.91683106131366 5.84329436356987
Rela 11.8418378886618 7.1538530959298 7.1105549638471
Ccl3 13.5359936909524 4.60912413845293 4.57834467441812
Ttc28 8.96750239347399 5.59519424938933 5.25589441107669
Ms4a6d 11.4841310922632 4.80687380661469 4.2680135407059
Tnf 9.93397669508449 6.28003843173384 6.172576037036
Was 8.02197322990764 4.57099584495499 4.48925804392931
Ier3 13.5124048716238 9.78158133395045 7.47150547426583
Nupr1 9.91190169343546 5.6560766737197 5.65189705062713
Camp 12.4507582747533 5.5749420997373 5.4546629305172
Ltc4s 9.72815138352943 6.11018489318013 5.91738215514466
Klk8 10.1827990465209 5.544069196325 5.47142808955413
Chil3 11.4871946767607 4.03642138802529 3.96849555539464
Arap3 9.99309938625579 4.97102664196682 4.65811673862238
Tlr7 11.1537008662761 4.98702922034755 4.7497059300496
Csf1r 14.0292728577336 7.33884197931552 7.07824558222303
Hpgd 11.9738918982247 6.86088346723202 5.33674630013538
Rab3il1 10.3829864041852 6.80971078540632 6.16822068589849
Mcm3 9.01275163949269 5.21684223547789 4.98408845823296
Nfkbia 13.5863871767458 10.148192164436 9.55315179439384
Gdap10 8.59879464478789 4.47462567749654 4.3721291127882
Slc11a1 11.3948658681908 5.50153651680911 5.35504699167805
Hnrnpa2b1 10.1857595588016 6.71339467530158 6.05440569349913
Ccl2 9.3887194295731 5.34906044269459 5.29171666233283
Cd86 11.6527693006629 4.95292083357236 4.87277884448619
Prkd3 9.77821211859841 5.96689044975428 5.43916548862237
Gpr84 11.5263505075912 5.61633140293964 5.42328575876145
Vamp8 11.7850542682879 6.60194539231203 6.02076205260398
Tcirg1 11.2860007996333 6.87318195998986 6.49314508774037
Sqrdl 11.1213981292751 7.55395609750441 5.98114886596216
Trim12a 8.39694276788024 4.19966292782069 4.10866708016069
Slc15a3 11.3995649353571 5.53264401098244 5.18606956337888
Clec7a 9.25038759656192 4.79711624986859 4.70616707370487
Rel 9.43208070521036 5.041473398445 4.65173616010463
Tsc22d3 11.5894187043498 7.62974719159473 6.2069259318928
Sla 12.4329217789332 6.05342467553093 5.57144217092939
Tgfbr1 13.5090583473981 6.83831592836794 6.15582903520662
Snap23 8.48388126836494 4.92517368193817 4.33544470982384
St6gal1 11.5442181234637 7.82401811719384 7.47647892725227
Asph 11.0774007157198 7.03613356462151 6.36786591193337
Adcy7 11.9949098164077 6.46111954833699 5.34464940058461
Rbm39 10.2573002722239 6.6128918473515 6.20356231033499
Rsad2 9.7910425144954 5.9967375590424 5.78839736857763
Gpr56 11.1033359990947 7.29941767761089 6.97726880223277
Lgals9 9.69958847858634 5.31108204233901 5.26806866674541
Bco2 8.889124080815 5.4065556312406 5.20684173763943
Trem2 11.303795824757 6.50432171647708 6.31725941942673
Gna15 8.99367862824198 5.38861617181495 5.34785041876503
Myo7a 9.50521719944788 6.02238398727008 5.99448799616466
Birc3 10.6915102166933 6.56441208366787 6.0210924904809
Igsf6 8.83394697282607 4.44622949802233 4.25185956475493
Samsn1 8.81738530496463 4.96331772487129 4.55723571046227
Il1a 10.5376640185961 4.19427324720515 4.06651214886252
Hpgds 9.22775583355141 5.46880018554891 5.19007204068833
Naip5 11.0978070538461 4.36274052466241 4.28976438258844
Ccl4 12.6588721873418 5.83667593179976 5.8331649982773
Itpr2 10.8475742428576 5.83339569828399 5.32156503643389
Stat6 10.468465477124 6.21986018533644 5.79211715018699
Phxr1 9.60693645820777 5.76132853623154 5.71094801869206
Tapbp 11.4198825404039 8.00165617467371 7.18958748798183
Msn 10.8303816272 6.14793078795596 5.94147890502167
Abca1 12.0542577742267 6.52679814097898 6.29453282571492
Adam17 10.5495689245511 6.12837176417617 5.34292694747477
Dapp1 10.6129812986097 5.29022758378628 5.16072957115048
Clec4a2 10.1399334143348 5.05599886766962 4.89189481125202
Fli1 10.1221580891138 4.31532807241324 3.94445168413957
Ets1 9.52298260959165 4.19026620755332 4.00960432689453
Ptprc 12.4924457080349 4.67859071010749 4.39247059210208
Fosb 12.0153263432166 6.62429856685379 4.89298157611328
Ccr5 11.6775104276773 4.6467202139974 4.47694023521423
Il6ra 12.6762370901779 5.80047762228575 5.53429700937103
Tgif1 8.32241012578398 4.64253040856536 4.29374383897557
Pla2g15 12.3402771280608 7.90257871381053 7.1388621389351
Itga6 11.5191682655928 6.09758713571188 5.62878991462358
Ifi30 11.3741036101554 7.34063137263952 5.48608550626945
Zfp36l1 12.768092682973 6.27738123446475 5.52833868924723
Id2 12.1967220814378 8.45759440888499 7.79729892937346
Gpr34 12.0465417111213 4.19879775178541 4.032530757643
Rrad 10.0218987777276 5.44543314808896 5.26234417252776
Cr1l 11.6700570684498 8.01216585619955 7.66871980156156
Ndel1 9.33926152391583 4.41440779125715 4.37200578389246
Rhog 11.1977184303104 7.09926613579914 6.88100453427219
Rnase4 13.0645450224258 5.35215868295527 5.06397504060565
Hk2 12.2311857728962 6.07059518293862 6.0483122921774
Fam111a 8.38937991141375 4.95187056651744 4.42863287003347
Hfe 11.261965590755 6.91630195263907 4.96073497836057
Naalad2 9.57573482021452 5.51484739972932 5.43365102717568
Pik3cg 10.1391450667911 5.2332391029658 5.20217996071182
Zeb2 11.448770010793 6.47471477669981 5.73602621857984
Btk 9.59129305907372 5.70154743065807 5.27013473320898
Tlr3 9.57440918362698 5.47124108342318 5.21302259513688
Dock2 8.82632728691093 5.29501063177548 5.06145449561053
Prkcd 11.3269526908875 7.92147821079484 6.40782310593239
Mertk 13.1492058693859 5.63748779213249 5.57447477649306
Cd84 9.79853579725004 5.04185648753049 4.75480568780697
Ly86 13.8484382572477 5.91282443264873 5.47244533075794
Vav1 10.4988780096262 4.60746711273579 4.38325015997162
Pag1 12.681394781079 8.03910052927787 7.39560304430638
Fos 13.9214281458166 8.84747179158335 7.60107189800264
Cfh 10.9189995251726 4.37278574359003 3.60580678482684
Tnfrsf13b 9.55249902249023 4.55279080914658 4.354788983484
Cebpd 10.5727375378467 5.55455578505901 4.53055681107098
Luc7l2 10.5406316174713 5.5194733183694 5.48736416788353
Smim3 9.36289130684882 5.93908313904509 5.83698644902579
Hhex 10.0129558927535 5.28543827257096 5.08482230512191
Entpd1 9.36332417160173 5.42629772179904 4.3507415642842
Ptgs1 12.1460566579667 5.52339409195818 5.16711050300685
Stk17b 9.82516171443988 5.4708030706531 5.35612370956696
Frrs1 10.5118954880326 4.90563843861099 4.68868119703136
Lyz2 12.6255399097117 6.38420948159142 6.25624006189093
Ssfa2 10.3963514628908 6.51127434312395 5.92970088653334
Ccnl1 12.9467381083197 7.71009813173036 7.29911695428656
Galnt4 9.17182977737832 4.93835573086202 4.88755085029127
Ctc1 11.7381009275171 7.51974988500421 7.2053033199336
Unc93b1 11.2638153754962 6.17190913537239 6.07168656801242
Mob1a 11.6524237224905 7.81628618970283 7.37331014503944
Cmtm6 12.3249537931389 6.66755658199469 6.49345839450608
Sfpq 11.5941111598284 5.60576477979211 5.52658595689592
Tmem63a 11.3673624046704 7.23886614726211 7.02400883416522
Tspan14 11.1135085123949 7.32688463401181 7.04725842110685
Lpcat3 11.4010483293012 7.14506436229941 6.81231940761756
Pxn 11.7931446549569 6.77738023151918 6.3206763171738
Hvcn1 10.3744362140918 6.4085417465867 5.51285934401634
Srsf7 12.2454124184616 8.74524098487167 8.52207676826884
Edem1 10.5468048765477 6.03628603739045 4.86040735151358
Icam1 12.0835121128031 4.94240608302681 4.68098216139364
Ptbp3 11.2821230739434 7.87717642519542 6.60878977853061
Prkab1 10.8294129270605 6.96454834391398 6.88819003469182
Col6a3 8.95070105293613 5.57963417387511 5.57540282212881
Rbl1 8.60653858129746 4.80334422026325 4.52562332832281
Rcsd1 12.3327371826167 6.80838577137918 6.57830221710632
Tmem140 8.37653073680301 4.61526678879514 4.51402259141707
0610040J01Rik 10.8216796982396 5.91803274432161 5.53272110974072
Cklf 11.4118605648373 6.45555443473044 5.41426963099339
Cd177 8.34962699286364 4.18125364672904 4.13124310015175
Casp8 9.75678338176791 4.88741844665761 4.45430437818185
Tmed5 10.5709139699701 7.02645593684684 6.03390600927766
F11r 12.1396861374846 6.5055215841932 5.79480831876852
Eva1a 8.74419904985229 4.770511540392 4.50452460994911
Mfap3 11.424323136373 7.88037193659251 7.60001803283179
Reep3 10.8117416298317 6.36928196909116 5.31354555696177
Tor4a 10.2205590701386 5.43201178155458 5.1706583089886
Trim34a 8.51637667451946 5.1260866902648 5.09613844951903
Trib1 10.0283426085731 6.44866338189249 6.30254570639615
Lpxn 10.7275528959061 4.82859689974967 4.37250190676823
Siglec5 8.28941632201165 3.87168554866685 3.85681070054414
Mylip 12.3911493278824 7.53618585633644 7.22262351672432
Fcrl1 9.22764356004362 5.30565730522113 5.17135145054316
Lifr 10.8658507374762 7.48728841664227 7.25103784225327
Csf1 9.86949876759856 6.0940603373145 5.85104779599824
P2ry6 11.5574667748729 4.4709838719685 4.27924517704145
Wsb1 12.1255060427543 7.89179396907216 6.61545213102342
H2-K1 12.7949568117272 8.77232937773806 6.56370994801117
Slc3a2 12.5974908597412 9.14502088704551 8.08447159107312
Tgfbr2 12.4393744689228 5.88826805778935 5.7895874869457
Prpf4b 10.0168384764663 6.53676870259595 5.9548678544577
Ceacam1 8.80282175058088 4.33884225517072 4.23677128298486
Mlph 9.57489838859243 5.26159907743286 4.98255534694809
Ncf1 8.88584686160739 5.28879341210443 5.20291099868488
Il13ra1 9.84239214017086 5.88072580625978 4.90013208164212
Adap2 10.5722797031115 5.32185144219623 5.29008170438464
Akr1b10 8.12473567494519 4.60963641699142 4.4228267087557
Lrba 12.2631508876539 8.85317132191829 6.86336726165218
Pld1 10.8239587790307 5.78019084169596 5.68075515164859
Pon2 9.33868555313833 5.54123395006285 4.6890852912856
Capn3 10.3369957490321 4.97429178472873 4.84763070558285
Gem 8.28519304309807 4.35370203500407 4.03771719239262
ND5 11.9277080301183 8.44209444654741 8.0057720982883
Rrbp1 12.1135184174842 8.09956127880634 6.66360224453645
Clk1 11.9522343163908 7.62157021907811 7.52913999631662
Vwa5a 10.3106484906387 6.60699653030125 5.03797508273385
Glul 11.9280143428985 7.42235060776196 7.09759987107735
Arrb2 11.4983554070217 8.07074215900206 7.26956769477081
Pros1 11.4603712254362 5.17928993328148 5.16875519447883
Ifih1 8.92117937270675 5.29024738311554 4.75074622844939
Rin2 10.1168098461982 6.10152166931531 5.93455396139334
Tifa 10.8074268423842 5.98194964989877 5.88927259674649
Arhgap17 10.9767981793134 5.26298770784472 5.21554162556694
Phgdh 11.0749094502032 7.62468126419823 6.925725898348
Parp12 9.49139397984138 4.8685662264874 4.7973230149213
Trim47 10.0791566495733 5.17189973705744 4.97808136683987
Lgals3 9.11302237976578 4.79076475568059 4.73403674343321
Ddx26b 12.2044872770196 7.92222188823546 7.66373344634895
Slc25a45 10.8173200145939 6.15494112057501 6.11458654134139
Plcg2 11.1549584884923 7.08835293762927 6.68260928169158
Ccdc93 11.5481832070344 8.05867511816564 7.98048616508472
Mlxip 11.0084570885722 7.21885146007991 6.80433760329407
Sash3 11.249005723635 5.90219235731348 5.2691579317065
Themis2 9.99513496121799 5.21608506540285 5.02488086011025
Smo 8.93859914159649 5.28752097494663 5.2460056008122
Mpeg1 13.5931395335038 6.2468272049101 5.807796671543
Hspa1b 12.7002530870076 7.71355080380494 6.65118673858344
Xist 12.7596727744674 4.40482813019372 4.24752215573449
Cd48 9.95999221182058 5.17652226301172 4.63743277284086
Akna 10.7072692564892 4.96560161793263 4.89709752443173
2810474O19Rik 10.3199763689726 6.96908873939916 5.9511155569592
Sult1a1 9.98708391284936 5.05014395588488 4.8610152004125
Fes 10.5551239260507 5.96485892760851 5.88307527026552
Cep152 9.74520694836984 5.55408501662793 5.19215670398014
B2m 13.1894322739796 9.47311643573335 7.44719502835642
Gsap 7.44197811103801 4.11331578664484 3.9541963669546
Ccrl2 11.3826980615646 5.7452795150091 5.35810323126639
Lcn2 12.0118513639671 4.61194719265171 4.41881793456115
Hbb-b2 7.88283645776123 4.16251252287788 4.09511668194754
Gimap6 8.28531118681062 4.62778321501608 4.57800828715989
Myo1g 9.24155609377298 5.00038049276156 4.94741344904013
Tmem173 11.0989726590541 6.20537941907 5.99205182754781
BC028528 8.76172624772281 4.99522359236555 4.9947261341581
AF251705 11.9378287827213 6.78102246482787 6.39633298142542
Hmha1 10.4292840746509 5.67472593071933 5.67055938423121
Rreb1 9.67685838321431 5.735854972215 5.07923475671254
Gmip 10.0312950363764 6.23845962495123 5.6587005543333
Nckap1l 11.1514517971807 6.64481689330524 5.27352289451486
Abcc3 9.68880748830503 5.30159338226048 4.98212352366555
Rhoh 10.6886747062572 5.10969797717479 4.82800571769643
1700017B05Rik 11.7630363477309 5.74698412645523 5.47134645881476
Srgap2 11.7876768649285 8.33482236895791 8.30830491269418
2810043O03Rik 8.26904649519335 4.16286822083732 4.06031692435651
Gusb 11.4166507135997 6.4640928651905 5.1438875111851
Lair1 10.6341607739461 4.76761849891166 4.67594041724215
P2ry12 12.3417720061336 4.81972760880354 4.7411741890832
Apoe 11.813606877339 8.10797935939921 7.60840615064872
Epb4.1l2 12.5141878325852 7.23152729367696 6.26443910196871
Pld4 12.0162068213804 5.31040769149089 5.2851418131493
Lrrfip1 10.7165591037594 5.44749447558064 5.39896970988972
AU020206 9.7250304187546 5.6068451944357 5.22971864508096
Fermt3 11.255187597153 4.81400598908625 4.61004335838504
Tgif2 9.91494649369466 6.2094325668438 5.92370483050951
Ankrd44 11.6555430067368 8.2281315732028 5.71175213582498
Kctd12 12.2024123826132 8.54001928246512 6.60485560280939
H2-Aa 10.95884712019 4.69025320867924 4.5904039838411
Fam105a 11.8141138102905 8.42737096475432 7.5227794011251
Cpne3 9.53740558386254 5.86989581233757 5.66891690606492
Herpud1 12.561534184029 8.49718878290943 7.51119543129686
Cd300a 9.78331319123392 4.94747345651551 4.82319499049254
Tmem71 7.74769305584135 4.26740131796485 4.18603672841565
Lyz1 12.291433368859 4.92543651114493 4.45788399205301
Zfp110 10.6328144276245 7.0133253978011 6.53345370136483
Clcf1 8.66818372368241 4.0629973272331 3.82520943296211
Adrb2 8.06163788196254 4.36368198284709 4.36009905123235
Hmgb2 9.11494801820282 5.63212608469681 5.57254925348293
Lrrk1 9.00233842375518 4.86224226502733 4.64663509097824
Zfp36l2 12.4844215051541 7.08040033837623 6.39844289758476
Il10ra 11.9204835825207 5.30017195404038 5.05113786066152
D530037H12Rik 10.2863068988974 4.22864523553353 3.93304652546954
Rab20 9.47961105235741 4.13684626317878 4.08044596591186
Slc9a3r1 10.4708123572034 7.04456250962326 6.62225433722358
Vim 8.23795736569226 4.52859329547419 4.27921342150835
Grn 13.5694893497197 8.80105462185825 7.43509730508656
Mavs 9.31586109517846 5.50227090496176 4.27598138044926
Bach1 11.8359025049111 7.8761230427731 7.168980161311
D9Ertd306e 8.17933645172779 4.11256755060657 3.93675536394028
C79242 8.37764848139916 4.58485392349868 4.42703399274608
Fam46c 12.3008656779841 6.95311697172751 4.72759206666221
Ctsa 12.9368651417016 9.31425805952449 8.61861124656057
Pald1 10.8157904216058 6.07289874192926 5.95347053246463
Ifngr1 12.0120817823602 7.44646747600892 7.22354866113402
Ucp2 10.9174179061083 6.92707067614623 6.84321485832848
Tcn2 12.1131223131962 6.73785821991309 6.10078781183174
Anxa1 10.0891907764378 4.6098422627363 4.17132002209727
Cmtm3 9.80544069396922 5.68660567386366 5.67416273459828
Ppp1r15a 12.6842681011032 8.15206580599965 7.27619974484411
Slc15a4 11.4134041549916 7.77550926921524 7.41471124369706
Dhrs3 10.8664384075394 7.07532091181865 6.37230255664362
Lrmp 8.72621364395205 4.61609806069181 4.37365377335814
Olfml3 13.5589885962411 6.26200719652068 6.20358856781323
Pla2g4a 9.54677550171969 5.2733446211056 5.05980191842794
Ncf2 10.9678841319022 5.70254494370202 5.6325881837374
Il7r 9.09542824054331 5.01863510813424 4.90210294753018
Ctss 14.0972400899769 7.62368916302958 7.2370475506706
Cd53 12.647448770815 5.40734446370329 5.35911330338704
Fcgr3 13.39521832835 6.21418817456446 5.92024318017031
Hps4 12.4456398299555 7.83397446646611 7.70161652786836
S100a9 12.5433488948648 4.82827865056954 4.77876002329931
Dusp1 14.1600590685473 9.57482257536177 9.20634814636501
Traf5 8.9887948057126 5.57861465521024 5.49347453329887
Hp 9.14524736055938 5.42808768957121 5.40920749921345
Lgmn 13.3423749152836 9.84140315460244 6.95635623328974
Klf2 13.0114488593516 5.32653354325099 5.0661348236034
Fcrls 13.5094801235154 5.87674578547735 5.70515880588801
Trip6 9.25539301100816 5.5750422474077 5.34419379886472
Tlr1 9.47210882993985 4.16302541053668 4.12526279245685
Selplg 13.4608296010201 6.73951672522676 6.51829192071752
Cd68 12.242490069775 7.33785641486492 5.03019989216659
Gpr65 7.84688309866013 4.2226236460722 3.89433115254867
Ebi3 9.21311913542791 5.87676123809196 5.52400942257551
Csf2rb2 9.41716750216967 4.52034980410678 4.34955915896484
Atf3 13.3007390383143 4.90849215639568 4.78383149046562
Il1b 8.73108304695802 5.33217048934808 5.26124320630075
C1qc 13.5863871767458 6.05087122080544 5.35871172752794
Chst7 10.9028652320415 6.17542337889662 5.59651569762084
Hck 11.677853867497 5.60163067607922 4.78299253543592
Gcnt1 8.17673933531389 4.35794987504556 4.31753630055962
Casp4 9.24666718666705 4.19410806250217 4.06644782709704
Lag3 9.95212609690159 5.71826259861199 5.6607742314757
Cxcl2 11.1862547067567 4.17953372239017 4.17897295331183
Ltf 12.2109361391241 7.52627884863529 6.20930159803258
Cx3cr1 12.8661645891936 5.73633048907046 5.61685808091188
H2-D1 12.6018887958776 8.90839238256519 6.48105653934281
Stab1 10.8319181809469 5.64410422802314 5.37766056844026
Evi2a 12.5292457386737 6.5594916574067 6.26627195042775
Il6 8.39447282799593 3.91843381979311 3.83662682301775
Pdgfb 10.784427213788 6.3094188784502 6.17518117019006
Mrc1 8.63837955832117 4.21435236046321 4.11609452879839
Cd33 8.8986929970054 5.03408748852499 4.91341398229877
Itgb2 11.8272052895604 4.8277097297417 4.63116686897595
Rgl2 11.1123727065015 7.33644670568432 6.95842494885326
Psmb9 9.34845122497028 5.93931120039728 5.77592528799626
Adamts1 11.3594540869076 5.60659197516 5.39656696841517
Ang 8.39410428367088 4.14175725931129 4.13270592096225
Sh2b2 9.22244603896785 4.66039551385462 4.62690538419634
Tyrobp 12.8882077765556 5.92861160716314 5.87287383801564
Ptplad2 9.53045279911964 5.47996610713217 5.46901020877639
Slc29a3 11.671269772336 5.67632055443024 5.51151826370769
Pbxip1 10.4089275516797 6.39200735584395 6.35671893739825
Emr1 12.7324162108168 5.57597583034498 5.42251340794052
Nrros 12.2035612900789 6.13075871294062 5.50280916508752
Tmem119 13.7062504747088 6.09665383080002 6.03609092561287
Pnpla7 10.5567704595249 5.86677236526525 5.37479036292337
1810011O10Rik 8.23549028637786 4.3554525864717 4.30457819784213
Parp14 9.29651035265735 5.15073509521494 5.07887301381048
Havcr2 10.6395343238155 4.54115785113776 4.40991258999489
Alas2 10.1192139258561 5.0221228388347 5.01172788744299
Cmtm7 10.2158890607314 5.17386563183837 5.11754094805258
Mafb 10.9468667556878 5.75563362461808 4.992263409774
Apobec1 9.55069814656581 5.38665461756159 5.33382978543849
Blnk 11.7867853033936 5.65734488378914 5.57324402563734
Tmcc3 9.49652683269657 5.35437725778814 4.90780034388425
Notch2 11.0904077018543 6.61541889517867 5.87169738722543
Alox5ap 12.5576931349978 7.62863099689419 6.11311833759232
Fyb 11.7070682335866 6.06586660267653 6.04873985945374
Sepp1 13.7057662789234 9.058259663794 8.12231720633497
Ctla2b 9.98817720392032 4.48485223551046 4.25253023597077
Hspa1a 11.8296568285311 6.05116161370001 5.69153948597137
Zfp36 13.4710413836478 6.28048005678819 5.70493904129854
Abhd15 10.2572440975652 4.83350385947504 4.8125678908002
Cyba 11.7795222099381 5.34775544880762 5.07744504848619
Wasf2 12.354976901621 7.46402499484499 6.61512950588974
Ptpn6 11.5568573976642 6.65654801953644 6.64079654294238
4833441D16Rik 9.111877090883 5.07456672963114 4.59487384319159
Tec 10.1464631671626 5.60196853198823 5.0248127834072
Cd52 8.87459768254704 5.21682140984132 4.68732549229158
Irf5 10.4986359523617 6.17941770644529 5.78442175011413
Wdr81 11.497830880817 7.90399413272221 7.59805798241995
Naip2 10.6906973938164 4.57040220590098 4.48428645678822
Anxa3 12.8939144704404 5.47217766824842 5.32333412139005
