Tppp3 10.6095644520264 6.98533685394934 6.08051980038777
Hspb8 10.3111796656594 6.17824197368438 6.0208250481719
Shd 9.75196020814051 6.27452013161087 6.16256374489766
Trpc3 11.1760872362626 6.31362664764862 5.56322095844606
Sncg 10.2579472200085 5.12824159283783 4.57738507879294
Ufsp1 9.9597300812035 6.495102837781 6.43641334514769
Resp18 11.4708452209006 6.62444128857815 4.67646062265379
Unc119 11.3341725939914 7.02334220881599 6.61144362054135
Cxcl14 10.8989313612432 6.02487296284843 4.52680114628922
Pcbd1 11.9518375526459 7.25952833363346 6.60780225297392
Hebp2 9.83731119316302 6.46988049076432 5.94245234103507
Mt3 12.0880395435769 8.46712320541422 7.21445085508407
Sln 8.87798342214744 4.92783534941212 4.76327234320471
Ngfr 9.61547782245055 6.24979535685901 5.82337650571833
Elavl2 11.8290469985585 7.99367609354695 4.10090376611033
Slc18a3 11.499183432934 5.20727556019295 4.76913686055883
Ecel1 11.6263184424628 6.87805265870543 6.14396771046237
Ache 11.6408769206902 6.70899632544361 6.23133633212406
Cartpt 9.41909584519271 6.07165205673943 5.01627617479518
Stmn2 11.2677446272363 7.5403554619729 4.5170715092632
Zic3 8.92379468926038 5.27167899558728 4.54673436721223
Zic1 11.8115318782944 6.6453132203647 4.78259312991831
Dner 11.7600006233233 8.4145438174471 4.60274384232764
Tspan17 10.2673558464305 6.42401732004119 5.14050439860481
Wif1 7.76378806086366 3.90783675819644 3.86909130851906
Lhx8 12.0766196879855 6.37114144670542 4.17942884592345
Cda 9.14361203192943 5.74141528071531 5.49621804881984
Hopx 10.6367189101918 6.55737837110877 5.98497204169673
Mela 9.92797255491494 4.568251394802 4.43724692178199
Tacr3 9.23011299918996 5.18307966479597 4.44180621849592
Arhgdig 12.0727804194228 8.67937411893544 5.62409610379546
Gpx3 10.7499082120009 6.52733719416105 6.44775586302139
Fkbp1b 11.9223058174224 7.63948261348617 6.22266460656391
Hcn3 9.96926855682133 6.49709917862605 6.42551574806264
Crabp2 10.3274019625677 5.802714991621 5.10097789925837
Adcy2 11.7540194128276 8.24076351387309 6.4522230616304
