Golm1 13.2088860971046 6.82083407333461 6.29831966110573
Dusp6 12.1106891877544 8.60391646931804 5.21177446747008
Sgpl1 9.65202662527855 6.06727616009273 5.38258126630279
Junb 11.5348729987463 6.45706810193168 5.55896323559451
Marcksl1 12.2032928390954 8.4948019671066 8.16945924831299
Lcp1 11.8379992138945 6.23554627987506 4.4833877834589
Txnip 13.6791294028158 6.2018622621551 6.05796722614255
Cd9 11.7732224133317 6.21675630987403 5.94899943807869
Tpst2 11.0906169506107 7.72051702987601 7.57766491610626
Cd83 13.1517119399809 8.26293172966363 5.83129512531612
Mmp2 8.7922296541492 5.23608821265271 5.17931118419218
Sipa1 11.0491157826369 6.68880620157327 6.58302538568973
Coro1a 12.5292545103329 9.04594513270746 8.68208305991251
Btg2 11.4551013031419 5.96473276255208 5.8776717456707
Tnfaip2 9.10265124910753 4.37822665435191 4.35930575174188
Litaf 12.4983539473891 6.90675935930152 6.78249122222256
Cyfip1 12.6467245474294 8.30320707621476 7.08200904718223
Lamp2 11.6194145923605 7.63592796120228 6.21811540625525
Snx18 11.9053155899221 8.3209843362611 7.91051808606296
Ctsc 12.6316085285889 4.53688019332931 4.50034870996282
Cd82 9.3157369854898 5.69205897637996 5.49176256684938
Tubb6 9.85242182153089 5.76623535069204 5.62190254117166
Ier2 13.4110457696294 7.35348384456859 5.88934959680671
Nr4a1 12.062949010541 8.40569412262727 7.52802949169972
Rab32 7.66476517985337 4.31515489561321 3.95438040828513
Pnp 12.8858417164647 8.70277519789855 7.59039926510532
Nfe2l2 11.3582431578503 5.98179616730237 5.68323878855819
Socs3 12.872389729541 4.20232230018 4.0259763907386
Sparc 11.7641395212327 6.11063411004828 5.42904917861159
Scamp2 12.177112436192 6.60222711204744 6.57306095813625
Acss1 9.88171693983298 6.13278750617363 5.20042787541222
4632428N05Rik 13.023417651154 5.16901777966434 4.86801568709293
Slc2a5 10.7420519945533 6.4991838139948 6.29979140142172
Afp 8.25927872186671 4.59336368851086 3.88829262635544
Clic1 11.3149596683149 6.44512826405692 5.513651406624
Plxnb2 11.1948611499116 6.63177834591175 5.86475202805494
Irf8 12.5830920544812 6.33071512325952 5.42940518739141
Mical1 8.6259861168379 5.18330179558537 4.9923575356777
Tbxas1 9.82110086955256 6.12049776310112 5.90061963961711
Slc39a8 8.53981315614105 4.31544344505976 3.89950410443047
Parvg 10.3515058485033 5.88209279316432 5.54937242077601
Mcl1 12.2087835671601 7.51606449577383 7.01371687013673
Rps6ka1 12.4350911117328 7.33000520283056 6.67695339062577
Parp9 9.59737310164525 5.41341606085061 5.20863766577398
Tnfaip8 10.0379616559435 5.52771236744181 5.06976242212727
Mfng 10.0773132550699 5.71368731958517 5.5815335040296
Slc40a1 11.6104164701375 5.76952426430412 4.9917524783643
C1qb 13.334449855087 4.40156689763776 4.09539130835721
Cyp4v3 11.0641916928349 5.81553273722174 5.23510566015803
Qk 12.3204870335934 8.74900208285505 8.65939865869136
Syngr2 11.4772980236412 5.18126778911455 5.01340723980307
Pmp22 12.2561794765965 7.769833659766 6.40103347166373
Igtp 10.5922785032095 7.21252215207357 6.10232412785244
Ccl6 10.2968696260595 4.57975115488038 4.49617690273068
Cd14 13.2858211222074 6.15061962351291 5.90020776849553
Tnfrsf1a 11.3648373358369 7.08625874514588 6.91909029222457
Tob2 11.2110342965434 7.54667489013684 6.88819665664692
Pycard 11.7476509071618 5.91826230299194 5.5049478913575
C1qa 13.2023340640432 6.45481869634257 5.83103457672368
Il16 10.5721616851226 5.42399632781825 5.35744187211974
Slc7a7 10.8083190565862 5.29904520466139 5.210127494276
Klf4 12.6915189251281 5.12381136646505 5.11632341590291
Jun 13.1617299805308 7.29356573991073 5.86734685249994
Srgn 13.2068622416084 6.07138474405814 5.11752488655649
Myh9 12.4734956086251 8.05047192171705 6.77926388834916
Nfkbiz 12.6004495355117 4.9551380444848 4.50506095834337
Tgm2 11.642946111078 6.30646337614471 5.94502658262278
Plek 13.0477422121131 7.88951086898572 7.34403905974813
Itgb5 13.2913066952736 5.0002839730334 4.880329024483
Elf1 9.02649072365098 5.01778526520168 4.69828071325357
Cln3 9.8253822565093 6.20894122120758 5.99581584054211
Rgs1 11.0898478208524 4.50720093751992 4.36652174422205
Tmem37 9.69660450980894 6.33349947682941 6.09032975068089
Rac2 9.65733636411487 6.09223583868422 5.89737074061061
Nfatc1 9.99637924524422 6.26061912527259 6.12315893119988
Snx5 12.5389716579728 9.03669435915899 8.29271357280408
Elk3 10.437348137504 4.76835056025643 4.72775186947937
Soat1 8.97247350232105 5.44351387320164 5.39064122668657
Laptm5 13.2497958585741 5.68228860473728 5.58904123889866
Ptgr1 9.97812873947007 5.50345382529864 5.15863444439515
Serinc3 10.9280820038238 7.60447795190036 7.0166301820172
Ctsz 13.0485403305481 8.69442438115541 8.04384050366064
Fcgr1 12.2838802885119 5.09494635977747 4.75172554557694
Slc16a6 11.5411253999105 7.24528917523216 7.18707252739094
Pdlim4 9.52654344568754 4.78539872420665 4.51290001698082
Ccl9 11.3508771596472 4.94362552139615 4.86234774065289
Trim30a 9.8600658104235 5.28850387743567 5.1669008736178
B4galt1 10.9185743862039 6.16620370812023 5.89739417470504
Nrp1 10.5845017423768 6.71154787922873 5.30428957231388
Tnfrsf1b 11.7294024065306 5.99919329125054 5.76157495184425
Inpp5d 12.4783900860876 6.7200231919155 6.30679456872715
Tlr4 9.37755048286687 4.52177188459572 4.31143514237895
Pmaip1 7.91264692829158 4.34924415505959 4.04020479335252
Aif1 11.8099905233592 6.6567272109699 5.79533190533173
Il15 7.680079358248 4.30747780666388 4.07688730613823
Lims1 11.3950265345756 7.5622270248707 7.30749632737811
Gbp2 7.75131948277657 4.40930892756199 4.21545531220844
Syk 11.1736838971837 5.84496415640638 5.79485288484969
Klf6 12.1197284009329 8.07505876299209 6.16462440036961
Crybb1 12.2532048432707 6.52686833947357 6.3133021474334
Fcer1g 12.6825054501545 5.96001643143169 5.79289678585894
Ctsh 12.8742742032151 5.36613228563385 5.25986316073181
Gpsm3 9.5878408034758 5.42237417496847 5.2822982547014
Dusp16 10.6289677446979 7.25916850181416 6.85903890794542
Ncf4 10.7305401881173 5.0606679332998 5.03989376583103
Ggta1 10.3021085784473 4.23216855215771 4.11479975753538
Calcrl 7.87647545215041 4.42421607952315 3.7733158566328
Lcp2 10.4299333406719 5.08112208766833 4.83844181762639
Ngp 12.2995043542679 5.37649531825656 5.22324548610411
Spi1 10.3859436109085 5.96329897117299 5.84431253025753
Atp7a 10.1676606708827 6.08927386161454 5.89687864602796
Csf3r 10.5303261448833 5.19896145931345 5.19704549162656
Ms4a6b 11.2757685053458 4.84867442987921 4.6311219446299
Hcls1 8.63630419546985 4.94839140158258 4.68213610061298
Abcb1b 7.97869555224804 4.63458585405341 4.4995590511814
Pabpc1 11.2298634617249 4.26265290503098 4.07785064060786
Cebpb 11.6743509032076 7.53570887659698 7.28055229625706
Plxdc2 12.0529683323577 6.61022892925476 6.27724146734015
Cxcl10 9.7662958946731 5.29107478168936 5.22069701490453
Maff 10.1052633096456 6.29894289239861 5.84887869343929
Cysltr1 9.23363767777187 3.98336737388288 3.88283432807245
Cebpa 9.78114583046527 6.17577803480572 5.42973587015132
Cttnbp2nl 11.7692220388043 6.88502489880894 5.60590752432817
Lyl1 10.013448973115 4.97926709769891 4.90811992023972
Ptpn18 10.350655093353 6.32546803542576 5.96529776579967
Tlr2 11.864186632689 5.57931170818309 5.38137424711549
Serpine1 9.57269546409715 5.23667498038081 4.83952045605029
Mlxipl 10.5927739153422 4.86560692916025 4.83395286185297
Cd37 10.9462016903761 5.60906656848579 5.41079307822716
Map3k8 10.1917146557049 4.80813238300608 4.76535526210822
Myd88 10.7885966963584 5.97375832232533 5.45740879526708
Ccl12 10.4751595691536 4.77371039015854 4.50621877092298
Jam2 8.91486266868458 5.29336824363673 5.15796234145403
Arhgap4 9.38418443524174 5.38424656406609 5.17636385836442
H2-Oa 8.62773488286702 5.12437096950189 4.81213744381273
Pon3 9.10935515291671 4.23491083547334 4.18878237058478
Slamf9 11.2066876411094 6.2629301582611 6.15329852717758
S100a8 12.9638824039872 4.92485686141798 4.85653828766583
Il10rb 10.594105170653 6.77565667566108 5.31358359320867
C3ar1 11.6182149621142 5.45664222730615 5.38898090982484
Ripk1 10.1083880816926 5.56476789394551 5.24193835849105
Fgd2 12.1293203269256 5.89104763679684 5.82137262778684
Rela 11.9778670098948 7.09641700029078 7.0910667745971
Ccl3 13.5496556060224 4.61354800104508 4.58899851667911
Ttc28 8.89711926518713 5.49922736672771 5.19506861109718
Ms4a6d 11.498084859003 4.77625736525417 4.52480635813549
Tnf 9.85321288324176 6.38626487098673 6.15304125467503
Ier3 13.5855914649438 9.94367814777843 7.4872637819958
Myo1c 9.73710513549219 6.36175892225972 6.31924710454693
Nupr1 9.98636391280088 5.84104136515577 5.71585635103849
Camp 11.8351935968853 5.46798927214326 5.4031092916998
Ltc4s 9.75785052472813 6.08137539015896 6.03955049539788
Klk8 10.1637978906065 5.76766975740357 5.57370901310863
Chil3 10.6986949112657 3.97408173400779 3.95537319304912
Arap3 10.0084235335535 5.1252365465726 4.27210311627873
Tlr7 11.1690114771889 4.94539952760937 4.68679407712464
Csf1r 14.0292728577336 7.04093007528054 6.98774453725047
Trim25 10.7654788423984 7.31232937635796 5.56799007836858
Hpgd 11.9284845304822 6.76979488263324 5.31387882766459
Rab3il1 10.4344246472987 6.89611306808428 6.16972379856128
Mcm3 8.86157244294894 5.17651165924102 4.82459957950675
Nfkbia 13.559771287797 10.0953708893295 9.70318246219789
Gdap10 8.70005361056442 4.42768813698483 4.31975773967268
Slc11a1 11.348119903574 5.4699578034034 5.26506378883682
Hnrnpa2b1 10.3678589554357 6.76136538214278 5.76311933582948
Ccl2 9.39365889899599 5.35448487974911 5.06704043775693
Cd86 11.7078926817195 5.26527999733531 4.90887253921905
Prkd3 9.75622982659752 5.98459469430494 5.14686016727592
Gpr84 11.5922078227709 5.53104771589673 5.37538467626687
Vamp8 11.7887532870376 6.5441648880784 5.98629632369371
Tcirg1 11.327613036728 6.8721797416179 6.52615663183178
Sqrdl 11.0525062877998 7.30606649982643 5.96568017409805
Trim12a 8.60607054794922 4.23603850556947 4.23207686209394
Slc15a3 11.5031029092383 5.50274507708573 5.3323207685692
Clec7a 9.10343532556032 5.00223470633854 4.70521111852009
Rel 9.37584581713377 4.98741218200015 4.94074526861301
Tsc22d3 11.4805096636109 7.54232441942005 6.18560544266617
Sla 12.412369723073 6.02545656154731 5.21826896651867
Tgfbr1 13.4953964323281 6.87317702369105 6.2371728548209
Snap23 8.30473877019984 4.88853647581237 4.32805260236864
St6gal1 11.5626489698514 7.62987125199498 7.37705973489669
Asph 11.1601915655921 7.04133393555932 6.35342132302862
Adcy7 12.0401852065097 7.02109213543566 5.32820860829933
Rbm39 10.3141735206265 6.6396281143113 5.67714116877462
Rsad2 9.60114008128317 6.18729210176562 5.75242868079058
Gpr56 11.1072648016331 7.12446997326047 6.97128944321103
Lgals9 9.7144470271434 5.40403208465729 5.24773253273794
Trem2 11.3744113100813 6.47124118867746 6.2495448451459
Gna15 8.98838653928669 5.36639252558397 5.3403101523176
Myo7a 9.61175632860521 5.99126595526115 5.65534021984435
Birc3 10.6680989517335 6.49990587512765 6.09588340030766
Igsf6 8.76352354526292 4.41656433022639 4.38606419572464
Samsn1 9.02117009275432 5.19660868302048 4.60509705150676
Il1a 10.5627537042988 4.19216514002615 4.0443799879094
Hpgds 9.22555193578103 5.29938851059888 5.19589813949846
Naip5 11.1748062850229 4.46016190615928 4.33733977242072
Ccl4 12.655502757357 5.81298704341891 5.78244561177719
Itpr2 10.9235418495534 5.81643199414621 5.53262415408807
Stat6 10.5002673668222 6.28657326957886 5.93281873767225
Phxr1 9.55428321825257 5.68907609764777 5.6753234192658
Tapbp 11.453866406777 8.0936437713538 7.16648951392487
Msn 10.934809568914 6.00782053755825 5.89402217955954
Abca1 12.0522527378122 6.52143341981998 6.0492696081666
Adam17 10.5698610751329 6.12365383788454 5.68441109282993
Dapp1 10.6616079104408 5.25636970429896 4.99686771215499
Clec4a2 10.2600474435221 4.91912398627727 4.63555796384319
Fli1 10.0941254445629 4.0325881963892 4.00958713951772
Ets1 9.55277010530181 4.38926979286716 4.22675981108087
Ptprc 12.5235480291392 4.68987291135017 4.41175398015267
Fosb 11.9510983205342 6.5969516919536 4.62894776574224
Ccr5 11.7396919362898 4.66191186746572 4.62169511098608
Il6ra 12.6715970650916 5.80535778692847 5.77934190661566
Phxr4 9.18649240397513 5.46298034148418 5.42917867729884
Tgif1 8.50945088524124 4.62406958527966 4.2907424025391
Pla2g15 12.3259450180791 7.99840807375199 7.15598465492157
Itga6 11.5653613108728 6.10093636396998 5.98976132723678
Ifi30 11.3781163789488 7.04703493674902 5.45936495151966
Zfp36l1 12.7051334383384 6.35898426440675 5.66313796229518
Id2 12.2032928390954 8.35828616880895 7.51967957998585
Gpr34 12.096128861767 4.01627191234874 3.68344199384434
Rrad 10.1172735062529 5.62046062465762 5.23599980819865
Cr1l 11.7633356155962 8.04376464714977 7.82489101529493
Ndel1 9.39722597598048 4.39597923149702 4.25219504157185
Rhog 11.2153941245626 7.00238773205133 6.81776130096717
Rnase4 13.1184612117893 5.80870468173254 5.04386143696801
Hk2 12.3862706589026 6.03496230248095 5.98559276777822
Fam111a 8.63296054191287 4.83656745314012 4.41494355840944
Hfe 11.337741662807 6.808951282324 4.93420572871071
Naalad2 9.76797067590899 5.48112849944928 5.36253236788104
Pik3cg 10.1956130518895 5.26221257089708 5.12881031203441
Zeb2 11.4200634065622 6.41885618134686 5.35050804539504
Btk 9.78197374603171 5.60543790231143 5.30203090370929
Tlr3 9.64446847867037 5.59312404772452 5.19515492733088
Dock2 8.92972325318732 5.33019505211768 5.0373248221753
Prkcd 11.3204144141644 7.90697959190541 6.32215172652459
Mertk 13.1217916703296 5.67390197471248 5.52844521422269
Cd84 9.78822716908046 4.80679485846617 4.78257346448546
Ly86 13.8305038298173 5.99362203510426 5.38188628456944
Vav1 10.4293295887311 4.37269876286585 4.31892872123407
Pag1 12.7340021971061 8.06270162143801 7.67110699348544
Fos 13.9437278525404 8.51696757625784 7.71896339472991
Cfh 11.031443374587 4.1615082335914 3.62219760902798
Tnfrsf13b 9.62154101704082 4.49957230509796 4.40230787339025
Cebpd 10.4638830746908 5.36843176835272 4.54308350774859
Luc7l2 10.585512343916 5.62280583533691 5.26363778361607
Hhex 10.1791275378831 5.23945142526143 4.9976809428877
Entpd1 9.37032387449548 5.48357561406878 4.48025805657973
Ptgs1 12.2066936221392 5.2348318724357 5.19436264684335
Stk17b 9.76929078464475 5.47832922145204 5.42092149480391
Frrs1 10.4433587610755 4.92121747229964 4.88055174839173
Lyz2 12.4203041170638 6.20913165887125 5.9612678121667
Ssfa2 10.5053173268952 6.76882995966525 5.97770137983553
Ccnl1 12.9368942943523 7.76134404732917 7.27090515700385
Galnt4 9.34294526677315 4.88485381952189 4.66425855122441
Ctc1 11.684666568769 7.43766068978747 7.13385340741313
Unc93b1 11.4209147437175 6.26935637366512 6.14459948985909
Mob1a 11.6102028819568 7.61767927039256 7.39963006333701
Cmtm6 12.3089984078596 6.55692862843191 6.44228951625003
Sfpq 11.5973070285364 5.59838558972227 5.25176651918758
Wls 8.2518542645957 4.666101375978 4.60445885613713
Tmem63a 11.3090792003542 7.23869683113499 6.8346006675453
Tspan14 11.1207155751017 6.97954998944776 6.92014731298488
Lpcat3 11.5785330904885 7.02470645332112 6.78504726537902
Pxn 11.8707334790657 6.82986362890032 6.19292914487071
Hvcn1 10.2816397991105 6.42677805677709 5.33911720633044
Srsf7 12.2179384855055 8.74209394985321 8.58296578704307
Edem1 10.6216568370496 6.27719797754765 4.84616659510081
Icam1 12.0685839298591 4.89929089132694 4.72633295729645
Ptbp3 11.2472405918636 7.9234749730881 6.50944380098425
Oaf 8.51310185570322 5.13828736980207 4.78180724377185
Prkab1 10.8355194367992 6.99078565310577 6.87497930904163
Cdt1 9.6678556721059 6.29621002157882 5.73557310967271
Rbl1 8.55134046564386 4.602173720054 4.48389764412
Rcsd1 12.2491457547791 6.77483761388249 6.52914983716104
Tmem140 8.43942036859799 4.66345400742956 4.55937401603505
0610040J01Rik 10.7636422265407 5.64746942059851 5.46627865948713
Cklf 11.3887159381797 6.19146552530761 5.43412796076083
Cd177 7.89852531580111 4.21170329366524 4.12649818730949
Casp8 9.83466998065678 4.93124563075314 4.72528430573655
Tmed5 10.6438973211329 7.09709796690024 6.05009939427327
F11r 12.1660086110926 6.33824178863187 5.78311561045811
Eva1a 8.59272796994992 4.68224749837352 4.46471098376108
Mfap3 11.5292136076852 7.93431594315025 7.42000681042716
Reep3 10.7838089345004 6.40807573336972 5.46594980112777
Tor4a 10.3275630348071 5.47294648228411 5.32264965261447
Trim34a 8.56320405975431 5.07767788296727 4.9466197959813
Trib1 9.86087216117656 6.49520206160582 6.1825402964613
Lpxn 10.7589192457976 4.53891723871325 4.29895515892531
Siglec5 8.37803746411404 3.88043659136841 3.86867974367659
Mylip 12.4448215476567 7.49584990844619 7.28412855500398
Fcrl1 9.2345619860761 5.26188456862596 5.21526650802151
Lifr 10.773092535359 7.36188658696398 7.24394009332974
Csf1 9.70224927506678 6.12045947271334 6.05678425642294
P2ry6 11.5687601975602 4.46202459223236 4.39406512060989
Wsb1 12.2689369964062 7.82464702787181 6.33199145670756
H2-K1 12.8220187202518 8.94429480960807 6.55164222483514
Tgfbr2 12.4852370462276 5.76907431410674 5.27225550507932
Prpf4b 10.1625902874336 6.66076635858193 6.18530333573053
Ceacam1 8.89348245863094 4.35131756214379 4.15014331796174
Mlph 9.42445206203504 5.26590669461031 5.19743310223236
Ncf1 8.82497080443061 5.38663347665794 5.17396309070786
Il13ra1 9.86451620775328 5.7591394114112 4.99635898306497
Adap2 10.5685173068896 5.35851147401155 5.22513299937073
Akr1b10 8.35011600348348 4.43667237492552 4.42715003423418
Lrba 12.2919124748407 8.88759400973302 7.09317411881536
Pld1 10.7972506121956 5.83239191493864 5.51317899791189
Pon2 9.31355681171094 5.25327203533769 4.75761150673341
Ggnbp2 9.14383515526131 5.55495961238714 5.1967006555453
Capn3 10.5561819143241 4.76430780024854 4.55971220095716
Gem 8.23875211178378 4.67109077303656 4.09479141779184
ND5 12.0185280894261 8.10845892432839 7.83435314323411
Rrbp1 12.1145818395139 8.01803649954095 6.6420175998858
Clk1 11.9513540021191 7.6671141701476 7.62952258786607
Vwa5a 10.3889653824051 6.6959364509727 5.02786790578776
Glul 11.7849610224289 7.36512928381011 6.86401871769097
Arrb2 11.4717203569511 7.87939719439341 7.22564215221412
Pros1 11.415313090188 5.46098707919811 5.1730280769394
Ifih1 8.88841546660143 5.25246874026361 5.01777554132894
Rin2 10.0137972126995 5.92111734857263 5.7819579022738
Tifa 10.6723597482397 6.05582498263255 5.96655223489609
Arhgap17 11.1079285558079 5.26280491457746 5.17521936826869
Phgdh 10.9712292951051 7.4099428312292 6.88898152111556
Parp12 9.33903499881959 5.0092298641644 4.80986849867787
Trim47 10.0914805439239 5.30731616972501 4.96929472785702
Lgals3 8.39129093689733 4.71683433158575 4.67595772971599
Ddx26b 12.2468247856479 8.02217596843191 7.76784105363835
Slc25a45 10.8446724447982 6.34775104949066 6.06961675982276
Plcg2 11.1456382313506 7.01431330691323 6.68807433756921
Ccdc93 11.6280726820727 8.07243521294265 8.06199644050023
Mlxip 10.979316932642 7.24672916058583 6.72445466840849
Sash3 11.2827116875116 5.97463444498639 5.22378444783727
Themis2 10.0072343518523 5.27669134787257 5.03014446839939
Smo 8.90264219609323 5.24996169642147 5.07057388365886
Stard8 9.0910710928602 5.60191849095346 5.50450523610917
Mpeg1 13.5781184656323 5.90020092450693 5.78669849268699
Hspa1b 12.6715792604311 7.41368940273927 6.62105301390767
Xist 12.7814738520482 4.22768770416846 4.15724556138799
Cd48 10.0036336466823 4.73389849731809 4.59606055575673
Akna 10.6519382313125 4.98115487110721 4.91217674873458
Sult1a1 9.83315975441973 4.99810551480989 4.93028539311761
Fes 10.6453727108248 6.1491909146011 5.88208904568234
Cep152 9.46016705782019 5.54942767655423 5.49954198643069
B2m 13.1977909317878 9.67246839800683 7.45227121761717
Ccrl2 11.412796081801 5.71859123918318 5.30077404774823
Lcn2 11.5003470873269 4.40283225280126 4.3904008798363
Hbb-b2 7.85273730267384 4.13536231862981 4.070430636229
Gimap6 8.35675485784954 4.63325056447596 4.46503401422767
Myo1g 9.16480303343511 5.0230269498998 4.9869222466009
Tmem173 11.0209006256616 6.0449788977491 5.93910032671029
BC028528 8.86286621957845 5.01496991745227 4.75719486474101
AF251705 12.004730998868 6.77672181930464 6.35524621373984
Hmha1 10.4033953674837 5.68045378229796 5.64080160962133
Rreb1 9.70547877386974 5.72248423753176 5.28091340113044
Gmip 10.1713248884895 5.99216590718845 5.70711147214602
Nckap1l 11.1568327951404 6.56696752573177 5.50194701649096
Abcc3 9.76277744586897 5.09603922692001 4.95193779474722
Rhoh 10.549623104043 5.09025483489635 5.00568128373705
1700017B05Rik 11.7692217223209 5.84067583728518 5.43429133801429
Srgap2 11.8017176592162 8.40636675985558 8.34698222937226
2810043O03Rik 8.44135319965957 4.25686169845392 4.1154574519782
Gusb 11.5188785741544 6.53504504991854 5.08482147909856
Lair1 10.6130187631943 4.88537927507481 4.78336861137659
P2ry12 12.4746819840061 4.78007139140142 4.6452796758246
Apoe 11.4022383248619 7.83661978512787 7.53675857989292
Epb4.1l2 12.5141878325852 7.22640412680008 6.6787525558197
Pld4 12.0206051656766 5.57264919166389 5.28759684244979
Lrrfip1 10.9400431244598 5.57889824223478 5.47086071809277
AU020206 9.79188957346073 5.80721629111539 5.27519682275178
Fermt3 11.3312647513459 4.85932901749452 4.80832796607887
AW112010 8.18369323968373 4.78768075072592 4.72440301228287
Tgif2 9.99623865035626 6.1981628727371 6.04863628446915
Kctd12 12.185543532286 8.61120762649112 6.85247413501922
H2-Aa 10.7894269702174 4.75519541828672 4.54138652839835
Fam105a 11.8900076562701 8.41485140996486 7.78762536713497
Herpud1 12.5159313960105 8.52900936356808 7.49120156976173
Cd300a 9.88309640091064 5.14469009886031 4.83130100106789
Tmem71 7.88522201218847 4.22280102282476 4.20500424314502
Lyz1 12.1662559978148 4.55525656472556 4.39614751278744
Zfp110 10.6629985029049 6.81685068330322 6.50890529628984
Clcf1 8.65510766759181 4.31965351038885 3.82586397142302
Adrb2 8.04029829865073 4.42201735375998 4.21155296203815
Lrrk1 9.2169215889832 4.87833861903065 4.80767711781913
Zfp36l2 12.439882687873 7.0415521067645 5.91147975701143
Il10ra 11.9839212283458 5.34598819941922 4.64703060419274
Hexb 13.9346832426844 10.5121441130211 7.50428648599099
D530037H12Rik 10.2564249540948 4.19458013316506 4.03653082788802
Rab20 9.52042754395053 4.21182390671908 4.14630364073405
Slc9a3r1 10.4599610051368 6.99163292511285 6.50948369075494
Grn 13.5521140781199 8.75491724295059 7.42551321896341
Mavs 9.49021897689434 5.49994611597857 4.29215909695235
Bach1 11.8613788138478 7.83213552600792 7.15540823504794
D9Ertd306e 8.19945017537725 4.01079225317342 3.97929022880483
C79242 8.62864714756362 4.53105173802438 4.46805789770272
Fam46c 12.3550028613422 6.91851489964408 4.75180202404582
Ctsa 12.9509349108417 9.27338467581028 8.56677097833472
Pald1 10.9785325599872 5.98162624477907 5.80080640672362
Ifngr1 12.0357079893049 7.28391958742153 7.21465195908486
Ucp2 10.7968250077029 6.81301746830391 6.78827687854927
Tcn2 12.2009774284341 6.57184352658983 6.03610797811236
Anxa1 9.44951730885527 4.70238118403968 4.49726415159418
Cmtm3 9.86902934165744 5.6699391515814 5.63814054138618
Ppp1r15a 12.6949179793628 8.04336262767916 7.29753879814428
Slc15a4 11.2945119129819 7.86469621927823 7.41081976834227
Dhrs3 10.9504578835445 7.09634929391263 5.88524253103598
Lrmp 8.81165282774176 4.63325908170819 4.60094377964269
Olfml3 13.5847807250187 6.24425821734181 6.17830626783315
Pla2g4a 9.53408946100642 5.05058980337804 4.80490799624179
Ncf2 10.9263417405773 5.70776859484105 5.58232504632285
Il7r 9.24960705759555 5.06136252237007 4.91895602774296
Ctss 14.1436377001564 7.56551808470001 7.23229282151988
Cd53 12.7058528961117 5.42455877938243 5.2278081304917
Fcgr3 13.3678397073662 5.92763983509641 5.87206282985415
Hps4 12.4032005490264 7.96285838155898 7.6601593404679
S100a9 12.1512954978643 4.79214834733615 4.76477320119113
Dusp1 14.0972400899769 9.70041261511346 9.25852477619498
Traf5 8.95498899555541 5.60564946198978 5.42285729230172
Lgmn 13.3819300248455 9.72919108605881 7.02101002104287
Klf2 12.9546948291203 5.35956030747448 5.05219898505761
Fcrls 13.538343734353 5.72973244074837 5.69387825584392
Trip6 9.13109177292618 5.53447177386473 4.92977371483726
Tlr1 9.60520010506197 4.16059934641237 4.15469669436714
St3gal6 9.57804078151655 6.05761732032986 5.44716737389967
Selplg 13.5701528797604 6.67850956767766 6.47700080306894
Cd68 12.2655547644002 7.28764258796655 4.74146647139708
Gpr65 7.70886230022633 3.98534217801466 3.93969628250805
Ebi3 9.33772747039388 5.8239494219938 5.572472702087
Csf2rb2 9.47900201616068 4.54101262400857 4.30604958889205
Atf3 13.284073086988 4.95243522987152 4.89063632382646
C1qc 13.5961558255427 5.62586472989656 5.28653339260409
Chst7 10.8148655259312 5.99197380453422 5.62660220361895
Hck 11.7859620796645 5.52900498788213 4.72811480705642
Gcnt1 7.991253437913 4.33464579237075 4.29158715975515
Casp4 9.26315299804554 4.19594275494123 4.0690386894978
Ly96 8.91937274322914 5.07926575674101 4.20497648054347
Lag3 9.80016274610109 5.69748844286558 5.65105735610348
Cxcl2 10.7266031675695 4.18337107583374 4.17256627191386
Ltf 11.851175722853 7.5685042296524 6.19757114234281
Cx3cr1 12.8730629616277 5.55927796080451 5.44645269324591
H2-D1 12.6327304628196 8.92758258823207 6.39531380328901
Stab1 10.7605924600716 5.29729153276927 5.29149280708567
Evi2a 12.5942263303086 6.23078907532543 6.06362624437157
Il6 8.13911235858362 3.99307062923541 3.83644177910265
Pdgfb 10.7325445782435 6.4567319688637 6.16627956506796
Mrc1 7.99313411604932 4.34090579617919 4.1086457751618
Cd33 8.96248766850356 5.25921680736703 5.0013204329791
Itgb2 11.9243168449721 4.6491401718776 4.62672800264636
Rgl2 11.1504283303664 7.36483847280117 6.90619941499445
Psmb9 9.4278289264293 5.91691038294812 5.75920734904082
Adamts1 11.4689263478583 5.5838119462438 5.44684735705507
Ang 8.34675454689537 4.12089908709461 4.04839213902791
Sh2b2 9.2750055292418 4.56792434723142 4.53854964925951
Tyrobp 12.872201384089 5.86954046661447 5.46045925102219
Ptplad2 9.63872914137264 5.49181192266983 5.47934657263926
Slc29a3 11.7903703089593 5.8916273870331 5.52704901420092
Pbxip1 10.4609020888979 6.44360552000746 6.3791595191198
Emr1 12.7903721087621 5.57938594932611 5.34702598645698
Nrros 12.3097176638707 6.04344051544759 5.66653503720104
Tmem119 13.7335005220805 6.00044319484883 5.98162402782734
Pnpla7 10.5591266313939 5.98587887771075 5.41342495026285
1810011O10Rik 8.45121368033437 4.43427885385985 4.3708207849285
Slc46a3 9.89987469037992 6.18554670342377 6.00503973672289
Parp14 9.22364341007536 5.3237848177542 5.08277226600868
Havcr2 10.538253418377 4.53541329307413 4.20522459244613
Alas2 10.1462688588052 4.9954306388667 4.70688881122907
Cmtm7 10.4128713125775 5.1254268927272 5.03796512695335
Mafb 11.0489700121364 5.73757569140618 5.00433267127677
Apobec1 9.60585585332662 5.59559720830264 5.32037196667789
Blnk 11.8256575206264 6.02855153030724 5.54016965810006
Tmcc3 9.18215566840257 5.36805503397585 4.82983585076174
Notch2 10.9771741155417 6.69961073455887 5.8775359552139
Alox5ap 12.5974435879102 7.68014064756897 6.15208376641861
Fyb 11.6377216118874 6.06196414734019 6.04367906035773
Sepp1 13.7329438196343 8.76413263538153 8.11093061221191
Ctla2b 9.67840248028284 4.22295214546946 4.11843434530638
Sall3 9.65254474009787 6.25363288451073 6.17570916521128
Hspa1a 11.8173372899826 6.34992986514302 5.63179909343317
Slc37a2 8.79411898885638 5.22072604722972 5.21190568417077
Zfp36 13.4481818753213 6.29400894011803 5.88073625530197
Abhd15 9.85244350316464 4.97080145980773 4.81359562854853
Cyba 11.683487063587 5.70262682536163 5.09204544882843
Wasf2 12.4099034178626 7.42582109698416 6.67911357235717
Ptpn6 11.3447432428118 6.62531802148763 6.55571393134217
4833441D16Rik 9.44333514879099 4.73406459977262 4.63321502290196
Tec 10.193963488774 5.61272322976127 5.29573497374214
Cd52 8.77120540091781 5.27256465396993 4.63430036238151
Irf5 10.3658986193304 5.79197371644877 5.76900936809282
Wdr81 11.5953862047792 7.87138023117034 7.57845122094967
Klrd1 7.50002953623071 4.12849661821842 4.10743638433738
Naip2 10.6301514409205 4.61615971298144 4.49701954869508
Anxa3 12.8961234593997 5.43184326428479 5.36960112695392
