Tgfbi 10.1729708775644 5.01595165286319 4.55972966866785
Sgpl1 9.54910293773426 5.04681403148859 4.69898559162782
Junb 11.5780026398467 7.71426597935207 4.65164133650318
Lcp1 11.8463632704423 4.56746083911104 4.08169190557579
Txnip 13.6993914736524 7.03404580617578 6.7359645127378
Cd9 11.8962881279299 6.70180318758286 5.26433471302009
Tpst2 11.1246231388186 7.60908186134268 7.32662367455514
Tmed3 11.4931339262918 8.07212687285223 7.82393776185715
Cd83 13.2264749464343 7.71452025393215 6.44648916158397
Serpinf1 9.41188678958694 5.12710003713947 4.63810637224404
Sipa1 11.1257432146877 6.78417860577912 6.26480816178231
Btg2 11.4968904593275 7.5454506083547 5.98720230923179
Tnfaip2 9.08145533726492 4.17815325017645 3.86378116535604
Litaf 12.5127367018525 7.76008891183846 7.28898570644246
Lamp2 11.6172171151883 7.77323856734072 6.28794713192115
Snx18 11.9105809619856 8.51725703351769 6.76589463951282
Cd82 9.38715719713112 5.98449990890792 5.72484820102216
Tubb6 9.94309885815544 5.8857652258368 5.47046594991873
Pfkfb3 9.98570488271776 5.45328527767673 5.30218889413229
Cd164 13.2504873032464 9.5519982834229 8.34643233798517
Ier2 13.4150634942812 6.85095521512626 5.80949746595918
Rab32 7.60118101811754 4.24985967421475 3.92530450597046
Pnp 12.8627608953087 7.23286762793619 6.83872897316655
Nfe2l2 11.3735710823378 6.54419677288027 4.83261143055248
Socs3 12.8363611039744 4.23041090752306 4.0820509504322
Sparc 11.723215805215 6.69987202742479 4.62801986662309
Scamp2 12.0782300087712 7.73208408046452 7.31604519426942
Acss1 9.58139552895345 5.77540248217021 5.03256819807399
4632428N05Rik 12.9592128362635 5.25955422702014 4.81536381798701
Spint1 10.3415667614487 6.28557403236728 5.41608703866592
Afp 8.20241684612463 3.75716837467134 3.6935860922438
Clic1 11.3846871257571 5.9878798524972 5.59468680798981
Plxnb2 11.1751053377305 7.14354423048551 6.66296338427554
Tspo 8.96653892538565 4.99607073045838 4.43435003376088
Irf8 12.5606886061131 5.92000869525157 5.25743024409748
Tbxas1 9.77227819439976 6.40656584982881 6.10950288794968
Slc39a8 8.3702572354114 4.36380699747598 3.9751900843921
Parvg 10.3224146114506 6.87879523113024 6.21995725437845
Mcl1 12.1472433486191 8.1444182182291 6.20539240358593
Rps6ka1 12.439882687873 8.44089098645913 6.68770821395998
Npc2 12.9151308001633 8.86864345973976 8.23699377991369
Trpv2 10.5912774798385 7.09183720528362 6.50292949538504
Tnfaip8 9.91373565516323 4.35155275264082 4.32585122217827
Fcgrt 9.65042068842126 6.1416847744967 5.90800405191122
Slc40a1 11.6365802495677 6.77727250541261 5.3695346748702
C1qb 13.3846079047961 9.21219377030561 3.80761996110455
Cyp4v3 11.0721852303594 6.61171365947449 6.33703640827356
Syngr2 11.4559121689701 4.94985550240902 4.57192924779013
Pmp22 12.2653168767854 5.97574741980958 5.23212898303797
Tmbim1 10.1081327824941 6.49667594793384 6.3397684857635
Ccl6 10.223717633042 4.95852661378702 4.63246592540498
Cd14 13.3052539164274 7.6474334660153 6.53831317107075
Pycard 11.8185468367102 5.39000913118898 5.16488158014561
C1qa 13.2380236204344 6.69079444336611 6.01871007811465
Il16 10.7022595486227 7.23960050035105 5.97191822131194
Slc7a7 11.052383619296 5.61764154174375 5.15740732123903
Klf4 12.698526861476 5.54481145907767 4.46910442548685
Jun 13.1567215574815 9.48340440990415 5.44731269035053
Srgn 13.2509970787582 6.20867981832754 5.58833360920582
Nfkbiz 12.6860754101133 6.29371420036566 4.50524010447958
Ctsb 11.5122543783846 8.13864618315234 6.90075271309173
Tgm2 11.7718766956168 6.05547056558741 5.12966594820191
Plek 13.0669588958399 6.2925037083789 5.40723066715144
Itgb5 13.3318370523038 6.62048053116722 3.73250581081544
Elf1 9.08676867890006 4.71507515520255 4.08974604226496
Rgs1 11.2541972267774 4.93407689806257 4.47995499391388
Ier5 13.0591463203827 9.58545866505925 5.72112787147411
Cd79b 8.31573716498709 4.88528727196314 4.69506177992725
Snx5 12.5628056055199 7.31247359102668 6.24370496735455
Elk3 10.4901390004177 6.58931855320042 4.46349363473941
Gab1 9.65193276191746 5.41915074810603 4.9510007446497
Naglu 9.26626288253695 5.8051045421229 5.28538263189918
Laptm5 13.2497958585741 9.00745429536648 3.96339226703176
Pygl 8.42622724597409 4.78097508518222 4.2084805831555
Slc25a37 10.6378478547555 6.91886786736137 6.25964848334795
Serinc3 10.8737843005988 6.93378632345565 6.35749764177387
Ctsz 13.0341451754765 7.36721400183536 5.94733706863838
Fcgr1 12.3056772228307 4.84753981153326 4.4124484215248
Slc16a6 11.601886645942 6.6531461417702 5.74605951087059
Pdlim4 9.4700059993897 5.37664932348936 4.59447341583529
Ccl9 11.5606702750711 5.15264981036906 4.78926590006489
Tmem176b 13.0401808488191 8.7854198458148 7.92335444123469
B4galt1 11.050190662426 7.55642932675394 7.18140488714513
Tnfrsf1b 11.5849644137814 6.78676064294179 6.1549705940846
Inpp5d 12.5199395399242 7.27181023175609 6.58491016784088
Tlr4 9.52419084436795 4.80399501726965 4.27676382799783
Pmaip1 7.94812896443572 4.18948356255363 3.91757946683002
Aif1 11.8782125697407 5.76317283024812 4.80820752055953
Lims1 11.3895886323577 7.87384758069821 6.72435074866546
Klf6 12.1614928848338 6.09066023913662 5.15483433546479
Crybb1 12.3010895138039 6.77792555520577 6.43876744727313
Fcer1g 12.6409109862305 7.02837240289574 6.28091290043359
Ctsh 12.8519091129382 5.67297211563384 5.49792725624206
Gpsm3 9.66649074936397 5.47068105264396 5.3091896058482
Ncf4 10.7081144474155 5.38229903745435 5.00232069781685
Ggta1 10.3145780373454 4.45226387330086 4.23377395875279
Lcp2 10.3889718130272 5.07811067379314 4.85313262714198
Ngp 12.4329204009581 6.4900160856569 5.68463434455664
Spi1 10.2850028049619 6.26674782840006 5.90098733283373
Ms4a6b 11.1222234312687 5.09907006237845 5.00218814959012
Hcls1 8.83239317939796 4.82667913129488 4.70725471756861
Pabpc1 11.1513836653323 5.99394354096995 4.80787628009326
Plxdc2 12.0633823649962 7.37261338680399 5.24372695358728
Cxcl10 9.83264446685726 5.27409536313115 5.10006893959202
Maff 10.2395219098757 6.43420593428776 6.09376177370831
Cysltr1 9.33333349087416 4.67732219402737 4.24174655704842
Bcl10 11.3928955143517 7.61577452117283 6.73201227028882
Cebpa 9.88957255483431 6.09513306170819 5.93751713368428
Cttnbp2nl 11.7204560544011 5.92702755788544 5.57968132216797
Lyl1 9.97533629065994 5.71413772530877 5.33649418881847
Ptpn18 10.4025712369028 6.76209097167579 6.36813336552515
Tlr2 11.9268402473875 6.33462771568522 5.5098811473982
Cd163 7.66769719158114 4.21595277989225 3.97197196892105
Serpine1 9.52331793271942 5.68558977842667 4.51506848845266
Mlxipl 10.549742788076 6.63305833350985 5.54708649963091
Cd37 10.9048574016166 6.57497248822205 5.78662329357162
Map3k8 10.2849700718244 5.35651460120762 4.96863313840485
Myd88 10.7278217724093 6.44491341479052 6.03249943422448
Ccl12 10.5112043294489 4.69595532911664 4.34590071411462
Pon3 9.20297150005047 4.47940557342201 4.25583696493548
Slamf9 11.1882832385642 7.70207051963082 6.47580371291254
S100a8 13.0395448654869 4.6811096594686 4.54427407215394
Il10rb 10.7116513838826 6.22738760518011 5.24916198226837
C3ar1 11.7072754362155 6.77855902319931 5.38908930850765
Fgd2 12.1304825880125 6.4093806325238 6.14959325330191
Rela 11.8428094359349 8.18249462445658 7.38485795796044
Ccl3 13.4953964323281 5.28206604746699 4.58754812517662
Ms4a6d 11.3799791784438 4.82742056207019 4.52438578691637
Ier3 13.4963591841383 8.12658782727293 7.02592645712007
Nupr1 9.93831898336817 5.87964707853035 5.05961043221516
Camp 12.113738407204 6.00810110603134 5.58488460091385
Chil3 11.1159878878753 4.53606894486655 3.91205300589423
Arap3 9.86775374576886 4.45597889715185 4.06333713717435
Tlr7 11.2112407400947 5.5126272032076 5.13748270432571
Trim25 10.8969751411857 6.5655188353613 5.34131347577939
Hpgd 12.0107499612859 4.73785557684764 4.60876848767017
Mcm3 8.92535440058905 5.02079215689693 4.89049832474914
Morc3 9.98783898123944 6.60686229182562 4.92638447309185
Slc11a1 11.4154854568916 6.82495667825519 5.78428523482091
Ccl2 9.49866288250659 5.62837183593363 5.11531382702237
Cd86 11.6419705628058 5.20405267022366 5.06103983599264
Sat1 12.159300186165 6.67282051163527 4.95793469805554
Prkd3 9.70383275414416 5.76984227100014 4.90455820093163
Gpr84 11.5935377294956 6.26874201682145 5.54478193851329
Vamp8 11.9027573726861 7.35619454487659 5.78269812613744
Tcirg1 11.3257053795282 6.90723210096236 6.85968824947254
Sqrdl 11.0518617676912 6.65114229990225 5.7584065692595
Trim12a 8.5835260320544 4.34131778760231 3.9630759940283
Zfhx3 11.2942984484453 4.97520779224735 4.44429497500479
Slc15a3 11.5219827541908 5.67912751644864 5.39190307098579
Rel 9.30153835661437 5.51734719912135 5.0050534831638
Tsc22d3 11.4721491337919 5.87144318158302 5.18714601565499
Sla 12.3378861062474 7.0258789697115 6.09614039943436
Tgfbr1 13.4953964323281 9.04541711740034 4.95055635046516
Snap23 8.47917138557207 4.65252232128034 4.00213911959335
Asph 11.1131392793095 6.79143218831046 4.80499699426183
Ivns1abp 12.7182126498181 9.09240489581608 7.89101949555852
Adcy7 11.9646243532397 6.22849076242156 5.38088737287662
Rbm39 10.4094928984617 6.02778572650614 4.62204840251362
Vamp3 10.8638436564196 7.2302642874544 6.00031163894054
Bmp2k 11.3162621163235 6.14494133949736 5.0312131249878
Lgals9 9.80576100376818 5.67606823151408 5.35847939565332
Trem2 11.528689695107 7.30282938566636 6.67288890310675
Birc3 10.7521481640029 6.46901489278249 5.52238367864254
Igsf6 8.68495551282954 4.31082487499066 4.10534896896931
Samsn1 8.95535277925432 4.81615278017587 4.2397655816799
Il1a 10.5450729398403 4.77372705116193 4.31420399851798
Naip5 11.1347547074536 4.70118371761422 4.37970178696981
Ccl4 12.7516225784521 7.58747776303071 6.12691909205969
Klf3 8.44575749935971 4.96445499897193 4.68449621571077
Itpr2 10.8613975316724 6.23307718767292 5.80126805479989
Stat6 10.5031698578152 5.61383666066134 4.78674001860901
Tapbp 11.4240903434095 7.12928941988758 6.52583981116287
Msn 10.7217422633417 6.25524881356909 5.76685221403435
Abca1 12.0785728549459 8.57487968582087 6.59583526663264
Adam17 10.581995677351 6.63600085880087 5.63560283088111
Dapp1 10.626591308075 5.27638554189232 4.92093192703796
Clec4a2 10.1190075949126 5.22339604369267 4.93119801074242
Fli1 10.0832277034328 3.83297939840071 3.78003702827348
Ets1 9.75745818736726 5.97796351325769 3.83910516709929
Ptprc 12.4215732421658 5.59769313989989 4.31206299343946
Fosb 11.9818678393755 6.11602740523481 5.23418410256281
Ccr5 11.7087776692335 5.07832994311933 4.40182183678291
Il6ra 12.6405285425734 6.28759457725286 5.67164228117685
Tgif1 8.50458243562559 4.97797987663006 4.76343039795169
Pla2g15 12.3512186582331 7.96477708155883 6.83576199973182
Itga6 11.5906633280243 7.32759859811508 6.11500312176055
Ifi30 11.4062018650154 6.34672073208887 5.88092938581909
Cables1 10.7158993683559 6.62222172049414 5.88926570223314
H2-DMa 11.3395300052483 7.5563017766284 6.36019858093177
Zfp36l1 12.7019764996359 6.66972599816824 4.81722752164783
Gpr34 12.142699851518 4.38677695041372 4.05435112268293
Rrad 10.0026571297703 5.52586585655286 5.1113313650277
Rhog 11.2037880767617 7.61307213417468 6.81602145216383
Rnase4 13.0771643703574 5.78224350160779 5.36178977288495
Hk2 12.3164140648536 7.36673453059531 6.00670767356609
Map4k4 8.81854047498591 5.19651319592315 4.32409179913611
Fam111a 8.33832002390926 4.8461059190987 4.53441548879483
Hfe 11.3196450739578 6.43061230233577 5.57231609319595
Pik3cg 10.1537853547168 5.73614204304602 5.33404649407816
Tlr3 9.63659550839082 5.47612936338081 4.80062497258847
Prkcd 11.3607793398998 6.78436246598504 6.56014116424812
Mertk 13.0985151577591 6.50944143016567 5.48501232288126
Cd84 9.96224237530016 4.59800957858734 4.52307157073187
Ly86 13.8305038298173 7.82152302172173 6.21974025177287
Vav1 10.4997459843954 4.15759895596501 3.95676125566566
Psmb8 9.25112032483099 5.83979958699353 5.69034602215953
Stt3a 9.80513059719094 6.3305192860107 4.64742835184854
Fos 13.9327205870223 10.3989190940834 8.17402465569248
Ube2d3 9.21870316023409 5.56918885393628 5.16862236529174
Cfh 10.8438396260437 3.98669119694855 3.50807225507513
Tnfrsf13b 9.66545251361214 5.31963930811997 4.5864685233554
Hhex 10.060418644213 5.74215758911578 5.4688259683595
Entpd1 9.58873000960094 4.48350276301874 4.27339683915842
Ptgs1 12.1626150793908 5.27050360809788 4.58068908259735
Stk17b 9.80355004387352 5.67561687609918 4.92700898629047
Frrs1 10.6966078261321 5.63887290445695 5.28851265356671
Lyz2 12.5660138290276 6.91131229209402 6.77466697973975
Ssfa2 10.4026641404164 6.39388148925985 5.45566777261445
Galnt4 9.11869231898454 5.04879200217761 4.63596025974046
Ctc1 11.7422487728519 7.51714644687416 7.0711663626284
Unc93b1 11.3066168079527 7.406717095357 6.84283589441722
Mob1a 11.6304802850351 7.73075661103223 6.15264846607077
Cmtm6 12.2803328178186 8.89187394470771 4.55940909558321
Wls 8.21516176510327 4.62045289329859 4.47088833377252
Tmem176a 10.8465428280293 7.03751638076639 6.75215191857211
Tspan14 11.2007785813707 7.48023810585117 6.46914843340818
Lpcat3 11.4786154330381 7.72829322187454 7.17066416892519
Hvcn1 10.2856187487951 6.0321358122998 5.36770415663899
Edem1 10.5644676490564 4.67366218807268 4.4997735501938
Icam1 12.144222640413 5.40613941174852 4.79779056189161
Rbl1 8.51194870241016 4.8340705886216 4.36028710890634
Rcsd1 12.3223507478265 7.37908660229589 6.72984760767805
Npl 10.119227368812 5.61285590706144 4.87181421878504
Smox 10.9458769613614 7.50567858021009 6.40838043536488
Tmem140 8.46080936763924 4.65246313575389 4.37346397761007
0610040J01Rik 10.8106638816197 5.50496713167962 5.31632409030457
Tm6sf1 11.273380881778 7.19243272027702 3.97675356478813
Cklf 11.3324839569912 6.00670287542823 5.37537417194861
Cd177 8.01898297885642 4.6868335834497 4.15121935224396
Casp8 9.83591177234681 5.17780043402819 4.91754253232346
Tmed5 10.4601759587631 6.04355957199573 5.20029492937125
F11r 12.1638127271072 6.15221284803444 6.04736195392383
Ifi35 9.02633293785675 5.56295928821662 5.34459401654655
Eva1a 8.63294613398656 4.51970120563751 4.23441399080228
Tor4a 10.4213155961976 6.82972192786311 5.93748705151261
Plxdc1 10.9642741564864 7.4500443662087 5.8115656229439
Lpxn 10.730982217212 5.10103777972759 4.80162274555148
Siglec5 8.337886172674 4.1272539934492 3.85178335774711
P2ry6 11.5909433501351 5.02447723500137 4.60361538891818
H2-K1 12.7949568117272 7.96821631607153 6.78982909374415
Tgfbr2 12.4312251246194 6.47074746872612 5.34110901920329
H2-Ab1 8.4512011309411 5.04473719621124 4.78058534775703
Ceacam1 8.73427463823456 4.70089448142221 4.48787089253547
Mlph 9.52478746573067 6.07571229609741 5.37310075303881
Ncf1 9.01873662127703 5.51138473035697 5.31983734052043
Il13ra1 9.69650941211153 4.57673638895291 4.22536436259688
Adap2 10.4876327911899 6.00628495501797 5.14285734286791
Akr1b10 8.35430474274704 4.92395487879839 4.54708834536367
Nmi 8.7449893077744 5.17253131426815 4.8047640422971
Pld1 10.7880824610021 6.99362174545974 5.87623769428541
Pon2 9.26937417743214 4.25412213612579 3.9512843535962
Casp7 8.22612436421626 4.78533204866879 4.50494825362887
Gem 8.28009388336886 3.93907077977737 3.84526809696781
Tor1aip1 9.84392113236668 6.39465545042668 5.87756939532125
Rrbp1 12.1135184174842 8.47407005709745 6.18861000193646
Vwa5a 10.3690918760756 5.59157402219817 5.16504382534198
Glul 11.9439234863599 6.8240361463157 5.4552867721222
Arrb2 11.5161791808491 6.68045912934204 6.07424778492015
Pros1 11.4244912078995 5.54526085216353 4.61319619444765
Ifih1 8.66416697609045 5.15000301323207 5.09465643963236
Rin2 10.1302854085197 6.75342558158625 5.15237843439525
Tifa 10.6649959627868 6.67617046052196 6.19649410495466
Arhgap17 11.0358082941061 7.55954381291154 4.77923004230892
Armc5 10.592420015339 7.26766425541357 6.80050516466586
Parp12 9.52345845288495 5.06381556208972 4.70298593549209
Trim47 10.122871565472 5.6025657583087 5.29078170374199
Lgals3 8.71732817427299 5.14746309032341 4.71383115633554
Mlxip 11.0131464704826 7.46323543505152 6.7255566992357
Arsg 8.21968836256545 4.22656018812481 3.96643342009513
Sash3 11.2528818012755 7.09256544249298 5.95658036940537
Themis2 9.94919523666928 5.58427701564329 5.26291425373073
Mpeg1 13.5339312443488 7.05772649912034 6.57512145028394
Cd48 9.99176185857167 4.76269921229217 4.57832634911286
Akna 10.5978331936346 4.82232224020865 4.71115366220578
Sult1a1 9.92143049281146 6.06313442652452 5.53708585666307
Fes 10.5840546362038 6.96652839351331 6.62250882868774
Cep152 9.68353142517718 6.10830087880299 5.75210099285217
B2m 13.2088860971046 8.97451830216585 8.14428569503704
Egr2 11.2144151601674 5.55788079788307 4.14585597049394
Ccrl2 11.4107831106411 6.53681391650671 5.99989159207254
Lcn2 11.7182561949748 4.47388532043407 4.28638307784195
Hbb-b2 7.86146929235822 4.10094450914688 4.038127705629
Tmem173 11.1696407087511 7.73360868862597 6.70584399519286
AF251705 12.0057126252299 7.61628803856243 7.03556564442798
Hmha1 10.4487011332694 6.23756889107548 5.67593692531524
Ebf3 7.92178463883767 4.42939896024649 4.20681762073279
Chn2 8.31244073196833 4.73704504079859 4.26840094708928
Gmip 10.2055870255081 6.65943067996238 6.28634465520823
Nckap1l 11.1526856630168 6.35998902232715 5.70341445953767
Abcc3 9.7509259850256 5.93488951650321 5.45588864941984
Rnf130 12.3284705937932 8.61513458069287 7.5929810289637
Rhoh 10.7637079698635 5.88524025867684 4.91466161925386
1700017B05Rik 11.7522974287947 6.07004309722721 5.59784913274233
Gusb 11.4803411718158 5.12114241036102 4.68277284750138
Lair1 10.6612900224916 5.27184145565491 4.82835491216073
P2ry12 12.4385715566921 5.21716756001584 4.76220968675096
Rnf19b 9.65744414029616 4.99317693814714 4.77450016337336
Epb4.1l2 12.5432840929574 8.12665239715691 6.24308061648023
Pld4 12.1700437011819 6.09511598831914 5.50230149409005
D15Ertd621e 10.0624486421296 5.0740530531103 3.99425749731806
Lrrfip1 10.7224886700699 6.62126081521396 4.9337978057587
AU020206 9.79768698851007 6.07775425565293 5.32068675057281
Fermt3 11.4207362066657 4.33451080399119 3.76985456229509
Cerk 10.9762350049572 7.28105945765092 6.52323414640562
Plk3 11.036823711972 6.99134448172418 5.98666854629168
Ankrd44 11.5679366187782 6.22089032018129 4.78392259904473
H2-Aa 11.2644036954394 5.56231301569572 4.49302618825798
Fam105a 11.8820924454901 8.46836932839381 6.68903497850803
Rap1b 10.5897063292161 6.17222564427608 4.66656904686604
Herpud1 12.5116726598182 8.21208258240551 7.83941496599708
Cd300a 10.0530239896872 5.62447341380487 5.11780079587222
Wipf1 10.3652831365882 6.62676819766219 5.58695100944042
Tmem179b 9.57494076147868 6.05910450103022 5.51646175846913
Lyz1 12.2502412289951 6.46586481877123 4.35147398332684
Clcf1 8.68466038510135 4.03803599599451 3.71249011113571
Adrb2 8.29734945321406 4.26642710956021 4.1605517442164
Hmgb2 9.04290768492065 5.65721359042784 4.12120359639504
Lrrk1 9.1635528470806 4.94549918841468 4.74986458529876
Zfp36l2 12.4004422821899 6.58856456803227 6.10749787176422
Il10ra 11.9867649941734 5.31417518175939 5.01365490058801
Hexb 13.9214339669789 9.80491772793668 6.23185260823323
Rab20 9.64744268247702 4.06286960327113 3.76122593694522
Slc9a3r1 10.5341792603602 7.11682613921919 6.10146776348347
Vim 8.20604281286246 4.78978121689162 3.49636581939374
Grn 13.6303783372944 8.17176072134124 7.31240675783399
Mavs 9.23385264584594 5.12208543752964 3.63716654872007
Fam46c 12.2421510197398 4.62608328531035 4.53033780737005
Pald1 11.0128320429645 7.21089640670272 6.40577490011504
Ifngr1 12.016051864462 7.58358003090544 7.21744323098394
Tcn2 12.1195930224409 7.63736179947892 6.89282621599399
Anxa1 9.64055143138413 4.88496079610835 4.52800309011588
Cmtm3 10.0110497819572 5.60717114727695 5.37206694689485
Ppp1r15a 12.6593601245383 8.18319188188451 7.3814411566884
Slc15a4 11.356384012252 7.93251092441557 6.92937666313601
Dhrs3 10.8328899765314 6.60725468816996 6.45047480783055
Lrmp 8.89491220593798 4.78392522188526 4.10544982128791
Olfml3 13.5644607358692 6.88102122861143 6.6607261536573
Pla2g4a 9.55730250855793 4.92082919040586 4.4417495265083
Ncf2 11.109264808914 6.00233695686074 5.77922210435091
Ctss 14.1223387589978 9.79760661979389 5.07184172350047
Cd53 12.6270729328698 5.60213318966354 5.33207759788501
Fcgr3 13.3874319809845 6.14635813435184 5.3004946817003
S100a9 12.2965410503709 5.33828170652444 5.08587075202193
Dusp1 14.1813580097059 9.78140525053148 6.97999862236887
Klf2 12.9915058739807 5.94114949397812 5.66644818480176
Fcrls 13.5200887013828 6.75729078118466 6.1667576613385
Tlr1 9.55990391864875 4.2264879883735 4.02379006415459
Zfp90 9.89278120178404 6.13386269419508 5.98140455710467
Selplg 13.492313873689 7.68123567411491 7.27579261620662
Cd68 12.2825968841945 6.71061721946567 5.02728567823892
Gpr65 7.85611733273235 4.01402897510668 3.76586515978761
Ebi3 9.38512048892932 6.05060144005161 5.79736326148456
Casp1 8.72506021576845 5.36374694948784 4.24585532396891
Csf2rb2 9.46516272602394 4.93387795226939 4.83474537036359
Atf3 13.3007390383143 5.69484995124619 5.43581533404648
C1qc 13.5695399365939 6.47379148185653 5.48798468119407
Chst7 11.0545300964632 6.70537846643817 5.98873649025736
Hck 11.7192724128215 5.77823218293554 4.83774568766559
Gcnt1 7.89240442650036 4.49665033263907 4.29238383166526
Casp4 9.17977855891737 4.85865798110351 3.94127609990368
Per1 12.1580724735259 8.69450113599356 7.86793294298853
Ehd4 10.2769858985773 6.32141693388884 5.54874820049229
Ly96 8.98885773803667 4.86192603492285 4.35515713902826
Lag3 9.94342037341401 6.47815056662937 5.87927742326405
Cxcl2 10.9236295592129 4.95480322138053 4.32431501863
Ltf 11.9771261319803 7.81147549600461 6.73620581669707
Cx3cr1 12.8322911670036 5.93218413584279 5.6364345022786
Socs6 8.58273432095609 5.24113124743142 4.85966812529757
H2-D1 12.6856010965553 8.06890814651167 5.7287133204983
Stab1 10.7835801182221 5.35146298848663 5.24542639203153
Evi2a 12.5801879760248 5.39223508264985 4.90583955828565
Il6 8.3523884587654 4.00650205675597 3.89301320192116
Mrc1 8.47267687587698 4.7929918035425 4.4200454085362
Itgb2 11.8281947861841 5.12385284227031 4.72899157508252
Psmb9 9.49408509768935 5.9593476330654 5.65526381292917
Adamts1 11.3973807177838 7.65315862218364 5.16500875996311
Ang 8.67340897437916 4.25901337460042 4.03966388405141
Sh2b2 9.32069277757714 4.87812896538678 4.51438327509293
Tyrobp 12.9035612805634 7.14982907940399 6.18941056317933
Crot 9.71542778628793 5.99929719830433 5.64414078800585
Slc29a3 11.6835560124248 7.58933878053426 6.4889346273876
Vasp 10.5290974508756 6.55684510780025 6.23404550741524
Pbxip1 10.3716503756831 6.77091231689599 6.3649183918092
Emr1 12.777781853873 6.39180245700908 6.18655648433715
Nrros 12.3519497751025 6.46071671164959 5.83501255877194
Tmem119 13.699678559052 6.87397718306062 6.23957864368341
Pnpla7 10.5843197435089 6.11445209368095 5.50771991661914
Parp14 9.10437062254361 5.59297901270396 5.23992830426639
Ttr 13.1109777518357 6.95441734579301 3.88341981593239
Havcr2 10.710530075929 4.32400242055778 4.15235725773794
Alas2 9.97256535353661 5.54139456171226 4.8738982588841
Cmtm7 10.4036329494645 5.88252428994647 4.59225253378806
Blnk 11.8079240962002 6.78167626274276 5.67041713704035
Tmcc3 9.16895367720384 5.02961470240137 4.81022330680118
Vrk2 8.87003271247097 5.17744011833797 4.49145131040926
Alox5ap 12.5749967599795 7.16199818102932 6.22303748207379
Fyb 11.7159427823204 6.39994455708588 5.94936061089214
Sepp1 13.725757445204 9.78416001654104 6.30172313196615
Ostf1 9.88695792996933 5.43465419710019 4.62988425182114
Rnf135 8.8595666153783 5.50520722919823 5.19521503637707
Ctla2b 9.94438247489242 4.27405812275546 4.12174380931754
Hspa1a 11.9245276178108 8.34590506517616 6.12424558824619
Ccdc86 9.53354211585671 5.82841086314567 5.38404067731422
Zfp36 13.4960506681509 7.56555581618153 6.31264859802839
Abhd15 9.92497435981129 5.26142421399257 5.17805160556128
Lmo2 12.1717394598769 8.40092162245585 6.46212751720583
Cyba 11.7749627835735 5.37191200571197 5.12864911224423
Wasf2 12.4660305697947 7.16183707404569 6.822907015927
Scarb2 11.7293389223241 7.23478488303581 6.41227789710147
Ptpn6 11.3292345329635 7.5928130290229 6.98094283923668
4833441D16Rik 9.33372525445037 5.90968561630691 5.30810551579095
Tec 10.1967601761071 6.63716549580171 5.89916905084272
Cd52 8.83934325002235 4.95589570775788 4.47631974825769
Irf5 10.4417221455899 6.56502685627859 5.54664154350696
Naip2 10.8151812852359 4.61897025717859 4.50154213659678
Anxa3 12.9131833282778 5.8917362691118 5.17055296870231
