Golm1 13.1709345745481 9.521439911533 7.14827713323713
Dusp6 12.2043335698759 8.62752158545711 5.20927351419773
Tgfbi 10.1729708775644 6.31361632038174 4.17399485463175
Junb 11.5780026398467 6.47033640925636 5.03507793744832
Lcp1 11.8463632704423 6.94701336500236 4.23821516945834
Txnip 13.6993914736524 8.38575644528144 5.77687643764905
Cd34 10.5911587485583 5.14294663429508 4.42161390855122
Tpst2 11.1246231388186 7.64989260364372 7.3182894980936
Cd83 13.2264749464343 8.48258038340129 5.85424622023346
Fkbp5 11.3757997333897 7.71316524375406 6.45549716361989
Sipa1 11.1257432146877 7.13275097397949 5.99880798261277
Btg2 11.4968904593275 7.2341834040055 5.62953385591796
Tnfaip2 9.08145533726492 5.74792755718784 4.56184467267356
Ctsc 12.6065842886925 6.42184247829338 4.19671704149082
Ier2 13.4150634942812 9.03436865166564 6.86053236097403
Socs3 12.8363611039744 5.25230841511617 3.96637177003966
Scamp2 12.0782300087712 8.27563107607963 6.69533108111229
4632428N05Rik 12.9592128362635 5.46896821230133 4.79949358034811
Spint1 10.3415667614487 6.46674873156349 5.08164699388481
Slc2a5 10.7506339487812 7.37020417956085 6.23144936340266
Irf8 12.5606886061131 5.79217904268394 5.42707703921302
Dnajb1 11.4072973894197 7.83680020454224 6.93273511025006
Parvg 10.3224146114506 6.63429130968908 5.36143711793661
Mcl1 12.1472433486191 8.81125479280233 7.24164489455211
Mfng 10.1100884876208 5.95042178327995 5.5260186338572
Slc40a1 11.6365802495677 6.12055129054349 5.09747612743643
C1qb 13.3846079047961 5.03403830161836 3.90077312173695
Ccl6 10.223717633042 4.71947922391411 4.04339563231897
Cd14 13.3052539164274 6.41487735964223 5.61719234045242
Pycard 11.8185468367102 7.56203098636908 5.0396221054261
C1qa 13.2380236204344 6.16621971507516 5.43511439736828
Slc7a7 11.052383619296 5.79440132708004 4.72924054896229
Klf4 12.698526861476 6.63071586609445 4.78603125315055
Jun 13.1567215574815 9.09977882175552 5.57138579710558
Srgn 13.2509970787582 6.09460126122132 5.16874640070293
Nfkbiz 12.6860754101133 6.88142355929791 4.44972741511789
Tgm2 11.7718766956168 6.71080234854872 5.46365004325117
Plek 13.0669588958399 7.6593964368166 5.90974597932538
Rgs1 11.2541972267774 4.79970189943351 4.32926511171254
Ier5 13.0591463203827 8.67184800788979 7.61084869619473
Cd79b 8.31573716498709 4.84836541573891 4.61720833897144
Naglu 9.26626288253695 5.89223215266019 5.28086958623805
Laptm5 13.2497958585741 5.89849594364546 4.58508346985884
Pygl 8.42622724597409 4.8116276095405 4.25157043910824
Rgs19 10.139947557409 6.70524365098135 5.85370473253624
Ctsz 13.0341451754765 8.93247233648147 5.81120217788579
Fcgr1 12.3056772228307 6.18277447863444 4.30848169301377
Slc16a6 11.601886645942 7.05422327775991 6.0338931046859
Ccl9 11.5606702750711 4.86704759135734 4.51557948377128
Trim30a 9.82440837349698 5.80320684011675 4.86619151597532
B4galt1 11.050190662426 7.13560418263469 5.73744115578331
Nrp1 10.4416176811946 6.21528238825332 5.02714497924483
Tnfrsf1b 11.5849644137814 6.69218269611718 5.77323359541223
Inpp5d 12.5199395399242 6.6647854153512 5.58459909868855
Tlr4 9.52419084436795 5.62086747880575 4.11355948580548
Pmaip1 7.94812896443572 4.42950055392121 3.75842407911244
Aif1 11.8782125697407 5.24713714656215 4.67673670652545
Syk 11.2305153374971 6.33295488728496 5.64312062950995
Klf6 12.1614928848338 7.12238201092274 4.54184091663075
Crybb1 12.3010895138039 6.92635232093208 6.39546547991704
Fcer1g 12.6409109862305 6.16250317137357 5.45207723144723
Ctsh 12.8519091129382 5.66818740465517 5.17677106475339
Gbp3 8.5913202656342 5.08781704775553 4.80060652805726
Gpsm3 9.66649074936397 5.63166328332072 5.3334147625364
Ncf4 10.7081144474155 5.27515695259243 4.93403185787669
Ggta1 10.3145780373454 4.34746263531538 3.90091234773851
Lcp2 10.3889718130272 5.64149460313197 4.72677545216612
Ngp 12.4329204009581 6.43068424625343 5.05803135132089
Spi1 10.2850028049619 6.87504437209454 5.94878104562814
Atp7a 10.1404314445784 6.50513707747181 5.09084540574102
Csf3r 10.4703586336665 6.28195115468976 4.86131154389232
Ms4a6b 11.1222234312687 5.08847044899521 4.63495223803839
Hcls1 8.83239317939796 5.21256525229001 4.56940730333375
Pabpc1 11.1513836653323 6.27385350248533 4.11625860536931
Cebpb 11.6879517821222 7.87062978482531 6.39389063526993
Cxcl10 9.83264446685726 5.56950156514713 5.15765390650102
Maff 10.2395219098757 6.38224069184527 6.0896943191008
Cysltr1 9.33333349087416 4.14627173880692 3.86352233586894
Cebpa 9.88957255483431 6.33508093009068 5.12561268559536
Cttnbp2nl 11.7204560544011 8.3857462643548 6.27179509168469
Lyl1 9.97533629065994 5.39697648840411 4.88467808947334
Ptpn18 10.4025712369028 6.51576412186434 6.08062921997043
Tlr2 11.9268402473875 6.32727318086096 5.36331401024817
Serpine1 9.52331793271942 5.41688330863423 4.34352568612277
Mlxipl 10.549742788076 6.31129919416939 4.53638638935556
Cd37 10.9048574016166 6.12696986853777 5.50753568250386
Map3k8 10.2849700718244 5.65817392112599 4.56583512050309
Rgs2 12.8270914592276 9.34507998211178 7.33185864312905
Myd88 10.7278217724093 6.73498678007275 5.7029448189088
Ccl12 10.5112043294489 4.52732901866877 4.25638264190447
Arhgap4 9.36525554969312 5.83613468945163 5.34999352410987
H2-Oa 8.7917936065526 5.31049610260233 4.98495771307999
Pon3 9.20297150005047 4.44026437903072 4.21828113922365
Slamf9 11.1882832385642 7.62985183583443 6.14299940260274
S100a8 13.0395448654869 5.02606219788106 4.76667825113536
Il10rb 10.7116513838826 6.6880026492551 5.16445211944976
C3ar1 11.7072754362155 6.06316393882721 5.08254807407878
Fgd2 12.1304825880125 6.14760570539401 5.66594033951213
Ccl3 13.4953964323281 5.0692284100552 4.41881918409047
Ms4a6d 11.3799791784438 4.92181305532666 4.56084973595455
Camp 12.113738407204 5.72715021591771 5.3464672289955
Klk8 10.2464469222101 5.83388132412021 5.50394994860368
Chil3 11.1159878878753 4.40355847691545 3.87283088896311
Arap3 9.86775374576886 4.50899839183301 4.07385464096011
Tlr7 11.2112407400947 5.22058719670907 4.65930449671399
Csf1r 14.0460007158016 8.76904182769719 6.57868294974146
Rab3il1 10.4710400563943 6.96548361889734 6.23555549666446
Slc11a1 11.4154854568916 6.33851547050651 5.35015464774884
Ccl2 9.49866288250659 5.55008907497181 5.1816989224036
Cd86 11.6419705628058 5.39876003755193 4.87614453411588
Gpr84 11.5935377294956 6.06797154091468 5.15446549574294
Tcirg1 11.3257053795282 7.18378204298335 6.53344979494441
Trim12a 8.5835260320544 4.35821217632347 4.11548781861295
Zfhx3 11.2942984484453 5.5159495214788 4.4258836593398
Slc15a3 11.5219827541908 5.60073664576124 5.1566469140168
Clec7a 9.36335652990378 5.20076716841772 4.58658219502358
Rel 9.30153835661437 5.17684373775334 4.71337672103934
Tgfbr1 13.4953964323281 7.11669585509569 4.7469440423284
Adcy7 11.9646243532397 8.07205401291935 4.17995963513436
Gpr56 11.0473777353108 7.70681459668745 6.63465607074435
Lgals9 9.80576100376818 5.87884657836127 5.17166923141062
Trem2 11.528689695107 7.48824357030001 6.17290769871052
Myo7a 9.61565808015342 6.25913778531582 5.33835517909826
Birc3 10.7521481640029 7.3326237416356 6.02402529515929
Igsf6 8.68495551282954 4.54864743985767 4.1502777318546
Samsn1 8.95535277925432 4.80377863135858 4.42104284110125
Il1a 10.5450729398403 4.47319316154969 4.03060420353628
Hpgds 9.14123713383759 5.41003889858599 5.03187552517156
Naip5 11.1347547074536 4.57253786334657 4.11517253178718
Ccl4 12.7516225784521 7.24933623080224 5.2757354986944
Itpr2 10.8613975316724 6.89027559038616 5.26811244156595
Stat6 10.5031698578152 5.56716686360637 4.17079590314836
Tapbp 11.4240903434095 8.02670356058388 6.80884152945324
Abca1 12.0785728549459 8.43836189343302 5.52110120222346
Dapp1 10.626591308075 5.03727663303643 4.78813872019255
Clec4a2 10.1190075949126 5.10895196174713 4.7743234704672
Fli1 10.0832277034328 4.6793464383503 3.82826692832757
Ets1 9.75745818736726 4.81216705560639 4.01917801492645
Ptprc 12.4215732421658 4.44573416571261 4.1306180538677
Fosb 11.9818678393755 5.61309560955589 4.76213726469409
Ccr5 11.7087776692335 4.59476679874193 4.33678372455344
Il6ra 12.6405285425734 6.06285573965314 5.77852889991108
Pla2g15 12.3512186582331 7.00824271661636 6.0564577768528
Itga6 11.5906633280243 8.21332967584002 5.82156942283969
Ifi30 11.4062018650154 7.87589920874895 5.53932188786289
H2-DMa 11.3395300052483 6.77020069820853 5.86950548969588
Gpr34 12.142699851518 4.08858839475295 3.76013784503516
Rrad 10.0026571297703 6.10153741674817 4.96307819289847
Rnase4 13.0771643703574 5.83299354066072 5.3847924409117
Hfe 11.3196450739578 7.95462651112866 4.98698664888992
Pik3cg 10.1537853547168 5.59393907093482 4.72070610576107
Dock2 8.86389566600281 5.48748993748472 5.02770697379415
Mertk 13.0985151577591 8.33245025533751 5.26006739098198
Cd84 9.96224237530016 4.78175571631142 4.45468963666841
Ly86 13.8305038298173 6.37843666908737 5.26543647202841
Vav1 10.4997459843954 4.49678857346901 4.07332979884957
Pik3cd 8.99966364024255 5.54196727232961 4.98879325074547
Cfh 10.8438396260437 3.82428001801912 3.56411761781794
Tnfrsf13b 9.66545251361214 4.81614576205232 4.19428112978589
Hhex 10.060418644213 5.57131897891836 5.13267682125981
Entpd1 9.58873000960094 4.80368848018675 4.28217929397415
Ptgs1 12.1626150793908 4.98638798171616 4.50512203428837
Frrs1 10.6966078261321 5.64862460980384 4.91139067477375
Lyz2 12.5660138290276 6.94936924133445 6.19285097280052
Ctc1 11.7422487728519 7.68225697820422 6.8665798408106
Unc93b1 11.3066168079527 7.26887686343102 6.05915081548738
Hvcn1 10.2856187487951 5.92971358585246 5.48024962165465
Edem1 10.5644676490564 6.68575107363701 4.53745432941977
Icam1 12.144222640413 5.02924176804639 4.64509834197296
Ptbp3 11.2952745829932 7.82207516594619 5.55967850483766
Rcsd1 12.3223507478265 7.67157049683762 5.99525836308142
Tmem140 8.46080936763924 5.03599323137519 4.40444534605732
Cd177 8.01898297885642 4.45095152216381 4.03678983607146
Casp8 9.83591177234681 5.47066632370191 4.9584369793845
Tmed5 10.4601759587631 7.06405610249366 5.00713440899901
F11r 12.1638127271072 7.40868315608145 5.52648765324406
Glipr1 8.88148604367629 5.29730294139371 4.94148906216258
Lpxn 10.730982217212 4.96091395200816 4.45994295488762
Siglec5 8.337886172674 4.1186155577958 3.75417020007515
Fcrl1 9.27554865404005 5.77259535762088 5.17406172334421
P2ry6 11.5909433501351 4.60692490878469 4.25043147765259
Ighm 11.6041085325057 7.2278482892547 5.68374941053391
Tgfbr2 12.4312251246194 6.32808926135626 5.17139256524868
Ceacam1 8.73427463823456 4.81225371929128 4.04740323954548
Il13ra1 9.69650941211153 4.64669871223383 4.36157018456886
Adap2 10.4876327911899 6.13296125449572 5.22931242967277
Ggnbp2 8.88683207954564 5.53485575624751 4.60791562048463
Capn3 10.437566906065 5.09184587979789 4.20594759020857
Gem 8.28009388336886 4.27294399552956 3.84341413689565
Rrbp1 12.1135184174842 8.69451402284249 6.33208254181852
Vwa5a 10.3690918760756 6.58703845130573 4.65803946291192
Arrb2 11.5161791808491 8.04187300105365 6.62243251532053
Pros1 11.4244912078995 6.05147513070395 5.29958016613857
Arhgdib 10.7800288131728 6.91372563822021 5.8081079416764
Tifa 10.6649959627868 7.32179692704607 5.78231240891534
Arhgap17 11.0358082941061 6.86041027855112 4.8805960972315
Trim47 10.122871565472 5.28197309890782 4.91922793821773
Sash3 11.2528818012755 6.19535938942633 5.18831223622423
Themis2 9.94919523666928 5.30875532325067 4.85051704777726
Mpeg1 13.5339312443488 6.20505999481198 5.65995308070915
Cd48 9.99176185857167 4.66537191892682 4.36339843667692
Akna 10.5978331936346 6.78467575912663 4.76931008511927
Fes 10.5840546362038 7.12001921868654 5.50759642315402
Cep152 9.68353142517718 5.90760374857076 5.43199993749684
Egr2 11.2144151601674 5.09918494988882 4.19774007879731
Ccrl2 11.4107831106411 6.60652423943421 5.57182212131026
Lcn2 11.7182561949748 4.40173842617088 4.14677580097671
Hbb-b2 7.86146929235822 4.43944153872782 4.12567014520712
Tmem173 11.1696407087511 6.9283385691911 5.61330408900214
AF251705 12.0057126252299 8.11118494874427 6.18111834414492
Hmha1 10.4487011332694 6.23896781253206 5.71359259311669
Gmip 10.2055870255081 6.25492883474447 5.58988321259825
Nckap1l 11.1526856630168 6.29030905054726 4.94832274541905
Abcc3 9.7509259850256 5.88551165188867 4.86168684440093
Rhoh 10.7637079698635 5.36945916797332 4.60237569982665
1700017B05Rik 11.7522974287947 6.73389890955601 5.57685408455236
Gusb 11.4803411718158 6.94912352878137 4.53178585961752
Lair1 10.6612900224916 5.57916093292298 4.76207713957251
P2ry12 12.4385715566921 5.22144514475047 4.33568115699181
Epb4.1l2 12.5432840929574 8.93152761811109 4.96603219259594
Pld4 12.1700437011819 5.61788756569137 5.25477060209624
AU020206 9.79768698851007 5.61586582130747 4.80795451404652
Fermt3 11.4207362066657 5.06027112561883 4.35566142322079
Ankrd44 11.5679366187782 7.57619084738686 5.81450375057893
H2-Aa 11.2644036954394 4.86081411261365 4.38643337553515
Fam105a 11.8820924454901 6.99331102864814 5.73261775784954
Herpud1 12.5116726598182 8.67803278843041 7.51374212412691
Cd300a 10.0530239896872 5.3563768433136 4.77456157290065
Lyz1 12.2502412289951 5.05678269903931 4.38113451775211
Clcf1 8.68466038510135 4.00028950490902 3.74292799328668
Adrb2 8.29734945321406 4.96649694976714 4.13793021791578
Il10ra 11.9867649941734 5.22296895507581 4.74146668532097
Hexb 13.9214339669789 9.04217970493566 7.3376844941121
D530037H12Rik 10.4018822600769 4.99033930599722 3.91463313979578
Rab20 9.64744268247702 4.63081720404698 3.82200920841575
Grn 13.6303783372944 8.45869861621971 7.1814889332116
Fam46c 12.2421510197398 6.80189241180448 4.38148698120773
Ctsa 12.9644748360344 9.19874617217871 8.01858820623465
Pald1 11.0128320429645 7.5862575794782 5.76315240679868
Ifngr1 12.016051864462 7.76326409504182 7.11169135669809
Tcn2 12.1195930224409 8.38495828813025 6.42521527559717
Anxa1 9.64055143138413 5.27871404062778 4.50978702946404
Ppp1r15a 12.6593601245383 8.21018989972936 7.6035983283147
Olfml3 13.5644607358692 6.75611867538797 6.07916305196456
Ncf2 11.109264808914 6.33889723010711 5.79199024266659
Il7r 9.22711297999003 5.77646157498641 4.56407774519564
Ctss 14.1223387589978 7.33420465340824 5.3985010559668
Cd53 12.6270729328698 5.6578764359268 5.03211748831674
Fcgr3 13.3874319809845 6.4092017727941 5.53750679551744
Hps4 12.4456398299555 8.76160168661926 7.88529981847795
S100a9 12.2965410503709 5.53169304694386 4.6538075350675
Lgmn 13.4068999504885 9.0093706958192 7.87512869992111
Klf2 12.9915058739807 6.25186977113605 5.40513943146118
Fcrls 13.5200887013828 6.45677155116836 5.27371028904815
Tlr1 9.55990391864875 4.63148976631932 4.13603308757108
Selplg 13.492313873689 8.18578484797627 6.10863393476092
Cd68 12.2825968841945 5.19551465235994 4.45058172122971
Csf2rb2 9.46516272602394 4.95734760909979 4.40803001313642
Atf3 13.3007390383143 5.50692534345895 4.77062738229726
C1qc 13.5695399365939 5.58082821928661 4.90640838396935
Chst7 11.0545300964632 7.16868029415271 6.13090499744525
Hck 11.7192724128215 6.94817696723486 4.9825605550516
Casp4 9.17977855891737 4.34657545158638 3.90766580715901
Lag3 9.94342037341401 6.00634804767363 5.32355170868709
Cxcl2 10.9236295592129 4.31206655802372 4.10905214446118
Ltf 11.9771261319803 7.45482612969035 6.24710961733662
Cx3cr1 12.8322911670036 6.58829671573482 5.26433737835339
Stab1 10.7835801182221 5.65062531886108 5.18876363306473
Il6 8.3523884587654 4.12081933266263 3.82209232065368
Pdgfb 10.6620659529342 6.43930621402215 5.26380473691244
Mrc1 8.47267687587698 4.31241759787313 3.85766899415256
Itgb2 11.8281947861841 5.120820169266 4.58386657055305
Adamts1 11.3973807177838 7.86209466259742 5.46622803008786
Ang 8.67340897437916 4.36115715127741 4.09895149277557
Tyrobp 12.9035612805634 6.17594483596699 5.39975473454976
Ptplad2 9.63817330010533 6.08157926924086 5.33704860048841
Slc29a3 11.6835560124248 7.50455910313372 5.31963848144825
Emr1 12.777781853873 6.93901309020151 5.53314007047863
Nrros 12.3519497751025 6.93565644234076 5.46468904033344
Tmem119 13.699678559052 6.92325043314554 5.40677594637498
1810011O10Rik 8.37120216738482 4.50586324201358 4.24797035634054
Parp14 9.10437062254361 5.58908803716939 5.07225509803359
Havcr2 10.710530075929 4.63803220617969 4.11540957540404
Alas2 9.97256535353661 5.7435589324833 4.74995421674056
Cmtm7 10.4036329494645 6.45235753364732 5.18643571657406
Mafb 10.9849900615298 5.64736162001885 5.27546697419
Blnk 11.8079240962002 5.67448106272504 5.23838911244271
Alox5ap 12.5749967599795 8.64546569000716 5.77665986288371
Fyb 11.7159427823204 6.94173816432896 5.84188203328606
Ctla2b 9.94438247489242 4.37639598069261 4.05994191474842
Hspa1a 11.9245276178108 7.10270003336389 5.88070279684687
Zfp36 13.4960506681509 7.68699175162079 6.25056383926734
Abhd15 9.92497435981129 6.38129593321348 4.93018611784165
Cyba 11.7749627835735 8.10300560576974 5.12046044385906
Ptpn6 11.3292345329635 7.60781309992373 6.32362347455066
Tec 10.1967601761071 6.77989403448961 5.34926581362772
Cd52 8.83934325002235 5.14441400942705 4.57505491850297
Irf5 10.4417221455899 6.28175452506284 5.60057294442409
Naip2 10.8151812852359 4.68595554578004 4.3118531910947
Anxa3 12.9131833282778 5.80270012346553 4.82299370040985
