Nr2f2 10.6729166122564 7.15088340308123 6.43182014390126
Pdzrn3 9.67688373880462 5.98169286728233 5.03812846307236
Meis2 11.323923897515 7.31181986087126 4.90336072283527
Pcbp3 10.7974291467886 7.34912698230503 4.66493041095197
Slc4a10 12.8435461849433 9.41156501325687 6.73929852353296
Amy1 9.89678198341344 5.00222426324653 4.88236554501494
Dpysl4 10.5782362027673 6.7097679267517 5.03906782646128
Cdhr1 11.8362218554104 7.37112346155432 5.17559589999576
Lmo1 12.8227215172426 8.15408279996186 6.06404122551877
Zfpm2 9.82506887783824 6.18893324624513 4.67804891405062
Vstm2b 11.6185886653485 8.1194088472472 5.61109666532929
Sptbn1 12.4034456367663 8.53233140500512 7.31601998314536
Pclo 10.9989569509468 7.08981066990557 4.25784235011152
Igf1 12.0457812137861 6.55339953186984 5.98952440734474
Uncx 8.79482544445555 5.21717296321822 4.12121415487858
C78859 8.73320799769698 4.76434830939859 4.25228378509869
Pcdhb21 8.96454923617397 5.21591545132909 4.99139728267565
Gabrr2 11.4388387702112 5.47337468493573 5.0988008919076
Ptprt 10.0968966765957 6.51941261178713 5.26644054111732
Syne1 11.2594012455718 6.77114856122131 5.60402553972163
Lhx1 8.64141866962482 4.53498561252534 4.07636210562144
Cntnap2 12.6913591515224 9.25672540305094 4.26958832351212
Kcnc1 12.0348420852865 8.44747807679314 6.8460635414177
Spon1 12.5254618455998 8.49417689845696 6.55813748586868
Cplx3 12.2460700900404 6.24821940528714 5.66109169862279
Pcdh20 11.4819705082594 7.606116521188 5.10710900067104
Otx2 11.5722089479851 5.94164231146641 4.84315272851511
Ntm 11.2784909162112 7.87923401316856 5.19949902805342
Meg3 12.9248738153565 9.08538166086428 7.46489972085518
Apba2 10.9975667229323 7.63951911585453 5.29020045843846
Ryr3 10.3041088027832 6.67729318680213 5.68079453371508
Rian 9.80645963534517 4.30957362484583 4.22827928247585
Fmn2 11.267999727653 6.16702076614929 5.41869859201754
Snhg11 12.3664266728697 8.93488846331431 5.50353999834229
Frmd5 11.8794662976538 8.5356789975404 5.75337237451649
Rpp25 10.0733388594301 6.67921032075417 4.87029906574136
Gata3 8.34719637756497 4.94551862435461 4.50719649146379
Reln 13.354335825989 8.15756579525151 5.59065428789919
Ssbp2 11.2750414929467 7.6372038633686 6.64697946234268
Ppargc1b 10.4918559692721 6.65455865750698 6.49617861046469
Chrna6 11.1813837898697 6.00949567835248 5.24604931684203
Cacna2d2 12.7039877418418 8.31497480043604 6.03704981597976
Chrna3 8.87253550162556 5.18882131516886 4.98793022646068
Ablim1 11.3979561621327 7.76758709393725 7.67575503221913
