Golm1 14.5043983490498 10.6752303137017 7.38239189935161
Spint1 11.6518891116016 7.72004512639379 5.0425563874082
Slc2a5 11.9974441569728 8.01036522424341 4.70439463359953
Egr1 15.5464264993563 12.1446327938175 9.03420774496241
Cd14 15.0881277812882 6.84201599536793 3.28111258828678
Jun 14.4150085165044 10.117205749917 4.43830020070342
Rgs1 13.5896768601193 6.16209714165611 3.975420656056
Tlr4 11.0317574107723 7.02887251572753 2.37020812119328
Crybb1 13.7915412039293 5.44152440984445 4.32895355151069
Plxdc2 13.8996477516206 10.045970481049 6.32501219211646
Cysltr1 11.0256347725584 5.65590872875047 3.48420407038589
Pon3 10.7415012043785 4.83697948837003 2.13833253555681
C3ar1 12.7204297002934 6.48728867054271 1.9191139078374
Fgd2 12.7508960184864 6.52716181502738 3.33610088559568
Ltc4s 11.0231381962426 6.96114135926046 2.74239554352919
Tlr7 13.2033519216098 4.73182416507932 2.18777729695789
Csf1r 15.2958067018163 6.8684702364696 4.81532976168098
Rab3il1 10.489116073033 3.84403046582978 1.28800070208626
Ccl2 11.6059175361301 6.78492465905724 3.57703582028181
Cd86 11.916029399746 5.42939985236972 1.7736467286934
Dst 11.1447280843955 5.69657231898607 1.88594084976327
Bco2 10.1141356267677 6.5449643735407 4.34034415709304
Il1a 13.7992464133504 5.75470311220387 1.74818574356373
Hpgds 10.7546555828761 6.32502140450724 2.84821158212725
Ccl4 14.1591641440691 8.27403029865388 4.67906813934858
Tgfbr2 14.2113128556156 8.36611799860721 5.29996339280882
Ccr5 13.2200275105007 6.37464597377045 3.28523979265337
Gpr34 13.7060492140353 4.87797302586291 1.53528372498351
Entpd1 11.338033403695 5.17740491195661 1.97852594584152
Icam1 13.7536817049972 5.41172710589497 2.46407615721922
F11r 13.6135438604943 7.88809226467908 4.49578259758995
P2ry6 13.3953363640041 4.55998879814326 2.47360560593144
Adap2 11.7831206630109 7.7336821385636 5.21498672609968
Pros1 12.7760310089422 7.16770111557267 6.08763739438296
Abcc3 11.4286648326461 6.47932606002626 3.65116107773414
Lair1 12.6725347196519 6.74212034972045 3.87076717474085
P2ry12 14.4665870344514 7.02419350696464 2.39532435148997
Il10ra 13.4432896995709 3.94522421778711 1.86357715785992
Hexb 15.2176222803016 10.5669385264066 8.16408754238707
Ctsd 15.0773979140221 11.2498887311164 10.4289332700768
Pald1 12.020136834702 7.74168152322922 5.47142236779598
Ppp1r15a 13.8238492141806 9.09526657832608 7.34168825030435
Olfml3 14.6651015303204 6.77203830889719 4.41303631426509
Lgmn 14.9249446664512 9.97104793351152 8.68767813136191
Fcrls 15.1865534569242 6.76631164672568 4.563502945023
Atf3 15.1055328625467 7.01179090381024 4.69815033553279
Lag3 10.655916992608 5.87297491406907 2.81249094787064
Cx3cr1 14.4165442072339 7.80684769239151 4.11968951470755
Stab1 12.3964535379575 5.9153120298099 4.12882419437679
Pdgfb 11.8011938268598 7.17852048063638 3.94252662056027
Adamts1 13.0576409092885 8.65061254527782 4.90597218249975
Ang 11.1928615295694 4.78538516203241 2.41947944862115
Tmem119 14.833086477742 7.59359952071243 4.64225297464137
Havcr2 12.402013747959 6.3041268347895 3.57677925364923
Mafb 10.5362240192657 4.21240814409931 2.45098277787416
Blnk 13.5246639167472 6.60045338124695 4.19305492043723
Hspa1a 13.3055000684461 9.48414833517957 7.16777033633916
