Trim59 12.5893508195941 9.06715729058712 6.467358157329
Olig2 11.3133186643329 7.94843703766545 3.57429509937469
Pde8a 8.54873765647564 4.09461845236802 2.41394525986695
Mobp 13.9448540600973 10.2542983714576 4.17903157920354
Tll2 7.78957064281459 3.38490344437966 1.52226406905731
Pdgfra 9.02838290371913 5.4267305679242 2.92159899588651
Pou3f1 10.7285470318115 6.83095774244557 3.45158802298283
Cspg4 7.90068728187215 4.52897528147455 2.15481202295284
Elovl7 11.2362492502143 7.30047459591917 3.70017988100641
Sox10 12.7526767167548 9.24780607068154 3.65013721296641
Ddc 11.249940160401 7.48624374211325 5.44144128412691
Nkx6-2 11.4902131811034 7.7377485055372 3.89652720392579
Gjc2 9.58220669377785 5.99084891693147 4.24544462053185
Gjb1 9.57077077215306 6.23128429754904 1.91759371493356
Mog 12.873318905997 9.53975013251075 2.52765711157469
Pllp 12.8238472533834 9.04994020223977 6.17410289214991
Klk6 11.1672981898141 7.18373243133635 5.68822702011445
Tnni1 10.418677187681 6.42707933644529 2.62512172408337
Pex5l 10.6425385857235 6.67392285458319 2.46643923304204
