Sipa1 11.028832104782 7.40886507731582 5.94468825002142
C1qb 13.3809165744448 9.82684017939656 3.77432265044748
Slc7a7 10.9326702827516 6.51618735552467 4.95851670549036
Srgn 13.2795222117037 9.72518086984642 5.05069960088599
Snx5 12.5419589726741 9.19358708557972 5.03402934614119
Fcgr1 12.2955371160684 8.41948728377507 4.31727088388762
Ccl9 11.4677327663853 7.62210304833934 4.51557948377128
Pmaip1 7.97566326054479 4.64544943753253 3.87380896411677
Aif1 11.8214348072249 7.11808276193394 4.85181881845551
Crybb1 12.2648088011919 7.88511263218251 6.37659732857802
Fcer1g 12.6718396223893 7.70874442584053 5.45207723144723
Ctsh 12.87251521366 7.93948074349541 5.17677106475339
Ncf4 10.7292352869563 6.95444874680259 4.97578616350663
Ggta1 10.3002208247185 6.32971476379405 4.03616982113159
Lcp2 10.4089431447829 6.67124485227208 4.63110411877697
Ngp 12.7574775005176 9.15224223143878 5.05028670889768
Ms4a6b 11.2554621340409 6.31628119304595 4.61242632945944
Cxcl10 9.72683118350032 5.6943278381764 4.91751203012534
Cttnbp2nl 11.6991350325633 8.23066166667294 5.45466552866332
Tlr2 11.9276981137555 7.50107318726611 5.32789741388075
Cd37 10.9003612304416 7.00349301428917 5.41429900686637
Map3k8 10.2772018482877 5.35651460120762 4.69106469994995
Myd88 10.6605178444686 6.73498678007275 5.41898168189788
Ccl12 10.6391731596107 5.63390949619235 4.31463367290305
Pon3 9.25424963832735 5.89208684230226 4.14655551401756
S100a8 13.1710031765985 9.48434744715832 4.54948753169166
C3ar1 11.7048817822179 7.41128479891325 5.10081511999667
Ccl3 13.5359936909524 9.79637270717056 4.5034165454291
Ms4a6d 11.4841310922632 6.69468001479522 4.50461778505246
Camp 12.4507582747533 7.54685779038609 5.36661119849857
Chil3 11.4871946767607 7.9109032059564 3.86053847665045
Arap3 9.99309938625579 6.44014709446293 4.01422179763668
Tlr7 11.1537008662761 6.40580862501261 4.78697734923051
Slc11a1 11.3948658681908 7.75224402625443 5.28384223943574
Ccl2 9.3887194295731 5.81098430290273 5.06364588147403
Cd86 11.6527693006629 7.12784707105203 4.87722303105825
Gpr84 11.5263505075912 7.18571837043467 5.27911443336668
Trim12a 8.39694276788024 4.37403584389202 3.87700301723787
Lgals9 9.69958847858634 6.20791407777098 5.1879168363797
Igsf6 8.83394697282607 4.65024457679237 4.02522598179701
Naip5 11.0978070538461 6.57203558617211 4.11517253178718
Fli1 10.1221580891138 6.03620819844267 3.79397340927789
Il6ra 12.6762370901779 8.27214586096156 5.47397335749492
Cd84 9.79853579725004 5.76332987288284 4.30773173699662
Cfh 10.9189995251726 5.4242810857933 3.47408971907995
Ptgs1 12.1460566579667 8.79671819691338 4.57350386851489
Lyz2 12.6255399097117 9.26655444939102 5.97163301507323
Unc93b1 11.2638153754962 7.89226914931018 6.14773077650783
Edem1 10.5468048765477 6.93007732153501 4.43970172115279
Tmem140 8.37653073680301 5.03599323137519 4.23397748479676
Cd177 8.34962699286364 4.833489650221 4.03678983607146
F11r 12.1396861374846 8.2606470947784 5.56607555692149
Siglec5 8.28941632201165 4.26929572019909 3.72477535498058
P2ry6 11.5574667748729 6.38347738901593 4.34414685796605
Il13ra1 9.84239214017086 6.29389634854033 4.22536436259688
Arrb2 11.4983554070217 7.62705317839155 6.07424778492015
Pros1 11.4603712254362 7.46011673559665 4.61319619444765
Trim47 10.0791566495733 6.74714041601005 4.86746833218285
Sash3 11.249005723635 7.774515766432 5.32075704264988
Cd48 9.95999221182058 5.78745781343913 4.33850263050247
Lcn2 12.0118513639671 7.81267786584611 4.1578221417412
Rhoh 10.6886747062572 6.22339317843939 4.60237569982665
1700017B05Rik 11.7630363477309 6.93756350932326 5.50039473351626
Lair1 10.6341607739461 6.70651507882054 4.7832657850548
Pld4 12.0162068213804 8.07566530651332 5.1798233474227
Fermt3 11.255187597153 6.51111776816614 3.76985456229509
H2-Aa 10.95884712019 6.46322132513261 4.38643337553515
Clcf1 8.66818372368241 4.91977550816482 3.67169514728419
Il10ra 11.9204835825207 8.04857145901766 4.74965557517656
Rab20 9.47961105235741 5.72268449866913 3.76122593694522
Olfml3 13.5589885962411 9.78724568307741 6.07265779773781
Ncf2 10.9678841319022 7.18399478874221 5.37189384319663
Fcrls 13.5094801235154 9.54965424145219 5.27371028904815
Tlr1 9.47210882993985 5.68460262506168 4.0972171795281
Cd68 12.242490069775 7.78225941579537 4.56760020282917
Hck 11.677853867497 8.21473747034521 4.82492822146003
Lag3 9.95212609690159 6.51802717096757 5.22247123028535
Ltf 12.2109361391241 8.82226354848084 6.25333849767597
Stab1 10.8319181809469 6.83536063924988 4.90523066192027
Il6 8.39447282799593 4.59337597163814 3.7288788929998
Itgb2 11.8272052895604 8.17697505613979 4.53653586923051
Ang 8.39410428367088 4.36158180309535 3.91041785337185
Emr1 12.7324162108168 7.61162411448246 5.6128431144893
Nrros 12.2035612900789 8.62184591957144 5.31494697106825
Fyb 11.7070682335866 7.42856391337901 5.97131191140387
Ctla2b 9.98817720392032 6.35337004369699 4.05060181236113
Abhd15 10.2572440975652 6.52865125879171 4.70202457447262
Irf5 10.4986359523617 7.07125053368884 5.60558710307265
Naip2 10.6906973938164 5.5222353270713 4.38144659786914
Anxa3 12.8939144704404 8.03042668726479 5.04637192234981
