Aldh1a1 13.3889963076636 8.83639814303718 7.3380080102475
Slc6a3 12.4761626815854 6.66637972106902 5.32069861109172
Amy1 9.87036233807178 5.20085862400021 4.26102482000977
Col11a1 8.34204653649532 4.58638139279341 4.37451331638381
Sptbn1 11.939365012426 7.78919301171356 7.52524974496975
Pclo 10.1968200581716 6.75282135851453 4.16095266183302
C78859 9.28834594673047 5.09054206943819 4.19264309922194
Th 13.1021232051958 6.85230185768718 6.37675181627083
Mobp 12.2902781532068 8.68907225764174 4.77584970486148
Prkcg 9.74506471492696 6.04199599557089 5.82377811672642
Tenm1 10.1533008137813 6.52607996201974 5.230349556003
Syne1 10.6400394063444 7.03433376856654 5.41030377973355
Foxa2 9.09862621565848 5.49501596290079 5.09925258989498
Parm1 10.0684528352571 6.69019571274496 4.883784520812
Ptprd 11.8970389037387 8.40004971988617 4.88303478949701
Meg3 13.1522677016654 8.63060579645735 7.43611036887689
Ryr3 10.2723937479756 6.50311864379849 5.58660259534807
Rian 10.374217651488 4.80740205322926 4.53719789478756
Defa15 8.10388801843289 4.69787587281002 4.56407495006408
Snhg11 13.1488573526955 8.23844008309405 5.53072100695146
Col6a1 9.46665419861061 5.84239608312941 5.65804820339655
Chrna6 9.61304013076039 5.61369323174211 5.3448075179859
Cacna2d2 13.1165199252176 8.8180496813127 6.09289363913205
Cadps2 12.7788813860404 8.17523980944911 5.2858427762905
