Ddr1 10.4658138528711 9.58978045214598 3.64969712069213
Gja1 13.6340628409758 9.58978045214598 3.64969712069213
Plat 10.0701945270092 9.58978045214598 3.64969712069213
Gsn 11.6430008608244 9.58978045214598 3.64969712069213
Stmn1 13.3305962164527 9.58978045214598 3.64969712069213
Dpysl3 8.61430301419829 9.58978045214598 3.64969712069213
Chgb 9.64630706081438 9.58978045214598 3.64969712069213
Mgst1 11.9110849043713 9.58978045214598 3.64969712069213
Npdc1 8.93071166092252 9.58978045214598 3.64969712069213
Tnfrsf19 9.89258391233667 9.58978045214598 3.64969712069213
Ndn 11.4943771002572 9.58978045214598 3.64969712069213
Atp9a 10.4558802566723 9.58978045214598 3.64969712069213
Bcar3 10.0327427825989 9.58978045214598 3.64969712069213
Scd1 11.6982451013216 9.58978045214598 3.64969712069213
Sqle 11.6037514370532 9.58978045214598 3.64969712069213
Cldn11 10.1793908596622 9.58978045214598 3.64969712069213
Fabp5 10.560312219805 9.58978045214598 3.64969712069213
Lrrn1 10.2284282373872 9.58978045214598 3.64969712069213
Map4 8.37023173464334 9.58978045214598 3.64969712069213
Nsg2 10.150262297728 9.58978045214598 3.64969712069213
Sparcl1 13.4818071186524 9.58978045214598 3.64969712069213
Trim59 9.98626030572724 9.58978045214598 3.64969712069213
Prnp 13.8583020902937 9.58978045214598 3.64969712069213
Olig1 13.2063046898406 9.58978045214598 3.64969712069213
Hmgb3 9.51068621674879 9.58978045214598 3.64969712069213
Plekhb1 13.2702630757297 9.58978045214598 3.64969712069213
Il33 10.6755108906309 9.58978045214598 3.64969712069213
Ptn 11.0528196061797 9.58978045214598 3.64969712069213
Fstl1 10.0150028387226 9.58978045214598 3.64969712069213
Olig2 8.58817845515555 9.58978045214598 3.64969712069213
Nfib 11.0761236865255 9.58978045214598 3.64969712069213
Serpinb1a 9.9874382730501 9.58978045214598 3.64969712069213
Gsta4 11.0422948787282 9.58978045214598 3.64969712069213
Apod 11.2632476225772 9.58978045214598 3.64969712069213
Pcx 9.92598733019696 9.58978045214598 3.64969712069213
Guk1 11.975985803289 9.58978045214598 3.64969712069213
Gstm1 12.5354658049536 9.58978045214598 3.64969712069213
Cpq 10.8288714761414 9.58978045214598 3.64969712069213
Cryab 12.5280901046435 9.58978045214598 3.64969712069213
Aldh1a1 11.117323724302 9.58978045214598 3.64969712069213
Igdcc4 11.1164755071164 9.58978045214598 3.64969712069213
Lxn 12.4084590343064 9.58978045214598 3.64969712069213
Gad1 8.21832638381911 9.58978045214598 3.64969712069213
Thbs3 8.83614212128687 9.58978045214598 3.64969712069213
Me1 10.0574801516414 9.58978045214598 3.64969712069213
Plod2 9.84525560182917 9.58978045214598 3.64969712069213
Snap91 9.09749004895715 9.58978045214598 3.64969712069213
Tppp3 11.8413518615369 9.58978045214598 3.64969712069213
Efs 9.01945135418868 9.58978045214598 3.64969712069213
Bcan 12.4044584210531 9.58978045214598 3.64969712069213
Htra1 13.5589940105662 9.58978045214598 3.64969712069213
Pfkm 10.7032835494129 9.58978045214598 3.64969712069213
Osbpl1a 11.470262023653 9.58978045214598 3.64969712069213
Snap25 10.1082546322195 9.58978045214598 3.64969712069213
Gstm5 11.5893540716507 9.58978045214598 3.64969712069213
Tspan6 10.9848286912187 9.58978045214598 3.64969712069213
Pcsk1n 10.5660131950393 9.58978045214598 3.64969712069213
Sox2 9.78926056169114 9.58978045214598 3.64969712069213
Sdc2 11.1396042390634 9.58978045214598 3.64969712069213
Acot7 10.6739272866621 9.58978045214598 3.64969712069213
Hspa2 10.2682111589147 9.58978045214598 3.64969712069213
Lpar1 11.1428401426352 9.58978045214598 3.64969712069213
Pdgfrb 8.81990004597425 9.58978045214598 3.64969712069213
Ntsr2 13.7932137723525 9.58978045214598 3.64969712069213
Eif2s3y 8.21425013914173 9.58978045214598 3.64969712069213
Fah 10.1404852426302 9.58978045214598 3.64969712069213
Mal 12.9208843541516 9.58978045214598 3.64969712069213
Dmd 8.40344117112184 9.58978045214598 3.64969712069213
Sytl4 8.2735467751885 9.58978045214598 3.64969712069213
Sorbs1 12.0078019988103 9.58978045214598 3.64969712069213
Bex2 9.84818112938271 9.58978045214598 3.64969712069213
Elovl6 10.0746229270387 9.58978045214598 3.64969712069213
F3 10.8871745967997 9.58978045214598 3.64969712069213
Nap1l5 11.8619784149895 9.58978045214598 3.64969712069213
Sept3 9.99557054304541 9.58978045214598 3.64969712069213
Kcna1 10.2226505132073 9.58978045214598 3.64969712069213
Gpd2 11.5729381228969 9.58978045214598 3.64969712069213
Calb1 8.38661954521237 9.58978045214598 3.64969712069213
Rab33a 9.4152121162085 9.58978045214598 3.64969712069213
Ncald 9.78863362765212 9.58978045214598 3.64969712069213
Ackr3 10.3477469080157 9.58978045214598 3.64969712069213
Slc6a9 11.0180339170726 9.58978045214598 3.64969712069213
Rsph1 11.0360898420078 9.58978045214598 3.64969712069213
Sdc4 11.8540728211785 9.58978045214598 3.64969712069213
Grb14 9.79163524998299 9.58978045214598 3.64969712069213
Ppp1r14c 9.79593996221858 9.58978045214598 3.64969712069213
Cplx1 11.0644392876658 9.58978045214598 3.64969712069213
Amy1 8.05533212232064 9.58978045214598 3.64969712069213
Cep19 11.6677998822968 9.58978045214598 3.64969712069213
Fhl1 11.6726816890586 9.58978045214598 3.64969712069213
Mapt 10.9809488147684 9.58978045214598 3.64969712069213
Sirt3 11.6260819571882 9.58978045214598 3.64969712069213
Vldlr 8.78166521436045 9.58978045214598 3.64969712069213
Abhd3 11.6908110921286 9.58978045214598 3.64969712069213
Ghr 9.09721713640364 9.58978045214598 3.64969712069213
Nrarp 10.7967477453836 9.58978045214598 3.64969712069213
Cml1 10.5894449965062 9.58978045214598 3.64969712069213
Gpld1 13.2820353138694 9.58978045214598 3.64969712069213
Prkcz 9.98098689148491 9.58978045214598 3.64969712069213
Ppp1r14a 9.37961176174371 9.58978045214598 3.64969712069213
Chd3os 9.51454576258267 9.58978045214598 3.64969712069213
Stmn4 12.8693195304137 9.58978045214598 3.64969712069213
Dhcr24 9.80756182027335 9.58978045214598 3.64969712069213
Nr2f1 9.3167418201674 9.58978045214598 3.64969712069213
Ina 9.11265210276439 9.58978045214598 3.64969712069213
Gstt1 9.97478697683483 9.58978045214598 3.64969712069213
Pfn2 11.7841376812104 9.58978045214598 3.64969712069213
Omg 11.8184153674803 9.58978045214598 3.64969712069213
Entpd2 11.4403609637079 9.58978045214598 3.64969712069213
Epb4.1l4b 9.07415093597879 9.58978045214598 3.64969712069213
Rlbp1 7.69069209969478 9.58978045214598 3.64969712069213
Fn3k 9.08672550364563 9.58978045214598 3.64969712069213
Apcdd1 9.52908246206503 9.58978045214598 3.64969712069213
Larp6 8.7962235797525 9.58978045214598 3.64969712069213
Cxcl14 8.55309589524919 9.58978045214598 3.64969712069213
Matn4 9.55774334385245 9.58978045214598 3.64969712069213
Aspa 11.2019894580986 9.58978045214598 3.64969712069213
Sdsl 10.1023915653154 9.58978045214598 3.64969712069213
Nap1l3 7.75127233673811 9.58978045214598 3.64969712069213
Fzd2 10.1220645557165 9.58978045214598 3.64969712069213
Wasf1 9.03240978709481 9.58978045214598 3.64969712069213
Nrsn1 10.6354911872697 9.58978045214598 3.64969712069213
Astn1 10.7925738539267 9.58978045214598 3.64969712069213
Clu 13.5983529605573 9.58978045214598 3.64969712069213
Mpdz 8.32927856543386 9.58978045214598 3.64969712069213
Ptprz1 12.0382369531969 9.58978045214598 3.64969712069213
Slc38a3 10.8166071967361 9.58978045214598 3.64969712069213
Psd3 9.8101357262565 9.58978045214598 3.64969712069213
Mapk8ip2 9.87069703339273 9.58978045214598 3.64969712069213
Sh3gl2 10.2972814395233 9.58978045214598 3.64969712069213
Cds2 11.7491341147645 9.58978045214598 3.64969712069213
Rdh5 10.9233258006673 9.58978045214598 3.64969712069213
Cdh2 8.77407003276626 9.58978045214598 3.64969712069213
Eno2 9.25973411153003 9.58978045214598 3.64969712069213
Fads2 10.5140153274623 9.58978045214598 3.64969712069213
Cyp2d22 10.1626866901141 9.58978045214598 3.64969712069213
Rtn2 8.94498894094621 9.58978045214598 3.64969712069213
Ugt8a 12.7018385788676 9.58978045214598 3.64969712069213
Gstm7 9.01750731015746 9.58978045214598 3.64969712069213
Tmeff2 11.2770301632643 9.58978045214598 3.64969712069213
Timp3 10.1682027976717 9.58978045214598 3.64969712069213
Serpina3n 10.0644243835216 9.58978045214598 3.64969712069213
Hrh1 8.88121991062278 9.58978045214598 3.64969712069213
Dtna 10.7956631104148 9.58978045214598 3.64969712069213
Sptbn1 12.5880459403491 9.58978045214598 3.64969712069213
Pdpn 9.15818046545654 9.58978045214598 3.64969712069213
S100b 12.1309005846078 9.58978045214598 3.64969712069213
Aox1 8.61992743142811 9.58978045214598 3.64969712069213
Fam19a5 8.79205762740973 9.58978045214598 3.64969712069213
Nat8 10.052721438573 9.58978045214598 3.64969712069213
Kcnj10 12.928670725356 9.58978045214598 3.64969712069213
Mia 8.84306775487093 9.58978045214598 3.64969712069213
Bbox1 10.2635323810052 9.58978045214598 3.64969712069213
Mbp 14.1436377001564 9.58978045214598 3.64969712069213
Gabrb1 12.5494137452753 9.58978045214598 3.64969712069213
Mark1 9.02114627842245 9.58978045214598 3.64969712069213
Kif3a 10.3728329704421 9.58978045214598 3.64969712069213
Atp2b2 8.83300359575718 9.58978045214598 3.64969712069213
Tmem47 9.61788953348146 9.58978045214598 3.64969712069213
Csrp2 8.69044174640932 9.58978045214598 3.64969712069213
Ndrg1 12.6321531839714 9.58978045214598 3.64969712069213
Kcnq2 7.65681696164646 9.58978045214598 3.64969712069213
Ntrk2 13.0650304318696 9.58978045214598 3.64969712069213
Ptprf 12.1872185958646 9.58978045214598 3.64969712069213
Fgfr2 10.762410710978 9.58978045214598 3.64969712069213
Pard6g 10.119484303871 9.58978045214598 3.64969712069213
Vsnl1 8.70371547931966 9.58978045214598 3.64969712069213
Hapln2 9.37608876494138 9.58978045214598 3.64969712069213
Mobp 13.3707033220499 9.58978045214598 3.64969712069213
Irx5 8.44907189520258 9.58978045214598 3.64969712069213
Cyp7b1 9.17100737484147 9.58978045214598 3.64969712069213
Slc7a10 11.6416786957646 9.58978045214598 3.64969712069213
Ldb2 9.21758279997783 9.58978045214598 3.64969712069213
Nkx2-2 8.7207002465186 9.58978045214598 3.64969712069213
Pvrl3 8.21660583400353 9.58978045214598 3.64969712069213
Cttn 11.4288027861462 9.58978045214598 3.64969712069213
Myb 9.42327882620716 9.58978045214598 3.64969712069213
Fxyd1 10.274295109677 9.58978045214598 3.64969712069213
Cplx2 9.9742701090117 9.58978045214598 3.64969712069213
Dzip1 8.51685808900385 9.58978045214598 3.64969712069213
Syne1 10.8417354130536 9.58978045214598 3.64969712069213
Rapgef4 9.77415242399713 9.58978045214598 3.64969712069213
Enah 12.7500127248684 9.58978045214598 3.64969712069213
Vcan 8.24849340458499 9.58978045214598 3.64969712069213
Gpr19 10.7746044542155 9.58978045214598 3.64969712069213
Epdr1 11.4003621785749 9.58978045214598 3.64969712069213
Bace1 10.861462794643 9.58978045214598 3.64969712069213
Ak4 9.37814006793641 9.58978045214598 3.64969712069213
Fgfr3 12.3271079999719 9.58978045214598 3.64969712069213
Elavl2 7.73238839409427 9.58978045214598 3.64969712069213
Pdgfra 10.0285315763383 9.58978045214598 3.64969712069213
Nedd4 11.229407430526 9.58978045214598 3.64969712069213
Ncam1 12.0755223790558 9.58978045214598 3.64969712069213
Gria2 8.97287630639596 9.58978045214598 3.64969712069213
Atp1b2 12.6145160049897 9.58978045214598 3.64969712069213
Zbtb20 12.0032381434625 9.58978045214598 3.64969712069213
Klf9 12.4314109962805 9.58978045214598 3.64969712069213
Igfbp5 11.309259423397 9.58978045214598 3.64969712069213
Acsbg1 11.7312066259718 9.58978045214598 3.64969712069213
Acss2 9.43166183433384 9.58978045214598 3.64969712069213
Glrb 8.0021679095705 9.58978045214598 3.64969712069213
Myo10 10.435972268281 9.58978045214598 3.64969712069213
Nkain4 12.1048931795819 9.58978045214598 3.64969712069213
Shroom3 8.69078299935291 9.58978045214598 3.64969712069213
Rnd2 10.7084047661386 9.58978045214598 3.64969712069213
Prkd1 8.66346342225819 9.58978045214598 3.64969712069213
Ttyh1 9.77146352540632 9.58978045214598 3.64969712069213
Fjx1 9.63865571210509 9.58978045214598 3.64969712069213
Slc32a1 8.65461684568253 9.58978045214598 3.64969712069213
Rims2 9.32043002165273 9.58978045214598 3.64969712069213
Kcnd2 10.2533148838821 9.58978045214598 3.64969712069213
Kif5c 12.33750223143 9.58978045214598 3.64969712069213
Nsg1 9.45735713666468 9.58978045214598 3.64969712069213
Sc4mol 11.4773233824578 9.58978045214598 3.64969712069213
Efnb3 10.1845622575954 9.58978045214598 3.64969712069213
Gpm6b 11.5474054865728 9.58978045214598 3.64969712069213
Irs1 9.55181985645958 9.58978045214598 3.64969712069213
Hes5 10.9736844001052 9.58978045214598 3.64969712069213
Scg5 8.17589433165664 9.58978045214598 3.64969712069213
Napb 9.61496625816601 9.58978045214598 3.64969712069213
Lgi1 9.28908379669491 9.58978045214598 3.64969712069213
Cap2 9.04921843396325 9.58978045214598 3.64969712069213
Id4 11.8493570787227 9.58978045214598 3.64969712069213
Ints6 11.5928341118569 9.58978045214598 3.64969712069213
Ptprk 9.71161337043388 9.58978045214598 3.64969712069213
Cbln1 8.91808601458973 9.58978045214598 3.64969712069213
Add3 11.6364200676523 9.58978045214598 3.64969712069213
Cspg4 10.2054408143622 9.58978045214598 3.64969712069213
Slco1c1 10.4434301344282 9.58978045214598 3.64969712069213
Wnt7a 9.1218454939637 9.58978045214598 3.64969712069213
Clic4 11.7511639089466 9.58978045214598 3.64969712069213
Agt 12.6639093369737 9.58978045214598 3.64969712069213
Timp4 12.0255668092896 9.58978045214598 3.64969712069213
Scn8a 7.88721980365302 9.58978045214598 3.64969712069213
Gap43 10.1052733513797 9.58978045214598 3.64969712069213
Ednrb 11.1916096722584 9.58978045214598 3.64969712069213
Ncan 10.0801725002911 9.58978045214598 3.64969712069213
Atp1a1 11.6281255799588 9.58978045214598 3.64969712069213
Dner 10.9596102771902 9.58978045214598 3.64969712069213
Tmem246 9.51167948241492 9.58978045214598 3.64969712069213
Ptgds 11.169279581623 9.58978045214598 3.64969712069213
Slc44a1 11.8604376166979 9.58978045214598 3.64969712069213
Camk2g 11.9345436644349 9.58978045214598 3.64969712069213
Sez6l2 11.4571064349089 9.58978045214598 3.64969712069213
Tspyl4 10.9158801989997 9.58978045214598 3.64969712069213
Elovl7 8.32146655750228 9.58978045214598 3.64969712069213
Gpr37l1 13.6055485593859 9.58978045214598 3.64969712069213
Fam216a 10.1157816663416 9.58978045214598 3.64969712069213
Susd4 8.81513312833784 9.58978045214598 3.64969712069213
Polr3h 10.7276051481794 9.58978045214598 3.64969712069213
Lrrc48 10.7481015852733 9.58978045214598 3.64969712069213
Homer2 9.70647673881319 9.58978045214598 3.64969712069213
Tmem51 10.5456709055559 9.58978045214598 3.64969712069213
Adhfe1 8.58706955913147 9.58978045214598 3.64969712069213
Selm 9.28818736852301 9.58978045214598 3.64969712069213
Asrgl1 12.4474167201195 9.58978045214598 3.64969712069213
Aldh1l1 10.353701575491 9.58978045214598 3.64969712069213
Cbx6 11.4644054818731 9.58978045214598 3.64969712069213
Spon1 11.6872765519132 9.58978045214598 3.64969712069213
Phldb1 10.4655410529164 9.58978045214598 3.64969712069213
Rapgef3 10.9289786654534 9.58978045214598 3.64969712069213
Mmd2 12.3882562860985 9.58978045214598 3.64969712069213
Tspan2 10.2979548250295 9.58978045214598 3.64969712069213
Samd4 11.2536590493976 9.58978045214598 3.64969712069213
Gprc5b 11.6761632696965 9.58978045214598 3.64969712069213
Plekhf1 9.52282662768719 9.58978045214598 3.64969712069213
Cyp2j9 11.2604781674777 9.58978045214598 3.64969712069213
Calml4 10.8515814082313 9.58978045214598 3.64969712069213
Aldoc 14.1436377001564 9.58978045214598 3.64969712069213
Rsph9 10.7027349184456 9.58978045214598 3.64969712069213
Cdh22 9.47150293903898 9.58978045214598 3.64969712069213
Cald1 9.92251449352079 9.58978045214598 3.64969712069213
Slain1 8.91270354886856 9.58978045214598 3.64969712069213
Ptprd 12.1561631723913 9.58978045214598 3.64969712069213
Gpsm2 8.9874810829397 9.58978045214598 3.64969712069213
Sox10 10.2704184068679 9.58978045214598 3.64969712069213
Mboat2 9.85187707847442 9.58978045214598 3.64969712069213
Rarres2 10.0249885069284 9.58978045214598 3.64969712069213
Cdh10 9.30212180129951 9.58978045214598 3.64969712069213
Tyro3 7.31938150635248 9.58978045214598 3.64969712069213
Zcchc18 10.046287451475 9.58978045214598 3.64969712069213
Slc12a5 10.4353818824905 9.58978045214598 3.64969712069213
Aqp4 11.9281967563778 9.58978045214598 3.64969712069213
2610034M16Rik 7.64465517816482 9.58978045214598 3.64969712069213
Plp1 13.2296815633837 9.58978045214598 3.64969712069213
Prrx1 8.31046407446054 9.58978045214598 3.64969712069213
S100a16 12.543757248835 9.58978045214598 3.64969712069213
Edil3 8.84065275838268 9.58978045214598 3.64969712069213
Ppp1r3c 11.524844192771 9.58978045214598 3.64969712069213
Csrp1 11.1184471363991 9.58978045214598 3.64969712069213
Dtx1 11.8747928827204 9.58978045214598 3.64969712069213
Caln1 9.33698426179087 9.58978045214598 3.64969712069213
Dusp26 8.82746892647451 9.58978045214598 3.64969712069213
Amot 10.663292400675 9.58978045214598 3.64969712069213
Armcx1 9.30321401956502 9.58978045214598 3.64969712069213
Cuedc1 10.4607754600808 9.58978045214598 3.64969712069213
Sox6 9.2375097758347 9.58978045214598 3.64969712069213
Trav9d-3 9.87702617477123 9.58978045214598 3.64969712069213
Cldn10 8.98049228410441 9.58978045214598 3.64969712069213
Ddc 9.25465113656916 9.58978045214598 3.64969712069213
Vit 8.08415714738498 9.58978045214598 3.64969712069213
Nefl 9.64124734921565 9.58978045214598 3.64969712069213
Sorl1 11.872896115063 9.58978045214598 3.64969712069213
Ntm 9.77620567755304 9.58978045214598 3.64969712069213
Alcam 8.98932012877662 9.58978045214598 3.64969712069213
Ddx3y 8.99760294320375 9.58978045214598 3.64969712069213
Gpm6a 9.52112411854564 9.58978045214598 3.64969712069213
Ndrg4 11.4386352606227 9.58978045214598 3.64969712069213
Tlcd1 11.0731792426073 9.58978045214598 3.64969712069213
Trib2 9.67866320006478 9.58978045214598 3.64969712069213
Tmeff1 9.13837349921676 9.58978045214598 3.64969712069213
Srebf1 12.4399199833346 9.58978045214598 3.64969712069213
Cnn3 11.4046894253462 9.58978045214598 3.64969712069213
6330403K07Rik 12.9025150865121 9.58978045214598 3.64969712069213
2610507B11Rik 10.4577521933011 9.58978045214598 3.64969712069213
Celf4 10.4363639701048 9.58978045214598 3.64969712069213
Fa2h 9.69315153382292 9.58978045214598 3.64969712069213
Phlpp1 11.0900016452889 9.58978045214598 3.64969712069213
Thra 10.6598861961384 9.58978045214598 3.64969712069213
Fbxo2 10.6104160303239 9.58978045214598 3.64969712069213
Scara3 8.59964707552854 9.58978045214598 3.64969712069213
Amph 9.75883019736006 9.58978045214598 3.64969712069213
Metrn 11.3156656042785 9.58978045214598 3.64969712069213
Zfp612 9.49031188217745 9.58978045214598 3.64969712069213
Copg2os2 10.8892635810236 9.58978045214598 3.64969712069213
Armcx4 8.61390112523675 9.58978045214598 3.64969712069213
Gabrg1 10.3978889665085 9.58978045214598 3.64969712069213
Adora1 10.559121385165 9.58978045214598 3.64969712069213
Abca8a 8.52429608073533 9.58978045214598 3.64969712069213
Nkx6-2 9.33357503135072 9.58978045214598 3.64969712069213
Atp1a2 12.2883860137603 9.58978045214598 3.64969712069213
Spag5 8.3674022118656 9.58978045214598 3.64969712069213
Gnai1 8.14078225303949 9.58978045214598 3.64969712069213
Rassf9 8.34156182829441 9.58978045214598 3.64969712069213
Tmem163 9.23466241861339 9.58978045214598 3.64969712069213
Tmcc2 11.1582279137749 9.58978045214598 3.64969712069213
Slc14a1 8.28374015367485 9.58978045214598 3.64969712069213
Pacrg 9.87842074501876 9.58978045214598 3.64969712069213
Dmkn 9.05994975936614 9.58978045214598 3.64969712069213
Ptch1 12.8007707356869 9.58978045214598 3.64969712069213
Tril 12.878935252398 9.58978045214598 3.64969712069213
Mt2 11.6489026980646 9.58978045214598 3.64969712069213
Itih5 9.77285316356084 9.58978045214598 3.64969712069213
Ppap2b 14.0154807212823 9.58978045214598 3.64969712069213
Rimklb 9.63748987040977 9.58978045214598 3.64969712069213
Bcat1 9.85426909717818 9.58978045214598 3.64969712069213
Pla2g7 11.3440481521053 9.58978045214598 3.64969712069213
Fmn2 10.2125600075973 9.58978045214598 3.64969712069213
Ptpn13 7.98033291864828 9.58978045214598 3.64969712069213
Rhpn2 7.75455634925254 9.58978045214598 3.64969712069213
Antxr1 10.952047622079 9.58978045214598 3.64969712069213
Tekt1 9.50014375422798 9.58978045214598 3.64969712069213
Lrrc23 10.680093004362 9.58978045214598 3.64969712069213
Sh3gl3 10.4950659353697 9.58978045214598 3.64969712069213
Anln 10.2241896296717 9.58978045214598 3.64969712069213
Chchd10 10.732622202788 9.58978045214598 3.64969712069213
Cd38 10.8439117882039 9.58978045214598 3.64969712069213
Abat 11.3666725491926 9.58978045214598 3.64969712069213
Ppargc1a 10.258495606068 9.58978045214598 3.64969712069213
Lgi4 10.2253452052086 9.58978045214598 3.64969712069213
Fermt2 11.7857653645894 9.58978045214598 3.64969712069213
Lrig1 11.4696223738212 9.58978045214598 3.64969712069213
Slc20a2 10.758749355844 9.58978045214598 3.64969712069213
Coro2b 9.66800943844104 9.58978045214598 3.64969712069213
Tbcel 11.1151473777844 9.58978045214598 3.64969712069213
Gpt2 10.775729294394 9.58978045214598 3.64969712069213
Erbb3 9.12585519743015 9.58978045214598 3.64969712069213
Nrcam 10.583660402182 9.58978045214598 3.64969712069213
Neo1 10.7302097344831 9.58978045214598 3.64969712069213
Limch1 11.6100951752043 9.58978045214598 3.64969712069213
Unc5b 9.49732010706161 9.58978045214598 3.64969712069213
Stmn3 11.0260679435337 9.58978045214598 3.64969712069213
Gria1 10.5744587579379 9.58978045214598 3.64969712069213
AI464131 9.24219740868005 9.58978045214598 3.64969712069213
Fhod3 8.19222482870684 9.58978045214598 3.64969712069213
Elavl3 9.12616671911126 9.58978045214598 3.64969712069213
Cachd1 9.79266378706734 9.58978045214598 3.64969712069213
Mapk10 10.1444042606198 9.58978045214598 3.64969712069213
Impad1 11.0852613251161 9.58978045214598 3.64969712069213
F2r 9.05525744258149 9.58978045214598 3.64969712069213
Cpeb3 8.95644112034774 9.58978045214598 3.64969712069213
Fdft1 12.1215768826786 9.58978045214598 3.64969712069213
Pkp4 12.6327212789697 9.58978045214598 3.64969712069213
Ahi1 10.4812008073756 9.58978045214598 3.64969712069213
Gli2 9.80376897088784 9.58978045214598 3.64969712069213
Sash1 11.8182629721233 9.58978045214598 3.64969712069213
Tm4sf1 10.4839457406919 9.58978045214598 3.64969712069213
Mlc1 11.3954211460098 9.58978045214598 3.64969712069213
Ndrg2 13.7269286064237 9.58978045214598 3.64969712069213
Atp6v0e2 12.3426461129668 9.58978045214598 3.64969712069213
Uchl1 10.2024840256733 9.58978045214598 3.64969712069213
Tnk2 12.3623894712941 9.58978045214598 3.64969712069213
Gjb6 11.3842659865462 9.58978045214598 3.64969712069213
Efhd1 9.01029752416826 9.58978045214598 3.64969712069213
Bex1 12.0867002954975 9.58978045214598 3.64969712069213
Scg3 12.3137780024066 9.58978045214598 3.64969712069213
Cacnb3 8.1880413775376 9.58978045214598 3.64969712069213
Kcnk1 11.441037259696 9.58978045214598 3.64969712069213
Heph 7.72525429589897 9.58978045214598 3.64969712069213
Sept4 11.8903936505776 9.58978045214598 3.64969712069213
Car2 13.223488129484 9.58978045214598 3.64969712069213
Mog 10.1747174981889 9.58978045214598 3.64969712069213
Kcnn2 9.82219734996211 9.58978045214598 3.64969712069213
Gng11 10.948848801772 9.58978045214598 3.64969712069213
Cadps 7.81610393333184 9.58978045214598 3.64969712069213
Ngef 10.8512596380024 9.58978045214598 3.64969712069213
Klk6 9.36975655407607 9.58978045214598 3.64969712069213
Rhou 11.726424351989 9.58978045214598 3.64969712069213
Hsd11b1 11.0448542188049 9.58978045214598 3.64969712069213
Itih3 13.7975601079007 9.58978045214598 3.64969712069213
Cyfip2 9.96455576312648 9.58978045214598 3.64969712069213
Tenm3 8.56769663168537 9.58978045214598 3.64969712069213
S1pr5 9.39183662007515 9.58978045214598 3.64969712069213
Reln 9.15558754251436 9.58978045214598 3.64969712069213
Gdpd3 11.3588845342608 9.58978045214598 3.64969712069213
Trps1 9.46729754013949 9.58978045214598 3.64969712069213
Cntn1 12.1032589311879 9.58978045214598 3.64969712069213
Rgs7 8.93961397563577 9.58978045214598 3.64969712069213
Tagln3 10.2908659884499 9.58978045214598 3.64969712069213
Scg2 8.29840438554384 9.58978045214598 3.64969712069213
Cdh11 8.84647630909159 9.58978045214598 3.64969712069213
Fabp7 11.5197921995004 9.58978045214598 3.64969712069213
Wnt4 10.2185600607298 9.58978045214598 3.64969712069213
Serpinh1 9.68229647577242 9.58978045214598 3.64969712069213
Gpr37 9.62225843268542 9.58978045214598 3.64969712069213
Cacng4 10.8919122950745 9.58978045214598 3.64969712069213
Acsl6 11.8475374495652 9.58978045214598 3.64969712069213
Zfp521 8.09829242034367 9.58978045214598 3.64969712069213
Dpp6 8.08520890682988 9.58978045214598 3.64969712069213
Spsb4 8.67164107927901 9.58978045214598 3.64969712069213
Dbndd2 12.6356585479304 9.58978045214598 3.64969712069213
Pcolce2 9.42366776645897 9.58978045214598 3.64969712069213
Slc1a2 9.16932096670068 9.58978045214598 3.64969712069213
Fam20b 9.11527656915312 9.58978045214598 3.64969712069213
Slc6a1 11.9440339247071 9.58978045214598 3.64969712069213
Nckap1 12.5719379462279 9.58978045214598 3.64969712069213
Farp1 11.1280070413302 9.58978045214598 3.64969712069213
Csgalnact1 9.89680993286022 9.58978045214598 3.64969712069213
Dpcd 12.1512978379478 9.58978045214598 3.64969712069213
1190005I06Rik 8.57626872705811 9.58978045214598 3.64969712069213
Zdhhc2 8.9289523411944 9.58978045214598 3.64969712069213
Fam213a 12.8482853629428 9.58978045214598 3.64969712069213
Pcp4l1 9.41583700412269 9.58978045214598 3.64969712069213
Fez1 12.2347566797208 9.58978045214598 3.64969712069213
D430019H16Rik 10.3377206380491 9.58978045214598 3.64969712069213
Adcy2 11.5154606759377 9.58978045214598 3.64969712069213
Mag 11.4910690637414 9.58978045214598 3.64969712069213
