Satb1 11.3751918773986 7.57093571301455 7.03650103894373
Pvalb 11.4308376417361 7.65199714800226 5.88898694666131
Sst 14.1600590685473 8.0263945380412 6.12678354643154
Timp3 10.3707015556729 6.25718029312883 5.70209629845332
Npy 13.1165107446876 7.74007530596092 5.62751487733732
Lgals1 12.0718174185427 7.88522404514306 4.56342709410163
Dlx1as 8.72819815307308 5.18346497499075 3.8709530866611
Slc8a1 10.3613642099852 6.79997605111811 4.76140244140905
Arx 10.4060476392085 6.0087849281542 4.07630246068734
Col19a1 10.2989235284275 4.8900608518398 4.21215933013769
Gad2 10.5701151938409 6.59803617135614 5.9410461746866
Lhx6 10.5788684799868 5.65461018702893 5.41293718893485
Rab3b 11.1836530737348 6.87027904441548 5.47214274045868
Slc32a1 12.5364239463644 7.48691300287716 5.06690288872955
Socs5 12.3187414039703 8.55601148189477 6.83092492958332
Cdh13 11.5571615068834 7.90744757918764 5.45944602991447
Pnoc 9.92189416135023 5.66889454607985 5.5829328354135
Olfm3 11.8913480949718 8.07916323967458 4.80871849163406
Kcnmb2 10.4021678060659 6.49649376599669 5.29742375594661
Grik1 8.83074849260733 4.84612273116443 3.82859243787073
Fhod3 9.52959631836896 5.81018546632273 4.68365582810921
Rpp25 9.77953185879213 5.03430400684048 4.61921769954192
Reln 13.4774673200612 7.80504434669272 5.84157656088717
Kcnh2 10.193424543961 6.6542352010517 5.58138673576798
Grpr 9.76496274955791 5.86450192340341 4.92469754090548
Cacna2d2 12.5917877394978 9.14196108372944 6.29168425274532
Cacng4 11.5747635708242 8.19204116020713 6.98816649410461
Klf5 9.59502109928125 5.52052422578392 5.26213323494141
Rgs8 11.7130590532961 8.26816486599557 4.7854524861273
Nxph1 8.87051980141836 5.53456395092237 5.350243782718
