Tgfbi 10.1729708775644 6.57855429866756 6.08162012200264
Junb 11.5780026398467 7.63094949348929 6.42450014523009
Lcp1 11.8463632704423 7.50857599164346 5.31050659586926
Klf10 10.1153774463127 6.76781810610697 6.33816073211054
Fuca2 9.96271289402937 6.30074814539922 6.02290222471824
Cd34 10.5911587485583 6.02571150197519 4.65982610053987
Sipa1 11.1257432146877 7.16763351455453 6.20525036463214
Tubb6 9.94309885815544 5.58225405835725 5.55005136128387
Spint1 10.3415667614487 5.5882370590827 5.16408388874819
Afp 8.20241684612463 4.7259588417552 4.26663488676561
Slc39a8 8.3702572354114 4.96932603339565 4.53185389166753
Trpv2 10.5912774798385 7.10428206618868 6.05869634428289
C1qb 13.3846079047961 9.82684017939656 5.73658594616633
Pmp22 12.2653168767854 8.51753917131149 8.33158878482349
Il16 10.7022595486227 6.60646907352934 6.03246504272304
Slc7a7 11.052383619296 6.51618735552467 5.37907752573053
Srgn 13.2509970787582 9.72518086984642 5.87765235080047
Myh9 12.5865032254667 9.22915562203212 9.14698511327902
Ctsb 11.5122543783846 6.93070872360705 6.30521982650018
Tgm2 11.7718766956168 8.42176966550378 7.98406476369664
Camk1 9.85042383776096 6.26654769628462 5.55948189335913
Nfatc1 10.1057640630075 6.72585798462401 6.58728870275949
Cd79b 8.31573716498709 4.86305577925501 4.86159993546094
Snx5 12.5628056055199 8.75071324085356 8.52193473493296
Abhd12 10.8674156786795 7.39634812006118 7.12285358737351
Rgs19 10.139947557409 6.44712168425641 5.30964823313771
Fcgr1 12.3056772228307 8.41948728377507 5.70975218225357
Ccl9 11.5606702750711 7.62210304833934 5.40347702575909
Pmaip1 7.94812896443572 4.24031707267853 4.22611852753685
Aif1 11.8782125697407 7.11808276193394 5.70455211909022
Crybb1 12.3010895138039 7.88511263218251 7.60157021656235
Fcer1g 12.6409109862305 7.70874442584053 6.15418164664806
Ctsh 12.8519091129382 7.93948074349541 7.12736083781264
Ncf4 10.7081144474155 6.95444874680259 5.67411438804384
Ggta1 10.3145780373454 6.13872767308247 4.46661001713131
Lcp2 10.3889718130272 6.67124485227208 5.23207987138391
Ms4a6b 11.1222234312687 6.31628119304595 5.04502653666658
Cxcl10 9.83264446685726 5.37963392837277 5.37246308095619
Cttnbp2nl 11.7204560544011 8.23066166667294 7.05367374802327
Tlr2 11.9268402473875 7.50107318726611 6.20861799329294
Cd163 7.66769719158114 4.09775060977277 3.99631115675485
Cd37 10.9048574016166 6.82374728798975 6.01630141595356
Map3k8 10.2849700718244 5.03817257715855 4.69106469994995
Myd88 10.7278217724093 6.26877058243073 5.98730621179748
Ccl12 10.5112043294489 5.63390949619235 4.79817486723215
H2-Oa 8.7917936065526 5.32337087939249 5.20739497644174
Slamf9 11.1882832385642 6.73208369351746 6.66875040464562
S100a8 13.0395448654869 9.48434744715832 4.58008560110466
Il10rb 10.7116513838826 6.62919039146077 5.55812988056171
C3ar1 11.7072754362155 7.16430904709488 5.22456846747856
Ccl3 13.4953964323281 9.79637270717056 6.12849459635744
Ms4a6d 11.3799791784438 6.69468001479522 5.13371423238044
Ier3 13.4963591841383 9.47675389566965 8.65887462532248
Camp 12.113738407204 7.54685779038609 5.31316879407443
Arap3 9.86775374576886 6.44014709446293 4.10379942217627
Tlr7 11.2112407400947 6.40580862501261 5.19064531159963
Hpgd 12.0107499612859 5.45594336935846 4.36825282550341
Slc11a1 11.4154854568916 7.26890003781033 5.85890807525238
Ccl2 9.49866288250659 5.81098430290273 5.25874754106069
Cd86 11.6419705628058 7.12784707105203 5.38197899885665
Gpr84 11.5935377294956 7.18571837043467 6.24084795481426
Vamp8 11.9027573726861 8.45846228581131 7.36111333386641
Tcirg1 11.3257053795282 7.83173835171465 7.21312780586124
Trim12a 8.5835260320544 4.24031707267853 4.19636068786381
Gdi2 8.09982445011505 4.58707704327366 4.53741715719628
Sla 12.3378861062474 8.90829683266379 6.18038638173473
Gpr56 11.0473777353108 7.51026967558085 7.15382986531568
Lgals9 9.80576100376818 6.20791407777098 5.44410601495828
Trem2 11.528689695107 8.17360963449951 6.44916107901865
Igsf6 8.68495551282954 4.47245226972645 4.02522598179701
Naip5 11.1347547074536 6.57203558617211 5.1384225240318
Ccl4 12.7516225784521 9.41884563846622 7.37948546267237
Tapbp 11.4240903434095 7.9952384318771 7.75785522802109
Dapp1 10.626591308075 7.12956981903299 6.30591058735051
Fli1 10.0832277034328 6.03620819844267 3.97125850094001
Il6ra 12.6405285425734 8.27214586096156 6.55019808281672
Itga6 11.5906633280243 8.05274907055378 7.58946426342355
H2-DMa 11.3395300052483 7.4656831696477 7.37517182064469
Rassf5 12.1314858616268 8.38950980188663 5.94633253053069
Prkcd 11.3607793398998 7.82992759607837 6.20192531205918
Cd84 9.96224237530016 5.76332987288284 4.7966561374021
Pik3cd 8.99966364024255 5.60941621729692 5.07828280510807
Cfh 10.8438396260437 5.4242810857933 4.04480616243563
Tnfrsf13b 9.66545251361214 6.24102114833877 4.56197453497908
Smim3 9.32886126195367 5.97838935142307 5.84037414026684
Entpd1 9.58873000960094 6.24774441632334 4.80670895668492
Ptgs1 12.1626150793908 8.79671819691338 6.04387117295106
Bin1 11.0156047084342 7.58058793847025 6.95702429189312
Pdk1 10.616493115329 7.04710489730661 6.94982302881017
Unc93b1 11.3066168079527 7.89226914931018 6.73496306442299
Edem1 10.5644676490564 6.93007732153501 5.66464688121755
Tmem140 8.46080936763924 5.10449509941287 4.23397748479676
Tm6sf1 11.273380881778 7.85692527268762 4.89367756024017
F11r 12.1638127271072 8.2606470947784 6.20949297947015
Trim34a 8.69868770830196 5.3023302937335 4.93339611986198
Plxdc1 10.9642741564864 7.49251288055897 5.81641833898412
Siglec5 8.337886172674 4.13385474113472 4.10382230501145
Fcrl1 9.27554865404005 5.6782674853825 5.36752571702621
P2ry6 11.5909433501351 6.38347738901593 5.34289962949648
Mlph 9.52478746573067 5.35226614478166 5.11981765858292
Il13ra1 9.69650941211153 6.07953758790798 4.96199381330881
Vwa5a 10.3690918760756 5.9783824651251 5.43121167646354
Arrb2 11.5161791808491 6.8944718581801 5.92232855562431
Pros1 11.4244912078995 7.46011673559665 6.03221770551398
Arhgdib 10.7800288131728 6.86135766731881 6.45708087329557
Trim47 10.122871565472 6.74714041601005 5.14765907639146
Rps9 12.5526443081372 8.40338023336253 8.02477854557567
Sash3 11.2528818012755 6.68681380098116 6.02929318920843
Cd48 9.99176185857167 5.78745781343913 4.35808316794014
Lcn2 11.7182561949748 7.29619133706373 4.26155752413981
Tmem173 11.1696407087511 6.77710155963701 5.8126319901647
BC028528 9.01173787915138 5.23627357655078 5.18946322622405
Acsl5 10.8519435402484 7.25033706907701 7.06670067794123
Rhoh 10.7637079698635 6.22339317843939 5.17294439786238
1700017B05Rik 11.7522974287947 6.88365491024111 5.78668107797188
Gusb 11.4803411718158 8.11154135497631 6.92673372472328
Lair1 10.6612900224916 6.70651507882054 5.31839754381558
Rnf19b 9.65744414029616 5.78076754658086 5.04601681426554
Pld4 12.1700437011819 8.07566530651332 6.09573181359259
Fermt3 11.4207362066657 6.51111776816614 4.91645166289074
H2-Aa 11.2644036954394 5.28946378456521 4.95201000440068
Rap1b 10.5897063292161 7.08691774569275 6.73513630953968
Cd300a 10.0530239896872 6.69734555300981 5.47049977883457
Clcf1 8.68466038510135 4.91977550816482 3.85805198055666
Il10ra 11.9867649941734 8.04857145901766 5.00357437893326
Rab20 9.64744268247702 5.72268449866913 4.3618300255987
Ifitm6 9.1396048659572 5.45808698699311 5.27876394864271
Lgals3bp 9.38516852690337 5.83129258872416 5.67130900903326
Slc15a4 11.356384012252 7.68089146466674 7.4502759879388
Dhrs3 10.8328899765314 6.9479837627273 6.94609352769413
Olfml3 13.5644607358692 9.78724568307741 6.95862616131065
Pla2g4a 9.55730250855793 6.18778005683444 6.1700933726074
Ncf2 11.109264808914 7.18399478874221 6.0535247510875
Fcrls 13.5200887013828 9.54965424145219 5.95926671194043
Tlr1 9.55990391864875 5.68460262506168 3.9835243587885
Cd68 12.2825968841945 7.78225941579537 6.17948740676172
Ebi3 9.38512048892932 5.79364121904971 5.16338036035209
Csf2rb2 9.46516272602394 4.85111545079294 4.77973622735812
Hck 11.7192724128215 8.21473747034521 5.13534868411796
Ehd4 10.2769858985773 6.85080958999571 5.64246418484211
Ly96 8.98885773803667 4.49877990552366 4.19801358852111
Lag3 9.94342037341401 5.72554918549385 5.58062704465438
Ltf 11.9771261319803 8.33552497357431 6.19381541923861
Stab1 10.7835801182221 6.83536063924988 5.56359587672288
Evi2a 12.5801879760248 9.01951285260832 8.34414314495926
Il6 8.3523884587654 4.86306284193524 3.7288788929998
Ptger3 7.74890432623238 3.98468512280936 3.80766129279783
Mrc1 8.47267687587698 4.08890994320068 3.48901948967623
Smap2 11.0753111415981 6.48095024986634 6.25340545359533
Itgb2 11.8281947861841 8.17697505613979 5.6678515562368
Ang 8.67340897437916 4.36158180309535 3.94571036777194
Emr1 12.777781853873 7.61162411448246 6.19558642352729
Nrros 12.3519497751025 8.62184591957144 5.72470913961356
Fyb 11.7159427823204 7.42856391337901 6.56519232220883
Ctla2b 9.94438247489242 6.10729286647974 4.07763465134226
Abhd15 9.92497435981129 6.52865125879171 5.52967882534857
Iffo1 10.7047839194148 7.34457232434193 7.23147330500659
Spata13 11.8360921296241 8.06104266168631 7.7459390030312
Irf5 10.4417221455899 7.07125053368884 5.84801582027152
Naip2 10.8151812852359 5.5222353270713 4.88605938496398
Anxa3 12.9131833282778 8.03042668726479 6.1313236288472
