Meis2 11.9551621797916 7.6141954120736 4.90336072283527
Itpr1 10.1774773846979 6.65409233390183 6.26048513293171
Icam5 11.2295530011599 7.64822235459862 6.55645227246657
Arpp21 11.0319474796231 7.40065826834102 4.66603585648562
Pde10a 8.86571603891885 5.35011293220956 5.03226185551392
Pard3 9.27846727764615 5.89031186080663 5.22636801482057
Pou3f1 10.7738683343742 6.33016660293534 4.46245402583878
Gpr88 10.9211316642144 7.36979170150546 3.86391299062708
Camkv 11.9489093519412 8.11089309111057 6.39016323771618
Lamp5 10.7786955117995 7.12912512267011 5.3324863435299
Itpka 11.3756436498744 7.37087272841683 4.99018545515739
Ccsap 11.1857001119804 7.38070720463912 6.26520705653244
Baiap2 10.3517685819659 6.87981421318515 5.78829403287813
Rab40b 11.7979434679884 8.28619311448276 4.10321249933843
Ppp3ca 12.6855027022143 9.10996041947347 8.78015278274471
Plk2 12.0643301499494 7.95205194616896 7.12194515247949
Kalrn 12.1717538089405 8.34032842221952 4.33931881962303
Kcnab1 12.6313805507511 8.53774782013716 5.8362349034482
Ngef 12.7297680514672 8.61193020848142 5.90468195967958
Reln 11.4395280254758 8.10579293452365 5.59065428789919
Bcl11b 11.3683138583374 7.75005688237538 5.15338268713215
Rerg 9.1679652264168 5.47004930764908 4.49913855227783
Ppp1r1b 12.3869772048324 8.51698322727595 6.75428946843146
Rarb 10.6701833315082 6.27207909519625 4.69857391851575
Lmo7 10.1719657975089 6.4330765492806 4.90460987995188
