Golm1 13.1709345745481 7.88010789593657 6.55500863867678
Dusp6 12.2043335698759 5.40984717292094 5.07409584775289
Tgfbi 10.1729708775644 5.87312881857895 5.5821805279521
Sgpl1 9.54910293773426 4.80075663829562 4.70217563942192
Junb 11.5780026398467 5.68326778329059 4.73699083750317
Lcp1 11.8463632704423 4.74946477988088 4.29735898055847
Txnip 13.6993914736524 7.52909528276896 6.30113629634528
Klf10 10.1153774463127 5.48528277759816 4.65253982460267
Cd9 11.8962881279299 7.01530000660622 5.50745713615223
Cd34 10.5911587485583 5.89380527217159 4.56193746196467
Zfand5 13.0724898086973 9.67982918486339 8.22121778838273
Tpst2 11.1246231388186 7.55654787244061 6.45370204682437
Cd83 13.2264749464343 9.34171464945699 7.60362642475702
Sipa1 11.1257432146877 6.36543130071142 6.00966572353908
Coro1a 12.6004028717715 8.64250814057157 5.49687608110797
Btg2 11.4968904593275 5.86594479176929 5.66697329777754
Tnfaip2 9.08145533726492 4.23499337881242 4.1717729259561
Cyfip1 12.6066769077138 8.45400322832277 7.50566268510502
Lamp2 11.6172171151883 7.50294580114196 7.47380690585114
Snx18 11.9105809619856 8.4294740205294 8.02663895345895
Ctsc 12.6065842886925 5.11955245528361 5.11672618480191
Rcbtb2 9.51693799161507 5.67608434017099 5.15770561392593
Tubb6 9.94309885815544 6.25472550909518 5.98960454516094
Ier2 13.4150634942812 6.7491876354616 6.0543972727254
Rab32 7.60118101811754 4.06332637646301 3.84374928095191
Nfe2l2 11.3735710823378 5.44486306766406 5.38695735946318
Socs3 12.8363611039744 4.65523894371349 3.97488239695901
Scamp2 12.0782300087712 8.55647377605544 6.60952106170499
4632428N05Rik 12.9592128362635 5.63991756377905 5.09072465032576
Spint1 10.3415667614487 6.79061181165472 5.33614406933543
Afp 8.20241684612463 4.13857690687361 3.98590187855466
Clic1 11.3846871257571 7.6290619545259 5.8585062622483
Plxnb2 11.1751053377305 7.0591490485675 6.43777554202865
Irf8 12.5606886061131 5.59388127951129 5.46671668367055
Dnajb1 11.4072973894197 7.89165757776188 6.11974280390379
Mical1 8.88736256308852 5.36374981338975 5.11325701160577
Fkbp7 9.58447874704344 6.04267768477331 5.29431276340012
Slc39a8 8.3702572354114 4.18638828279186 3.80356287480195
Parvg 10.3224146114506 6.80610763173561 5.97467971909098
Mcl1 12.1472433486191 7.39196044045732 6.45445343480433
Rps6ka1 12.439882687873 8.89570607559681 7.0026964451835
Tnfaip8 9.91373565516323 5.19044036573458 4.70344945195729
Sirpa 12.4962163654576 8.67086544811529 8.55629015825447
Slc40a1 11.6365802495677 7.16876404038706 5.84109318794398
C1qb 13.3846079047961 5.10016615733222 4.9544211246104
Egr1 14.0125449996656 10.480977510292 9.2606810407348
Syngr2 11.4559121689701 5.78045829582971 4.9709408863455
Man1a 10.4296468533452 6.38101390063941 5.33772347222994
Plekho1 10.6038456884602 6.93437053045245 5.56328900987454
Pmp22 12.2653168767854 8.41619449594488 8.08739370087142
Usp2 11.7287066241903 7.17663573493622 6.17529345687099
Ccl6 10.223717633042 4.70777795198148 4.49657186678096
Cd14 13.3052539164274 7.34985888456113 5.81237559338127
Tob2 11.2284375997777 7.6485491172776 5.66199805484867
Pycard 11.8185468367102 6.59977367024725 5.51156484510738
C1qa 13.2380236204344 6.48748722957064 5.89784695377695
Il16 10.7022595486227 6.03174463984648 5.62442110426338
Slc7a7 11.052383619296 5.39392075069181 4.86285110800583
Klf4 12.698526861476 5.17977833127529 4.96753198997436
Sertad1 10.6747710405396 6.71238909504598 5.86170095909378
Jun 13.1567215574815 6.95943878810849 6.76415624382569
Srgn 13.2509970787582 7.39064193911756 6.09454745061696
Myh9 12.5865032254667 8.00133473247199 6.94137342487535
Nfkbiz 12.6860754101133 5.00382498983108 4.84903729660808
Tgm2 11.7718766956168 7.71861918589774 6.21360226870599
Plek 13.0669588958399 7.53413918681714 5.94979310119059
Itgb5 13.3318370523038 5.31153306009077 4.32818482702943
Elf1 9.08676867890006 4.65213592789317 4.43481590923302
Cln3 9.94836220653156 6.53855523268956 6.0174149536933
Rgs1 11.2541972267774 4.96329931136536 4.76713171037749
Ier5 13.0591463203827 6.84232156175131 5.61105213035717
Snx5 12.5628056055199 8.86931028970735 5.04242947610443
Elk3 10.4901390004177 6.38542826911907 4.73710210781215
Naglu 9.26626288253695 5.59467991715346 5.37494276908598
Laptm5 13.2497958585741 8.19904801088876 7.16325607165464
Ptgr1 10.0953671914278 5.75043596073797 5.70119782740985
Serinc3 10.8737843005988 6.68071597084866 6.32069192469956
Ctsz 13.0341451754765 9.25124861709975 5.06191736278521
Fcgr1 12.3056772228307 4.59029842038549 4.58002307715704
Slc16a6 11.601886645942 6.67743371278153 5.86456588112715
Pdlim4 9.4700059993897 5.06934098864657 4.88927404943171
Ccl9 11.5606702750711 5.3760155699899 4.94474005160343
Tnfrsf1b 11.5849644137814 7.41022175170357 6.0360449385543
Inpp5d 12.5199395399242 6.89507061324818 6.44272060680746
Aff1 10.5286978143419 7.01567576845977 6.66416950960704
Tlr4 9.52419084436795 4.8370050426052 4.47612886996073
Pmaip1 7.94812896443572 3.99442360946552 3.98962633987658
Aif1 11.8782125697407 6.11790994057383 4.93572639332769
Lims1 11.3895886323577 7.71893246692577 7.40957979154563
Syk 11.2305153374971 6.52561887048741 6.24692632674482
Klf6 12.1614928848338 6.60832587440742 6.46598880920181
Mknk2 10.9559680185081 7.52249256330338 6.75824195415785
Crybb1 12.3010895138039 6.75173123925432 6.68444230675597
Fcer1g 12.6409109862305 7.16889605038151 5.94991686359854
Ctsh 12.8519091129382 6.14640085473449 5.60927182921131
Gbp3 8.5913202656342 5.02277775915445 4.97578518187125
Gpsm3 9.66649074936397 5.36090413193814 5.32238373536762
Ncf4 10.7081144474155 5.54598923823944 5.3309925147691
Nrip1 11.6975319588524 6.77172718777623 6.54796030570227
Ggta1 10.3145780373454 4.77909861154971 4.71336183362352
Calcrl 7.84138491604448 4.16036097789059 4.07142460177632
Lcp2 10.3889718130272 5.08499053761248 4.87305717467889
Ngp 12.4329204009581 6.66807007948485 5.5766298330813
Spi1 10.2850028049619 6.25371239661328 6.15216045951948
Atp7a 10.1404314445784 6.7620852666032 5.51280669049432
Csf3r 10.4703586336665 6.66849124879038 5.33485372204955
Ms4a6b 11.1222234312687 5.31276079719569 4.77646803918208
Hcls1 8.83239317939796 4.91920300202301 4.74420645474307
Pabpc1 11.1513836653323 5.76086864293518 4.22173130596204
Skap2 11.9890479352489 8.01936727371687 7.88254452369719
Cebpb 11.6879517821222 7.75308045260049 6.27027603664845
Plxdc2 12.0633823649962 6.79281789527198 5.96714488254767
Cxcl10 9.83264446685726 5.76873966347945 5.38683573418712
Cysltr1 9.33333349087416 4.53390771631859 3.97070946459673
Cebpa 9.88957255483431 5.98722690543009 5.22835553061529
Cttnbp2nl 11.7204560544011 5.94909234671835 5.37999338747849
Lyl1 9.97533629065994 5.6040814990449 5.13154208961031
Ptpn18 10.4025712369028 6.77210216173367 6.47729001042149
Tlr2 11.9268402473875 6.5718969952945 5.72000785951619
Serpine1 9.52331793271942 6.20010381045822 5.03631312480609
Sox4 9.95630765129675 6.44296680514083 5.69368175620883
Cd37 10.9048574016166 7.1197916991623 5.49805032883379
Map3k8 10.2849700718244 4.82360959627746 4.79506956531713
Myd88 10.7278217724093 6.52258676998077 6.13553505919202
Ccl12 10.5112043294489 4.65508810475518 4.41077684441111
Arhgap4 9.36525554969312 5.63988021511159 5.31906839120905
H2-Oa 8.7917936065526 5.41589217681682 5.01001192406197
Pon3 9.20297150005047 4.69930728320528 4.22350334069156
S100a8 13.0395448654869 4.76872324237954 4.57564722388281
Il10rb 10.7116513838826 6.97734579943377 6.90280488856824
C3ar1 11.7072754362155 6.77889037400996 5.28647222573661
Fgd2 12.1304825880125 6.49557438470028 5.95044766851686
Rela 11.8428094359349 8.29724170111493 6.65532131553377
Ccl3 13.4953964323281 5.56561485327725 4.46578135019015
Ms4a6d 11.3799791784438 4.83386329757179 4.64202312521156
Ier3 13.4963591841383 9.44222386264858 8.03579821490133
Nupr1 9.93831898336817 6.41680902138036 5.2789849555083
Camp 12.113738407204 6.07003430805841 5.64065655637959
Klk8 10.2464469222101 5.54258326514076 5.26745115604201
Actb 12.5645790625352 9.14518456592369 7.6520762964834
Chil3 11.1159878878753 5.17833106540608 3.92584729176653
Arap3 9.86775374576886 4.39222588813888 4.02436688997414
Tlr7 11.2112407400947 5.60398560724363 4.89457861813598
Hpgd 12.0107499612859 4.93960825784697 4.8189109676016
Mcm3 8.92535440058905 5.38274085754871 5.32621099955123
Slc11a1 11.4154854568916 7.89912246797029 5.28384223943574
Ccl2 9.49866288250659 5.20774299741961 5.19594696991683
Cd86 11.6419705628058 5.22547182766086 4.71105149249163
Prkd3 9.70383275414416 6.25785177100352 6.1277524907687
Gpr84 11.5935377294956 5.72865455187073 5.62847258310739
Vamp8 11.9027573726861 6.76829972551242 6.44640250743236
Trim12a 8.5835260320544 4.33101920973239 4.29257580294685
Slc15a3 11.5219827541908 5.30375301539832 5.21697114027865
Rel 9.30153835661437 5.37183089836375 5.10731123549168
Tsc22d3 11.4721491337919 7.35148347765647 5.61685442588597
Sla 12.3378861062474 5.99093697085255 5.92554103453677
Tgfbr1 13.4953964323281 7.30259860681421 6.52681076174848
Snap23 8.47917138557207 4.3733602568434 4.10086486576893
Asph 11.1131392793095 6.38425466819652 4.95501859240896
Ivns1abp 12.7182126498181 8.56283111000062 7.61807518184699
Adcy7 11.9646243532397 8.60796778467056 8.19066068182659
Rbm39 10.4094928984617 5.29673889461482 4.95383568521024
Mef2c 11.5742405985012 8.12143657888112 7.1687829565597
Vamp3 10.8638436564196 7.37100374959721 7.0990257127611
Bmp2k 11.3162621163235 7.16325401601719 5.83043055410004
Lgals9 9.80576100376818 5.63005917736093 5.61207617952951
Trem2 11.528689695107 7.41321376955499 6.47261880044463
Gna15 8.93153578094543 5.46970332916243 5.38286526075618
Birc3 10.7521481640029 6.85343405935608 6.71056433420743
Igsf6 8.68495551282954 4.38319156698771 4.20432681199864
Samsn1 8.95535277925432 4.65069343449407 4.55554908855611
Il1a 10.5450729398403 4.68299985402114 4.15335539227649
Naip5 11.1347547074536 5.17362181957031 4.4618623786546
Ccl4 12.7516225784521 7.31487899009192 5.84096613377892
Klf3 8.44575749935971 4.66296776491811 4.47261031019392
Itpr2 10.8613975316724 6.60639924945816 6.06346270903409
Stat6 10.5031698578152 6.71559810685182 5.17351426792897
Msn 10.7217422633417 6.89443094576361 6.18305370599614
Abca1 12.0785728549459 7.82064050703216 6.00743646164653
Adam17 10.581995677351 5.92368771460226 5.33952476585896
Dapp1 10.626591308075 5.48131317810059 5.15182885219031
Clec4a2 10.1190075949126 5.20502707923973 5.20320714723349
Fli1 10.0832277034328 4.16211750437254 4.01123920079518
Ets1 9.75745818736726 4.0734092412638 4.06450022544658
Ptprc 12.4215732421658 4.60350567571198 4.44235096474408
Fosb 11.9818678393755 6.01153730693458 4.80268566230972
Ccr5 11.7087776692335 4.78462311860929 4.55749944942569
Il6ra 12.6405285425734 5.68130201298152 5.63453526477188
Tgif1 8.50458243562559 4.76265089612485 4.35015193791767
Pla2g15 12.3512186582331 7.87622760439318 7.19434679753938
Itga6 11.5906633280243 7.48160946934371 7.27594085548509
Ifi30 11.4062018650154 7.56660678081504 5.77337370994742
Cables1 10.7158993683559 7.18455126175335 6.52886210094607
H2-DMa 11.3395300052483 7.39224297718042 6.21616432488809
Zfp36l1 12.7019764996359 6.4355819887203 6.29059988174635
Gpr34 12.142699851518 4.27010942309644 3.90979543511672
Cr1l 11.6955153199688 8.3117703839726 7.77775511206239
Rnase4 13.0771643703574 6.34563340243319 5.85101623070616
Hk2 12.3164140648536 7.29208317722277 6.79787355585037
Fam111a 8.33832002390926 4.76518564475453 4.53708599238479
Hfe 11.3196450739578 7.6445650328459 7.48204925764118
Pik3cg 10.1537853547168 6.62268565380932 4.75886886190107
Zeb2 11.4350095719432 6.99355966311596 6.9303816813628
Tlr3 9.63659550839082 5.97904428510683 5.27373065519736
Prkcd 11.3607793398998 7.1115401016635 6.77378209257602
Mertk 13.0985151577591 6.47774862082502 5.89126792992204
Cd84 9.96224237530016 4.69587305184597 4.66771236357876
Ly86 13.8305038298173 7.74633141405815 6.33479479715789
Vav1 10.4997459843954 4.13561026509907 4.13002858761693
Pik3cd 8.99966364024255 5.67300296128198 5.41845170751374
Pag1 12.6736213180298 8.07917049967408 7.74341995258803
Fos 13.9327205870223 10.4866059880019 9.38446840235931
Cfh 10.8438396260437 4.10078603768273 3.86533217301116
Tnfrsf13b 9.66545251361214 4.70637628517899 4.25909738756217
Cebpd 10.5744174492867 5.03855347090166 4.29551332789604
Hhex 10.060418644213 6.63582444320087 5.214466738708
Entpd1 9.58873000960094 4.62121195048847 4.41692076272252
Ptgs1 12.1626150793908 6.1231322717275 5.39914670475504
Adrb1 10.5218876655346 5.61797936373511 4.58069145721325
Stk17b 9.80355004387352 5.98192180926035 5.53859180233916
Frrs1 10.6966078261321 6.95367219957606 5.1930912665689
Lyz2 12.5660138290276 6.95711749196036 6.2801046153638
Ssfa2 10.4026641404164 6.44237282988295 6.30425716408152
Galnt4 9.11869231898454 5.16240189863682 4.97262152789186
Ctc1 11.7422487728519 7.55753738369493 6.85406505057441
Unc93b1 11.3066168079527 6.95416719988447 6.55173138628791
Mob1a 11.6304802850351 7.85441439545368 6.87250689909875
Cmtm6 12.2803328178186 7.21407968550019 6.72109680174229
Wls 8.21516176510327 4.83121725446687 4.53236249204318
Tspan14 11.2007785813707 6.77339714591138 6.15517690260707
Lpcat3 11.4786154330381 7.14858938183136 6.99002984309491
Hvcn1 10.2856187487951 5.53340915804928 5.24155394261352
Edem1 10.5644676490564 5.06759915971348 4.91071692646837
Icam1 12.144222640413 5.64125237972657 4.79174868421074
Prkab1 10.8728158992286 7.51399891973518 6.52688804124042
Rbl1 8.51194870241016 5.1220125300448 4.91838348497935
Rcsd1 12.3223507478265 7.96467759711345 6.80159200940158
Npl 10.119227368812 5.81377039475901 5.13733598195988
Tmem140 8.46080936763924 4.81279324236564 4.64896618670351
0610040J01Rik 10.8106638816197 6.06024401834777 5.75239115543082
Tm6sf1 11.273380881778 7.64956375549523 4.27276875828229
Cklf 11.3324839569912 6.84833134656095 6.39069761867425
Casp8 9.83591177234681 5.66456986067891 4.72811542991976
Tmed5 10.4601759587631 6.63116616390831 5.99923067306409
F11r 12.1638127271072 5.87279804667124 5.80224920260734
Eva1a 8.63294613398656 4.99773824693711 4.35511946284254
Tor4a 10.4213155961976 6.6068566961337 5.4872276449647
Ptbp1 9.02225932629817 5.52271460713415 5.20355143549675
Glipr1 8.88148604367629 5.46561500712497 5.36259841178816
Lpxn 10.730982217212 5.47888620866454 4.41547112882727
Siglec5 8.337886172674 4.27089155834937 4.04587326860881
Fcrl1 9.27554865404005 5.90240889505046 5.12573849667197
Sppl2a 11.1847931951435 7.37796336900663 6.8085745122117
P2ry6 11.5909433501351 4.99003209376131 4.50613037810776
H2-K1 12.7949568117272 8.4182624515889 8.12497730314513
Tgfbr2 12.4312251246194 6.37877775561517 6.08457162055184
H2-Ab1 8.4512011309411 4.76966024882103 4.69619776542174
Ptprj 8.50606143624069 5.07208943564307 4.92443793995729
Ncf1 9.01873662127703 5.52978292743318 5.12206167196603
Il13ra1 9.69650941211153 6.09198397380964 5.27387422343229
Adap2 10.4876327911899 5.57874089246272 5.46845375486669
Pld1 10.7880824610021 7.01321353987424 5.93280841258443
Pon2 9.26937417743214 4.75765239932858 4.72912976025981
Capn3 10.437566906065 4.98692831367908 4.60280387063765
Casp7 8.22612436421626 4.7507843633869 4.62752602094917
Gem 8.28009388336886 4.05910261428733 3.99849139502612
Glul 11.9439234863599 7.37318693554237 5.92184739097775
Arrb2 11.5161791808491 7.47352983560845 6.40358918311346
Pros1 11.4244912078995 5.8826829853297 5.45802666688274
Rin2 10.1302854085197 5.75380892027509 5.20583272238329
Tifa 10.6649959627868 7.10450112900918 6.25519004561217
Arhgap17 11.0358082941061 5.24507149043964 4.98789300318395
Phgdh 11.0663668828628 7.55944543059299 7.1550503874533
Parp12 9.52345845288495 5.51009620643521 4.88644994001266
Trim47 10.122871565472 5.66235392300217 5.29779250759136
Lgals3 8.71732817427299 4.92712751328656 4.67422782774782
Jmjd1c 12.7042728123964 8.83497344495722 7.93826674069487
Mlxip 11.0131464704826 7.50278533985382 7.06358439774213
Arsg 8.21968836256545 4.65556775285743 4.28994498105706
Sash3 11.2528818012755 7.65799230271034 5.53224985660829
Themis2 9.94919523666928 5.61841308220215 5.27916982022847
Mpeg1 13.5339312443488 6.97593415361394 6.52547168638096
Hspa1b 12.7328150924375 8.57179220601413 7.74753931391824
Xist 12.7732517233129 5.54379433048389 4.21387671200415
Cd48 9.99176185857167 4.73486952952517 4.55950832873004
Akna 10.5978331936346 4.92180412480329 4.86231342193381
Fes 10.5840546362038 7.04246643860431 6.33456734497372
Myo1b 8.42949791093437 5.04884105960723 4.7506636583374
Cep152 9.68353142517718 5.83901807479693 5.53544362623374
Diap2 9.90635960665803 5.41890440928146 5.33606436724605
Egr2 11.2144151601674 5.03008356269328 4.53360274022168
Ccrl2 11.4107831106411 6.12229327211458 5.60469416501455
Lcn2 11.7182561949748 4.29707082747911 4.19355366278901
Hbb-b2 7.86146929235822 4.22254163236052 4.15364184301453
Myo1g 9.04216166021584 5.62459611243012 4.78402987420586
Tmem173 11.1696407087511 6.97594026811764 6.44260241398404
AF251705 12.0057126252299 7.98157183419937 6.87680684123204
Hmha1 10.4487011332694 6.55011119975616 5.78718071319707
Gmip 10.2055870255081 6.32484232402639 6.19365230401276
Nckap1l 11.1526856630168 7.26703410617883 5.21433739588029
Abcc3 9.7509259850256 6.15616838702371 4.94744800253799
Rhoh 10.7637079698635 5.08613375512178 4.95741569873469
1700017B05Rik 11.7522974287947 5.86391272518852 5.65304962441263
Srgap2 11.7585843286276 8.31564232232074 7.55255745865493
Gusb 11.4803411718158 5.79719894036024 5.27127338304668
Lair1 10.6612900224916 5.3189653193648 4.82626920939608
Twf2 10.9336973935694 7.50107465459595 5.37904581178059
P2ry12 12.4385715566921 5.23780073252649 4.3720735570862
Rnf19b 9.65744414029616 5.7298833668025 5.03725110592882
Epb4.1l2 12.5432840929574 6.73988019469425 6.59039358012773
Pld4 12.1700437011819 6.44628106905665 5.56579154083889
D15Ertd621e 10.0624486421296 6.22939826165825 3.90069194336225
Lrrfip1 10.7224886700699 5.13893341627013 5.00239665923768
Fermt3 11.4207362066657 4.65766809380069 4.14204604735577
Ankrd44 11.5679366187782 6.45804878353198 5.42910668665572
Kctd12 12.099676793357 6.20354610411539 5.09571435035795
H2-Aa 11.2644036954394 6.39498746303445 5.33373723557546
Fam105a 11.8820924454901 6.89954134391824 6.71880852565088
Herpud1 12.5116726598182 8.54503782161682 6.8362805839563
Cd300a 10.0530239896872 5.83659615764202 5.30579738577046
Tmem179b 9.57494076147868 6.25178799399633 5.32505067466383
Lyz1 12.2502412289951 6.23028696837688 4.82622269606834
Zfp110 10.6738601357144 6.4310035544113 5.30427516920804
Clcf1 8.68466038510135 4.0377347815957 3.85236355956429
Hmgb2 9.04290768492065 5.39878575328492 4.25315693144343
Zfp36l2 12.4004422821899 7.08940086536527 6.46032187129871
Il10ra 11.9867649941734 4.87976573842249 4.74863123296938
Hexb 13.9214339669789 10.0524428272525 9.00610082237323
Rab20 9.64744268247702 4.02116208642251 3.99941482122545
Grn 13.6303783372944 8.46943849855966 6.83832694885329
Bach1 11.7684659473826 8.13528307341213 7.77381954456083
Usp24 8.70392300506957 5.01171275421751 4.90743406233294
Fam46c 12.2421510197398 6.25214251934611 5.58555060335226
Ctsa 12.9644748360344 8.74430853117594 7.68150570868044
Ifngr1 12.016051864462 8.3638419638551 7.68102315495342
Tcn2 12.1195930224409 7.51359427336677 6.66511369928564
Cmtm3 10.0110497819572 6.05751064698942 5.94904978130132
Ppp1r15a 12.6593601245383 8.08566318514876 7.70662559318205
Slc15a4 11.356384012252 7.88291296771166 7.10522784385644
Dhrs3 10.8328899765314 6.9536934247947 6.52253840326691
Lrmp 8.89491220593798 4.65976653412162 4.48851222905984
Olfml3 13.5644607358692 6.8577137888426 6.40501626104174
Pla2g4a 9.55730250855793 5.45714661455145 5.34311241640977
Ncf2 11.109264808914 5.9571043515808 5.77909901633532
Ctss 14.1223387589978 9.34400295597406 8.47220670724221
Cd53 12.6270729328698 5.5345384986628 5.46247957581362
Fcgr3 13.3874319809845 6.21705482349735 6.09318016697289
Hps4 12.4456398299555 9.06189789328961 8.86138330180545
S100a9 12.2965410503709 4.98238529282513 4.82171338301467
Dusp1 14.1813580097059 9.31766798575217 8.5929579650759
Lgmn 13.4068999504885 9.07876133137598 6.72945728808388
Klf2 12.9915058739807 5.85860245377608 5.5546281578858
Fcrls 13.5200887013828 7.85996718703898 5.51075121122222
Tlr1 9.55990391864875 4.08163447210667 3.89858322706903
Rhob 13.3993450977518 10.040387527904 8.9623910443282
Selplg 13.492313873689 9.22563811891176 6.6164966012346
Cd68 12.2825968841945 4.99369779887918 4.87644714329873
Gpr65 7.85611733273235 3.95934440366926 3.73844809677019
Atf3 13.3007390383143 5.44178720856916 4.73198070268884
C1qc 13.5695399365939 6.37368799030895 5.33374371705563
Chst7 11.0545300964632 6.83073915056869 6.34257742881914
Hck 11.7192724128215 5.76936290152451 5.26748425031503
Gcnt1 7.89240442650036 4.41652121201327 4.38551720046463
Casp4 9.17977855891737 4.93000952952583 4.03630713652505
Ly96 8.98885773803667 4.44549066164947 4.26911565125663
Lag3 9.94342037341401 6.38408298883425 5.58287392113202
Cxcl2 10.9236295592129 4.7074620795605 4.21243785984126
Ltf 11.9771261319803 8.40782320308569 6.90053122367526
Cx3cr1 12.8322911670036 7.18461242374508 5.79170348141226
H2-D1 12.6856010965553 8.59884708387487 8.18015400591021
Stab1 10.7835801182221 5.46677951448556 5.40193282344313
Evi2a 12.5801879760248 6.6411681116574 6.49691507142977
Il6 8.3523884587654 4.11424956809032 3.94157508863074
Pdgfb 10.6620659529342 6.64638388207957 6.21832789583523
Mrc1 8.47267687587698 4.48785483472914 4.38189670096874
Itgb2 11.8281947861841 5.32377286737262 4.50848683910261
Psmb9 9.49408509768935 5.92048579220037 5.51333757021938
Selenbp1 8.46209954721546 5.08996617396854 4.99260382712603
Adamts1 11.3973807177838 6.06395074764919 5.2885976540503
Ang 8.67340897437916 4.20453738823517 4.13164981395149
Sh2b2 9.32069277757714 4.70244446790851 4.61426451603732
Tyrobp 12.9035612805634 6.3652702341288 6.0934763406847
Slc29a3 11.6835560124248 7.39438293197958 6.61803492121507
Vasp 10.5290974508756 7.05289608076296 6.98272114778297
Emr1 12.777781853873 6.45939748286305 6.0771975783929
Nrros 12.3519497751025 6.49798937381094 5.73040464097619
Fus 10.7051445337461 7.28603277310215 7.16213085808206
Tmem119 13.699678559052 7.24705732060254 6.09725230139991
Pnpla7 10.5843197435089 6.72005084510624 5.33927352651593
1810011O10Rik 8.37120216738482 4.84218657765022 4.63536885807941
Havcr2 10.710530075929 4.39402547040201 4.17033914850327
Alas2 9.97256535353661 5.94287357073602 4.95229339471766
Cmtm7 10.4036329494645 5.30921335223205 5.15438100089297
Mafb 10.9849900615298 5.88188763806724 5.77376986256592
Blnk 11.8079240962002 5.98725646442956 5.85246709925485
Tmcc3 9.16895367720384 5.69117782818174 5.20213544175222
Notch2 11.035203297165 6.14164308194114 6.03790205053595
Vrk2 8.87003271247097 4.74286689764356 4.53724955752554
Alox5ap 12.5749967599795 7.61690292467359 6.91233705266677
Fyb 11.7159427823204 6.18032717579617 6.1497578245347
Ctla2b 9.94438247489242 5.83567796712374 4.45752085099026
Hspa1a 11.9245276178108 7.08188285188521 6.9464295527641
Zfp36 13.4960506681509 8.002619590513 6.07525539751586
Abhd15 9.92497435981129 6.06501659413508 4.68113298640264
Lmo2 12.1717394598769 8.13630941001743 7.98354274769981
Cyba 11.7749627835735 5.68772049687408 5.37884281916888
Spata13 11.8360921296241 6.88894421714913 6.43920122583025
4833441D16Rik 9.33372525445037 5.51217772094531 4.69021293444009
Cd52 8.83934325002235 5.21094355776357 4.57833113247037
Irf5 10.4417221455899 6.70649352064348 5.87585653935651
Naip2 10.8151812852359 4.63274249258527 4.49400937905135
Anxa3 12.9131833282778 5.82284732322126 5.40053727781939
