Tyrp1 7.69213822274623 4.02451337224056 2.52955972918823
Cct3 7.53382724065982 3.74149247223113 3.57185892043484
Tpt1 6.25253642303523 2.68718171692508 2.15892402749973
Slc6a3 13.8332898533533 7.57526092004662 5.01093197238972
Ap3m2 8.67598802828149 4.78407291071565 3.35392172869304
Coro1c 6.94595811745685 3.3325959364295 1.91868507932784
Spon2 7.4849104946431 4.13437584947687 3.28439569248486
Kcnj1 7.91177552365442 4.49414256599608 2.04001377074312
Khdrbs1 4.61812964152728 1.1733666344195 0.143549301115642
Slc13a2 7.76995778133983 4.27104019483055 2.33285592730472
Aox4 6.78957254480679 3.26941552596744 2.56444908053016
Krtap15 6.23773678737845 2.32696659529099 1.42258554656074
Padi3 7.45123934145459 4.09854630599616 3.10767031320478
C78859 10.397511111209 6.7612524567837 5.16067955507021
Il1rapl2 6.81440358439726 3.21534656257969 2.24063776816763
Th 13.3791142039939 7.29001951018976 5.86457737801369
Klk4 6.60309484437666 3.17874719953468 2.64205617808822
Myt1l 8.21165284089963 4.72766340139527 3.74460915921546
Odz1 10.3199617653021 6.89472481056892 2.19271855983214
Il9r 5.85943632516562 2.31723310321634 1.37539643767556
Creb1 7.40196954341715 3.76484151712877 0.457317327377604
Gnrhr 5.63366695187336 2.22456121348335 1.64576745147795
Fgf11 6.8260812892131 3.26518843450923 2.84398872154719
Akr1c20 6.55444839308975 3.12964510310341 2.91245505952401
Htr5a 7.8956370765984 4.38080124673878 2.67401943580994
Foxh1 8.44009733785076 4.87408880731618 3.81861635783515
A030005K14Rik 8.72520287256243 4.90312846387424 3.98013546876018
Polr2a 8.22319001686308 4.77908260293871 3.03078518331504
Taar1 7.94401174383526 4.55907624834755 3.3955307507526
Vmn1r43 6.19430962438216 2.67333515068059 1.66391381143553
Tff2 7.61153250775568 3.85474822722886 2.99034814192132
Foxa2 9.76583898921348 4.88552998568679 3.94626267738563
Epha1 8.03761299628325 3.65264500301583 2.79085072603414
Ces1f 6.33821359640642 2.59455352761646 1.28144501557628
Ddx19b 7.95498599033755 4.36911206409158 2.93854395142384
Tc2n 6.04538564051158 2.54264808416353 1.60187304849759
Klra17 7.34598581389157 3.95073178333802 3.07939599277467
Klra19 6.69293668954355 2.78329118128959 1.93383210552711
Tcrb-J 7.94264368788373 4.57185704375207 2.69460969906821
Cacna2d2 13.7040287497145 10.3737241248871 5.41122047685608
Meg3 13.9716733601537 8.43432666408485 3.61049088754251
Cubn 7.90001720705102 4.18958135614038 3.46867857670659
Rian 11.0676583138211 4.17263529335061 1.96566155133144
Gm13583 7.4687865516318 3.88861118199946 3.07432448862192
Defb13 7.29624328786544 3.68786163631578 2.53369856031613
Srpx2 6.7383655564324 2.65002667060675 2.30047344228454
4930579C15Rik 6.02415302266162 2.58717978768602 0.50823023386675
Grsf1 6.23987334630556 2.80681691756486 2.06110527347311
Snhg11 14.0063201679884 9.02626941488587 2.09651728404306
Gucy2c 8.74601983485332 5.14412088182292 3.83226434571666
Fdft1 7.61256990725901 3.60417112211921 2.89350844866839
Trpc6 8.95581829015202 4.00631019304154 3.18555591145178
Pnmt 7.04625468133695 3.67128732499831 2.02894467216789
Epgn 7.90549431297773 4.44460287931259 3.22280643169161
Adra2b 7.29778516376907 3.48791550303456 2.66874774834724
Chrna6 9.97208050607727 4.77649805613323 2.10113105580965
Lmod2 5.86442623145801 2.24765460437844 1.60125736566413
Cps1 8.28379708303617 4.65474560029186 3.76074439116665
Ltk 8.73806146216595 5.23995938599052 4.71704582028681
