Emb 10.1448507565931 6.76351529783798 5.52124956988801
Fabp3 12.9627983840209 9.42799353491447 6.37414783704821
S100a10 12.5804897914767 8.23525894513565 5.2047659240801
Tac1 13.7807963272967 10.0835491752042 5.99600551159158
Slc6a4 14.6243284237245 6.08137638923471 3.07832296544403
Tmsb10 9.90731440099256 6.05565221204374 2.97525713050619
Dnajc12 14.0731038380071 10.4378267867457 9.1635798466317
Kcna5 10.2450559030504 6.438226995946 4.10365754738449
Sncg 13.9108893349365 10.2555294565363 2.54159152189487
A030009H04Rik 13.4642668930194 10.0820594656425 6.5136929005911
Tpd52l1 12.4267172844684 8.64621649972588 5.74888121230269
Hoxb5 8.7160580020606 5.27321959537865 1.42608778250959
Lin7b 12.137923721807 8.16970069789347 3.475998338706
Trh 11.5803299211918 4.91621466951171 3.51895282335015
Cryba2 10.2339380614245 6.4704009265255 4.51175876795936
Fxyd2 8.98127929032682 5.33342499534477 3.80118271855041
Slc22a3 13.0239595592415 6.56795068743125 2.85980359375524
Sln 9.49725224356685 4.98857004849931 3.52500180921817
Hs6st2 8.6271720771877 3.93149211891448 2.35989123882123
2010204K13Rik 14.1705920881903 9.5222137533458 6.83507151160243
Klk1b27 9.78240533798525 4.30829837820793 1.64045857466401
Htr5b 9.53970098064186 5.37844444630802 3.11709599793076
Rasgrf1 12.3437022025616 8.42423416920767 3.59153528351822
Stmn2 13.3333240089112 9.14457226624219 4.69776930676081
Gap43 14.072284334999 10.6461570519609 5.49967467320844
Nell2 9.96783684314324 6.3324277101077 3.3742022724499
Flywch2 11.8245356534077 7.91867825438067 2.54225437417115
Pcsk5 8.9173235939424 5.08470475414913 1.58991249100254
Fev 12.5719866746721 7.82888308043012 5.0689877773449
Cldn26 10.2108016378112 4.88462563399786 3.30000516026512
Mal2 12.3385668066703 7.61011576437687 3.39224219006031
Mela 14.0228808120115 9.71095261353712 2.82940274037743
Ctla2a 11.6857594475219 6.95112665300197 4.97012305288433
Myh7 12.0537436534947 8.56232801882629 5.77753754819226
Rpp25 9.72078025645319 6.2460602099908 2.76401112775934
Gata3 10.0153579837951 4.36487924810694 1.87026824386598
Cited1 10.0892681920199 4.76485328386667 2.36821932533012
Gpx3 12.3524367504441 6.63514097897543 4.53969560244611
