Ddr1 9.37558921972187 9.622252605329 3.50714129164259
Gja1 9.91906042815372 9.622252605329 3.50714129164259
Syt4 8.5261843458335 9.622252605329 3.50714129164259
Stmn1 12.903595453028 9.622252605329 3.50714129164259
Emb 9.77939764070836 9.622252605329 3.50714129164259
Chgb 11.5150866880559 9.622252605329 3.50714129164259
Npdc1 10.9168358910562 9.622252605329 3.50714129164259
Ndn 11.077928910076 9.622252605329 3.50714129164259
Atp9a 10.492751537416 9.622252605329 3.50714129164259
Cdk16 10.0702906263453 9.622252605329 3.50714129164259
Scd1 10.0379500313098 9.622252605329 3.50714129164259
Tubb3 10.6868162156779 9.622252605329 3.50714129164259
Sqle 10.5971477117744 9.622252605329 3.50714129164259
Hey1 9.87740480493605 9.622252605329 3.50714129164259
Fabp5 11.3462668250919 9.622252605329 3.50714129164259
Fabp3 11.376798869211 9.622252605329 3.50714129164259
Cd24a 12.8933627065297 9.622252605329 3.50714129164259
Lrrn1 9.22850951856891 9.622252605329 3.50714129164259
Map4 10.7687667125507 9.622252605329 3.50714129164259
Syngr3 10.4269295582555 9.622252605329 3.50714129164259
Nsg2 10.1697222599316 9.622252605329 3.50714129164259
Sparcl1 11.6957812979271 9.622252605329 3.50714129164259
Prnp 12.8738707136445 9.622252605329 3.50714129164259
Olig1 9.99121060894731 9.622252605329 3.50714129164259
Hmgb3 9.44131917757374 9.622252605329 3.50714129164259
Ptn 9.01673976746152 9.622252605329 3.50714129164259
Fstl1 11.4760084580928 9.622252605329 3.50714129164259
Dctn3 12.4813854190242 9.622252605329 3.50714129164259
Atp5j2 12.5777150991828 9.622252605329 3.50714129164259
Ndufc1 11.6277792806286 9.622252605329 3.50714129164259
Rgs4 11.0141527798651 9.622252605329 3.50714129164259
Mllt11 12.9688151700543 9.622252605329 3.50714129164259
Adk 10.8592857452704 9.622252605329 3.50714129164259
Mcam 9.49339600861576 9.622252605329 3.50714129164259
Dync1i1 10.2504831397822 9.622252605329 3.50714129164259
Guk1 11.8558542838516 9.622252605329 3.50714129164259
Cryab 12.4552068393751 9.622252605329 3.50714129164259
Igdcc4 10.4004189244771 9.622252605329 3.50714129164259
Higd1a 8.81245853843869 9.622252605329 3.50714129164259
Ttc3 10.3115306611657 9.622252605329 3.50714129164259
Lxn 12.3621647632087 9.622252605329 3.50714129164259
Gad1 7.67655937715507 9.622252605329 3.50714129164259
Me1 9.12236118427093 9.622252605329 3.50714129164259
Coq7 11.4382804910197 9.622252605329 3.50714129164259
Snap91 11.078136649518 9.622252605329 3.50714129164259
Rnd3 7.81992036456504 9.622252605329 3.50714129164259
Serpini1 10.8439859964839 9.622252605329 3.50714129164259
Tmem35 9.02851951853272 9.622252605329 3.50714129164259
Tppp3 12.7016345911459 9.622252605329 3.50714129164259
Htra1 12.5862460247964 9.622252605329 3.50714129164259
Prkar1b 13.0561043902834 9.622252605329 3.50714129164259
S100a10 12.1030739729036 9.622252605329 3.50714129164259
Kcnip1 8.89487153241343 9.622252605329 3.50714129164259
Parva 8.48771250224548 9.622252605329 3.50714129164259
Snap25 12.6190178964014 9.622252605329 3.50714129164259
Ndufb2 13.0630043997879 9.622252605329 3.50714129164259
Abhd8 10.0290289063317 9.622252605329 3.50714129164259
Ctgf 8.68272762462858 9.622252605329 3.50714129164259
Pcsk1n 12.1156108085097 9.622252605329 3.50714129164259
Hspb8 12.0241998066704 9.622252605329 3.50714129164259
Pfdn1 10.6934369179112 9.622252605329 3.50714129164259
C1qtnf4 9.1526218369904 9.622252605329 3.50714129164259
Ckmt1 10.5605881678472 9.622252605329 3.50714129164259
Acot7 11.6343890839678 9.622252605329 3.50714129164259
Ddt 11.2247937013663 9.622252605329 3.50714129164259
Arl2bp 8.72217823897423 9.622252605329 3.50714129164259
Meis2 8.36428376758035 9.622252605329 3.50714129164259
Fam69b 9.7556384017802 9.622252605329 3.50714129164259
P4ha2 8.26317777411727 9.622252605329 3.50714129164259
Slc25a14 11.0799118458876 9.622252605329 3.50714129164259
Ube2k 9.20545257447882 9.622252605329 3.50714129164259
Mal 10.3922030963377 9.622252605329 3.50714129164259
Lynx1 11.6493875796096 9.622252605329 3.50714129164259
Ndufa5 11.4373551066175 9.622252605329 3.50714129164259
Crip2 11.3501221091205 9.622252605329 3.50714129164259
Dkk3 10.5290966434236 9.622252605329 3.50714129164259
Sorbs1 9.54475403075451 9.622252605329 3.50714129164259
Bex2 11.1658972044802 9.622252605329 3.50714129164259
Gpc1 9.90531856764786 9.622252605329 3.50714129164259
Elovl6 8.85510697985459 9.622252605329 3.50714129164259
Nap1l5 12.4841832980359 9.622252605329 3.50714129164259
Kcna1 11.474626595375 9.622252605329 3.50714129164259
Gng3 10.9277675480717 9.622252605329 3.50714129164259
Cyb561 10.8700219347053 9.622252605329 3.50714129164259
Ssx2ip 10.8822581608776 9.622252605329 3.50714129164259
Pcbp3 8.75778594373621 9.622252605329 3.50714129164259
Rab33a 9.64381633300883 9.622252605329 3.50714129164259
Grb14 8.99398325186664 9.622252605329 3.50714129164259
Cplx1 13.2489071132344 9.622252605329 3.50714129164259
Sncg 12.1500449931379 9.622252605329 3.50714129164259
Atp6v1g2 11.0964703443585 9.622252605329 3.50714129164259
Synj2bp 10.6464959883325 9.622252605329 3.50714129164259
Cep19 11.8264083812003 9.622252605329 3.50714129164259
Fhl1 11.7858542140079 9.622252605329 3.50714129164259
Mapt 9.31136656149467 9.622252605329 3.50714129164259
Pak3 9.88985072930255 9.622252605329 3.50714129164259
Gng4 8.03559882410267 9.622252605329 3.50714129164259
Sst 9.86140474674778 9.622252605329 3.50714129164259
Pdlim7 9.87187756734799 9.622252605329 3.50714129164259
Cpeb1 9.16696171437288 9.622252605329 3.50714129164259
Ghr 8.53871282201166 9.622252605329 3.50714129164259
Resp18 10.8990598257833 9.622252605329 3.50714129164259
Slco3a1 9.46268844634677 9.622252605329 3.50714129164259
Nap1l2 11.3645524736664 9.622252605329 3.50714129164259
Eef1a2 11.6781530292889 9.622252605329 3.50714129164259
Cfl2 12.0838432770521 9.622252605329 3.50714129164259
Prkcz 10.1517304130864 9.622252605329 3.50714129164259
Chd3os 11.4126959132028 9.622252605329 3.50714129164259
Nrip3 11.7214751144879 9.622252605329 3.50714129164259
Stmn4 9.45800991487977 9.622252605329 3.50714129164259
Gspt2 8.4959439237931 9.622252605329 3.50714129164259
Dhcr24 9.47347716907488 9.622252605329 3.50714129164259
Chga 11.4201299990144 9.622252605329 3.50714129164259
Nr2f1 7.52899215265298 9.622252605329 3.50714129164259
Ina 10.7490312701399 9.622252605329 3.50714129164259
Pfn2 12.6133247193176 9.622252605329 3.50714129164259
Omg 10.4853136580936 9.622252605329 3.50714129164259
Hspa4l 9.84393381875928 9.622252605329 3.50714129164259
Cdhr1 8.74289500437312 9.622252605329 3.50714129164259
Rbfox1 10.5237343968757 9.622252605329 3.50714129164259
Rnf112 8.99176129751038 9.622252605329 3.50714129164259
Dynll2 12.2161679900164 9.622252605329 3.50714129164259
Larp6 8.77501886803778 9.622252605329 3.50714129164259
Tpd52l1 11.7701025669448 9.622252605329 3.50714129164259
Hoxb5 9.81359100469655 9.622252605329 3.50714129164259
Mrpl42 11.7544182709616 9.622252605329 3.50714129164259
Atp1b1 12.5035340708086 9.622252605329 3.50714129164259
Emc9 11.2386686032574 9.622252605329 3.50714129164259
Lmo1 9.71597052192056 9.622252605329 3.50714129164259
Slc4a3 10.1103802546154 9.622252605329 3.50714129164259
Nap1l3 10.1400409538888 9.622252605329 3.50714129164259
Irx3 11.2407439190527 9.622252605329 3.50714129164259
Wasf1 9.9783406571194 9.622252605329 3.50714129164259
Nrsn1 9.95169286390145 9.622252605329 3.50714129164259
Slc17a6 8.13768468847386 9.622252605329 3.50714129164259
Astn1 9.28732208293449 9.622252605329 3.50714129164259
Clu 13.699678559052 9.622252605329 3.50714129164259
Egln3 9.00754093521761 9.622252605329 3.50714129164259
Mpdz 8.63193760948148 9.622252605329 3.50714129164259
Lin7b 11.3896833930948 9.622252605329 3.50714129164259
Cox7a1 7.78020137027289 9.622252605329 3.50714129164259
Cd59a 10.6948576303278 9.622252605329 3.50714129164259
Pcbd1 11.1310887173645 9.622252605329 3.50714129164259
Tesc 13.4580063725711 9.622252605329 3.50714129164259
Pnkd 9.4870132214977 9.622252605329 3.50714129164259
Cd55 8.96178624095471 9.622252605329 3.50714129164259
Mapk8ip2 10.8135382740883 9.622252605329 3.50714129164259
Sh3gl2 12.1017721101659 9.622252605329 3.50714129164259
Cds2 12.6068062285845 9.622252605329 3.50714129164259
Cdh2 8.41741623015906 9.622252605329 3.50714129164259
Eno2 11.1371825054475 9.622252605329 3.50714129164259
Hebp2 12.2520358384303 9.622252605329 3.50714129164259
Cadm3 10.0752242948786 9.622252605329 3.50714129164259
Inadl 10.5174031576242 9.622252605329 3.50714129164259
Npy5r 7.5084049063929 9.622252605329 3.50714129164259
Rtn2 9.6025621897146 9.622252605329 3.50714129164259
Ugt8a 9.32481431550049 9.622252605329 3.50714129164259
Tmeff2 11.2467977133204 9.622252605329 3.50714129164259
Anxa2 11.885915598687 9.622252605329 3.50714129164259
Serpina3n 9.76808133459629 9.622252605329 3.50714129164259
Vstm2b 9.79961868198787 9.622252605329 3.50714129164259
Mfsd6 9.18336019822841 9.622252605329 3.50714129164259
Fxyd7 11.5503828047938 9.622252605329 3.50714129164259
Cacna2d3 11.207563251802 9.622252605329 3.50714129164259
S100b 11.565891299267 9.622252605329 3.50714129164259
Gng13 10.5178358254712 9.622252605329 3.50714129164259
Ank1 10.3377515585738 9.622252605329 3.50714129164259
Cck 10.3352700849859 9.622252605329 3.50714129164259
Fam19a5 10.1937542717087 9.622252605329 3.50714129164259
Elf5 8.65567790534788 9.622252605329 3.50714129164259
Lgals1 12.9999336247658 9.622252605329 3.50714129164259
Mbp 12.636514294339 9.622252605329 3.50714129164259
Spock1 10.1247151095848 9.622252605329 3.50714129164259
Masp1 7.6601295958426 9.622252605329 3.50714129164259
Akap12 9.55355299502906 9.622252605329 3.50714129164259
Mark1 9.83754490555068 9.622252605329 3.50714129164259
Lor 8.68265308980791 9.622252605329 3.50714129164259
Prph 11.253047107871 9.622252605329 3.50714129164259
Gna14 8.912579608801 9.622252605329 3.50714129164259
Prss12 11.2465234034422 9.622252605329 3.50714129164259
Atp2b2 9.44084932320336 9.622252605329 3.50714129164259
Sema3a 10.3575537805418 9.622252605329 3.50714129164259
Syt2 10.3055245036134 9.622252605329 3.50714129164259
Chn1 8.75607426203146 9.622252605329 3.50714129164259
Gria3 9.14552337999953 9.622252605329 3.50714129164259
Dynlt3 9.68451243215335 9.622252605329 3.50714129164259
Kcnq2 10.3394311875093 9.622252605329 3.50714129164259
Gucy1b3 8.25900141397699 9.622252605329 3.50714129164259
Sln 8.32753350546493 9.622252605329 3.50714129164259
Hs6st2 9.55886287291316 9.622252605329 3.50714129164259
Vsnl1 10.7721227513509 9.622252605329 3.50714129164259
Mobp 8.83730980600397 9.622252605329 3.50714129164259
Nrg3 7.99245123802469 9.622252605329 3.50714129164259
Ryr2 8.27690918550987 9.622252605329 3.50714129164259
Pvrl3 7.78167638995092 9.622252605329 3.50714129164259
Gnao1 9.54679538967973 9.622252605329 3.50714129164259
Myt1l 8.3002264959955 9.622252605329 3.50714129164259
Gabrb3 7.86809801757201 9.622252605329 3.50714129164259
Cabp1 7.95924184332885 9.622252605329 3.50714129164259
Gabra1 7.70839098089668 9.622252605329 3.50714129164259
Cttn 12.1779637800873 9.622252605329 3.50714129164259
Cend1 9.13040438361065 9.622252605329 3.50714129164259
Ankrd6 8.97672772841693 9.622252605329 3.50714129164259
2010204K13Rik 10.5238169562314 9.622252605329 3.50714129164259
Hoxa9 10.4049090035426 9.622252605329 3.50714129164259
Sytl2 10.0591740283626 9.622252605329 3.50714129164259
Sult4a1 9.12830500123495 9.622252605329 3.50714129164259
Enah 11.0411709253045 9.622252605329 3.50714129164259
Spry2 8.55928271920981 9.622252605329 3.50714129164259
Rit2 11.512437019456 9.622252605329 3.50714129164259
Uts2 10.6590201789646 9.622252605329 3.50714129164259
Epdr1 11.6424374318389 9.622252605329 3.50714129164259
Bace1 10.9022467370948 9.622252605329 3.50714129164259
Vamp1 12.6401259327183 9.622252605329 3.50714129164259
Elavl2 10.911966882042 9.622252605329 3.50714129164259
Nedd4 9.99073037530518 9.622252605329 3.50714129164259
L1cam 10.519777736357 9.622252605329 3.50714129164259
Sema7a 10.2015444254303 9.622252605329 3.50714129164259
Oprl1 8.44170006591511 9.622252605329 3.50714129164259
Slc18a3 11.2203374315297 9.622252605329 3.50714129164259
Kctd1 8.47394517460982 9.622252605329 3.50714129164259
Hras 11.1303399107532 9.622252605329 3.50714129164259
Acss2 10.2101690090133 9.622252605329 3.50714129164259
Glrb 10.949735969692 9.622252605329 3.50714129164259
Nefm 12.9497786337209 9.622252605329 3.50714129164259
Atp5k 13.3670430762279 9.622252605329 3.50714129164259
Extl2 12.5831112249484 9.622252605329 3.50714129164259
Rab3a 11.1362635965292 9.622252605329 3.50714129164259
Rasgrf1 10.9725819878273 9.622252605329 3.50714129164259
Arpp19 11.0836331119428 9.622252605329 3.50714129164259
Mkks 11.6377337836642 9.622252605329 3.50714129164259
Ache 10.4448019040987 9.622252605329 3.50714129164259
Calcb 12.7669135707988 9.622252605329 3.50714129164259
Pcdhb9 8.90791386974757 9.622252605329 3.50714129164259
Sh3bgr 11.2388005573837 9.622252605329 3.50714129164259
Rnd2 11.3043905409309 9.622252605329 3.50714129164259
Isl1 10.1164301763027 9.622252605329 3.50714129164259
Polr3k 10.5845571477649 9.622252605329 3.50714129164259
Slc32a1 8.17805398084507 9.622252605329 3.50714129164259
Cntnap2 9.5433157174561 9.622252605329 3.50714129164259
Rims2 8.43375443763257 9.622252605329 3.50714129164259
Cartpt 9.88982725181438 9.622252605329 3.50714129164259
Nts 8.8458188671538 9.622252605329 3.50714129164259
Kif5c 10.1356891111903 9.622252605329 3.50714129164259
Nsg1 10.506249342498 9.622252605329 3.50714129164259
Paqr4 10.6769444176358 9.622252605329 3.50714129164259
Thy1 12.758950575521 9.622252605329 3.50714129164259
Fgf1 11.4006820954513 9.622252605329 3.50714129164259
Scg5 10.6585061426823 9.622252605329 3.50714129164259
Napb 10.2853294570067 9.622252605329 3.50714129164259
Id4 9.36282407956993 9.622252605329 3.50714129164259
Ints6 12.2926652855631 9.622252605329 3.50714129164259
Stmn2 12.0434475967158 9.622252605329 3.50714129164259
Cbln1 10.4673251180037 9.622252605329 3.50714129164259
Mest 9.79406855721617 9.622252605329 3.50714129164259
Gdap1 10.4076574547537 9.622252605329 3.50714129164259
Socs5 10.6352331562018 9.622252605329 3.50714129164259
Adam23 9.38898615154558 9.622252605329 3.50714129164259
Ptbp2 10.240375040656 9.622252605329 3.50714129164259
Scn8a 9.92743014741276 9.622252605329 3.50714129164259
Gap43 9.5042169548982 9.622252605329 3.50714129164259
Nell2 10.8074001817763 9.622252605329 3.50714129164259
Itm2a 10.6790867373983 9.622252605329 3.50714129164259
Dner 10.9491568219293 9.622252605329 3.50714129164259
Tmem246 11.0921447825369 9.622252605329 3.50714129164259
Cela1 10.4948145759789 9.622252605329 3.50714129164259
Chchd6 11.1181159641677 9.622252605329 3.50714129164259
Lamp5 9.80505588890759 9.622252605329 3.50714129164259
1110008P14Rik 12.7880835455203 9.622252605329 3.50714129164259
Sez6l2 11.4469934470537 9.622252605329 3.50714129164259
Tspyl4 12.2122814428303 9.622252605329 3.50714129164259
Tmem242 9.69251937966434 9.622252605329 3.50714129164259
2010107G23Rik 8.65752919003156 9.622252605329 3.50714129164259
Ndufa4 12.5707544768289 9.622252605329 3.50714129164259
Nme1 12.7950892649274 9.622252605329 3.50714129164259
Pmm1 10.2539203616244 9.622252605329 3.50714129164259
Parm1 9.08112498824629 9.622252605329 3.50714129164259
Susd4 9.80920738592172 9.622252605329 3.50714129164259
Elovl4 8.95442713188328 9.622252605329 3.50714129164259
Tspan17 11.0460207777416 9.622252605329 3.50714129164259
Ube2e2 11.0088615430985 9.622252605329 3.50714129164259
Selm 11.7790703299004 9.622252605329 3.50714129164259
Rufy3 10.0422140989454 9.622252605329 3.50714129164259
Arhgef7 8.82685888718771 9.622252605329 3.50714129164259
Flywch2 8.89574772021384 9.622252605329 3.50714129164259
Cgref1 10.0773060743938 9.622252605329 3.50714129164259
Car10 9.21574784071623 9.622252605329 3.50714129164259
Samd4 9.49099113132461 9.622252605329 3.50714129164259
2900011O08Rik 11.3717623638527 9.622252605329 3.50714129164259
Slit2 9.74902041118379 9.622252605329 3.50714129164259
Cacfd1 10.4138823541189 9.622252605329 3.50714129164259
Aldoc 11.8219685166773 9.622252605329 3.50714129164259
Smyd2 11.333466078452 9.622252605329 3.50714129164259
Cdh22 10.4459781149334 9.622252605329 3.50714129164259
Nefh 13.1665976947591 9.622252605329 3.50714129164259
Ptprd 10.0610477122601 9.622252605329 3.50714129164259
Slc29a4 8.89548634677958 9.622252605329 3.50714129164259
Isoc1 11.8550229524512 9.622252605329 3.50714129164259
Kcnc4 10.5911341228874 9.622252605329 3.50714129164259
Cdh10 8.69249377549099 9.622252605329 3.50714129164259
Neto1 8.73164755698317 9.622252605329 3.50714129164259
Zcchc18 8.95817012409395 9.622252605329 3.50714129164259
Slc12a5 11.9467274621833 9.622252605329 3.50714129164259
Kcnk3 9.67225780482405 9.622252605329 3.50714129164259
Ccdc28a 10.571999089079 9.622252605329 3.50714129164259
Aqp4 8.70690219958241 9.622252605329 3.50714129164259
Slc1a1 10.3386737235373 9.622252605329 3.50714129164259
Plp1 10.8515407134331 9.622252605329 3.50714129164259
Stau2 10.562290619931 9.622252605329 3.50714129164259
Edil3 9.59466499669034 9.622252605329 3.50714129164259
Ppp1r3c 9.37461567563204 9.622252605329 3.50714129164259
Olfm1 10.3831851197953 9.622252605329 3.50714129164259
Ccrn4l 9.80214860859351 9.622252605329 3.50714129164259
Caln1 11.5117954493184 9.622252605329 3.50714129164259
Dusp26 10.8159539357794 9.622252605329 3.50714129164259
Olfm3 9.17376052624141 9.622252605329 3.50714129164259
Nfatc2 10.5941475800909 9.622252605329 3.50714129164259
Armcx1 10.4883471877228 9.622252605329 3.50714129164259
Cit 9.4742986190004 9.622252605329 3.50714129164259
Dusp15 8.62541183183545 9.622252605329 3.50714129164259
Plagl1 9.0936656720066 9.622252605329 3.50714129164259
Ttc39c 8.91436133925054 9.622252605329 3.50714129164259
Nefl 13.8904368342912 9.622252605329 3.50714129164259
Sorl1 11.2051974455057 9.622252605329 3.50714129164259
Alcam 10.1090077181621 9.622252605329 3.50714129164259
Scn3b 8.39670969769822 9.622252605329 3.50714129164259
Cacng5 9.37830922161554 9.622252605329 3.50714129164259
Ntng1 9.52782007960747 9.622252605329 3.50714129164259
Susd2 11.1768005188816 9.622252605329 3.50714129164259
Gnaz 9.08045485616573 9.622252605329 3.50714129164259
Crtac1 10.6428002965924 9.622252605329 3.50714129164259
Ndrg4 13.0813681226231 9.622252605329 3.50714129164259
Ppp2r2b 10.8310760303136 9.622252605329 3.50714129164259
Tmem184c 11.1171316886566 9.622252605329 3.50714129164259
Slc6a15 9.79159287481201 9.622252605329 3.50714129164259
Cnn3 10.7227860193411 9.622252605329 3.50714129164259
6330403K07Rik 11.6799294866679 9.622252605329 3.50714129164259
Etl4 8.75085561322678 9.622252605329 3.50714129164259
Celf4 10.1691232897556 9.622252605329 3.50714129164259
Medag 8.91758550685049 9.622252605329 3.50714129164259
Thra 11.1626037617437 9.622252605329 3.50714129164259
Fbxo2 12.2603811790534 9.622252605329 3.50714129164259
Phyhipl 9.25965016123187 9.622252605329 3.50714129164259
Mtmr7 8.98219780974024 9.622252605329 3.50714129164259
Penk 9.58166745378633 9.622252605329 3.50714129164259
Amph 10.7180878466221 9.622252605329 3.50714129164259
Zfp612 9.66357352885183 9.622252605329 3.50714129164259
Copg2os2 10.1296977937228 9.622252605329 3.50714129164259
Armcx4 8.4227649372318 9.622252605329 3.50714129164259
Wnk4 8.98692079710701 9.622252605329 3.50714129164259
Gabrg1 9.26527219283071 9.622252605329 3.50714129164259
Magi1 8.12226044004115 9.622252605329 3.50714129164259
Clip4 8.37045451707374 9.622252605329 3.50714129164259
Rbfox3 8.60599862075228 9.622252605329 3.50714129164259
Adora1 10.7703929346144 9.622252605329 3.50714129164259
Calca 12.2274807642518 9.622252605329 3.50714129164259
Cda 9.65248473543023 9.622252605329 3.50714129164259
Arhgap20 9.40960643946566 9.622252605329 3.50714129164259
Rhbdl3 9.16663461894761 9.622252605329 3.50714129164259
Cystm1 11.4632092720877 9.622252605329 3.50714129164259
Uqcrq 12.357283212817 9.622252605329 3.50714129164259
Pip5kl1 7.6985483800188 9.622252605329 3.50714129164259
Mycbp 11.4333939609451 9.622252605329 3.50714129164259
Acyp2 11.556361187967 9.622252605329 3.50714129164259
Deb1 11.5922615399948 9.622252605329 3.50714129164259
Rasl10a 9.50008403122977 9.622252605329 3.50714129164259
Snrnp25 11.6138596488703 9.622252605329 3.50714129164259
Slitrk1 10.5715359686955 9.622252605329 3.50714129164259
Tmcc2 10.2969345470592 9.622252605329 3.50714129164259
Tomm7 12.0789741364746 9.622252605329 3.50714129164259
2010107E04Rik 12.9005688486284 9.622252605329 3.50714129164259
Tdrp 10.8674652297824 9.622252605329 3.50714129164259
Nkiras1 12.0460476609064 9.622252605329 3.50714129164259
Lysmd2 10.3490214065933 9.622252605329 3.50714129164259
Elavl4 8.80379831793127 9.622252605329 3.50714129164259
Ndufaf5 10.4394854833005 9.622252605329 3.50714129164259
Pacrg 10.3722284940631 9.622252605329 3.50714129164259
Ngfrap1 12.532348335278 9.622252605329 3.50714129164259
2610524H06Rik 9.40676582443929 9.622252605329 3.50714129164259
Spryd7 10.6811501681512 9.622252605329 3.50714129164259
Bcat1 11.5353096310997 9.622252605329 3.50714129164259
Tmem205 11.3809657756806 9.622252605329 3.50714129164259
Pla2g7 9.73908520752834 9.622252605329 3.50714129164259
Fndc4 11.2271615569869 9.622252605329 3.50714129164259
Timm8b 12.6981308569843 9.622252605329 3.50714129164259
Necab3 9.10328113725864 9.622252605329 3.50714129164259
Sh3gl3 9.35755873740746 9.622252605329 3.50714129164259
Mast1 10.2597859423127 9.622252605329 3.50714129164259
Darc 9.73897454596991 9.622252605329 3.50714129164259
Rab3c 8.08329165628886 9.622252605329 3.50714129164259
Sec62 9.87822813712584 9.622252605329 3.50714129164259
Reep1 12.1801938411266 9.622252605329 3.50714129164259
Myeov2 10.3342927843599 9.622252605329 3.50714129164259
Chchd10 11.0217095234926 9.622252605329 3.50714129164259
Clvs1 11.5901088573133 9.622252605329 3.50714129164259
Asns 10.3273260174844 9.622252605329 3.50714129164259
Pdap1 11.6272303225047 9.622252605329 3.50714129164259
Ppargc1a 8.57011093585363 9.622252605329 3.50714129164259
Sh3bgrl2 8.23667110632475 9.622252605329 3.50714129164259
Rell2 10.8959329730446 9.622252605329 3.50714129164259
Fermt2 10.4183448201725 9.622252605329 3.50714129164259
Fam174b 9.02432824632903 9.622252605329 3.50714129164259
Coro2b 9.71649026593048 9.622252605329 3.50714129164259
Rnf157 12.2573714167667 9.622252605329 3.50714129164259
Aard 10.4268383037302 9.622252605329 3.50714129164259
Tmem56 7.80205071247589 9.622252605329 3.50714129164259
Nrcam 9.66950678746709 9.622252605329 3.50714129164259
Morn4 9.4223389769019 9.622252605329 3.50714129164259
Ccl27a 9.54977660488032 9.622252605329 3.50714129164259
Spock2 9.40718045357007 9.622252605329 3.50714129164259
Rnf208 10.7150862424428 9.622252605329 3.50714129164259
Limch1 9.41829065387062 9.622252605329 3.50714129164259
Stmn3 12.4033061627417 9.622252605329 3.50714129164259
Tvp23a 9.96998909714858 9.622252605329 3.50714129164259
Npr3 8.33429645634411 9.622252605329 3.50714129164259
Gria1 7.89036593878211 9.622252605329 3.50714129164259
Kctd17 11.0966024153661 9.622252605329 3.50714129164259
Fhod3 10.1952357985299 9.622252605329 3.50714129164259
Fgf14 8.30104449276755 9.622252605329 3.50714129164259
Kalrn 8.18785012573961 9.622252605329 3.50714129164259
Kazald1 10.6125563485678 9.622252605329 3.50714129164259
Cacnb4 8.13855101021068 9.622252605329 3.50714129164259
Mapk10 10.4021126716522 9.622252605329 3.50714129164259
F2r 10.2635097102741 9.622252605329 3.50714129164259
Lrrtm1 8.59560475937164 9.622252605329 3.50714129164259
Fdft1 11.8981230883596 9.622252605329 3.50714129164259
Osbpl6 8.97361225791617 9.622252605329 3.50714129164259
Phactr1 8.2990100612847 9.622252605329 3.50714129164259
Atp6v0e2 12.580110581295 9.622252605329 3.50714129164259
Uchl1 12.1378726061553 9.622252605329 3.50714129164259
Syp 9.91209372402812 9.622252605329 3.50714129164259
Uqcr11 12.8467142359358 9.622252605329 3.50714129164259
Tnk2 11.9965613566766 9.622252605329 3.50714129164259
Mgst3 10.1728810234919 9.622252605329 3.50714129164259
Pcsk2 10.3886792302219 9.622252605329 3.50714129164259
Wfs1 11.1980511502903 9.622252605329 3.50714129164259
Ykt6 10.4156818408843 9.622252605329 3.50714129164259
Nipsnap1 9.94413938265759 9.622252605329 3.50714129164259
Kcnab1 10.1566716234534 9.622252605329 3.50714129164259
Bex1 11.601071433297 9.622252605329 3.50714129164259
Scg3 10.8598437018312 9.622252605329 3.50714129164259
Enpep 7.42942392068461 9.622252605329 3.50714129164259
Arhgdig 11.6687906667988 9.622252605329 3.50714129164259
Kcnk1 10.1679169893692 9.622252605329 3.50714129164259
Gltpd1 10.493604329467 9.622252605329 3.50714129164259
Sept4 10.6777396621438 9.622252605329 3.50714129164259
Cd200 8.99348474257239 9.622252605329 3.50714129164259
Hoxa5 7.55199140247224 9.622252605329 3.50714129164259
Cadps 10.4599897815778 9.622252605329 3.50714129164259
Stard10 10.1443453162724 9.622252605329 3.50714129164259
Rhou 9.96625223391991 9.622252605329 3.50714129164259
Gpx3 10.1422567319252 9.622252605329 3.50714129164259
Polr3g 8.88254485557674 9.622252605329 3.50714129164259
Cdkl2 9.81011093506085 9.622252605329 3.50714129164259
Spp1 11.4917520757941 9.622252605329 3.50714129164259
Cyfip2 9.32333523105314 9.622252605329 3.50714129164259
Mapk12 9.59136059731566 9.622252605329 3.50714129164259
Zmat3 10.9665676254528 9.622252605329 3.50714129164259
2310030G06Rik 8.11951692517306 9.622252605329 3.50714129164259
S1pr5 7.62902223303925 9.622252605329 3.50714129164259
Pacsin1 8.70122090666769 9.622252605329 3.50714129164259
Fkbp1b 12.2677455227993 9.622252605329 3.50714129164259
Kcnmb4 10.2363174512457 9.622252605329 3.50714129164259
Kcnh2 10.0303558586047 9.622252605329 3.50714129164259
Cntn1 10.7021336044706 9.622252605329 3.50714129164259
Trhr 9.18184258526301 9.622252605329 3.50714129164259
Pcdhb20 8.03548396843756 9.622252605329 3.50714129164259
Cpne6 10.857786480616 9.622252605329 3.50714129164259
Rph3a 9.44649602080252 9.622252605329 3.50714129164259
Spock3 8.02557179850815 9.622252605329 3.50714129164259
Scn1a 11.3369401973291 9.622252605329 3.50714129164259
Serpinb6a 11.255712043237 9.622252605329 3.50714129164259
Hcn1 9.44123048723299 9.622252605329 3.50714129164259
Rgs7 10.5971528925094 9.622252605329 3.50714129164259
Tagln3 11.4374455369353 9.622252605329 3.50714129164259
Rgs17 9.61060202213156 9.622252605329 3.50714129164259
Scg2 9.2916598261395 9.622252605329 3.50714129164259
Kif21a 9.27980914648392 9.622252605329 3.50714129164259
3632451O06Rik 9.46987988919721 9.622252605329 3.50714129164259
Dffa 11.5609964396193 9.622252605329 3.50714129164259
Calb2 10.1947081979082 9.622252605329 3.50714129164259
Lrrc49 11.1802516880832 9.622252605329 3.50714129164259
Rerg 8.61257230921347 9.622252605329 3.50714129164259
Acsl6 9.99628217965073 9.622252605329 3.50714129164259
Tram1l1 9.13122217606898 9.622252605329 3.50714129164259
Zfp521 7.8873965087149 9.622252605329 3.50714129164259
Chac1 9.79824623818663 9.622252605329 3.50714129164259
Dpp6 9.82837784735899 9.622252605329 3.50714129164259
Ccdc92 10.9619952068218 9.622252605329 3.50714129164259
Chodl 11.179596898184 9.622252605329 3.50714129164259
Nol3 9.83821300074746 9.622252605329 3.50714129164259
Fam92a 10.7909738195089 9.622252605329 3.50714129164259
Fgf12 8.66047989830532 9.622252605329 3.50714129164259
Vstm2a 9.83553492101639 9.622252605329 3.50714129164259
Arl16 9.87150781898231 9.622252605329 3.50714129164259
Nckap1 12.2854855177525 9.622252605329 3.50714129164259
Kcnj14 10.6639363436511 9.622252605329 3.50714129164259
Hoxc8 10.6415029044988 9.622252605329 3.50714129164259
Slc41a2 8.2242788820882 9.622252605329 3.50714129164259
Dpcd 12.2004558887649 9.622252605329 3.50714129164259
Zdhhc2 9.8651600562621 9.622252605329 3.50714129164259
Svop 9.29674343348806 9.622252605329 3.50714129164259
Pcp4l1 11.6371282695908 9.622252605329 3.50714129164259
Slc22a23 9.07350060828457 9.622252605329 3.50714129164259
Cltb 11.9166426492049 9.622252605329 3.50714129164259
Tspan12 7.11393874301841 9.622252605329 3.50714129164259
Fez1 9.84402753749833 9.622252605329 3.50714129164259
Fam189b 10.9191326551726 9.622252605329 3.50714129164259
Nlgn2 11.1825119614549 9.622252605329 3.50714129164259
D430019H16Rik 8.98386823707546 9.622252605329 3.50714129164259
Adcy2 10.6111794367332 9.622252605329 3.50714129164259
Gm1976 9.13785378240207 9.622252605329 3.50714129164259
Rspo2 10.0836235865748 9.622252605329 3.50714129164259
Pcp4 12.0473702678515 9.622252605329 3.50714129164259
Dmtn 10.4731245617287 9.622252605329 3.50714129164259
Mnx1 7.64811688012337 9.622252605329 3.50714129164259
