Lpl 11.4159052123964 8.0570871152985 7.2999072998526
Crym 10.3036139916778 6.83388231526759 4.85637663129947
Tac1 13.0528665685424 9.53897879040593 6.4031271941467
Meis2 11.9598232714501 7.37853539673072 4.71966209044129
Itpr1 10.2537906308628 6.47560603808934 6.20225148318158
Icam5 11.2334071193892 7.60304575375373 6.53178409724149
Arpp21 11.1153872940293 7.33037343385543 4.67924307211791
Pou3f1 10.7595250412913 6.31376167684266 4.7972397474335
Gpr88 10.9124948480143 6.90211393621828 3.85569751268963
Tiam2 9.65151374417271 6.27042805745423 5.05323455851351
Camkv 11.8827430800064 7.91012385238978 6.28534070233071
Lamp5 10.6851752666002 6.95769472554172 5.40167317316179
Itpka 11.3550460516321 6.85581253237266 4.96218046424553
Rin1 8.5469997692993 4.93318202205286 4.78604873042215
Ccsap 11.2188719857872 7.33077685897108 6.18783446422971
Baiap2 10.3341277263679 6.69470819994497 5.74997654840478
Rab40b 11.869886830848 8.14610331627293 4.55347271326116
Hpca 11.1724846245918 7.58644795799889 5.39380067175891
Ppp3ca 12.6752624380833 8.85314623843573 8.75613102696381
Plk2 12.0224164552853 7.67600247300884 7.01825028704925
Kalrn 12.092282139869 8.20869309988687 4.72314880185512
Kcnab1 12.6815337690516 8.60680450762066 5.79066138253817
Ngef 12.6845037215229 8.48352463769199 5.71295183824819
Bcl11b 11.3067946663748 7.8093109364871 5.15374225206082
Rerg 9.25671962093488 5.20479602696057 4.41714780131537
Ppp1r1b 12.3057907502834 8.08829023067424 6.61759625810597
Rarb 10.7255705899092 6.55565717184869 4.71490703761627
Lmo7 10.1492888079791 6.59240216616918 4.782811001762
