Golm1 13.2088860971046 7.70643149374383 6.78957325481704
Dusp6 12.1106891877544 5.66648546158827 4.96727133226352
Tgfbi 10.1405547174483 5.88355576171514 5.53341460376586
Sgpl1 9.65202662527855 4.96699563827799 4.54452927969186
Junb 11.5348729987463 5.34992712188681 4.67191945685703
Lcp1 11.8379992138945 4.84108256459341 4.55379936969506
Txnip 13.6791294028158 7.31527482672557 6.3736086611709
Klf10 10.2322983288757 5.55979901528686 4.65909991882567
Cd9 11.7732224133317 7.26239818639698 5.54632850078939
Cd34 10.3774455408259 5.70393052486387 4.85238873481882
Zfand5 13.0724898086973 9.52942707675265 8.17782878264276
Tpst2 11.0906169506107 7.63790608172511 6.4142462763271
Cd83 13.1517119399809 9.28238619731859 7.66216645130985
Sipa1 11.0491157826369 6.76479423587944 5.86740108011041
Coro1a 12.5292545103329 8.51328480786148 5.56444669984119
Btg2 11.4551013031419 6.12504737266095 5.47032561515281
Ets2 10.9375646531096 7.42064431855711 6.88921260652805
Tnfaip2 9.10265124910753 4.34529065901249 4.34488908197582
Cyfip1 12.6467245474294 8.64308661107415 7.33434624400308
Lamp2 11.6194145923605 7.81828055157112 7.58423377982572
Snx18 11.9053155899221 8.11121314137498 8.00474707131303
Ctsc 12.6316085285889 5.17607600670694 5.03503858648807
Rcbtb2 9.72307900109777 5.99800518379469 5.22527558427662
Tubb6 9.85242182153089 6.25498072913877 6.04125383291435
Ier2 13.4110457696294 7.16176603052709 5.68017554991472
Rab32 7.66476517985337 3.97933406570142 3.86675825994366
Nfe2l2 11.3582431578503 5.53193530408748 5.32611015526029
Socs3 12.872389729541 4.59760150820504 4.15680550885794
Scamp2 12.177112436192 8.54777908015361 6.6703894852596
4632428N05Rik 13.023417651154 5.77071584949064 5.06654481605459
Spint1 10.3486258835977 6.76882998763454 5.24222351786965
Afp 8.25927872186671 4.16575349836654 4.02962231251893
Clic1 11.3149596683149 7.6710927634519 6.0694285409216
Plxnb2 11.1948611499116 6.9540565537422 6.58450393821627
Irf8 12.5830920544812 5.48826040235433 5.44101537584818
Dnajb1 11.1943774753435 7.84450861111869 6.3175864908306
Mical1 8.6259861168379 5.00545576628086 4.98550670190961
Tbxas1 9.82110086955256 6.29373635417216 6.20089995637611
Slc39a8 8.53981315614105 4.24293901718234 3.9138725465744
Parvg 10.3515058485033 6.81487787788543 6.34681159462778
Mcl1 12.2087835671601 7.27889259221075 6.38323761743231
Rps6ka1 12.4350911117328 8.83381924346228 7.04663842556033
Tnfaip8 10.0379616559435 5.98724449454894 4.5439221714983
Sirpa 12.5100346647181 8.69989728000468 8.51556245027675
Tmem206 10.0929242148177 6.66361932484036 6.43574158590204
Slc40a1 11.6104164701375 7.18117066677159 5.86588971927377
C1qb 13.334449855087 5.07181072570565 4.72773578207943
Egr1 14.0292728577336 10.6882053768267 9.02954972207448
Syngr2 11.4772980236412 5.75342973252187 4.79835449259351
Man1a 10.487381138223 6.20008038876473 5.46288774638029
Plekho1 10.5586272766999 6.86962679486613 5.77277946069269
Pmp22 12.2561794765965 8.45657335809267 7.86012120086639
Usp2 11.7719760326918 6.92446546365648 6.02797546435475
Ccl6 10.2968696260595 4.69379637616271 4.52162733595159
Cd14 13.2858211222074 7.10564426098453 5.91339480574559
Tob2 11.2110342965434 7.40545597415611 5.77912403230265
Pycard 11.7476509071618 6.41067279610797 5.45234668222366
C1qa 13.2023340640432 6.13826933766225 5.91551191355026
Il16 10.5721616851226 5.89971975273838 5.39883441906687
Slc7a7 10.8083190565862 5.36566473106727 4.87163312035056
Klf4 12.6915189251281 5.05942506965145 4.87609283827564
Sertad1 10.5663023888607 6.87386390284479 5.88025239486945
Jun 13.1617299805308 7.02662601437561 6.7989601675356
Srgn 13.2068622416084 7.29488590382263 6.05541038168835
Myh9 12.4734956086251 7.60124690831557 6.78041246128583
Nfkbiz 12.6004495355117 5.01626566243213 4.80608253548259
Tgm2 11.642946111078 7.64474146857159 6.31317888104511
Plek 13.0477422121131 7.61179090337371 6.01718220160843
Itgb5 13.2913066952736 5.57119968665546 4.35918575471015
Elf1 9.02649072365098 4.76254953837674 4.39650241758462
Rgs1 11.0898478208524 4.91467007227426 4.55940395117031
Ier5 13.0763760033494 7.11226927865378 5.73872814679263
Snx5 12.5389716579728 8.8866823448365 5.22742017542757
Elk3 10.437348137504 6.31906529744144 4.85130175451726
Naglu 9.15316717727129 5.63485021719852 5.40016689598118
Laptm5 13.2497958585741 8.24999474424824 7.19569639848386
Ptgr1 9.97812873947007 5.54030881597478 5.51779156242958
Serinc3 10.9280820038238 6.79625245444903 6.39863346062701
Ctsz 13.0485403305481 9.37235943769612 5.28742674028467
Fcgr1 12.2838802885119 4.67193621229406 4.64079367523083
Slc16a6 11.5411253999105 6.8856695081923 6.22937375164729
Pdlim4 9.52654344568754 5.17956510025355 4.88451331434383
Ccl9 11.3508771596472 5.38280282676397 5.01042901571192
Tnfrsf1b 11.7294024065306 7.34230705704485 6.21821778619095
Inpp5d 12.4783900860876 7.02929171274797 6.34861299257286
Aff1 10.469356712438 7.0061002113508 6.4525301748075
Tlr4 9.37755048286687 4.8068596267931 4.5296551012822
Pmaip1 7.91264692829158 4.0006920591348 3.89297634119091
Aif1 11.8099905233592 5.91383015332381 4.81633753194278
Lims1 11.3950265345756 7.47366672255997 7.11786525354
Syk 11.1736838971837 6.55454959814294 6.11983441135165
Klf6 12.1197284009329 6.74300773327545 6.56421856864658
Mknk2 10.9458298189503 7.35109889696338 7.01528411506655
Crybb1 12.2532048432707 6.59131241824853 6.55099626354895
Fcer1g 12.6825054501545 6.98411442228729 6.09260382533954
Ctsh 12.8742742032151 6.19507592194646 5.57274365053228
Gbp3 8.5116214988133 5.15549486372368 4.8950456893688
Gpsm3 9.5878408034758 5.45212443569739 5.35783639913477
Ncf4 10.7305401881173 5.43774039021429 5.39809998190104
Nrip1 11.7630520200561 6.97986735967829 6.3990760291379
Ggta1 10.3021085784473 4.96947547773784 4.5157486200286
Calcrl 7.87647545215041 4.2792956359549 4.14565228983
Lcp2 10.4299333406719 4.8801236350042 4.85636268652061
Ngp 12.2995043542679 6.51803880628164 5.52573930326163
Spi1 10.3859436109085 6.1476701599732 6.12686620987705
Atp7a 10.1676606708827 6.80477313203255 5.26821350338173
Csf3r 10.5303261448833 6.83707730927433 5.33067083927366
Ms4a6b 11.2757685053458 5.2943512989894 4.88482369515244
Hcls1 8.63630419546985 4.77481336622212 4.76412007790238
Pabpc1 11.2298634617249 5.31229697065415 4.22140155217314
Skap2 12.0094790306754 8.16289898611933 7.97993068561539
Cebpb 11.6743509032076 7.59970710886995 6.02930228538346
Plxdc2 12.0529683323577 6.83037608946945 5.83309403956913
Cxcl10 9.7662958946731 5.84250546074312 5.37362445359008
Cysltr1 9.23363767777187 4.42795273913211 3.95611837850733
Cebpa 9.78114583046527 5.98030040488519 5.22871489997809
Cttnbp2nl 11.7692220388043 5.78546928903339 5.44111615946001
Lyl1 10.013448973115 5.42251200350153 4.93564639729057
Ptpn18 10.350655093353 6.55672688560294 6.42346661457285
Tlr2 11.864186632689 6.27296255051058 5.6241324370575
Serpine1 9.57269546409715 6.02830856843752 5.10904825997996
Sox4 10.0789976366356 6.0891934860757 5.68145984213369
Cd37 10.9462016903761 6.91990126515272 5.65566740733356
Map3k8 10.1917146557049 4.85462916541433 4.76278390549193
Myd88 10.7885966963584 6.3131230835636 5.86140866590826
Ccl12 10.4751595691536 4.62344518789234 4.49691938209903
Arhgap4 9.38418443524174 5.92999591338669 5.38131471342854
H2-Oa 8.62773488286702 5.28152405224246 4.96537404725288
Pon3 9.10935515291671 4.60890674232889 4.40646790797174
S100a8 12.9638824039872 4.79758481142884 4.574809491385
Il10rb 10.594105170653 7.192707383407 6.62027387558592
C3ar1 11.6182149621142 6.78863995632301 5.30502223408787
Fgd2 12.1293203269256 6.20395273657989 6.01839882070174
Rela 11.9778670098948 8.01856326627046 6.87709069980385
Ccl3 13.5496556060224 5.50580913463218 4.72873914318725
Ms4a6d 11.498084859003 4.95065903004418 4.66508457649654
Ier3 13.5855914649438 9.35205281061406 8.0286412746161
Nupr1 9.98636391280088 6.33066818618845 5.20710664342533
Camp 11.8351935968853 6.06986096645414 5.7104801968012
Klk8 10.1637978906065 5.51669608998816 5.33251226368673
Chil3 10.6986949112657 5.22801925954861 3.6481594089514
Arap3 10.0084235335535 4.3335627509239 4.04701632467096
Tlr7 11.1690114771889 5.43509170842256 4.90709659765849
Hpgd 11.9284845304822 4.98956952009287 4.93333643940493
Mcm3 8.86157244294894 5.46841073469775 5.19513076853221
Slc11a1 11.348119903574 7.32403260349069 5.3659738080543
Ccl2 9.39365889899599 5.23870265874494 5.22069035089457
Cd86 11.7078926817195 5.15982425189411 4.90784576188436
Prkd3 9.75622982659752 6.12009938458428 6.01970067222449
Gpr84 11.5922078227709 5.70045983944805 5.53569894055139
Vamp8 11.7887532870376 6.84553023196722 6.45232430859696
Tcirg1 11.327613036728 7.93261406461206 6.89915213407022
Trim12a 8.60607054794922 4.30742554543587 4.18014060301211
Slc15a3 11.5031029092383 5.34092835052332 5.20785306581295
Rel 9.37584581713377 5.42228678705247 5.16180707585831
Tsc22d3 11.4805096636109 7.46409572273356 5.74418942009374
Sla 12.412369723073 5.79635479417984 5.68588485335184
Itga9 7.48681708147096 4.08605878696477 3.68954443829712
Tgfbr1 13.4953964323281 7.37414759362886 6.53713970335686
Snap23 8.30473877019984 4.52343177075534 4.04438582561073
Asph 11.1601915655921 6.52871077043655 5.01564785613215
Ivns1abp 12.7570757853562 8.89166907672389 8.27423996519447
Rbm39 10.3141735206265 5.22891222987453 4.97916671328303
Vamp3 10.8922604019769 7.40514522758125 7.21260585827078
Bmp2k 11.469593488735 7.22581231406997 5.79254751962418
Lgals9 9.7144470271434 5.52940895084164 5.47661225602946
Trem2 11.3744113100813 7.28199371774218 6.5640463776109
Gna15 8.98838653928669 5.59802921649404 5.26026589533607
Birc3 10.6680989517335 6.71155930759136 6.49964888069676
Igsf6 8.76352354526292 4.30822670140552 4.30067134540583
Samsn1 9.02117009275432 4.67926317592384 4.58500575111306
Il1a 10.5627537042988 4.69298492935751 4.01432282339471
Hpgds 9.22555193578103 5.76420836602531 5.12840941903112
Naip5 11.1748062850229 4.98830370721493 4.57041205071081
Ccl4 12.655502757357 7.44639328306409 5.94887614735752
Klf3 8.53631488900221 4.70052787249585 4.52636158070451
Itpr2 10.9235418495534 6.86779619031425 6.24795097803933
Stat6 10.5002673668222 6.62899239063398 5.20623287821222
Msn 10.934809568914 6.94662164770916 6.31283751254673
Bcl6 10.0980717450428 6.46704778645537 5.68577427721792
Abca1 12.0522527378122 7.87809675633761 5.96190453041915
Adam17 10.5698610751329 6.2709502040281 5.70763618177266
Dapp1 10.6616079104408 5.59938168903347 5.34463683676603
Clec4a2 10.2600474435221 5.1706645112879 5.0298392536634
Fli1 10.0941254445629 4.14767828013392 3.75175247971574
Mitf 10.3401241655234 6.83786061082149 6.53984792489785
Ets1 9.55277010530181 4.12345405299956 4.02401829090189
Ptprc 12.5235480291392 4.65804186512534 4.37223241984479
Fosb 11.9510983205342 5.78079119759641 4.80827771140483
Ccr5 11.7396919362898 4.71178322730989 4.60304033942976
Il6ra 12.6715970650916 5.65192570167078 5.57145604392502
Tgif1 8.50945088524124 4.65666739869212 4.30823454310216
Pla2g15 12.3259450180791 7.86994547061081 7.29436699546675
Itga6 11.5653613108728 7.4046052024278 6.9641353366843
Ifi30 11.3781163789488 7.72877225825044 5.71985822483453
Cables1 10.7196378104376 6.84467251028371 6.43744161100419
H2-DMa 11.2573253131557 7.330221915218 6.17588587755492
Zfp36l1 12.7051334383384 6.34620996090398 6.17124694259853
Gpr34 12.096128861767 4.24753636433019 3.96197732644555
Rrad 10.1172735062529 6.6040152585403 5.44409549439489
Rnase4 13.1184612117893 6.53515483356835 6.00085939312656
Hk2 12.3862706589026 7.27541284430293 7.06717531630817
Fam111a 8.63296054191287 4.88285943452714 4.51702144099773
Hfe 11.337741662807 7.58854143628652 7.38875126231344
Pik3cg 10.1956130518895 6.76234411525926 4.86498557751174
Zeb2 11.4200634065622 7.12006437029391 6.63719760209374
Tlr3 9.64446847867037 6.18058896662363 5.52170668733231
Prkcd 11.3204144141644 7.12163685848432 6.79329564546335
Mertk 13.1217916703296 6.36589764728264 5.81774264168505
Cd84 9.78822716908046 4.68381592295211 4.65638274418728
Ly86 13.8305038298173 7.73378288029647 6.22169356080675
Vav1 10.4293295887311 4.20995529726469 4.20762791570295
Pag1 12.7340021971061 8.11051515693811 7.60647449417634
Fos 13.9437278525404 10.201394142134 9.29014915810609
Cfh 11.031443374587 3.8853722575283 3.84060829388787
Tnfrsf13b 9.62154101704082 4.77030085984145 4.34914679842177
Cebpd 10.4638830746908 4.8835310118307 4.37973987151137
Hhex 10.1791275378831 6.55240563204244 5.14421685840147
Entpd1 9.37032387449548 4.5130557744947 4.45320638725728
Ptgs1 12.2066936221392 6.2976448541919 5.30741735139981
Adrb1 10.605744756129 5.8597504269106 4.59506671530339
Stk17b 9.76929078464475 5.78526224161964 5.55083248814594
Frrs1 10.4433587610755 7.00883241374603 5.22023947901702
Lyz2 12.4203041170638 6.85718646566397 6.40865963010201
Ssfa2 10.5053173268952 6.48485027981804 6.37555118095504
Ccnl1 12.9368942943523 9.45313737502509 7.35575118287571
Galnt4 9.34294526677315 4.97038033674077 4.95100126346301
Ctc1 11.684666568769 7.49571290510971 6.95091265217282
Unc93b1 11.4209147437175 7.01580403677937 6.36033622273646
Mob1a 11.6102028819568 7.89045212335744 6.73453261695196
Cmtm6 12.3089984078596 7.06450258533076 6.65756287231001
Wls 8.2518542645957 4.77436557970383 4.55836260254473
Tspan14 11.1207155751017 7.08779261362568 6.03394957799661
Lpcat3 11.5785330904885 7.26580991292167 6.89923942575142
Hvcn1 10.2816397991105 5.48376765506527 5.33281808818421
Edem1 10.6216568370496 5.32309732212589 4.88114077432492
Icam1 12.0685839298591 5.76896296222347 4.67887082630209
Prkab1 10.8355194367992 7.13310053166832 6.50400291935433
Cdt1 9.6678556721059 6.28405380901051 6.02838443280779
Rbl1 8.55134046564386 5.07803730286923 5.07563554032973
Rcsd1 12.2491457547791 7.96310571271989 6.74408138123241
Npl 10.001127646462 5.87021108774053 5.22000667807087
Tmem140 8.43942036859799 4.70007348597671 4.66455260296343
0610040J01Rik 10.7636422265407 6.17867104630675 5.7465902588776
Tm6sf1 11.2609540254992 7.88120429426389 4.34702220868194
Cklf 11.3887159381797 6.91034764995186 6.45320307173558
Casp8 9.83466998065678 5.56052738594653 4.98964768109125
Tmed5 10.6438973211329 6.77433037636248 6.10285244577027
F11r 12.1660086110926 6.10818136973658 5.81649868066311
Eva1a 8.59272796994992 5.15914792951928 4.35399999294477
Zbtb1 9.43281153145833 5.90474446589303 5.66762139986815
Tor4a 10.3275630348071 6.55135908905433 5.71264330112787
Ptbp1 9.13537300639005 5.65878702097905 4.96345491289773
Glipr1 8.85932478234233 5.36968064449495 5.28197272555924
Lpxn 10.7589192457976 5.45640664393921 4.46673832683149
Siglec5 8.37803746411404 4.04875288779813 3.94744957551755
Sppl2a 11.2656068290913 7.31447253839974 6.79336103200206
P2ry6 11.5687601975602 4.88627352701632 4.37390959271963
H2-K1 12.8220187202518 8.86048374064153 8.0096869402054
Tgfbr2 12.4852370462276 6.1942625074467 6.02183681580748
Ceacam1 8.89348245863094 5.25852283742313 4.36860450281259
Ncf1 8.82497080443061 5.33090671307382 5.07426459600331
Adap2 10.5685173068896 5.62987982610584 5.61170597050967
Lrba 12.2919124748407 8.93445279393258 7.64044774942167
Pld1 10.7972506121956 6.85063937041892 6.03060203063504
Suv420h1 9.71517409184197 6.38127955357966 6.22870733544009
Pon2 9.31355681171094 5.20631281597124 4.92802976085796
Capn3 10.5561819143241 5.03148847660761 4.7402997905223
Gem 8.23875211178378 4.28400938373657 3.86841821514024
Rrbp1 12.1145818395139 8.37371609423309 7.48870652376498
Glul 11.7849610224289 7.42823067890674 5.98233663647791
Arrb2 11.4717203569511 7.63005902961839 6.46287651256627
Pros1 11.415313090188 5.8112824912921 5.2215596585336
Rin2 10.0137972126995 5.87058488952078 5.3215488354454
Tifa 10.6723597482397 6.79022149665896 6.2681932819576
Arhgap17 11.1079285558079 5.17933051754133 5.16958819747108
Phgdh 10.9712292951051 7.41836406486553 7.18082674465189
Parp12 9.33903499881959 5.72784259906143 4.8333142526091
Trim47 10.0914805439239 5.47811642704836 5.17228915760297
Jmjd1c 12.6964155907754 8.77278613175858 8.00442246486644
Mlxip 10.979316932642 7.40093860796943 6.77726534074013
Sash3 11.2827116875116 7.61985497995403 5.43781784880552
Themis2 10.0072343518523 5.58140727795259 5.28870674325965
Stard8 9.0910710928602 5.69017270526809 5.14804890310796
Mpeg1 13.5781184656323 6.99987791739828 6.52784628237296
Hspa1b 12.6715792604311 8.38731319172359 7.88457534494739
Xist 12.7814738520482 5.0340243435877 4.27234829816744
Cd48 10.0036336466823 4.84861732312307 4.82894180015422
Akna 10.6519382313125 4.7658148441353 4.68414551005565
Fes 10.6453727108248 6.74058987202853 6.42073524805726
Cep152 9.46016705782019 5.9257253559117 5.51987115320584
Diap2 10.2534156378815 5.60061709799615 5.14736871623482
Egr2 11.2779367742076 5.21104380900687 4.51444605932858
Ccrl2 11.412796081801 5.8807503217051 5.60025904878948
Lcn2 11.5003470873269 4.23800969362775 4.22944485974592
Hbb-b2 7.85273730267384 4.18440893330296 4.15804126983811
Myo1g 9.16480303343511 5.63576405305464 4.98549126820692
Tmem173 11.0209006256616 7.19922618697239 6.25016864017717
AF251705 12.004730998868 7.84723123737583 6.93659960220153
Hmha1 10.4033953674837 6.53772684208613 5.56970865107808
Gmip 10.1713248884895 6.31728555321165 5.87177376585707
Nckap1l 11.1568327951404 7.21502722641347 5.14501680550556
Abcc3 9.76277744586897 5.9816077192029 4.86554758956559
Rhoh 10.549623104043 5.01506442858952 4.88098134076652
1700017B05Rik 11.7692217223209 5.72064163401143 5.45091903440381
Srgap2 11.8017176592162 8.12046087009536 7.47794684511312
Gusb 11.5188785741544 6.17798095549353 5.43777014053253
Lair1 10.6130187631943 5.23045930605582 4.68201705644707
Twf2 10.8208380782391 7.48878780193841 5.47134871934392
P2ry12 12.4746819840061 5.15795458703432 4.55235618993195
Rnf19b 9.48505322764021 6.09434503070534 5.00428034224294
Epb4.1l2 12.5141878325852 6.58697831167751 6.51481194645377
Pld4 12.0206051656766 6.29506016552938 5.532274789051
D15Ertd621e 10.1076206667302 6.44248904515127 3.90579678695678
Lrrfip1 10.9400431244598 5.46240919568393 5.28991898274767
Fermt3 11.3312647513459 4.44836840142445 4.24057121769546
Ankrd44 11.6744535697079 6.17400645732186 5.64265423227801
Kctd12 12.185543532286 6.20594892390412 4.98801436288895
H2-Aa 10.7894269702174 6.411384214955 5.16556544821573
Fam105a 11.8900076562701 6.97344554254201 6.88187891433535
Herpud1 12.5159313960105 8.83743446734715 6.88740725022785
Cd300a 9.88309640091064 5.95031025747322 5.50069168103212
Wipf1 10.4629969820139 7.03390454211794 6.85879554488015
Lyz1 12.1662559978148 6.28693775604809 4.81285049886827
Zfp110 10.6629985029049 6.49185320344958 5.14756703654046
Clcf1 8.65510766759181 3.96738026085644 3.77910457077782
Zfp36l2 12.439882687873 7.3796840032565 6.34791540755361
Il10ra 11.9839212283458 4.95402350696471 4.78280553456075
Hexb 13.9346832426844 10.2441551104681 8.77441475031971
Rab20 9.52042754395053 4.07805686281743 3.93387711123883
Grn 13.5521140781199 8.4065925236527 7.00399523847897
Bach1 11.8613788138478 7.889821371624 7.688957703046
Fam46c 12.3550028613422 6.37119133241348 5.5719757089675
Ctsa 12.9509349108417 8.95605085114616 7.65937711153963
Ifngr1 12.0357079893049 8.14290848488533 7.80706453884206
Tcn2 12.2009774284341 7.50046393599881 6.62332639048799
Cmtm3 9.86902934165744 6.09490345350745 5.92956654374014
Ppp1r15a 12.6949179793628 7.94545226078035 7.74643179010959
Dhrs3 10.9504578835445 7.01453474104224 6.33237385048968
Lrmp 8.81165282774176 4.72816064358223 4.45959670326545
Olfml3 13.5847807250187 6.693827867888 6.52036800488682
Pla2g4a 9.53408946100642 5.67268336691288 5.23562072538683
Ncf2 10.9263417405773 5.93567628490127 5.8209543520666
Ctss 14.1436377001564 9.29374006534669 8.40033595548761
Cd53 12.7058528961117 5.67883135733548 5.2947404419162
Fcgr3 13.3678397073662 6.21342060977077 5.93923007197835
Hps4 12.4032005490264 8.6852874309721 8.49821487742367
S100a9 12.1512954978643 4.91028538898092 4.81627052418114
Dusp1 14.0972400899769 9.19408642001514 8.3937906461964
Lgmn 13.3819300248455 9.3589760491584 6.85063120389309
Klf2 12.9546948291203 5.67174532509572 5.64865475623369
Fcrls 13.538343734353 7.77173002663335 5.83003538774915
Tlr1 9.60520010506197 4.1593709560009 4.08398829599497
Rhob 13.4348557298283 9.90568575412954 8.80448088608338
Zfp90 10.0336253682636 6.6061566930326 5.51451705393001
Selplg 13.5701528797604 9.10946415174951 6.78386054108362
Cd68 12.2655547644002 5.04216579723 4.85461888779912
Gpr65 7.70886230022633 3.88129944267529 3.77962590434282
Atf3 13.284073086988 5.33567545936368 5.04877628726499
C1qc 13.5961558255427 6.45340369974484 5.66385877977151
Chst7 10.8148655259312 6.83263166886339 6.47619250664379
Hck 11.7859620796645 5.71820261861038 5.17831096233481
Gcnt1 7.991253437913 4.58027681585057 4.27404835190644
Casp4 9.26315299804554 4.894524948133 4.05829233975633
Ly96 8.91937274322914 4.71686514124942 4.29562577413735
Lag3 9.80016274610109 6.19683433412159 5.71775893436689
Cxcl2 10.7266031675695 4.67644708260093 3.95179344967962
Ltf 11.851175722853 8.24339388263205 7.17703129901419
Cx3cr1 12.8730629616277 7.03713616133181 5.80013216141082
H2-D1 12.6327304628196 8.61184582635878 8.41587618385613
Stab1 10.7605924600716 5.43494971670008 5.33910886601537
Evi2a 12.5942263303086 7.1977436155094 6.68360766200387
Il6 8.13911235858362 4.09739179074201 3.76423973145748
Pdgfb 10.7325445782435 6.58074554093136 6.35401528327082
Mrc1 7.99313411604932 4.38451845529595 4.23132151647837
Cbl 10.680668532199 6.99987001140902 6.7707571297066
Itgb2 11.9243168449721 5.37508402644014 4.70795975981282
Psmb9 9.4278289264293 5.99174294881896 5.4747031346401
Adamts1 11.4689263478583 6.40204021016782 5.07485720340753
Ang 8.34675454689537 4.14895865849894 4.09651439848011
Sh2b2 9.2750055292418 4.66821642311995 4.58586884584432
Tyrobp 12.872201384089 6.28491918654428 5.96119906106494
Slc29a3 11.7903703089593 7.13165306657331 6.41442235436894
Emr1 12.7903721087621 6.46638953305003 6.13867886441511
Nrros 12.3097176638707 6.49792773944724 6.0218411657704
Tmem119 13.7335005220805 7.26326018301695 6.02568115005814
Pnpla7 10.5591266313939 6.78923256547406 5.49271395283544
1810011O10Rik 8.45121368033437 4.52948964021187 4.42525941689531
Havcr2 10.538253418377 4.31025333417522 4.12847493358841
Alas2 10.1462688588052 5.61371825578403 4.9754684773346
Cmtm7 10.4128713125775 5.33083520842028 4.9699582685473
Mafb 11.0489700121364 5.7498207522229 5.54586531866141
Blnk 11.8256575206264 5.84152744066176 5.81797776498711
Tmcc3 9.18215566840257 5.45581805891628 5.27397151674471
Notch2 10.9771741155417 6.12582585043923 5.5681561448709
Vrk2 8.89925651350072 4.71917790725776 4.48914389507786
Daglb 9.97127658837575 6.62590212451743 5.80894298279265
Alox5ap 12.5974435879102 7.67316142186159 6.83006288945669
Fyb 11.6377216118874 6.21946265753673 6.04397297402607
Ctla2b 9.67840248028284 6.18023738911793 4.38584785812915
Hspa1a 11.8173372899826 7.14432642556812 7.03936316241872
Slc37a2 8.79411898885638 5.44819271435649 5.25566086407404
Zfp36 13.4481818753213 7.89194912052749 6.14538654048577
Abhd15 9.85244350316464 5.98554543648987 4.79221373081619
Lmo2 12.173746157097 8.17355906353207 8.12000745837354
Cyba 11.683487063587 5.80893555066837 5.44184524897113
Spata13 11.8423721764084 6.77078825409544 6.19795003390206
Wasf2 12.4099034178626 9.04169274818232 7.29582794099839
4833441D16Rik 9.44333514879099 5.67299207112623 4.54261952349735
Cd52 8.77120540091781 5.23129152160194 4.73109921792615
Irf5 10.3658986193304 6.49258939586351 5.86766015521245
Naip2 10.6301514409205 4.67409020674354 4.50875758770287
Anxa3 12.8961234593997 5.74391581576178 5.44111497176443
