Golm1 13.1709345745481 9.48825141781856 7.2078938798709
Dusp6 12.2043335698759 8.62752158545711 5.3769885178037
Tgfbi 10.1729708775644 6.5221859010724 4.16418401928713
Junb 11.5780026398467 6.38710056862191 4.91727107407748
Lcp1 11.8463632704423 7.07476554629239 4.37893700996024
Txnip 13.6993914736524 8.38575644528144 5.72002381178358
Cd34 10.5911587485583 5.12382222462713 4.59169534859184
Tpst2 11.1246231388186 7.66052004593699 7.27599172261126
Cd83 13.2264749464343 8.47011017616482 5.85424622023346
Fkbp5 11.3757997333897 7.56999093907139 6.45549716361989
Sipa1 11.1257432146877 6.82525543568489 6.10712140704717
Btg2 11.4968904593275 7.26991618754484 5.62953385591796
Ctsc 12.6065842886925 6.42184247829338 4.12058890903801
Ier2 13.4150634942812 9.18250807469581 6.86053236097403
Socs3 12.8363611039744 5.27955439696182 3.9448245115703
Scamp2 12.0782300087712 8.27563107607963 6.62882599249925
4632428N05Rik 12.9592128362635 5.46896821230133 4.88380582015127
Spint1 10.3415667614487 6.47154088067103 5.0562465006893
Slc2a5 10.7506339487812 7.27148578816985 6.25969011924645
Irf8 12.5606886061131 5.71313716091418 5.3513874545787
Dnajb1 11.4072973894197 7.7724585996384 6.96409551880006
Parvg 10.3224146114506 6.52002414011327 5.28539727369095
Mcl1 12.1472433486191 8.81125479280233 7.14570101605326
Erap1 8.15112431133349 4.79046928147388 4.28905088774589
Mfng 10.1100884876208 5.81532715119212 5.48701665660468
Slc40a1 11.6365802495677 6.07526225052535 5.046669684018
C1qb 13.3846079047961 5.20749817926305 3.92582523049458
Ccl6 10.223717633042 4.68951655230921 4.23897971217932
Cd14 13.3052539164274 6.5603262493968 5.65668107527857
Pycard 11.8185468367102 7.56203098636908 4.89639270079144
C1qa 13.2380236204344 6.61829149369212 5.43511439736828
Slc7a7 11.052383619296 5.79992847927298 4.96685967420028
Klf4 12.698526861476 6.84429205803386 4.86639724499442
Jun 13.1567215574815 9.09004681239499 5.49723041405901
Srgn 13.2509970787582 6.23732401950094 5.05069960088599
Nfkbiz 12.6860754101133 6.88142355929791 4.61496671869815
Tgm2 11.7718766956168 6.84629367318982 5.43194132532247
Plek 13.0669588958399 7.52065574270976 6.26817740519721
Rgs1 11.2541972267774 4.78598573068795 4.33491288558587
Ier5 13.0591463203827 8.82473228011638 7.47799765275564
Laptm5 13.2497958585741 6.2223912536031 4.61706893185332
Rgs19 10.139947557409 6.70524365098135 6.13096366543287
Ctsz 13.0341451754765 8.93247233648147 5.88755409709132
Fcgr1 12.3056772228307 6.13033077286228 4.31727088388762
Slc16a6 11.601886645942 7.10125912313622 6.03423678295095
Ccl9 11.5606702750711 4.88013728902649 4.51557948377128
Trim30a 9.82440837349698 5.93775716291108 4.79550089293878
B4galt1 11.050190662426 7.13560418263469 5.67132300514504
Nrp1 10.4416176811946 6.0824858010499 5.01740221569465
Tnfrsf1b 11.5849644137814 6.63684439256737 5.75760361764741
Inpp5d 12.5199395399242 6.88833499425263 5.57582072408392
Tlr4 9.52419084436795 5.62086747880575 4.29712428554094
Pmaip1 7.94812896443572 4.33722034690012 3.87185391638389
Aif1 11.8782125697407 5.24769742635734 4.85794183063776
Syk 11.2305153374971 6.26189895137772 5.72835312334073
Klf6 12.1614928848338 7.24248740954565 4.60262576350217
Crybb1 12.3010895138039 7.00572114007843 6.35838781342012
Fcer1g 12.6409109862305 6.30873721004667 5.41896971224438
Ctsh 12.8519091129382 5.66025562856284 5.17677106475339
Gbp3 8.5913202656342 5.12853317278035 4.65825725230284
Gpsm3 9.66649074936397 5.68525586848161 5.35048839452872
Ncf4 10.7081144474155 5.34054931877746 4.92274604369784
Ggta1 10.3145780373454 4.34866263541401 3.95816749864419
Lcp2 10.3889718130272 5.64149460313197 4.78619229590388
Ngp 12.4329204009581 6.40568351939444 5.00641408638115
Spi1 10.2850028049619 6.81809359891074 5.94328512310475
Atp7a 10.1404314445784 6.6259425120439 5.174080036923
Csf3r 10.4703586336665 6.20551066828252 4.84639332127232
Ms4a6b 11.1222234312687 5.24402191826537 4.61242632945944
Hcls1 8.83239317939796 5.15160947155332 4.56940730333375
Pabpc1 11.1513836653323 6.03802249088943 4.11625860536931
Cebpb 11.6879517821222 7.91290701156252 6.4960536119912
Plxdc2 12.0633823649962 8.72536404893305 5.8151248121488
Cxcl10 9.83264446685726 5.56950156514713 4.91751203012534
Maff 10.2395219098757 6.57838805012988 6.03815700754142
Cysltr1 9.33333349087416 4.16572735691434 3.86352233586894
Cebpa 9.88957255483431 6.36529955837239 5.13885504518868
Cttnbp2nl 11.7204560544011 8.36887427143419 6.18017640206537
Lyl1 9.97533629065994 5.61552812760597 4.86332943320742
Ptpn18 10.4025712369028 6.52604682261313 6.08062921997043
Tlr2 11.9268402473875 6.33543372834197 5.36286869539853
Serpine1 9.52331793271942 5.48466167105352 4.42992259073416
Mlxipl 10.549742788076 6.58205253523331 4.49835051302062
Cd37 10.9048574016166 6.06756978038614 5.45298531399108
Map3k8 10.2849700718244 5.5020792607212 4.69551272589661
Rgs2 12.8270914592276 9.34507998211178 7.32149938736532
Myd88 10.7278217724093 6.73498678007275 5.41898168189788
Ccl12 10.5112043294489 4.76800530594403 4.2829956325896
Arhgap4 9.36525554969312 5.77979286099529 5.2398486073826
H2-Oa 8.7917936065526 5.28989659481122 4.9815826757323
Pon3 9.20297150005047 4.48163509969201 4.14655551401756
Slamf9 11.1882832385642 7.57302523410257 6.02965266230512
S100a8 13.0395448654869 5.03703882192962 4.79510916456414
Il10rb 10.7116513838826 6.6880026492551 5.16226965055122
C3ar1 11.7072754362155 6.03012290517609 5.10081511999667
Fgd2 12.1304825880125 6.18529580221102 5.66594033951213
Ccl3 13.4953964323281 5.38690388430625 4.45107463295152
Ms4a6d 11.3799791784438 5.02238089391867 4.57401678951906
Camp 12.113738407204 5.79743716520937 5.35186292478014
Klk8 10.2464469222101 5.75190535373531 5.50394994860368
Chil3 11.1159878878753 4.40334877833714 3.87283088896311
Arap3 9.86775374576886 4.54216098807114 4.06381619910857
Tlr7 11.2112407400947 5.64654309622949 4.62623624675382
Csf1r 14.0460007158016 8.96509188669982 6.57868294974146
Rab3il1 10.4710400563943 6.89509153619689 6.20977153954643
Slc11a1 11.4154854568916 6.26561262310248 5.35015464774884
Ccl2 9.49866288250659 5.55059813741636 5.06364588147403
Cd86 11.6419705628058 5.12247069684813 4.83680537576817
Gpr84 11.5935377294956 6.10503566277879 5.17581798020109
Tcirg1 11.3257053795282 7.26552595183313 6.5336146702288
Trim12a 8.5835260320544 4.38246768183069 4.11548781861295
Zfhx3 11.2942984484453 5.4924021196548 4.43653100111273
Slc15a3 11.5219827541908 5.7014765616373 5.1566469140168
Clec7a 9.36335652990378 5.38594756478575 4.54039313893009
Rel 9.30153835661437 5.27680047809118 4.80799664596821
Tgfbr1 13.4953964323281 7.07874940409932 4.61334593644178
Adcy7 11.9646243532397 7.82295783903886 4.17995963513436
Gpr56 11.0473777353108 7.70681459668745 6.58324005589792
Lgals9 9.80576100376818 5.87368107889962 5.20606623595879
Trem2 11.528689695107 7.55732237392039 6.18665805017416
Myo7a 9.61565808015342 6.26108743421495 5.33835517909826
Birc3 10.7521481640029 7.34716786529359 6.02651075055209
Igsf6 8.68495551282954 4.54864743985767 4.14694155833056
Samsn1 8.95535277925432 4.65016148618617 4.44745361714389
Il1a 10.5450729398403 4.45967546556792 4.00514376387147
Hpgds 9.14123713383759 5.66066244374433 5.03187552517156
Naip5 11.1347547074536 4.85603834484843 4.11517253178718
Ccl4 12.7516225784521 7.20882986660636 5.29614932172013
Itpr2 10.8613975316724 7.06404021469295 5.34690203734344
Stat6 10.5031698578152 5.66404050604548 4.61986734168472
Abca1 12.0785728549459 8.43836189343302 5.60921037884621
Dapp1 10.626591308075 5.063908618474 4.79820410304594
Clec4a2 10.1190075949126 5.09090048470767 4.7743234704672
Fli1 10.0832277034328 4.68883388475469 3.85099691631959
Ets1 9.75745818736726 4.71962227776373 4.03549710766062
Ptprc 12.4215732421658 4.53058037180754 4.1306180538677
Fosb 11.9818678393755 5.45923320261017 4.7155521288923
Ccr5 11.7087776692335 4.74432177543751 4.39104554269873
Il6ra 12.6405285425734 6.34129008995406 5.71843262027782
Pla2g15 12.3512186582331 6.99739022194628 6.03368474866821
Itga6 11.5906633280243 8.21332967584002 5.93521883677221
Ifi30 11.4062018650154 7.87589920874895 5.37759712204269
H2-DMa 11.3395300052483 6.78370437576053 5.69449181094702
Gpr34 12.142699851518 4.36251944769205 3.76013784503516
Rrad 10.0026571297703 6.10153741674817 4.8509542650696
Rnase4 13.0771643703574 6.52184245858154 5.2042906302448
Fam111a 8.33832002390926 4.96094004181248 4.32185147680294
Hfe 11.3196450739578 7.95462651112866 4.83414674476231
Pik3cg 10.1537853547168 5.55921311428756 4.72070610576107
Btk 9.58917222158551 6.15811551920807 5.58725262661734
Dock2 8.86389566600281 5.46214005390346 4.93307471090307
Mertk 13.0985151577591 8.33245025533751 5.28834227617068
Cd84 9.96224237530016 4.78395295276905 4.51951821252987
Ly86 13.8305038298173 6.77036334465664 5.37864424976484
Vav1 10.4997459843954 4.52755615402784 4.10198303594666
Pik3cd 8.99966364024255 5.62148714554418 5.02047662788629
Cfh 10.8438396260437 3.94707935685756 3.4912580351594
Tnfrsf13b 9.66545251361214 4.80469436162247 4.26194402065949
Hhex 10.060418644213 5.56682073329819 5.0825700037035
Entpd1 9.58873000960094 4.77806627274336 4.22347723623811
Ptgs1 12.1626150793908 4.96169881276096 4.63599074265182
Frrs1 10.6966078261321 5.40042519335879 4.85334963590915
Lyz2 12.5660138290276 7.01356875632603 6.23987634767605
Ctc1 11.7422487728519 7.64686753867298 6.79595946699851
Unc93b1 11.3066168079527 7.23086365668735 6.08417111591562
Hvcn1 10.2856187487951 5.91513607623027 5.42510798183061
Edem1 10.5644676490564 6.68479129079315 4.34705972957086
Icam1 12.144222640413 5.04852113109538 4.56932737044309
Ptbp3 11.2952745829932 7.73195950583295 5.4546359516691
Rcsd1 12.3223507478265 7.54682806585112 5.9572584258915
Tmem140 8.46080936763924 5.03599323137519 4.42840646919486
Cd177 8.01898297885642 4.60349662234092 3.9975266035165
Casp8 9.83591177234681 5.3550359827689 5.03138563449099
Tmed5 10.4601759587631 6.98277197683425 4.97769762706381
F11r 12.1638127271072 7.77216291030482 5.55770966382128
Glipr1 8.88148604367629 5.21770098132754 4.94148906216258
Lpxn 10.730982217212 5.05551478114148 4.43770571929818
Siglec5 8.337886172674 4.15649303840355 3.75072901119711
Fcrl1 9.27554865404005 5.56527046036299 5.12250084924285
P2ry6 11.5909433501351 4.8072135628822 4.23043976087768
Ighm 11.6041085325057 7.11060057063045 5.68374941053391
Tgfbr2 12.4312251246194 6.28178355051746 5.0086376003992
Ceacam1 8.73427463823456 4.75149994312279 4.04740323954548
Ncf1 9.01873662127703 5.52369751481558 5.07709263859484
Il13ra1 9.69650941211153 4.82508684882044 4.29142812587835
Adap2 10.4876327911899 6.09919649769503 5.24354184324249
Pld1 10.7880824610021 7.37810187922631 5.79516305360134
Ggnbp2 8.88683207954564 5.53709053059975 4.72758750541293
Capn3 10.437566906065 5.04469941206917 4.18302074690026
Gem 8.28009388336886 4.25114023744885 3.85006271302223
Rrbp1 12.1135184174842 8.69451402284249 6.29919449213585
Vwa5a 10.3690918760756 6.58703845130573 4.72111203837838
Arrb2 11.5161791808491 8.0635357693417 6.60971336069634
Pros1 11.4244912078995 6.05147513070395 5.31750458496446
Arhgdib 10.7800288131728 6.70818052991424 5.66268951511024
Arhgap17 11.0358082941061 6.84455479982895 4.99510979826603
Trim47 10.122871565472 5.30097348135438 4.86746833218285
Sash3 11.2528818012755 6.25119582324736 5.09100670963625
Themis2 9.94919523666928 5.43217156995473 4.85051704777726
Mpeg1 13.5339312443488 6.32467926550586 5.73637470640132
Cd48 9.99176185857167 4.71738555334604 4.40259881398751
Akna 10.5978331936346 6.78467575912663 4.85844175946099
Fes 10.5840546362038 7.038068789089 5.63616433890828
Cep152 9.68353142517718 5.71567195484513 5.43199993749684
Egr2 11.2144151601674 5.12658632652647 4.19774007879731
Ccrl2 11.4107831106411 6.83210578070942 5.51958966815408
Lcn2 11.7182561949748 4.42490395897805 4.11702419339101
Hbb-b2 7.86146929235822 4.43788355061761 3.98578790615589
Tmem173 11.1696407087511 6.94014369455246 5.55224969202353
AF251705 12.0057126252299 8.13226277357676 6.16496876353584
Hmha1 10.4487011332694 6.28980025607697 5.72720993613997
Gmip 10.2055870255081 6.2579483800965 5.58988321259825
Nckap1l 11.1526856630168 6.30322719314117 4.94832274541905
Abcc3 9.7509259850256 5.87863652638933 4.85419489461649
Rhoh 10.7637079698635 5.4708397110201 4.60237569982665
1700017B05Rik 11.7522974287947 6.73389890955601 5.52977573832329
Gusb 11.4803411718158 6.89231206774797 4.66674856390318
Lair1 10.6612900224916 5.36248053826816 4.81705766541577
P2ry12 12.4385715566921 5.22144514475047 4.23687865492883
Epb4.1l2 12.5432840929574 8.83067624323782 5.03358406433399
Pld4 12.1700437011819 5.95055750581979 5.1798233474227
AU020206 9.79768698851007 5.60207707166968 4.80795451404652
Fermt3 11.4207362066657 5.08405443333761 4.45544067259448
Plk3 11.036823711972 7.67741723855445 6.34421780267301
Ankrd44 11.5679366187782 7.55400348989791 5.65351281120307
H2-Aa 11.2644036954394 4.89917662096618 4.38643337553515
Fam105a 11.8820924454901 6.86762856055311 5.73261775784954
Herpud1 12.5116726598182 8.99855305039769 7.70359726316342
Cd300a 10.0530239896872 5.48282469928065 4.86363951880706
Lyz1 12.2502412289951 5.33684729534239 4.46504328492041
Clcf1 8.68466038510135 3.96732050870345 3.78150806725729
Adrb2 8.29734945321406 4.90969358836243 4.07374616739653
Il10ra 11.9867649941734 5.10707902956376 4.77614995210736
Hexb 13.9214339669789 9.49123770849895 7.31785481108369
D530037H12Rik 10.4018822600769 5.75738703941536 3.95760580424507
Rab20 9.64744268247702 4.68473126172881 3.80548502831093
Grn 13.6303783372944 8.45869861621971 7.29286421346806
Fam46c 12.2421510197398 6.60835028987872 4.28257293114889
Ctsa 12.9644748360344 9.1038695886343 8.22253795485111
Pald1 11.0128320429645 7.21755067453267 5.8674321151564
Ifngr1 12.016051864462 7.87746553667438 7.14539781834437
Tcn2 12.1195930224409 8.38495828813025 6.44031242798911
Anxa1 9.64055143138413 5.01520177376068 4.5403500946407
Ppp1r15a 12.6593601245383 8.24836286159883 7.53705715392432
Olfml3 13.5644607358692 6.82005809475359 6.10214920487043
Ncf2 11.109264808914 6.24738750099892 5.73834930029107
Il7r 9.22711297999003 5.69773435524248 4.56407774519564
Ctss 14.1223387589978 7.4576366547664 5.39021336665815
Cd53 12.6270729328698 5.9071108262551 5.03354051747614
Fcgr3 13.3874319809845 6.56268988925413 5.53750679551744
Hps4 12.4456398299555 8.6668428315088 7.90399203464449
S100a9 12.2965410503709 5.63126097761971 4.49741899068515
Lgmn 13.4068999504885 9.15919486319132 7.88381531414185
Klf2 12.9915058739807 6.32375596016679 5.3725176463959
Fcrls 13.5200887013828 6.5701798447062 5.27371028904815
Tlr1 9.55990391864875 4.61772456282622 4.13919598268259
Selplg 13.492313873689 8.27714395077519 6.08254833417552
Cd68 12.2825968841945 5.26448705323667 4.56760020282917
Ebi3 9.38512048892932 5.74781183704106 5.15902799510685
Csf2rb2 9.46516272602394 5.01835300252655 4.3513153908603
Atf3 13.3007390383143 5.62239757405075 4.85613409233064
C1qc 13.5695399365939 5.83635126386612 4.90640838396935
Chst7 11.0545300964632 7.16868029415271 6.25046926141447
Hck 11.7192724128215 6.94817696723486 5.03621509544957
Casp4 9.17977855891737 4.35842213317504 3.90766580715901
Ehd4 10.2769858985773 6.78558641030264 5.1529625147353
Lag3 9.94342037341401 6.10192184031843 5.38626220209022
Cxcl2 10.9236295592129 4.32542192082446 4.11999903904026
Ltf 11.9771261319803 7.33955178935835 6.35098707442225
Cx3cr1 12.8322911670036 6.48771922204391 5.24923942736377
Stab1 10.7835801182221 5.79980184392363 5.18876363306473
Il6 8.3523884587654 4.1509455363119 3.79917861468786
Pdgfb 10.6620659529342 6.3381946579608 5.26380473691244
Mrc1 8.47267687587698 4.28198671464705 3.95950100381826
Itgb2 11.8281947861841 5.16685850793485 4.61645476555103
Adamts1 11.3973807177838 7.86209466259742 5.47071285828425
Ang 8.67340897437916 4.37010933932755 4.04539194584826
Tyrobp 12.9035612805634 6.29327669532345 5.39975473454976
Ptplad2 9.63817330010533 6.17474700154988 5.43949015781572
Slc29a3 11.6835560124248 7.47639986231106 5.21497688607081
Emr1 12.777781853873 6.84380826990779 5.41183155331911
Nrros 12.3519497751025 7.07881803663604 5.56169452828587
Tmem119 13.699678559052 6.91315017631251 5.4959040879412
1810011O10Rik 8.37120216738482 4.83992939740839 4.24797035634054
Parp14 9.10437062254361 5.58779416721535 4.96934384189654
Havcr2 10.710530075929 4.74260876460027 4.10910184605541
Alas2 9.97256535353661 6.06318561185426 4.90667510442163
Cmtm7 10.4036329494645 6.7149041270253 5.23541534302936
Mafb 10.9849900615298 5.64736162001885 5.18777250839327
Blnk 11.8079240962002 6.05324772840408 5.23838911244271
Alox5ap 12.5749967599795 8.60836852309123 5.77665986288371
Fyb 11.7159427823204 6.81503660976415 5.89800255460781
Ctla2b 9.94438247489242 4.36347304127971 4.0518934906627
Hspa1a 11.9245276178108 7.02381670730594 5.93693864891295
Zfp36 13.4960506681509 7.71638727086075 6.07753941977425
Abhd15 9.92497435981129 6.36377231252549 5.02851014547291
Cyba 11.7749627835735 8.10300560576974 5.22803583186152
Ptpn6 11.3292345329635 7.52650829947779 6.32942991881559
4833441D16Rik 9.33372525445037 6.00053703826371 4.56653614183533
Tec 10.1967601761071 6.65270836658313 5.35408733353175
Cd52 8.83934325002235 5.08959759799586 4.43884865445765
Irf5 10.4417221455899 6.26288252384755 5.61063053196401
Naip2 10.8151812852359 4.74424604245893 4.36456034258891
Anxa3 12.9131833282778 5.74765088090903 5.23240130400372
