Tnfrsf19 11.720966566698 7.40245875847284 5.5797067057509
Cyr61 9.93682167865186 5.73180287270866 5.09611355933838
Elovl2 9.54261977065452 5.48635510985989 4.32228324753587
Pdgfrb 9.14414036145939 5.16486654163334 4.07097777675964
Ntsr2 13.5656677420223 9.28804727003282 5.59340645682354
F3 11.7277157052597 7.26283404503554 4.5434956753096
Prodh 11.0762427221264 7.2815680259089 6.50684248351331
Gpld1 12.2275453446275 8.27857326552262 5.46823735548262
Ptprz1 12.3071254724596 8.68762405569743 5.63550858114595
Slc38a3 11.5864912232967 7.65500140727199 6.68986362585335
Cyp2d22 10.3544208143438 6.18566963880801 5.35646489745991
Cyp4f14 9.47143169472397 5.92589358945061 4.7666083235535
Tmem47 10.3801447660122 6.36518170437772 4.76000716195677
Slc7a10 12.0082796489695 7.07257268050315 6.09253505858954
Fgfr3 12.8758013458366 8.56440367526409 6.27905670539807
Igfbp5 11.3369113984166 6.98953054473553 5.3201329998922
Acsbg1 11.9825695013646 7.41750024869597 5.32130792468546
Slco1c1 12.180723683793 7.19723078307164 5.32773089484551
Slc1a4 11.1363820926902 7.50229903558285 5.85312026127738
S1pr1 12.1506812466013 8.36887451676841 7.30302509182826
Ccdc80 11.4911287893119 7.02254337298123 6.5443864276162
Aldh1l1 11.4328997284096 7.23374175643426 5.0629607885439
Emp2 10.8666582293216 6.84516307065179 5.88655615498296
Aqp4 12.7949308571617 8.1713425899477 4.52118459400261
Col4a5 7.63928789852833 3.94951896363259 3.81639457604804
Cldn10 10.717178895912 6.94109927285469 5.59276042549255
Slc1a3 12.142456319575 7.92694350888291 4.49939966493329
Tlcd1 11.6234959491504 7.81800298447077 5.7827147139831
Scara3 10.6630954201464 7.01861352663781 4.78680046898855
Atp1a2 12.5924138083306 8.40490955889954 4.98503045997158
Slc14a1 9.23149361143258 5.39051786106811 4.34920033843919
Tril 12.5902436977717 8.75502178010897 5.12106369110657
Itih5 10.8724032971477 7.10254033955357 4.38828004955374
Pla2g7 12.4372974303603 7.65098885220739 5.10319217704038
Cd38 10.5524516644774 6.11968072189591 5.26181168029152
Lrig1 10.9454604765597 6.90756366395695 4.48934860530793
AI464131 10.3444233494014 6.03706706051084 4.11140538459428
Mlc1 12.2496379715212 7.61303750262151 4.33284921005482
Gjb6 11.8769269675198 7.74872546069535 4.72648312468978
Kcnk1 12.6141434037164 9.00791072082194 5.64618730675749
Hsd11b1 11.8939307356257 8.12060190486695 7.55859684538922
Grin2c 10.3149877620821 6.38946241702978 5.28553664664995
Cyp4f15 10.1905848578415 5.96748374276537 5.25846048774867
Acsl6 12.2687234438821 8.55199316666099 4.79672136633901
Slc1a2 11.0483562027887 6.68733148472412 5.49008593111366
