Meis2 9.97477975164283 5.89136831097892 4.90336072283527
Dkk3 11.6545224565074 7.61482747817235 5.64579752311257
Neurod6 9.01302204650469 4.87648674694374 3.60905719675297
Fezf2 9.82089788596305 6.05850515524343 4.69620183608295
Ndrg1 11.4568920365188 7.73748716363947 4.98726564000318
Ldb2 11.9037150517848 8.32738084081659 5.5444708577885
Pou3f1 10.1581289482486 6.37969775440768 4.46245402583878
Grp 12.5208492671463 7.58043059555825 5.22237117131539
Sorcs3 10.791173395123 7.16719137056483 5.80654435040984
Tyro3 8.7320444681604 5.1856310261554 3.61947523787487
Nov 12.9332504495334 6.12156493049502 4.61534582085877
Npr3 8.376820314988 4.31994571829341 4.14858787765763
Pde1a 11.576310757797 7.22706139769162 4.85129757510522
Dcn 13.2711667571379 6.44232258685656 5.78096307834299
Nr4a2 9.51270136526919 6.12813405971744 5.20343116594217
