Trpc3 11.0813156764754 7.72995559349067 5.34332045358383
Smpx 10.2045810858532 5.83827713785965 4.40051661364803
Krt25 9.40118618032323 5.1857421761786 4.25698736848683
Slc1a6 11.9963611827798 8.53136507452346 5.07773914393498
Bcl11a 11.2455593716872 7.19351726483935 5.20834205192213
Cck 10.765074346849 7.34070438368482 6.25365200508575
Casq2 10.2575395125071 6.80163082861437 5.63820251601907
Itpka 11.6441035865489 7.66374234925738 4.99018545515739
Ptprr 11.3421347009411 7.75449197412681 5.03395060671216
Sycp1 8.82977639007229 5.22656438470055 4.10908235445426
Fam174b 11.1147850050701 7.71873930235221 5.40589510082376
Nrk 11.4339223462529 7.95663024231252 4.25301931797589
Ppp1r17 12.6999495596955 8.67193332590178 4.55556034250724
