Agtr2 8.0022415842728 3.6581667634344 2.34892092947984
Ndn 6.98160296267825 3.1353599821236 2.54044843787172
Neu1 7.52907939993909 4.17539979725406 3.25164588874263
Cdhr1 11.960499990513 7.83201095969902 3.54519800590846
Lmo1 13.1112066251865 8.76190646850394 5.4822798917104
Pdxdc1 9.50123375390044 6.1043539603119 5.39886211266669
Abcg5 7.18296856948911 3.69831122322975 2.3971337877778
Igf1 12.4964481765977 7.47811919702671 5.74281160316026
Uncx 9.36087713622237 5.63219316318435 1.542617057357
Csn3 7.59938113920547 3.96727204907101 3.19042580872293
Igbp1 10.3765071368228 6.97449903631751 6.35732105142182
Gabrr2 11.4201743106219 6.54896192202993 3.56496092481381
Slc25a30 6.12368429606769 2.25298239371141 1.65277161362337
Hs6st2 8.44205627606976 3.64831386054636 2.63677301758918
Myt1l 7.88227918157887 4.46727503007425 3.35712512049202
Lhx1 9.85616112796747 4.86407233256412 1.29558070984039
Elk4 8.78418873893582 4.59229011875889 2.5352500827788
Ppyr1 8.07171835232237 4.55853257146461 2.43493850069216
Olfr1264 6.58449211015329 3.09424295420191 2.38252963505732
Cplx3 12.3741315383485 7.42182461371915 4.23535274413579
Prss42 6.40709895199786 2.64330524850641 1.69361141325247
Otx2 12.919652743977 8.90692869450067 2.71562818628383
Ryr1 6.70826006363617 3.35626311239035 2.3822231160963
Rian 10.8005830162386 4.38937426417393 1.96566155133144
Sox14 8.25680403388894 3.23723912863122 2.55997981979716
Fdft1 7.21416294115025 3.22960688890882 2.47534839424485
Rpp25 10.8754548656675 7.29690590070038 2.76401112775934
Gata3 8.90197491984007 4.00742714150393 1.87026824386598
Reln 13.3680819672795 9.75052657593157 4.98722722408063
Gabrr1 9.42316591570041 4.93972592261689 3.31393821504173
Chrna6 11.9867121457667 6.61110843209693 2.10113105580965
Chrna3 9.88410753763959 5.92815568026791 2.86494186203959
Lmod2 5.62050391987017 2.27421095529192 1.60125736566413
Alpk2 7.9740077409587 3.70416780552231 2.62344774054598
