Ddr1 11.2346825629109 9.58978045214598 3.64969712069213
Gja1 13.5350083485536 9.58978045214598 3.64969712069213
Plat 9.76277690304137 9.58978045214598 3.64969712069213
Gsn 12.3433510533496 9.58978045214598 3.64969712069213
Scd2 8.55945170545832 9.58978045214598 3.64969712069213
Stmn1 13.5453856201718 9.58978045214598 3.64969712069213
Tnfrsf19 9.13270361920499 9.58978045214598 3.64969712069213
Ndn 10.9258911089591 9.58978045214598 3.64969712069213
Atp9a 10.4280388842534 9.58978045214598 3.64969712069213
Scd1 11.1504226028146 9.58978045214598 3.64969712069213
Sqle 11.3813228029365 9.58978045214598 3.64969712069213
Cldn11 10.3378135188394 9.58978045214598 3.64969712069213
Fabp5 10.2546143518012 9.58978045214598 3.64969712069213
Lrrn1 10.8032921420605 9.58978045214598 3.64969712069213
Nsg2 9.76676067383071 9.58978045214598 3.64969712069213
Sparcl1 13.0904233344875 9.58978045214598 3.64969712069213
Trim59 10.4372915386648 9.58978045214598 3.64969712069213
Ccnd2 10.1940534193959 9.58978045214598 3.64969712069213
Prnp 13.6880867068666 9.58978045214598 3.64969712069213
Olig1 13.144705740355 9.58978045214598 3.64969712069213
Hmgb3 9.30236826356581 9.58978045214598 3.64969712069213
Plekhb1 13.0248609899295 9.58978045214598 3.64969712069213
Il33 10.4807176933083 9.58978045214598 3.64969712069213
Ptn 10.9649901393382 9.58978045214598 3.64969712069213
Fstl1 9.90008579659317 9.58978045214598 3.64969712069213
Olig2 8.73424848159904 9.58978045214598 3.64969712069213
Nfib 10.9384741128234 9.58978045214598 3.64969712069213
Serpinb1a 10.3904113492717 9.58978045214598 3.64969712069213
Gsta4 10.650435718435 9.58978045214598 3.64969712069213
Apod 12.0710932786064 9.58978045214598 3.64969712069213
Pcx 10.0772599070407 9.58978045214598 3.64969712069213
Gstm1 11.9303259391435 9.58978045214598 3.64969712069213
Cryab 13.0452389371171 9.58978045214598 3.64969712069213
Igdcc4 10.4628856503642 9.58978045214598 3.64969712069213
Thbs3 10.0052277062732 9.58978045214598 3.64969712069213
Me1 9.37293106825082 9.58978045214598 3.64969712069213
Plod2 9.34783498677652 9.58978045214598 3.64969712069213
Snap91 8.65740197208778 9.58978045214598 3.64969712069213
Tppp3 12.191583816737 9.58978045214598 3.64969712069213
Efs 8.84124909407124 9.58978045214598 3.64969712069213
Bcan 11.6110859240121 9.58978045214598 3.64969712069213
Htra1 13.1926528327702 9.58978045214598 3.64969712069213
Osbpl1a 11.6157686895213 9.58978045214598 3.64969712069213
Gstm5 11.421711585634 9.58978045214598 3.64969712069213
Tspan6 10.8691020119411 9.58978045214598 3.64969712069213
Pcsk1n 9.72100965035903 9.58978045214598 3.64969712069213
Sox2 10.0275894726225 9.58978045214598 3.64969712069213
Sdc2 10.3849685104948 9.58978045214598 3.64969712069213
Acot7 11.1724490706443 9.58978045214598 3.64969712069213
Hspa2 9.78079837215799 9.58978045214598 3.64969712069213
Lpar1 11.5831045851598 9.58978045214598 3.64969712069213
Ntsr2 13.2124043192751 9.58978045214598 3.64969712069213
Eif2s3y 8.49439023545924 9.58978045214598 3.64969712069213
Fah 10.7751528076111 9.58978045214598 3.64969712069213
Mal 13.3797062982831 9.58978045214598 3.64969712069213
Dmd 8.64486231989653 9.58978045214598 3.64969712069213
Sorbs1 11.4762957966606 9.58978045214598 3.64969712069213
Elovl6 10.3035068643177 9.58978045214598 3.64969712069213
F3 10.4401897342474 9.58978045214598 3.64969712069213
Nap1l5 11.3887106751923 9.58978045214598 3.64969712069213
Kcna1 10.8038615644875 9.58978045214598 3.64969712069213
Gpd2 10.9531185064324 9.58978045214598 3.64969712069213
Calb1 8.53165514693488 9.58978045214598 3.64969712069213
Rab33a 10.4025218141572 9.58978045214598 3.64969712069213
Ncald 9.81668968780108 9.58978045214598 3.64969712069213
Ackr3 9.86194000399538 9.58978045214598 3.64969712069213
Slc6a9 10.6262410181901 9.58978045214598 3.64969712069213
Rsph1 10.9586432556651 9.58978045214598 3.64969712069213
Grb14 10.4050101192764 9.58978045214598 3.64969712069213
Amy1 7.81111524692648 9.58978045214598 3.64969712069213
Fhl1 12.020332230133 9.58978045214598 3.64969712069213
Mapt 11.2253376917774 9.58978045214598 3.64969712069213
Sirt3 11.0209991738807 9.58978045214598 3.64969712069213
Vldlr 8.98637552525362 9.58978045214598 3.64969712069213
Abhd3 11.2553222467206 9.58978045214598 3.64969712069213
Ghr 8.8011757768095 9.58978045214598 3.64969712069213
Cml1 10.6391306677742 9.58978045214598 3.64969712069213
Gpld1 12.8770355169285 9.58978045214598 3.64969712069213
Prkcz 10.2662217773461 9.58978045214598 3.64969712069213
Ppp1r14a 10.0315717536524 9.58978045214598 3.64969712069213
Stmn4 13.1690679092386 9.58978045214598 3.64969712069213
Dhcr24 10.0406165451726 9.58978045214598 3.64969712069213
Nr2f1 9.28881848340765 9.58978045214598 3.64969712069213
Gstt1 10.0771175978944 9.58978045214598 3.64969712069213
Pfn2 11.4487300855793 9.58978045214598 3.64969712069213
Omg 11.6856093053449 9.58978045214598 3.64969712069213
Entpd2 10.5038610098951 9.58978045214598 3.64969712069213
Rlbp1 7.50074326050775 9.58978045214598 3.64969712069213
Fn3k 9.16333009943794 9.58978045214598 3.64969712069213
Apcdd1 9.6986838075712 9.58978045214598 3.64969712069213
Larp6 9.14996539226279 9.58978045214598 3.64969712069213
Tnfaip6 8.40123828890004 9.58978045214598 3.64969712069213
Cxcl14 7.97802731003707 9.58978045214598 3.64969712069213
Sh3d19 9.38812972753495 9.58978045214598 3.64969712069213
Matn4 9.11706456037314 9.58978045214598 3.64969712069213
Aspa 11.7853387878281 9.58978045214598 3.64969712069213
Nap1l3 8.20538215512309 9.58978045214598 3.64969712069213
Fzd2 8.93130239756496 9.58978045214598 3.64969712069213
Nrsn1 8.72575524857411 9.58978045214598 3.64969712069213
Astn1 9.828072015573 9.58978045214598 3.64969712069213
Clu 13.502257755709 9.58978045214598 3.64969712069213
Mpdz 9.041006383522 9.58978045214598 3.64969712069213
Ptprz1 11.934210012667 9.58978045214598 3.64969712069213
Slc38a3 10.1506162935987 9.58978045214598 3.64969712069213
Psd3 9.69619380468973 9.58978045214598 3.64969712069213
Sh3gl2 10.1244127735307 9.58978045214598 3.64969712069213
Cds2 12.0835657795528 9.58978045214598 3.64969712069213
Cdh2 8.25814159639754 9.58978045214598 3.64969712069213
Eno2 8.46089744930201 9.58978045214598 3.64969712069213
Fads2 9.96296326558204 9.58978045214598 3.64969712069213
Cyp2d22 9.23259257180082 9.58978045214598 3.64969712069213
Rtn2 9.13113164551326 9.58978045214598 3.64969712069213
Ugt8a 12.914573490328 9.58978045214598 3.64969712069213
Gstm7 9.62663762227764 9.58978045214598 3.64969712069213
Tmeff2 11.6745770695047 9.58978045214598 3.64969712069213
Timp3 9.46097290767553 9.58978045214598 3.64969712069213
Serpina3n 9.66159937283858 9.58978045214598 3.64969712069213
Hrh1 8.45033049894145 9.58978045214598 3.64969712069213
Dtna 10.5136001817375 9.58978045214598 3.64969712069213
Sptbn1 12.2860151804488 9.58978045214598 3.64969712069213
S100b 11.3949914483361 9.58978045214598 3.64969712069213
Aox1 8.39296274406315 9.58978045214598 3.64969712069213
Fam19a5 8.57084955781857 9.58978045214598 3.64969712069213
Kcnj10 12.8785432536004 9.58978045214598 3.64969712069213
Mia 8.54473641191321 9.58978045214598 3.64969712069213
Bbox1 10.4162295504973 9.58978045214598 3.64969712069213
Mbp 14.1687363691772 9.58978045214598 3.64969712069213
Nkain1 11.0626756369745 9.58978045214598 3.64969712069213
Gabrb1 12.2461865193738 9.58978045214598 3.64969712069213
Arhgap23 10.3842781431605 9.58978045214598 3.64969712069213
Mark1 8.71128827819088 9.58978045214598 3.64969712069213
Lss 8.56052176186813 9.58978045214598 3.64969712069213
Ninj2 9.27009858601471 9.58978045214598 3.64969712069213
Tmem47 9.13514094057573 9.58978045214598 3.64969712069213
Csrp2 8.85131694815545 9.58978045214598 3.64969712069213
Ndrg1 13.0010381705216 9.58978045214598 3.64969712069213
Ntrk2 12.6900168207884 9.58978045214598 3.64969712069213
Ptprf 11.703130736007 9.58978045214598 3.64969712069213
Fgfr2 10.9305924154803 9.58978045214598 3.64969712069213
Pard6g 9.59846049685054 9.58978045214598 3.64969712069213
Hapln2 9.85388912385468 9.58978045214598 3.64969712069213
Mobp 12.5531511910164 9.58978045214598 3.64969712069213
Irx5 8.82197771123806 9.58978045214598 3.64969712069213
Cyp7b1 8.87498273501713 9.58978045214598 3.64969712069213
Slc7a10 10.8328515588795 9.58978045214598 3.64969712069213
Nkx2-2 8.51799478903158 9.58978045214598 3.64969712069213
Pvrl3 7.74837289369139 9.58978045214598 3.64969712069213
Ttyh2 10.3269741269805 9.58978045214598 3.64969712069213
Cttn 11.7736255976993 9.58978045214598 3.64969712069213
Dzip1 7.91742121969129 9.58978045214598 3.64969712069213
Syne1 10.8655356029373 9.58978045214598 3.64969712069213
Sytl2 10.1953266843782 9.58978045214598 3.64969712069213
Rapgef4 8.44552190220679 9.58978045214598 3.64969712069213
Enah 12.3468423597459 9.58978045214598 3.64969712069213
Spry2 8.09596194489114 9.58978045214598 3.64969712069213
Vcan 8.49347988925402 9.58978045214598 3.64969712069213
Gpr19 10.6786812111188 9.58978045214598 3.64969712069213
Epdr1 11.0114775656763 9.58978045214598 3.64969712069213
Bace1 11.5434224115247 9.58978045214598 3.64969712069213
Ak4 8.60572191566457 9.58978045214598 3.64969712069213
Fgfr3 12.0453987770555 9.58978045214598 3.64969712069213
Pdgfra 9.92166765576902 9.58978045214598 3.64969712069213
Nedd4 11.6903062585806 9.58978045214598 3.64969712069213
Ncam1 11.9969495639365 9.58978045214598 3.64969712069213
Gria2 8.74044622764486 9.58978045214598 3.64969712069213
Atp1b2 11.8292414660603 9.58978045214598 3.64969712069213
Zbtb20 11.9897337154345 9.58978045214598 3.64969712069213
Pou3f1 7.77157131385781 9.58978045214598 3.64969712069213
Klf9 12.1377683233402 9.58978045214598 3.64969712069213
Igfbp5 10.768188347812 9.58978045214598 3.64969712069213
Acsbg1 10.3961370184442 9.58978045214598 3.64969712069213
Acss2 9.76207904235241 9.58978045214598 3.64969712069213
Glrb 8.64387198354984 9.58978045214598 3.64969712069213
Myo10 10.4947878419601 9.58978045214598 3.64969712069213
Nkain4 11.4984346173794 9.58978045214598 3.64969712069213
Shroom3 9.31273846291245 9.58978045214598 3.64969712069213
Rnd2 10.3546933748241 9.58978045214598 3.64969712069213
Prkd1 8.47736132102836 9.58978045214598 3.64969712069213
Ttyh1 9.01725428867204 9.58978045214598 3.64969712069213
Fjx1 8.955512067651 9.58978045214598 3.64969712069213
Tle1 10.2589939931098 9.58978045214598 3.64969712069213
Rims2 8.85102184577215 9.58978045214598 3.64969712069213
Kcnd2 9.60168948095427 9.58978045214598 3.64969712069213
Kif5c 10.0718812325994 9.58978045214598 3.64969712069213
Sc4mol 11.5190846365099 9.58978045214598 3.64969712069213
Efnb3 10.7962118383436 9.58978045214598 3.64969712069213
Gpm6b 11.3491179681021 9.58978045214598 3.64969712069213
Irs1 9.32519408920998 9.58978045214598 3.64969712069213
Hes5 10.8429977036198 9.58978045214598 3.64969712069213
Lgi1 8.51259819783472 9.58978045214598 3.64969712069213
Id4 11.9132963250595 9.58978045214598 3.64969712069213
Ints6 10.8525209688344 9.58978045214598 3.64969712069213
Ptprk 9.61285131837866 9.58978045214598 3.64969712069213
Add3 11.1727837427304 9.58978045214598 3.64969712069213
Cspg4 9.60915983033046 9.58978045214598 3.64969712069213
Wnt7a 8.93726420047816 9.58978045214598 3.64969712069213
Clic4 11.9442515540556 9.58978045214598 3.64969712069213
Agt 11.9602476499429 9.58978045214598 3.64969712069213
Timp4 11.357977695893 9.58978045214598 3.64969712069213
Sv2a 10.3935598316329 9.58978045214598 3.64969712069213
Bicc1 8.62443946385316 9.58978045214598 3.64969712069213
Nfix 12.8691219256016 9.58978045214598 3.64969712069213
Scn8a 7.66197079013167 9.58978045214598 3.64969712069213
Ednrb 10.8672035973926 9.58978045214598 3.64969712069213
Ncan 9.39068917638055 9.58978045214598 3.64969712069213
Atp1a1 11.4645482186231 9.58978045214598 3.64969712069213
Dner 10.9500480387838 9.58978045214598 3.64969712069213
Tmem246 9.3236342528802 9.58978045214598 3.64969712069213
Idi1 9.86540080390961 9.58978045214598 3.64969712069213
Ptgds 11.8276152924469 9.58978045214598 3.64969712069213
Slc44a1 12.3471081345871 9.58978045214598 3.64969712069213
Sez6l2 12.2167314074014 9.58978045214598 3.64969712069213
Tspyl4 11.1175763774154 9.58978045214598 3.64969712069213
Elovl7 9.05426761988818 9.58978045214598 3.64969712069213
Tmem98 10.1317305922923 9.58978045214598 3.64969712069213
Gpr37l1 12.8789032354788 9.58978045214598 3.64969712069213
Fam216a 9.70449472129587 9.58978045214598 3.64969712069213
Polr3h 10.4177535190152 9.58978045214598 3.64969712069213
Lrrc48 10.3403898041432 9.58978045214598 3.64969712069213
Cdc42ep1 9.26970657920626 9.58978045214598 3.64969712069213
Adhfe1 8.52099978974895 9.58978045214598 3.64969712069213
Selm 9.32998669425246 9.58978045214598 3.64969712069213
Asrgl1 11.8615437107029 9.58978045214598 3.64969712069213
Aldh1l1 9.65636148077051 9.58978045214598 3.64969712069213
Spon1 11.4779755965096 9.58978045214598 3.64969712069213
Phldb1 11.4697254451824 9.58978045214598 3.64969712069213
Rapgef3 11.27595654438 9.58978045214598 3.64969712069213
Mmd2 12.4532710567255 9.58978045214598 3.64969712069213
Nrbp2 9.9167518924504 9.58978045214598 3.64969712069213
Tspan2 11.3975884159925 9.58978045214598 3.64969712069213
Samd4 10.5629249777612 9.58978045214598 3.64969712069213
Gprc5b 11.944567271774 9.58978045214598 3.64969712069213
Slit2 9.66512248480149 9.58978045214598 3.64969712069213
Cyp2j9 10.4089385733926 9.58978045214598 3.64969712069213
Calml4 11.2056148389434 9.58978045214598 3.64969712069213
Aldoc 13.7785879333191 9.58978045214598 3.64969712069213
Rsph9 10.4082498945323 9.58978045214598 3.64969712069213
Cald1 9.88802593682325 9.58978045214598 3.64969712069213
Slain1 9.74159237206808 9.58978045214598 3.64969712069213
Ptprd 12.7143806221276 9.58978045214598 3.64969712069213
Gpsm2 9.45211961726747 9.58978045214598 3.64969712069213
Sox10 11.1528162736258 9.58978045214598 3.64969712069213
Mboat2 9.91129693390107 9.58978045214598 3.64969712069213
Rarres2 9.87235682658337 9.58978045214598 3.64969712069213
Cdh10 9.83284058674974 9.58978045214598 3.64969712069213
Tyro3 8.16726879795647 9.58978045214598 3.64969712069213
Zcchc18 9.70113714776829 9.58978045214598 3.64969712069213
Aqp4 11.4371973892337 9.58978045214598 3.64969712069213
2610034M16Rik 7.6111485705713 9.58978045214598 3.64969712069213
Plp1 13.296578397158 9.58978045214598 3.64969712069213
Prrx1 8.42549973836844 9.58978045214598 3.64969712069213
S100a16 12.6071610367656 9.58978045214598 3.64969712069213
Edil3 9.56365299305178 9.58978045214598 3.64969712069213
Ppp1r3c 10.9869844944609 9.58978045214598 3.64969712069213
Dock5 9.48317400284807 9.58978045214598 3.64969712069213
Csrp1 11.2427829934154 9.58978045214598 3.64969712069213
Dtx1 11.1082407388378 9.58978045214598 3.64969712069213
Amot 9.69895078507587 9.58978045214598 3.64969712069213
Armcx1 9.2018970812735 9.58978045214598 3.64969712069213
Cuedc1 10.7918176818966 9.58978045214598 3.64969712069213
Sox6 8.97172863025435 9.58978045214598 3.64969712069213
Plagl1 8.48689215639535 9.58978045214598 3.64969712069213
Ddc 9.05887056889379 9.58978045214598 3.64969712069213
Vit 8.20740359643285 9.58978045214598 3.64969712069213
Nefl 8.37435737747738 9.58978045214598 3.64969712069213
Sorl1 11.7038043887136 9.58978045214598 3.64969712069213
Cadm4 9.56285487232381 9.58978045214598 3.64969712069213
Ntm 8.94891017596309 9.58978045214598 3.64969712069213
Alcam 8.9865734532035 9.58978045214598 3.64969712069213
Ddx3y 9.0265959743797 9.58978045214598 3.64969712069213
Gpm6a 8.96865473228641 9.58978045214598 3.64969712069213
Ndrg4 10.2574231226011 9.58978045214598 3.64969712069213
Tlcd1 10.7350459022994 9.58978045214598 3.64969712069213
Trib2 9.42402037751156 9.58978045214598 3.64969712069213
Tmeff1 9.42972754934527 9.58978045214598 3.64969712069213
Srebf1 12.4998432507712 9.58978045214598 3.64969712069213
Cnn3 11.5070158929058 9.58978045214598 3.64969712069213
Meg3 10.9620187906814 9.58978045214598 3.64969712069213
6330403K07Rik 13.1154055976539 9.58978045214598 3.64969712069213
2610507B11Rik 10.5044930036792 9.58978045214598 3.64969712069213
Celf4 8.42727884234489 9.58978045214598 3.64969712069213
Fa2h 10.4068538243926 9.58978045214598 3.64969712069213
Phlpp1 11.3908255401056 9.58978045214598 3.64969712069213
Thra 10.6630283726257 9.58978045214598 3.64969712069213
Fbxo2 10.7518985257919 9.58978045214598 3.64969712069213
Amph 10.2843233894206 9.58978045214598 3.64969712069213
Metrn 10.9806034127171 9.58978045214598 3.64969712069213
Zfp612 9.83055922609931 9.58978045214598 3.64969712069213
Copg2os2 10.4500910105107 9.58978045214598 3.64969712069213
Gabrg1 9.76409580873976 9.58978045214598 3.64969712069213
Adora1 10.2852348841688 9.58978045214598 3.64969712069213
Abca8a 8.77997032874099 9.58978045214598 3.64969712069213
Nkx6-2 9.46477868874075 9.58978045214598 3.64969712069213
Atp1a2 11.8435154583481 9.58978045214598 3.64969712069213
Gnai1 8.89598293744349 9.58978045214598 3.64969712069213
Rassf9 8.43064332911894 9.58978045214598 3.64969712069213
Tmem163 9.20073766717724 9.58978045214598 3.64969712069213
Tmcc2 10.3470644135668 9.58978045214598 3.64969712069213
Pacrg 9.56769763759814 9.58978045214598 3.64969712069213
Dmkn 8.98360511163176 9.58978045214598 3.64969712069213
Ptch1 12.2789669269386 9.58978045214598 3.64969712069213
Tril 12.066552659849 9.58978045214598 3.64969712069213
Itih5 9.83048645109037 9.58978045214598 3.64969712069213
Ppap2b 13.5920300282875 9.58978045214598 3.64969712069213
Rimklb 9.59553138694342 9.58978045214598 3.64969712069213
Bcat1 9.64354848807665 9.58978045214598 3.64969712069213
Pla2g7 10.5775443092862 9.58978045214598 3.64969712069213
Fmn2 9.62140446861947 9.58978045214598 3.64969712069213
Antxr1 11.3308981778861 9.58978045214598 3.64969712069213
Tekt1 9.47042950112402 9.58978045214598 3.64969712069213
Lrrc23 10.3932025760924 9.58978045214598 3.64969712069213
Sh3gl3 11.1766974100696 9.58978045214598 3.64969712069213
Anln 10.3417638674301 9.58978045214598 3.64969712069213
Cd38 9.35930857560322 9.58978045214598 3.64969712069213
Abat 10.0218441712735 9.58978045214598 3.64969712069213
Ppargc1a 9.29231363527828 9.58978045214598 3.64969712069213
Fermt2 11.9278897261425 9.58978045214598 3.64969712069213
Lrig1 10.6430534444015 9.58978045214598 3.64969712069213
Slc20a2 10.7049308731094 9.58978045214598 3.64969712069213
Coro2b 10.0708608463889 9.58978045214598 3.64969712069213
Tbcel 10.5726057779643 9.58978045214598 3.64969712069213
Erbb3 9.9566095525532 9.58978045214598 3.64969712069213
Nrcam 10.194483666014 9.58978045214598 3.64969712069213
Neo1 10.9083282526706 9.58978045214598 3.64969712069213
Plekhh1 8.30628108112029 9.58978045214598 3.64969712069213
Limch1 11.6936023060781 9.58978045214598 3.64969712069213
Unc5b 10.0116698695912 9.58978045214598 3.64969712069213
Stmn3 9.45385851788827 9.58978045214598 3.64969712069213
Gria1 10.1223088772917 9.58978045214598 3.64969712069213
AI464131 8.12055905194434 9.58978045214598 3.64969712069213
Elavl3 9.71334498479169 9.58978045214598 3.64969712069213
Cachd1 10.1992546931484 9.58978045214598 3.64969712069213
Frmd5 9.09268210535376 9.58978045214598 3.64969712069213
Fam13c 7.83487452888173 9.58978045214598 3.64969712069213
Cacnb4 8.59168663730767 9.58978045214598 3.64969712069213
Mapk10 9.21954610326392 9.58978045214598 3.64969712069213
Impad1 11.0650772479416 9.58978045214598 3.64969712069213
F2r 9.63344721858649 9.58978045214598 3.64969712069213
Cpeb3 8.99085663013343 9.58978045214598 3.64969712069213
Fdft1 12.085530753931 9.58978045214598 3.64969712069213
Pkp4 12.4393055265321 9.58978045214598 3.64969712069213
Ahi1 10.0997566612833 9.58978045214598 3.64969712069213
Gli2 9.52535372176387 9.58978045214598 3.64969712069213
Sash1 11.1337234363858 9.58978045214598 3.64969712069213
Tm4sf1 10.5703775746782 9.58978045214598 3.64969712069213
Mlc1 10.5147132350463 9.58978045214598 3.64969712069213
Ndrg2 12.6396013835903 9.58978045214598 3.64969712069213
Atp6v0e2 11.8930087027635 9.58978045214598 3.64969712069213
Uchl1 9.2876786404909 9.58978045214598 3.64969712069213
Tnk2 12.0898782445669 9.58978045214598 3.64969712069213
Gjb6 10.6830825739229 9.58978045214598 3.64969712069213
Efhd1 9.99828326450377 9.58978045214598 3.64969712069213
Bex1 11.5438677213254 9.58978045214598 3.64969712069213
Scg3 11.7789630070023 9.58978045214598 3.64969712069213
Kcnk1 10.8196635542335 9.58978045214598 3.64969712069213
Sept4 12.4755606324804 9.58978045214598 3.64969712069213
Car2 13.501505259725 9.58978045214598 3.64969712069213
Mog 10.6869290330022 9.58978045214598 3.64969712069213
Kcnn2 9.28825546939151 9.58978045214598 3.64969712069213
Gng11 11.6058737116895 9.58978045214598 3.64969712069213
Cadps 8.36463526763097 9.58978045214598 3.64969712069213
Ngef 10.5776152732676 9.58978045214598 3.64969712069213
Klk6 9.56673557658769 9.58978045214598 3.64969712069213
Rhou 12.2025407712802 9.58978045214598 3.64969712069213
Acot1 9.44337116785109 9.58978045214598 3.64969712069213
Itih3 13.6608138748926 9.58978045214598 3.64969712069213
Cyfip2 9.09838889264748 9.58978045214598 3.64969712069213
Tenm3 8.24103370565372 9.58978045214598 3.64969712069213
S1pr5 10.4074246543331 9.58978045214598 3.64969712069213
Gdpd3 12.0475752588213 9.58978045214598 3.64969712069213
Trps1 9.18185460823898 9.58978045214598 3.64969712069213
Cntn1 11.2539096531301 9.58978045214598 3.64969712069213
AI594671 7.73868199297245 9.58978045214598 3.64969712069213
Tagln3 9.37507078041456 9.58978045214598 3.64969712069213
Car14 10.0072135886387 9.58978045214598 3.64969712069213
Kif21a 8.39822053941696 9.58978045214598 3.64969712069213
Cacna2d2 9.58957641974746 9.58978045214598 3.64969712069213
Cdh11 8.46324408469384 9.58978045214598 3.64969712069213
Fabp7 11.0771572365172 9.58978045214598 3.64969712069213
Wnt4 9.54982941058836 9.58978045214598 3.64969712069213
Gpr37 9.77011238059639 9.58978045214598 3.64969712069213
Cacng4 10.5712545690909 9.58978045214598 3.64969712069213
Acsl6 11.1987493345264 9.58978045214598 3.64969712069213
Zfp521 7.73026056197385 9.58978045214598 3.64969712069213
Dbndd2 13.1115833962408 9.58978045214598 3.64969712069213
Pcolce2 9.98796526896358 9.58978045214598 3.64969712069213
Slc6a1 11.1858185676723 9.58978045214598 3.64969712069213
Nckap1 12.3748335760528 9.58978045214598 3.64969712069213
Arhgef10 8.56784384574273 9.58978045214598 3.64969712069213
Csgalnact1 9.71587154773326 9.58978045214598 3.64969712069213
Adamts4 9.10022382067963 9.58978045214598 3.64969712069213
Zdhhc2 8.41904428115988 9.58978045214598 3.64969712069213
Fam213a 12.432764725644 9.58978045214598 3.64969712069213
Slc22a23 9.13928458298302 9.58978045214598 3.64969712069213
Gal3st1 9.44101232733308 9.58978045214598 3.64969712069213
Fez1 12.4346401295399 9.58978045214598 3.64969712069213
Ankrd28 9.9679544502397 9.58978045214598 3.64969712069213
Leprel4 9.51394600037258 9.58978045214598 3.64969712069213
D430019H16Rik 9.37386172296332 9.58978045214598 3.64969712069213
Adcy2 10.6179266325297 9.58978045214598 3.64969712069213
Mag 11.9008965019293 9.58978045214598 3.64969712069213
