Tppp3 10.7940547651326 7.02520305926094 6.08051980038777
Hspb8 10.7091786563235 6.25449759758504 6.0208250481719
Tmsb10 9.99351772953214 5.92032001597018 4.84301145361585
Trpc3 11.1003964994168 6.58658498187373 5.56322095844606
Sncg 10.3504767184407 5.0077264318245 4.57738507879294
Resp18 11.4908949806773 6.77000847591285 4.67646062265379
Unc119 11.300606434165 7.3862274629188 6.61144362054135
Cxcl14 10.9392485818273 5.74572240031878 4.52680114628922
Pcbd1 12.0412416278747 7.83861109034807 6.60780225297392
Hebp2 9.89745573051577 6.46988049076432 6.35380942986324
Ctse 7.75311067996897 4.41516599496845 4.21014740619289
Mt3 12.15679341395 8.46029209335254 7.21445085508407
Sln 9.26648127721676 4.92783534941212 4.83259335996266
Ngfr 9.84547745196339 6.39865558633826 5.82337650571833
Slc5a7 8.3474119889148 4.79626861225458 4.67358194012153
Elavl2 11.653633428532 8.29458349894428 4.10090376611033
Slc18a3 11.756889799387 5.23193151524858 4.76913686055883
Ecel1 11.4517182872967 6.94511449521397 6.14396771046237
Ache 11.6732551009221 6.81006970479264 6.23133633212406
Stmn2 11.2504417263556 7.24734502402091 4.5170715092632
Zic1 11.5025038048557 6.85537612049822 4.78259312991831
Tspan17 10.3807320024579 6.80247099629434 5.14050439860481
Uqcr10 10.2979553371495 6.48509424058689 6.02461097298676
Wif1 7.21052566701038 3.86909130851906 3.86460860259127
Lhx8 11.9203627402028 6.56978658769951 4.17942884592345
Hopx 10.5357568589324 6.55737837110877 6.34211800202587
Mela 9.99359065743726 4.43724692178199 4.09852514208569
Tacr3 9.31354863939639 5.3213811953384 4.44180621849592
Gpx3 10.7986483584317 6.7190129464561 6.52733719416105
Fkbp1b 11.8822590838469 8.01251666325745 6.22266460656391
Crabp2 10.4512801955294 5.70682683378168 5.10097789925837
Trap1a 7.38683310570154 4.03055272679832 4.00856475301491
