Golm1 13.1792932323564 7.10613381872863 6.44742812995119
Sgpl1 9.58944930363067 5.86262817767666 5.34221381271754
Junb 11.5499826198348 6.80940668707566 5.5333616911587
Marcksl1 12.1668078078091 8.70589470506901 8.63651207321569
Creg1 11.4042519959731 8.03065391105497 7.52794215883747
Mpo 8.64472480371545 5.13512915314866 4.86711243868263
Lcp1 11.9186828085383 5.95649625444264 4.56538483524216
Txnip 13.6926905825169 6.41307018114394 6.33126942008151
Cd9 11.7908634776503 6.45703788115297 6.18636699795489
Cd34 10.4821943254353 7.09110381916947 5.06871862221187
Cd83 13.2161047162533 8.65697776894191 6.06228832327407
Mmp2 8.7280447113755 5.2371564616683 4.64162155890348
Sipa1 11.028832104782 6.78894609337688 6.54095587082809
Coro1a 12.5292545103329 9.1617660188547 8.27703138555378
Btg2 11.3906424677534 6.0915350909795 5.85432144577624
Tnfaip2 9.07410944533167 4.43829491325933 4.14194307067963
Litaf 12.5687309938788 7.12611740369938 7.04449851659198
Cyfip1 12.6115291742802 8.71704477111396 7.15429855928162
Lamp2 11.5544716379291 7.49382036731873 6.59152426492525
Snx18 11.8255448234537 8.40990744007022 7.88698230460479
Ctsc 12.6108642775907 4.74474710435074 4.70477201822859
Cd82 9.23153634995101 5.85632633585526 5.7359594566012
Tubb6 9.94746027053954 5.72303134260195 5.5324021101965
Ier2 13.4029366730924 7.39642646287056 5.90365291943372
Pnp 12.8799287012372 8.73833333842009 8.13109115807437
Nfe2l2 11.356253934114 5.90432502630436 5.87862691650803
Socs3 12.8477426387797 4.25821845496802 4.19962322054011
Sparc 11.7443656880018 6.37823657828772 5.06461578680543
Scamp2 12.1490850674193 6.88394309031892 6.20388172401226
4632428N05Rik 12.9633024758073 5.42605435713682 5.07466549563616
Slc2a5 10.6169587052025 6.51674925999789 6.34770916931462
Afp 8.35050803873215 4.5205123660713 3.76165847843607
Clic1 11.3122330580261 6.54499807938742 5.55297263319255
Plxnb2 11.1496648391028 7.04351596391685 6.19309709622986
Irf8 12.5462653592052 6.4347217837486 5.53429034821917
Mical1 8.77305668351709 5.09995903644319 4.6731767222678
Tbxas1 9.68864876043037 6.20530589515296 5.89591894326176
Slc39a8 8.14296708004609 4.20438077593368 3.91182786271407
Parvg 10.4281853264487 5.82381655142983 5.60231833240459
Mcl1 12.2077605709068 7.44640753134553 6.85971386444078
Rps6ka1 12.3511118887686 7.55263416373873 6.88001941995131
Parp9 9.69879112347596 5.33157621053476 5.17315274432685
Tnfaip8 10.106166018297 5.22356995952904 5.07944772848393
Mfng 10.2459357618163 5.82330185249667 5.65931187341048
Slc40a1 11.6873175794834 5.75799303857908 4.78926388250285
C1qb 13.3809165744448 4.35978509888893 4.07261620763649
Cyp4v3 11.0156233140278 5.71410951030057 5.43719838302461
Qk 12.4657276661435 8.98053850590482 8.74697083297125
Syngr2 11.5324666076936 5.17782123415796 4.8837160176581
Pmp22 12.2434056339285 7.98849862724027 6.57777166791185
Igtp 10.573481340332 6.88725156975836 6.34120887262655
Ccl6 10.4831140019336 4.50725728413678 4.27055403784127
Cd14 13.3794861542207 6.25524551082045 6.06595446034684
Tnfrsf1a 11.349722903685 7.31252560250002 7.03059419886976
Tob2 11.2863217891244 7.6207901714249 7.09830564635003
Pycard 11.7530559991681 6.00975913708872 5.47375680595069
C1qa 13.1874316054276 6.56831797908196 5.82395148747142
Il16 10.5676116874908 5.67991372484136 5.57017539102542
Slc7a7 10.9326702827516 5.05429458193099 4.88267085561171
Klf4 12.8356975471887 5.00486807147575 4.96935179821266
Jun 13.1513958362792 6.987226009319 6.20634835226686
Srgn 13.2795222117037 6.15296763643325 5.15083250093768
Myh9 12.5447914497017 7.38577720883196 6.94577160786943
Nfkbiz 12.6921044506167 4.9200071392533 4.17948694841247
Tgm2 11.6702792723547 6.23547543712499 5.74880116273081
Plek 13.0385446953369 7.61828176783948 7.60345747568757
Itgb5 13.3122301859398 5.11772581434824 4.75114034370057
Elf1 9.08464008124719 4.79961142480547 4.53307578541796
Cln3 9.83088294827292 6.36002170742813 6.34869784135284
Rgs1 11.3590498478886 4.4439492679164 4.4174695801404
Tmem37 9.84921340109981 6.46324372432065 6.17520337863214
Rac2 9.85175366603671 6.12869667898201 6.1163640767608
Nfatc1 10.0088645121847 6.41040242424017 6.16414461775527
Snx5 12.5419589726741 8.95798434094179 7.99427187079025
Elk3 10.4319956263106 4.87061653255011 4.63913243902898
Soat1 9.01103606914302 5.1173938625933 4.9902284711661
Laptm5 13.25292607905 6.18195155542921 5.21203508844699
Ptgr1 9.95096043750722 5.57626143200247 5.30010815329272
Serinc3 10.7887820532689 6.98291130961749 6.51417632825775
Ctsz 12.9968566741552 8.78024689196179 8.46957313215616
Fcgr1 12.2955371160684 5.55860161784767 4.70126435218238
Slc16a6 11.5647594820405 7.31030182543362 7.22783767714717
Pdlim4 9.51167808110339 4.84419737717418 4.75180142204301
Ccl9 11.4677327663853 5.25909075687331 4.96316781656471
Trim30a 9.81298833801394 5.36966780047992 5.07470121054515
B4galt1 11.1336165305587 6.14285838432049 5.89618065799977
Nrp1 10.6812295061732 6.89489733821896 5.44566996283572
Tnfrsf1b 11.7452188608572 6.0606016240926 5.88092034943105
Inpp5d 12.4577394438636 7.19401866804156 6.434772896668
Tlr4 9.57555684780965 4.58605310913152 4.26433555359568
Pmaip1 7.97566326054479 4.24698211146567 4.08809154509879
Aif1 11.8214348072249 7.11754425255632 5.67446378216797
Il15 7.64022998784039 4.16345335585427 4.09548964925013
Lims1 11.3701224038562 7.47733199337218 7.10370582234349
Syk 11.3160084368777 5.99523062127859 5.91923281436612
Klf6 12.2250639567383 7.83030205325309 5.98612191008635
Crybb1 12.2648088011919 6.53445665002354 6.36794316739091
Fcer1g 12.6718396223893 5.96925782639356 5.90637309768442
Ctsh 12.87251521366 5.38989081506887 5.32538252717235
Gpsm3 9.55595780536678 5.47720352621822 5.24153532104611
Ncf4 10.7292352869563 5.05509766710917 4.92075676506679
Ggta1 10.3002208247185 4.18936695408371 4.16091185955544
Calcrl 7.78386106503694 4.42274616302284 3.81429328471681
Lcp2 10.4089431447829 4.94700326419491 4.93661033137075
Ngp 12.7574775005176 5.60635283034948 5.24404695091347
Spi1 10.4190424481911 5.953778460825 5.83008618461786
Atp7a 10.2141459779396 6.00576708304787 5.5603571673275
Csf3r 10.4683520496493 5.36554910244119 4.9183408815315
Ms4a6b 11.2554621340409 4.78282595697765 4.75373748043519
Hcls1 8.70906636115833 4.84232086717413 4.71391715695915
Abcb1b 7.92972663366054 4.58108534287025 4.55966757715407
Pabpc1 11.1781404360411 4.26818671793711 4.06200779241287
Cebpb 11.5932508063623 7.6536154982603 7.33654752222174
Plxdc2 12.0745716973584 6.31234124091361 6.24545161934024
Cxcl10 9.72683118350032 5.27296580820617 5.16348384411398
Maff 10.2074887860116 6.67795954701452 5.89314952955152
Cysltr1 9.25437959121948 4.08270413289662 3.79213611963154
Cebpa 9.84230025530157 6.19738605962383 5.57963727334987
Cttnbp2nl 11.6991350325633 6.04176097551547 5.51129949968947
Lyl1 9.96552235514374 4.96306998136795 4.76619408525991
Ptpn18 10.3344380846283 6.09232297953062 5.93957453585429
Tlr2 11.9276981137555 5.53728667522128 5.3248182494082
Serpine1 9.65311808101758 5.06064624874846 4.76679190205066
Mlxipl 10.5385226388773 5.1302269754903 4.59188327735865
Cd37 10.9003612304416 5.64192138730181 5.43016939157629
Map3k8 10.2772018482877 4.83171649554698 4.42820789177136
Myd88 10.6605178444686 5.94834791232095 5.65904909218213
Ccl12 10.6391731596107 4.83336243876346 4.52909722064867
Jam2 8.93482451958042 5.31936266880404 5.22267841626193
Arhgap4 9.32893709991249 5.49732277451672 5.33410062002783
H2-Oa 8.62773488286702 5.11942938959223 4.75484363071621
Pon3 9.25424963832735 4.28901239978855 4.22845267515869
Slamf9 11.1460693903532 6.63365721869694 6.37994977538368
S100a8 13.1710031765985 4.92221709675919 4.85741260883785
Il10rb 10.5493104181091 6.71702823241668 5.4143075201359
C3ar1 11.7048817822179 5.76079674538268 5.4507586737763
Ripk1 10.2351943744533 5.84491919213557 5.50860033875774
Fgd2 12.0963667807367 5.91683106131366 5.85414464156633
Rela 11.8418378886618 7.49701816634783 7.1538530959298
Ccl3 13.5359936909524 4.69561897601724 4.57834467441812
Ms4a6d 11.4841310922632 4.77692085738568 4.2680135407059
Tnf 9.93397669508449 6.32322852515658 6.28003843173384
Was 8.02197322990764 4.60708417609223 4.48925804392931
Ier3 13.5124048716238 9.78158133395045 7.66193406876075
Nupr1 9.91190169343546 5.65189705062713 5.4030064441727
Camp 12.4507582747533 5.5749420997373 5.42266774865068
Ltc4s 9.72815138352943 6.19764517645394 5.91738215514466
Klk8 10.1827990465209 5.59178158299662 5.47142808955413
Chil3 11.4871946767607 4.03642138802529 4.03029443880664
Arap3 9.99309938625579 4.78479009368764 4.65811673862238
Tlr7 11.1537008662761 4.98702922034755 4.88285021970654
Csf1r 14.0292728577336 7.33884197931552 7.28613872181235
Hpgd 11.9738918982247 6.86088346723202 5.29369531133827
Rab3il1 10.3829864041852 6.80971078540632 6.38369950267976
Mcm3 9.01275163949269 4.98408845823296 4.88456566876779
Gdap10 8.59879464478789 4.3924508756044 4.3721291127882
Slc11a1 11.3948658681908 5.51620220788195 5.35504699167805
Hnrnpa2b1 10.1857595588016 6.42990115070966 6.05440569349913
Ccl2 9.3887194295731 5.33794870940967 5.29171666233283
Cd86 11.6527693006629 4.97450021048583 4.95292083357236
Prkd3 9.77821211859841 6.2352644129611 5.43916548862237
Gpr84 11.5263505075912 5.61633140293964 5.53318618490698
Vamp8 11.7850542682879 6.60194539231203 6.14673923645393
Tcirg1 11.2860007996333 6.87318195998986 6.54540820851617
Sqrdl 11.1213981292751 7.55395609750441 6.12909475018249
Trim12a 8.39694276788024 4.13422643588217 4.10866708016069
Slc15a3 11.3995649353571 5.47472430355602 5.18606956337888
Clec7a 9.25038759656192 4.86949310269185 4.79711624986859
Rel 9.43208070521036 5.05671123228467 4.65173616010463
Tsc22d3 11.5894187043498 7.62974719159473 6.26631461409993
Sla 12.4329217789332 6.25770520855499 5.57144217092939
Tgfbr1 13.5090583473981 6.83831592836794 6.39144137814611
Snap23 8.48388126836494 4.33544470982384 4.11598283141477
St6gal1 11.5442181234637 7.82401811719384 7.62924713204426
Asph 11.0774007157198 7.03613356462151 6.31609884672272
Adcy7 11.9949098164077 6.46111954833699 5.37040834612695
Rbm39 10.2573002722239 6.20356231033499 5.47385671449563
Rsad2 9.7910425144954 6.05437715885529 5.9967375590424
Vamp3 10.8864314514484 7.45447787300746 7.11919318362165
Gpr56 11.1033359990947 7.29941767761089 7.08726048546139
Lgals9 9.69958847858634 5.26806866674541 5.23223586830815
Bco2 8.889124080815 5.42326185774494 5.20684173763943
Trem2 11.303795824757 6.50432171647708 6.42543001049425
Gna15 8.99367862824198 5.38861617181495 5.36853564778767
Clec5a 8.06555640971743 4.72225398651364 4.61551849963832
Myo7a 9.50521719944788 6.02238398727008 5.84383648235299
Birc3 10.6915102166933 6.56441208366787 6.08044203818002
Igsf6 8.83394697282607 4.31945074813494 4.25185956475493
Samsn1 8.81738530496463 4.96331772487129 4.54096511541264
Il1a 10.5376640185961 4.17531489948548 4.06651214886252
Hpgds 9.22775583355141 5.46880018554891 5.14831496827841
Naip5 11.0978070538461 4.36274052466241 4.29593752253873
Ccl4 12.6588721873418 6.2515229795249 5.83667593179976
Itpr2 10.8475742428576 5.75196802153386 5.32156503643389
Stat6 10.468465477124 6.33775578882634 5.79211715018699
Phxr1 9.60693645820777 5.97097762852333 5.71094801869206
Tapbp 11.4198825404039 8.00165617467371 7.12658295580318
Msn 10.8303816272 6.14793078795596 5.88336396461619
Abca1 12.0542577742267 6.8898639997828 6.29453282571492
Adam17 10.5495689245511 5.98705902582452 5.34292694747477
Dapp1 10.6129812986097 5.29434560894641 5.16072957115048
Clec4a2 10.1399334143348 5.05599886766962 4.91517047432298
Fli1 10.1221580891138 4.31532807241324 3.89857589230698
Ets1 9.52298260959165 4.25837071894396 4.00960432689453
Ptprc 12.4924457080349 4.67859071010749 4.53937923523527
Fosb 12.0153263432166 6.35897232399318 4.89298157611328
Ccr5 11.6775104276773 4.71203313161418 4.47694023521423
Il6ra 12.6762370901779 5.75800476791456 5.53429700937103
Tgif1 8.32241012578398 4.63708584328204 4.29374383897557
Pla2g15 12.3402771280608 7.90257871381053 7.37649128794006
Itga6 11.5191682655928 6.14239513141499 5.62878991462358
Ifi30 11.3741036101554 7.34063137263952 5.46152361574531
Zfp36l1 12.768092682973 6.10697244628974 5.52833868924723
Gpr34 12.0465417111213 4.19879775178541 3.94660976409914
Rrad 10.0218987777276 5.44543314808896 5.10805993236788
Cr1l 11.6700570684498 7.85337827860071 7.66871980156156
Ndel1 9.33926152391583 4.41440779125715 4.34060669346651
Rhog 11.1977184303104 7.09926613579914 7.08082886403827
Rnase4 13.0645450224258 5.39228680390554 5.35215868295527
Hk2 12.2311857728962 6.10093532458311 6.0483122921774
Fam111a 8.38937991141375 4.95187056651744 4.5271082568118
Hfe 11.261965590755 6.91630195263907 5.10043485037705
Naalad2 9.57573482021452 5.57811103613906 5.43365102717568
Pik3cg 10.1391450667911 5.37217055624172 5.20217996071182
Zeb2 11.448770010793 6.06409800539092 5.73602621857984
Btk 9.59129305907372 5.70154743065807 5.52918761093749
Tlr3 9.57440918362698 5.47124108342318 5.06198082309154
Dock2 8.82632728691093 5.29501063177548 5.28535248996489
Prkcd 11.3269526908875 7.92147821079484 6.70068082371611
Mertk 13.1492058693859 5.65251741561485 5.57447477649306
Cd84 9.79853579725004 5.04185648753049 4.77075727048395
Ly86 13.8484382572477 5.91282443264873 5.66673608596807
Vav1 10.4988780096262 4.60746711273579 4.24732539605504
Pag1 12.681394781079 8.32308404807694 7.39560304430638
Fos 13.9214281458166 8.84747179158335 8.26368200846914
Cfh 10.9189995251726 4.37278574359003 3.58277764824734
Tnfrsf13b 9.55249902249023 4.53867711902596 4.354788983484
Cebpd 10.5727375378467 5.55455578505901 4.48420101985709
Luc7l2 10.5406316174713 5.51159583214537 5.48736416788353
Smim3 9.36289130684882 5.88676230735321 5.83698644902579
Hhex 10.0129558927535 5.39489987202309 5.08482230512191
Entpd1 9.36332417160173 5.02155823285488 4.3507415642842
Ptgs1 12.1460566579667 5.52339409195818 5.30254668925916
Stk17b 9.82516171443988 5.60075842543521 5.4708030706531
Frrs1 10.5118954880326 4.99560298850116 4.68868119703136
Lyz2 12.6255399097117 6.38420948159142 6.25766255784854
Ssfa2 10.3963514628908 6.51127434312395 6.27022531042319
Ccnl1 12.9467381083197 7.69493109022951 7.29911695428656
Galnt4 9.17182977737832 4.93835573086202 4.92661752570421
Ctc1 11.7381009275171 7.58514494084197 7.51974988500421
Unc93b1 11.2638153754962 6.52624187276601 6.07168656801242
Mob1a 11.6524237224905 7.81628618970283 7.46259219308989
Cmtm6 12.3249537931389 6.88683981958449 6.66755658199469
Sfpq 11.5941111598284 5.60576477979211 5.25580094741259
Tmem63a 11.3673624046704 7.02400883416522 7.01929118319954
Tspan14 11.1135085123949 7.32688463401181 7.18168443354086
Lpcat3 11.4010483293012 7.21029031740282 7.14506436229941
Pxn 11.7931446549569 6.95464172135001 6.3206763171738
Hvcn1 10.3744362140918 6.37509678781321 5.51285934401634
Srsf7 12.2454124184616 8.74524098487167 8.06413103854338
Edem1 10.5468048765477 6.03628603739045 4.55407828946943
Icam1 12.0835121128031 4.75897212162552 4.68098216139364
Ptbp3 11.2821230739434 7.80174740383074 6.60878977853061
Prkab1 10.8294129270605 7.19555002713679 6.96454834391398
Rbl1 8.60653858129746 4.80334422026325 4.65885676183487
Rcsd1 12.3327371826167 7.10640593914206 6.57830221710632
Tmem140 8.37653073680301 4.61526678879514 4.36726964054736
0610040J01Rik 10.8216796982396 5.91803274432161 5.52818023052322
Cklf 11.4118605648373 6.45555443473044 5.41561195315638
Cd177 8.34962699286364 4.28217867465971 4.13124310015175
Casp8 9.75678338176791 4.83550728329669 4.45430437818185
Tmed5 10.5709139699701 7.02645593684684 6.11572028836361
F11r 12.1396861374846 6.5055215841932 5.91755266994203
Eva1a 8.74419904985229 4.770511540392 4.54292755136496
Reep3 10.8117416298317 6.75279437056468 5.31354555696177
Tor4a 10.2205590701386 5.75028272419109 5.1706583089886
Ptbp1 9.15244960297567 5.52591835477085 5.07296508769156
Lpxn 10.7275528959061 4.82859689974967 4.46207393429273
Siglec5 8.28941632201165 3.87168554866685 3.82201661604437
Mylip 12.3911493278824 8.04903967055889 7.22262351672432
Fcrl1 9.22764356004362 5.32518895449172 5.17135145054316
Lifr 10.8658507374762 7.48728841664227 7.3923563649288
Csf1 9.86949876759856 6.15913883696942 5.85104779599824
P2ry6 11.5574667748729 4.40525160523204 4.27924517704145
Wsb1 12.1255060427543 7.64000818991152 6.61545213102342
H2-K1 12.7949568117272 8.77232937773806 6.83431148383833
Slc3a2 12.5974908597412 9.14502088704551 8.29240444107719
Tgfbr2 12.4393744689228 6.15955888139768 5.88826805778935
Prpf4b 10.0168384764663 6.41633098394741 5.9548678544577
Ceacam1 8.80282175058088 4.34409879226322 4.23677128298486
Mlph 9.57489838859243 5.26337904704947 4.98255534694809
Ncf1 8.88584686160739 5.28879341210443 5.25417242082033
Il13ra1 9.84239214017086 5.88072580625978 4.98317950205958
Adap2 10.5722797031115 5.29008170438464 5.27543409123549
Akr1b10 8.12473567494519 4.60963641699142 4.48389081668262
Pld1 10.8239587790307 5.91622825848331 5.68075515164859
Pon2 9.33868555313833 5.54123395006285 4.50167415907829
Capn3 10.3369957490321 4.97429178472873 4.72665959732477
Gem 8.28519304309807 4.35370203500407 4.0579642557053
ND5 11.9277080301183 8.44209444654741 7.20036166900017
Rrbp1 12.1135184174842 8.09956127880634 6.60967168559903
Clk1 11.9522343163908 7.62157021907811 7.61920456182992
Vwa5a 10.3106484906387 6.60699653030125 5.17974348068351
Glul 11.9280143428985 7.10576293639454 7.09759987107735
Arrb2 11.4983554070217 8.07074215900206 7.00324106847579
Pros1 11.4603712254362 5.17928993328148 5.08508395534475
Ifih1 8.92117937270675 5.3455512725951 4.75074622844939
Rin2 10.1168098461982 6.10152166931531 5.82379688295493
Tifa 10.8074268423842 6.1947387266097 5.88927259674649
Arhgap17 10.9767981793134 5.26298770784472 5.23745216154151
Phgdh 11.0749094502032 7.62468126419823 6.8949361487815
Parp12 9.49139397984138 4.8685662264874 4.76184254942892
Trim47 10.0791566495733 5.17189973705744 5.02405764034732
Lgals3 9.11302237976578 4.79076475568059 4.60590365590987
Ddx26b 12.2044872770196 7.95374530679518 7.66373344634895
Slc25a45 10.8173200145939 6.53286539962846 6.15494112057501
Plcg2 11.1549584884923 7.08835293762927 7.03360734375274
Mlxip 11.0084570885722 7.26217409754972 6.80433760329407
Sash3 11.249005723635 5.90219235731348 5.47998493582831
Themis2 9.99513496121799 5.21608506540285 5.12486931396909
Smo 8.93859914159649 5.57660832890573 5.2460056008122
Mpeg1 13.5931395335038 6.2468272049101 6.03733628336832
Hspa1b 12.7002530870076 7.71355080380494 7.3671995616085
Xist 12.7596727744674 4.40482813019372 4.24384268809202
Cd48 9.95999221182058 5.17652226301172 4.62244939345019
Akna 10.7072692564892 4.89709752443173 4.81064065805689
Sult1a1 9.98708391284936 5.10918274702975 4.8610152004125
Fes 10.5551239260507 6.09332747206299 5.96485892760851
Cep152 9.74520694836984 5.56311836833869 5.19215670398014
B2m 13.1894322739796 9.47311643573335 7.28447726609606
Ccrl2 11.3826980615646 5.7452795150091 5.44173023604587
Lcn2 12.0118513639671 4.61194719265171 4.33536138186597
Hbb-b2 7.88283645776123 4.16251252287788 4.01920476797746
Gimap6 8.28531118681062 4.61979112208781 4.57800828715989
Myo1g 9.24155609377298 5.0711013173633 4.94741344904013
Tmem173 11.0989726590541 6.36617232856042 6.20537941907
BC028528 8.76172624772281 5.0158079688893 4.9947261341581
AF251705 11.9378287827213 6.78102246482787 6.71386377122054
Hmha1 10.4292840746509 5.67055938423121 5.57201673202096
Rreb1 9.67685838321431 5.51891601145934 5.07923475671254
Gmip 10.0312950363764 6.23845962495123 5.77758105912567
Nckap1l 11.1514517971807 6.65382757897835 5.27352289451486
Abcc3 9.68880748830503 5.30159338226048 4.9739686364225
Rhoh 10.6886747062572 5.02625111139223 4.82800571769643
1700017B05Rik 11.7630363477309 5.74698412645523 5.62371263039807
Srgap2 11.7876768649285 8.30830491269418 8.26292711243271
2810043O03Rik 8.26904649519335 4.17258722925833 4.06031692435651
Gusb 11.4166507135997 6.4640928651905 4.93791434959617
Lair1 10.6341607739461 4.76200477081195 4.67594041724215
P2ry12 12.3417720061336 4.81972760880354 4.61417631546802
Apoe 11.813606877339 8.10797935939921 8.00713684290039
Epb4.1l2 12.5141878325852 7.35622699033895 6.26443910196871
Pld4 12.0162068213804 5.31040769149089 5.2935746708718
Lrrfip1 10.7165591037594 5.6222189483925 5.44749447558064
AU020206 9.7250304187546 5.6068451944357 5.23700021284588
Fermt3 11.255187597153 4.61004335838504 4.57097612103853
Tgif2 9.91494649369466 6.31181153234189 5.92370483050951
Ankrd44 11.6555430067368 8.2281315732028 5.60683250148515
H2-Aa 10.95884712019 4.69025320867924 4.62505354089534
Cpne3 9.53740558386254 5.94853446118285 5.86989581233757
Herpud1 12.561534184029 8.49718878290943 7.91572782633507
2610528A11Rik 7.90612876986473 4.45505235149329 4.35527629786593
Cd300a 9.78331319123392 4.94747345651551 4.85911980376871
Tmem71 7.74769305584135 4.25406308357022 4.18603672841565
Lyz1 12.291433368859 4.92543651114493 4.33888547836933
Zfp110 10.6328144276245 7.07594151004474 7.0133253978011
Clcf1 8.66818372368241 4.0629973272331 3.79158138405535
Adrb2 8.06163788196254 4.36009905123235 4.1895393795186
Hmgb2 9.11494801820282 5.57254925348293 5.43977997111122
Lrrk1 9.00233842375518 4.85277414124287 4.64663509097824
Zfp36l2 12.4844215051541 6.9392962963997 6.39844289758476
Il10ra 11.9204835825207 5.35245855512827 5.05113786066152
D530037H12Rik 10.2863068988974 4.04280300694076 3.93304652546954
Rbm5 8.29032168172587 4.36096096608683 4.00635994287284
Rab20 9.47961105235741 4.08044596591186 4.01466190542885
Slc9a3r1 10.4708123572034 7.04883991709034 6.62225433722358
Vim 8.23795736569226 4.27921342150835 3.82098338127008
Grn 13.5694893497197 8.80105462185825 7.3115512226082
Mavs 9.31586109517846 5.50227090496176 4.25466599788235
Bach1 11.8359025049111 8.15712498261288 7.168980161311
D9Ertd306e 8.17933645172779 4.11256755060657 3.99488106797186
C79242 8.37764848139916 4.58485392349868 4.49828202858385
Fam46c 12.3008656779841 6.95311697172751 4.68030121633992
Ctsa 12.9368651417016 9.31425805952449 8.74008458625485
Pald1 10.8157904216058 6.09134147463199 6.07289874192926
Ifngr1 12.0120817823602 7.51608212771603 7.44646747600892
Ucp2 10.9174179061083 7.03876314638251 6.92707067614623
Tcn2 12.1131223131962 6.73785821991309 6.28843149197175
Anxa1 10.0891907764378 4.68658911284704 4.17132002209727
Cmtm3 9.80544069396922 5.67672571744812 5.67416273459828
Ppp1r15a 12.6842681011032 8.15206580599965 7.37248099669031
Slc15a4 11.4134041549916 7.77550926921524 7.72526879463271
Dhrs3 10.8664384075394 7.06842109845406 6.37230255664362
Lrmp 8.72621364395205 4.57518078438586 4.37365377335814
Olfml3 13.5589885962411 6.34413547608335 6.20358856781323
Pla2g4a 9.54677550171969 5.2733446211056 5.03806125285492
Ncf2 10.9678841319022 5.65479798110589 5.6325881837374
Il7r 9.09542824054331 5.07097393230073 5.01863510813424
Ctss 14.0972400899769 7.62368916302958 7.5866425219069
Cd53 12.647448770815 5.35911330338704 5.28605246598024
Fcgr3 13.39521832835 6.21418817456446 5.80345611272926
Hps4 12.4456398299555 7.85410112301781 7.83397446646611
S100a9 12.5433488948648 4.82827865056954 4.7117230956897
Dusp1 14.1600590685473 9.9493802198789 9.20634814636501
Traf5 8.9887948057126 5.50009211553028 5.49347453329887
Hp 9.14524736055938 5.42808768957121 5.42212658642424
Lgmn 13.3423749152836 9.84140315460244 7.30327515806812
Klf2 13.0114488593516 5.34152516970976 5.0661348236034
Fcrls 13.5094801235154 5.87674578547735 5.6520063797626
Trip6 9.25539301100816 5.49234059141539 5.34419379886472
Tlr1 9.47210882993985 4.16302541053668 4.13681529967117
Selplg 13.4608296010201 6.73951672522676 6.7287178213108
Cd68 12.242490069775 7.03065106746961 5.03019989216659
Gpr65 7.84688309866013 4.2226236460722 3.91872463851775
Ebi3 9.21311913542791 5.87676123809196 5.50274037669479
Csf2rb2 9.41716750216967 4.58847879074045 4.34955915896484
Atf3 13.3007390383143 5.00646747969033 4.78383149046562
Il1b 8.73108304695802 5.29524919288892 5.26124320630075
C1qc 13.5863871767458 6.05087122080544 5.32922161400992
Chst7 10.9028652320415 6.17542337889662 5.80120494067427
Hck 11.677853867497 5.60163067607922 4.81686043412024
Gcnt1 8.17673933531389 4.35794987504556 4.19897913499894
Casp4 9.24666718666705 4.19410806250217 4.06801457137978
Lag3 9.95212609690159 5.6607742314757 5.58451104189194
Cxcl2 11.1862547067567 4.22845945503627 4.17897295331183
Ltf 12.2109361391241 7.52627884863529 6.35637656597854
Cx3cr1 12.8661645891936 5.73633048907046 5.63533269651276
H2-D1 12.6018887958776 8.90839238256519 6.73226399497953
Stab1 10.8319181809469 5.64410422802314 5.27602264231472
Evi2a 12.5292457386737 6.5594916574067 6.37851067448782
Il6 8.39447282799593 3.91843381979311 3.87578188384326
Pdgfb 10.784427213788 6.34920638094724 6.3094188784502
Mrc1 8.63837955832117 4.21435236046321 4.12869066014482
Cd33 8.8986929970054 5.36726963653983 4.91341398229877
Itgb2 11.8272052895604 4.8277097297417 4.75955841234635
Rgl2 11.1123727065015 7.34411130056411 7.33644670568432
Psmb9 9.34845122497028 5.93931120039728 5.73751261569889
Adamts1 11.3594540869076 5.53339873548911 5.39656696841517
Ang 8.39410428367088 4.14175725931129 3.95633529722177
Sh2b2 9.22244603896785 4.66039551385462 4.54728351685773
Tyrobp 12.8882077765556 5.87287383801564 5.83815360880161
Ptplad2 9.53045279911964 5.47996610713217 5.30820936313483
Slc29a3 11.671269772336 5.72949541557974 5.67632055443024
Pbxip1 10.4089275516797 6.35671893739825 6.35593491426229
Emr1 12.7324162108168 5.67207224987699 5.57597583034498
Nrros 12.2035612900789 6.2290606376513 5.50280916508752
Tmem119 13.7062504747088 6.25259993669626 6.09665383080002
Pnpla7 10.5567704595249 5.86677236526525 5.48863192856465
1810011O10Rik 8.23549028637786 4.3404632947857 4.30457819784213
Parp14 9.29651035265735 5.15073509521494 5.12315217698748
Havcr2 10.6395343238155 4.42456115988751 4.40991258999489
Alas2 10.1192139258561 5.01172788744299 4.95251145202685
Cmtm7 10.2158890607314 5.33968641457863 5.11754094805258
Mafb 10.9468667556878 5.68905962021081 4.992263409774
Apobec1 9.55069814656581 5.63385046248485 5.33382978543849
Blnk 11.7867853033936 5.73688434626402 5.65734488378914
Tmcc3 9.49652683269657 5.21491298883251 4.90780034388425
Notch2 11.0904077018543 6.30627100560199 5.87169738722543
Daglb 9.96152605211251 6.60806096046549 6.60679453776227
Alox5ap 12.5576931349978 7.62863099689419 6.3225070042637
Fyb 11.7070682335866 6.0788251828689 6.04873985945374
Sepp1 13.7057662789234 9.058259663794 8.27302912863648
Ctla2b 9.98817720392032 4.48485223551046 4.12953870375941
Hspa1a 11.8296568285311 6.05116161370001 5.85423959854307
Zfp36 13.4710413836478 6.23179076620155 5.70493904129854
Abhd15 10.2572440975652 4.90844130031444 4.83350385947504
Cyba 11.7795222099381 5.34775544880762 5.14802170904939
Wasf2 12.354976901621 7.50354288449972 6.61512950588974
Ptpn6 11.5568573976642 6.66355807113785 6.64079654294238
4833441D16Rik 9.111877090883 5.07456672963114 4.7304348056764
Tec 10.1464631671626 5.76029531796808 5.0248127834072
Cd52 8.87459768254704 5.21682140984132 4.71760043813825
Irf5 10.4986359523617 6.17941770644529 5.94082065478539
Wdr81 11.497830880817 8.05703633703146 7.90399413272221
Naip2 10.6906973938164 4.53196423200066 4.48428645678822
Anxa3 12.8939144704404 5.4835797575251 5.47217766824842
