Mrpl52 8.75688181591619 9.82684017939656 3.48901948967623
Tgfbi 10.1729708775644 9.82684017939656 3.48901948967623
Junb 11.5780026398467 9.82684017939656 3.48901948967623
Lcp1 11.8463632704423 9.82684017939656 3.48901948967623
Klf10 10.1153774463127 9.82684017939656 3.48901948967623
Fuca2 9.96271289402937 9.82684017939656 3.48901948967623
Cd34 10.5911587485583 9.82684017939656 3.48901948967623
Sipa1 11.1257432146877 9.82684017939656 3.48901948967623
Tubb6 9.94309885815544 9.82684017939656 3.48901948967623
Rab32 7.60118101811754 9.82684017939656 3.48901948967623
Spint1 10.3415667614487 9.82684017939656 3.48901948967623
Afp 8.20241684612463 9.82684017939656 3.48901948967623
C1galt1c1 9.88390021572708 9.82684017939656 3.48901948967623
Slc39a8 8.3702572354114 9.82684017939656 3.48901948967623
Trpv2 10.5912774798385 9.82684017939656 3.48901948967623
Erap1 8.15112431133349 9.82684017939656 3.48901948967623
Slc39a7 10.6280788383231 9.82684017939656 3.48901948967623
Tnfaip8 9.91373565516323 9.82684017939656 3.48901948967623
Fcgrt 9.65042068842126 9.82684017939656 3.48901948967623
C1qb 13.3846079047961 9.82684017939656 3.48901948967623
Pmp22 12.2653168767854 9.82684017939656 3.48901948967623
Il16 10.7022595486227 9.82684017939656 3.48901948967623
Slc7a7 11.052383619296 9.82684017939656 3.48901948967623
Srgn 13.2509970787582 9.82684017939656 3.48901948967623
Myh9 12.5865032254667 9.82684017939656 3.48901948967623
Ctsb 11.5122543783846 9.82684017939656 3.48901948967623
Tgm2 11.7718766956168 9.82684017939656 3.48901948967623
Camk1 9.85042383776096 9.82684017939656 3.48901948967623
Nfatc1 10.1057640630075 9.82684017939656 3.48901948967623
Cd79b 8.31573716498709 9.82684017939656 3.48901948967623
Snx5 12.5628056055199 9.82684017939656 3.48901948967623
Abhd12 10.8674156786795 9.82684017939656 3.48901948967623
Hnmt 9.10545733794428 9.82684017939656 3.48901948967623
Rgs19 10.139947557409 9.82684017939656 3.48901948967623
D17H6S56E-5 9.99291673904863 9.82684017939656 3.48901948967623
Fcgr1 12.3056772228307 9.82684017939656 3.48901948967623
Ccl9 11.5606702750711 9.82684017939656 3.48901948967623
St6galnac4 9.99597436944815 9.82684017939656 3.48901948967623
Pmaip1 7.94812896443572 9.82684017939656 3.48901948967623
Aif1 11.8782125697407 9.82684017939656 3.48901948967623
Il15 7.4967535230896 9.82684017939656 3.48901948967623
Nfu1 9.51354735247488 9.82684017939656 3.48901948967623
Crybb1 12.3010895138039 9.82684017939656 3.48901948967623
Fcer1g 12.6409109862305 9.82684017939656 3.48901948967623
Ctsh 12.8519091129382 9.82684017939656 3.48901948967623
Ncf4 10.7081144474155 9.82684017939656 3.48901948967623
Ggta1 10.3145780373454 9.82684017939656 3.48901948967623
Calcrl 7.84138491604448 9.82684017939656 3.48901948967623
Lcp2 10.3889718130272 9.82684017939656 3.48901948967623
Ms4a6b 11.1222234312687 9.82684017939656 3.48901948967623
Cxcl10 9.83264446685726 9.82684017939656 3.48901948967623
Cttnbp2nl 11.7204560544011 9.82684017939656 3.48901948967623
Tlr2 11.9268402473875 9.82684017939656 3.48901948967623
Cd163 7.66769719158114 9.82684017939656 3.48901948967623
Cd37 10.9048574016166 9.82684017939656 3.48901948967623
Map3k8 10.2849700718244 9.82684017939656 3.48901948967623
Myd88 10.7278217724093 9.82684017939656 3.48901948967623
Ccl12 10.5112043294489 9.82684017939656 3.48901948967623
H2-Oa 8.7917936065526 9.82684017939656 3.48901948967623
Slamf9 11.1882832385642 9.82684017939656 3.48901948967623
S100a8 13.0395448654869 9.82684017939656 3.48901948967623
Il10rb 10.7116513838826 9.82684017939656 3.48901948967623
C3ar1 11.7072754362155 9.82684017939656 3.48901948967623
Ccl3 13.4953964323281 9.82684017939656 3.48901948967623
Ms4a6d 11.3799791784438 9.82684017939656 3.48901948967623
Ier3 13.4963591841383 9.82684017939656 3.48901948967623
Camp 12.113738407204 9.82684017939656 3.48901948967623
Arap3 9.86775374576886 9.82684017939656 3.48901948967623
Tlr7 11.2112407400947 9.82684017939656 3.48901948967623
Hpgd 12.0107499612859 9.82684017939656 3.48901948967623
Spsb1 9.98739222831453 9.82684017939656 3.48901948967623
Slc11a1 11.4154854568916 9.82684017939656 3.48901948967623
Ccl2 9.49866288250659 9.82684017939656 3.48901948967623
Cd86 11.6419705628058 9.82684017939656 3.48901948967623
Gpr84 11.5935377294956 9.82684017939656 3.48901948967623
Vamp8 11.9027573726861 9.82684017939656 3.48901948967623
Tcirg1 11.3257053795282 9.82684017939656 3.48901948967623
Trim12a 8.5835260320544 9.82684017939656 3.48901948967623
Gdi2 8.09982445011505 9.82684017939656 3.48901948967623
Sla 12.3378861062474 9.82684017939656 3.48901948967623
Sgk3 9.74194633209768 9.82684017939656 3.48901948967623
Mrc2 8.85958477054983 9.82684017939656 3.48901948967623
Gpr56 11.0473777353108 9.82684017939656 3.48901948967623
Lgals9 9.80576100376818 9.82684017939656 3.48901948967623
Trem2 11.528689695107 9.82684017939656 3.48901948967623
Clec5a 7.95490858776694 9.82684017939656 3.48901948967623
Igsf6 8.68495551282954 9.82684017939656 3.48901948967623
Npnt 8.06075026556426 9.82684017939656 3.48901948967623
Naip5 11.1347547074536 9.82684017939656 3.48901948967623
Ccl4 12.7516225784521 9.82684017939656 3.48901948967623
Tapbp 11.4240903434095 9.82684017939656 3.48901948967623
Bcl6 9.97529153752311 9.82684017939656 3.48901948967623
Dapp1 10.626591308075 9.82684017939656 3.48901948967623
Fli1 10.0832277034328 9.82684017939656 3.48901948967623
Il6ra 12.6405285425734 9.82684017939656 3.48901948967623
Itga6 11.5906633280243 9.82684017939656 3.48901948967623
Ppt1 10.4935757800321 9.82684017939656 3.48901948967623
H2-DMa 11.3395300052483 9.82684017939656 3.48901948967623
Rassf5 12.1314858616268 9.82684017939656 3.48901948967623
Prkcd 11.3607793398998 9.82684017939656 3.48901948967623
Cd84 9.96224237530016 9.82684017939656 3.48901948967623
Pik3cd 8.99966364024255 9.82684017939656 3.48901948967623
Cfh 10.8438396260437 9.82684017939656 3.48901948967623
Tnfrsf13b 9.66545251361214 9.82684017939656 3.48901948967623
Smim3 9.32886126195367 9.82684017939656 3.48901948967623
Entpd1 9.58873000960094 9.82684017939656 3.48901948967623
Ptgs1 12.1626150793908 9.82684017939656 3.48901948967623
Mgat1 11.5154477989229 9.82684017939656 3.48901948967623
Bin1 11.0156047084342 9.82684017939656 3.48901948967623
Pgd 10.0718441858331 9.82684017939656 3.48901948967623
Pdk1 10.616493115329 9.82684017939656 3.48901948967623
Unc93b1 11.3066168079527 9.82684017939656 3.48901948967623
Edem1 10.5644676490564 9.82684017939656 3.48901948967623
Tmem140 8.46080936763924 9.82684017939656 3.48901948967623
Tm6sf1 11.273380881778 9.82684017939656 3.48901948967623
F11r 12.1638127271072 9.82684017939656 3.48901948967623
Sumf1 8.58546051764774 9.82684017939656 3.48901948967623
Trim34a 8.69868770830196 9.82684017939656 3.48901948967623
Plxdc1 10.9642741564864 9.82684017939656 3.48901948967623
Siglec5 8.337886172674 9.82684017939656 3.48901948967623
Fcrl1 9.27554865404005 9.82684017939656 3.48901948967623
Lactb2 7.63667177060673 9.82684017939656 3.48901948967623
P2ry6 11.5909433501351 9.82684017939656 3.48901948967623
Mlph 9.52478746573067 9.82684017939656 3.48901948967623
Il13ra1 9.69650941211153 9.82684017939656 3.48901948967623
Casp7 8.22612436421626 9.82684017939656 3.48901948967623
Vwa5a 10.3690918760756 9.82684017939656 3.48901948967623
Arrb2 11.5161791808491 9.82684017939656 3.48901948967623
Pros1 11.4244912078995 9.82684017939656 3.48901948967623
Arhgdib 10.7800288131728 9.82684017939656 3.48901948967623
Trim47 10.122871565472 9.82684017939656 3.48901948967623
Rps9 12.5526443081372 9.82684017939656 3.48901948967623
Sash3 11.2528818012755 9.82684017939656 3.48901948967623
Cd48 9.99176185857167 9.82684017939656 3.48901948967623
Lcn2 11.7182561949748 9.82684017939656 3.48901948967623
Dnttip2 9.86861476867215 9.82684017939656 3.48901948967623
Tmem173 11.1696407087511 9.82684017939656 3.48901948967623
BC028528 9.01173787915138 9.82684017939656 3.48901948967623
Acsl5 10.8519435402484 9.82684017939656 3.48901948967623
Rhoh 10.7637079698635 9.82684017939656 3.48901948967623
1700017B05Rik 11.7522974287947 9.82684017939656 3.48901948967623
Gusb 11.4803411718158 9.82684017939656 3.48901948967623
Lair1 10.6612900224916 9.82684017939656 3.48901948967623
Rnf19b 9.65744414029616 9.82684017939656 3.48901948967623
Pld4 12.1700437011819 9.82684017939656 3.48901948967623
Fermt3 11.4207362066657 9.82684017939656 3.48901948967623
H2-Aa 11.2644036954394 9.82684017939656 3.48901948967623
Rap1b 10.5897063292161 9.82684017939656 3.48901948967623
Cd300a 10.0530239896872 9.82684017939656 3.48901948967623
Clcf1 8.68466038510135 9.82684017939656 3.48901948967623
Il10ra 11.9867649941734 9.82684017939656 3.48901948967623
Rab20 9.64744268247702 9.82684017939656 3.48901948967623
Ifitm6 9.1396048659572 9.82684017939656 3.48901948967623
Lgals3bp 9.38516852690337 9.82684017939656 3.48901948967623
Slc15a4 11.356384012252 9.82684017939656 3.48901948967623
Dhrs3 10.8328899765314 9.82684017939656 3.48901948967623
Olfml3 13.5644607358692 9.82684017939656 3.48901948967623
Pla2g4a 9.55730250855793 9.82684017939656 3.48901948967623
Ncf2 11.109264808914 9.82684017939656 3.48901948967623
Fcrls 13.5200887013828 9.82684017939656 3.48901948967623
Tlr1 9.55990391864875 9.82684017939656 3.48901948967623
Cd68 12.2825968841945 9.82684017939656 3.48901948967623
Ebi3 9.38512048892932 9.82684017939656 3.48901948967623
Csf2rb2 9.46516272602394 9.82684017939656 3.48901948967623
Hck 11.7192724128215 9.82684017939656 3.48901948967623
Ehd4 10.2769858985773 9.82684017939656 3.48901948967623
Ly96 8.98885773803667 9.82684017939656 3.48901948967623
Lag3 9.94342037341401 9.82684017939656 3.48901948967623
Ltf 11.9771261319803 9.82684017939656 3.48901948967623
Stab1 10.7835801182221 9.82684017939656 3.48901948967623
Evi2a 12.5801879760248 9.82684017939656 3.48901948967623
Il6 8.3523884587654 9.82684017939656 3.48901948967623
Ptger3 7.74890432623238 9.82684017939656 3.48901948967623
Mrc1 8.47267687587698 9.82684017939656 3.48901948967623
Smap2 11.0753111415981 9.82684017939656 3.48901948967623
Itgb2 11.8281947861841 9.82684017939656 3.48901948967623
Ang 8.67340897437916 9.82684017939656 3.48901948967623
Ctsf 10.775962901349 9.82684017939656 3.48901948967623
Emr1 12.777781853873 9.82684017939656 3.48901948967623
Nrros 12.3519497751025 9.82684017939656 3.48901948967623
Fyb 11.7159427823204 9.82684017939656 3.48901948967623
Rnf135 8.8595666153783 9.82684017939656 3.48901948967623
Ctla2b 9.94438247489242 9.82684017939656 3.48901948967623
Ccdc86 9.53354211585671 9.82684017939656 3.48901948967623
Abhd15 9.92497435981129 9.82684017939656 3.48901948967623
Iffo1 10.7047839194148 9.82684017939656 3.48901948967623
Spata13 11.8360921296241 9.82684017939656 3.48901948967623
Irf5 10.4417221455899 9.82684017939656 3.48901948967623
Naip2 10.8151812852359 9.82684017939656 3.48901948967623
Anxa3 12.9131833282778 9.82684017939656 3.48901948967623
