Pvalb 11.6355297700361 7.79289753147678 6.04471558165606
Sst 14.1223387589978 8.32448694119071 6.02170290336365
Cds2 11.3739207224794 8.04284618538136 4.27075230382228
Timp3 10.1698967467531 6.14991600477288 5.80874377082785
Npy 13.1238204234534 7.5474767739609 5.62127269303086
Lgals1 11.9784267766101 7.79538830013949 4.75174811385567
Dlx1as 9.07770464775668 5.24319797998539 3.88049156514943
Arx 10.4802059476789 6.13813920661816 3.98932708947714
Col19a1 10.5693022130463 5.03936526407129 4.12781140812035
Gad2 10.0618868949686 6.70494386029321 5.87750735999905
Lhx6 10.5252471359448 5.95209919871493 5.36110891432732
Rab3b 11.2673217777495 6.6487246961864 5.58795951561079
Ache 10.0525118798493 6.5971216551991 5.08741555230172
Slc32a1 12.5258532940668 7.47447480526785 4.84001393994338
Pnoc 10.0281117607282 5.70884957498526 5.46928752650363
Olfm3 11.6470682637086 8.00533601951838 4.94676408387875
Kcnmb2 10.0498369057309 6.27881162302688 5.27353638226447
Grik1 9.16190683827469 5.40153553303787 3.90152619540613
Fhod3 9.42663396924866 6.04962471968014 4.58445297668566
Rpp25 9.75375717998016 5.04011269059455 4.6245028475478
Reln 13.4380484871903 7.66154851050073 5.59065428789919
Kcnh2 10.2462775708993 6.80774110363198 5.677709169313
Grpr 9.95241063020477 5.9743683986884 4.91382648115867
Klf5 10.0992331772233 5.94827773505311 5.57745312051775
Rgs8 11.7252323038524 7.98232563176942 4.81672434418672
