Tgfbi 10.214108505107 5.01595165286319 4.62346821230133
Sgpl1 9.58944930363067 5.04681403148859 4.68601113739332
Lcp1 11.9186828085383 4.5677224503344 4.21287776566373
Txnip 13.6926905825169 6.88276076979401 6.6617677168727
Cd9 11.7908634776503 6.70180318758286 5.2727460230134
Tpst2 11.1108919206009 7.60908186134268 7.41975014224742
Cd83 13.2161047162533 7.79117676277419 5.88512456204275
Serpinf1 9.44570354298151 4.89362297155333 4.63810637224404
Sipa1 11.028832104782 6.88894202358371 6.22041143022903
Tnfaip2 9.07410944533167 4.17815325017645 3.83420164056368
Litaf 12.5687309938788 7.78216916515598 7.28898570644246
Lamp2 11.5544716379291 7.77323856734072 6.53617983574923
Tubb6 9.94746027053954 5.61614439045286 5.49954613995616
Pfkfb3 9.98273426377903 5.45328527767673 5.13194251790726
Cd164 13.2308857274045 9.5519982834229 7.90153231544345
Ier2 13.4029366730924 6.83215110251809 5.80949746595918
Pnp 12.8799287012372 7.23286762793619 6.87904428757547
Nfe2l2 11.356253934114 6.54419677288027 4.69893233962887
Socs3 12.8477426387797 4.18067069312415 4.05350225606611
Sparc 11.7443656880018 6.69987202742479 4.55997426541432
Scamp2 12.1490850674193 7.85097381837942 7.31604519426942
Acss1 9.50387495272519 5.68325761829142 5.11131691110652
4632428N05Rik 12.9633024758073 5.25955422702014 4.95904359477462
Spint1 10.3283172527647 6.14731342154884 5.41608703866592
Afp 8.35050803873215 3.76251971280628 3.7288933715977
Clic1 11.3122330580261 5.94459177635451 5.71462981013482
Serpine2 12.4124107865698 8.85841323246519 6.48473065700967
Plxnb2 11.1496648391028 7.04741556911305 7.00589773650259
Tspo 8.89121618445163 4.99607073045838 4.52066794697362
Irf8 12.5462653592052 5.92000869525157 5.49785927511298
Tbxas1 9.68864876043037 6.20637522153707 6.10950288794968
Slc39a8 8.14296708004609 4.36380699747598 4.08685972209716
Parvg 10.4281853264487 6.42669187772912 6.11422267378654
Mcl1 12.2077605709068 8.1444182182291 6.03738866733832
Rps6ka1 12.3511118887686 8.46537643269684 6.97976709939265
Npc2 12.8935384047443 8.86864345973976 7.64599797978768
Erap1 8.1825642016229 4.75139922693445 4.29786305833237
Tnfaip8 10.106166018297 4.47526721462585 4.18431365745138
Fcgrt 9.49114216971545 6.1416847744967 5.80221671641221
Slc40a1 11.6873175794834 6.77727250541261 5.17096651346996
C1qb 13.3809165744448 9.21219377030561 3.7966317440662
Cyp4v3 11.0156233140278 6.76278932494787 6.31916518090181
Syngr2 11.5324666076936 4.94985550240902 4.41520976126403
Pmp22 12.2434056339285 5.97574741980958 5.39949011306267
Tmbim1 10.0554907798174 6.45714806227265 6.3397684857635
Ccl6 10.4831140019336 4.83061753225086 4.50665578577864
Cd14 13.3794861542207 7.54318768763085 6.53831317107075
Pycard 11.7530559991681 5.49147846279482 5.16488158014561
C1qa 13.1874316054276 6.69079444336611 5.97088956076349
Il16 10.5676116874908 7.23960050035105 5.91251811940182
Slc7a7 10.9326702827516 5.50114637853807 5.22747293646577
Klf4 12.8356975471887 5.54481145907767 4.61081355647837
Sertad1 10.6760235504756 7.20539716512336 6.01008055077693
Jun 13.1513958362792 9.48340440990415 5.79563812763091
Srgn 13.2795222117037 5.98931223019109 5.63178959851007
Nfkbiz 12.6921044506167 6.8116980577147 4.38561954963728
Tgm2 11.6702792723547 6.05547056558741 5.0848531718276
Plek 13.0385446953369 6.2925037083789 5.59767066791622
Itgb5 13.3122301859398 6.62048053116722 3.73945847693991
Elf1 9.08464008124719 4.71507515520255 4.13587869008246
Rgs1 11.3590498478886 4.69445720621494 4.47995499391388
Snx5 12.5419589726741 7.31247359102668 6.18149573033778
Elk3 10.4319956263106 6.58931855320042 4.4835378125977
Gab1 9.8252745536932 5.41915074810603 5.05166624815267
Laptm5 13.25292607905 9.00745429536648 3.87115127787598
Pygl 8.54904715943291 4.78097508518222 4.25070883047392
Slc25a37 10.7377469263125 6.91886786736137 6.17711497476925
Serinc3 10.7887820532689 6.93378632345565 6.40618666582512
Ctsz 12.9968566741552 7.39179178974239 5.8319685856673
Fcgr1 12.2955371160684 4.80015801711957 4.4124484215248
Slc16a6 11.5647594820405 7.02749646826318 5.74605951087059
Pdlim4 9.51167808110339 5.37664932348936 4.6418545764851
Ccl9 11.4677327663853 5.15264981036906 4.83576735387922
Tmem176b 13.0534256974988 9.13244025217447 7.94301149075872
B4galt1 11.1336165305587 7.67192110343144 7.18140488714513
Tnfrsf1b 11.7452188608572 6.5092460569903 6.1549705940846
Inpp5d 12.4577394438636 7.19281286266826 6.58491016784088
Tlr4 9.57555684780965 4.65018405012533 4.27676382799783
Pmaip1 7.97566326054479 4.18948356255363 3.98146750356055
Aif1 11.8214348072249 5.81307396533122 4.80820752055953
Lims1 11.3701224038562 7.9301438771214 6.87122228660614
Klf6 12.2250639567383 6.41341924474436 5.62859701512025
Crybb1 12.2648088011919 6.77792555520577 6.31859483319559
Fcer1g 12.6718396223893 6.85710886760097 6.28091290043359
Ctsh 12.87251521366 5.73973233650169 5.57783171290558
Gpsm3 9.55595780536678 5.39271648565946 5.17887944196563
Ncf4 10.7292352869563 5.27582379281805 5.09086840395935
Ggta1 10.3002208247185 4.4777789878061 4.16712088531435
Lcp2 10.4089431447829 5.06185290753128 4.8661945235863
Ngp 12.7574775005176 6.59634954182397 5.68463434455664
Spi1 10.4190424481911 6.36020636661182 5.84374043956068
Csf3r 10.4683520496493 6.94802920786795 5.60420135346118
Ms4a6b 11.2554621340409 5.00218814959012 4.89980832204743
Hcls1 8.70906636115833 4.9281100511377 4.75602711228339
Pabpc1 11.1781404360411 5.99394354096995 4.67641882687372
Skap2 12.056136723105 8.63111016276974 6.03994103442739
Plxdc2 12.0745716973584 7.37261338680399 5.22503283214371
Cxcl10 9.72683118350032 5.27409536313115 4.96000451971346
Maff 10.2074887860116 6.58556670919412 6.09376177370831
Cysltr1 9.25437959121948 4.61004758893968 4.24174655704842
Bcl10 11.4178380984863 7.61577452117283 6.83462257868436
Cebpa 9.84230025530157 6.23796369211649 6.09513306170819
Cttnbp2nl 11.6991350325633 6.06668918777762 5.62151280278893
Lyl1 9.96552235514374 5.66623210086293 5.33649418881847
Ptpn18 10.3344380846283 6.6714368970055 6.36813336552515
Tlr2 11.9276981137555 6.17674080104747 5.5098811473982
Cd163 7.96377468160987 4.21595277989225 3.9617088952452
Serpine1 9.65311808101758 5.70339197239667 4.51506848845266
Mlxipl 10.5385226388773 6.65377562052312 5.54708649963091
Cd37 10.9003612304416 6.44218136060076 5.78662329357162
Map3k8 10.2772018482877 5.21720681678743 4.82229269976532
Myd88 10.6605178444686 6.87838588192188 6.03249943422448
Ccl12 10.6391731596107 4.57872524044372 4.34590071411462
Arhgap4 9.32893709991249 5.8429460416709 5.57300413948889
Pon3 9.25424963832735 4.34584195532158 4.23802866381289
Slamf9 11.1460693903532 7.72936950080651 6.47580371291254
S100a8 13.1710031765985 4.74792502972424 4.54427407215394
Il10rb 10.5493104181091 6.22738760518011 5.43280727046573
C3ar1 11.7048817822179 6.77557417664108 5.38908930850765
Ripk1 10.2351943744533 6.65269801922508 6.09559625869264
Fgd2 12.0963667807367 6.2256701885139 6.11870925332605
Rela 11.8418378886618 8.24249779315721 7.38485795796044
Ccl3 13.5359936909524 5.36328673605381 4.58754812517662
Ms4a6d 11.4841310922632 4.82742056207019 4.45936917717086
Ier3 13.5124048716238 8.11187759670188 6.76348469494133
Nupr1 9.91190169343546 5.7536405886336 4.90460801627274
Camp 12.4507582747533 6.22467871941796 5.58488460091385
Chil3 11.4871946767607 4.7178771358562 3.91205300589423
Arap3 9.99309938625579 4.45597889715185 4.12391270333138
Tlr7 11.1537008662761 5.49703282478909 5.13748270432571
Trim25 10.6548242070809 6.5655188353613 5.4948912213486
Hpgd 11.9738918982247 4.71696930542289 4.48322263516997
Mcm3 9.01275163949269 4.98316199226218 4.71915683481365
Slc11a1 11.3948658681908 7.00196622367854 5.78428523482091
Ccl2 9.3887194295731 5.62837183593363 5.17817449112058
Cd86 11.6527693006629 5.23200930106419 5.10460072401026
Sat1 12.1225916774621 6.67282051163527 4.9596789339041
Prkd3 9.77821211859841 5.76984227100014 4.92053618955114
Gpr84 11.5263505075912 6.2661447928104 5.54478193851329
Vamp8 11.7850542682879 7.35619454487659 5.99952559779769
Tcirg1 11.2860007996333 6.90723210096236 6.53060067913835
Sqrdl 11.1213981292751 6.56218094121985 5.7584065692595
Trim12a 8.39694276788024 4.34131778760231 3.94325389138911
Zfhx3 11.2191522315493 4.97520779224735 4.27805883123921
Slc15a3 11.3995649353571 5.67912751644864 5.3682149106942
Rel 9.43208070521036 5.88961860869007 5.0050534831638
Tsc22d3 11.5894187043498 5.78501112013883 5.21759959965605
Sla 12.4329217789332 7.07521023036101 6.09614039943436
Itga9 7.44944104381667 4.01540659249007 3.68833215611374
Tgfbr1 13.5090583473981 9.04541711740034 5.03566162572633
Snap23 8.48388126836494 4.65252232128034 4.12733061269036
Asph 11.0774007157198 6.79143218831046 4.88709734046181
Ivns1abp 12.6904399495339 9.09240489581608 7.81496511766539
Adcy7 11.9949098164077 6.20143553900876 5.24000698708436
Rbm39 10.2573002722239 6.02778572650614 4.5180811820428
Vamp3 10.8864314514484 7.2302642874544 6.0510703986986
Bmp2k 11.294755197974 6.14494133949736 4.9089625492516
Gpr56 11.1033359990947 7.60792289287692 6.74819195030916
Lgals9 9.69958847858634 5.75691159447936 5.35847939565332
Trem2 11.303795824757 7.30282938566636 6.77601599841066
Gna15 8.99367862824198 5.60253337476269 5.04836365454297
Birc3 10.6915102166933 6.36622763002761 5.52238367864254
Igsf6 8.83394697282607 4.31082487499066 4.10459746613633
Samsn1 8.81738530496463 4.6316311871092 4.2397655816799
Il1a 10.5376640185961 4.61196195407335 4.31420399851798
Hpgds 9.22775583355141 5.58269724232431 4.88775757766051
Naip5 11.0978070538461 4.58099830585898 4.37970178696981
Ccl4 12.6588721873418 7.5599272636216 6.12691909205969
Klf3 8.5494364974985 5.08824683655898 4.68449621571077
Itpr2 10.8475742428576 6.23307718767292 5.62384104068613
Stat6 10.468465477124 5.63613550751525 4.78674001860901
Tapbp 11.4198825404039 7.31846035502602 6.84458220557764
Msn 10.8303816272 6.25524881356909 5.84637064531535
Abca1 12.0542577742267 8.57487968582087 6.99574244860941
Adam17 10.5495689245511 6.63600085880087 5.62892151129329
Dapp1 10.6129812986097 5.27638554189232 5.03104553281459
Clec4a2 10.1399334143348 5.06640151225304 4.88092593224115
Fli1 10.1221580891138 3.82764037308884 3.75797315013537
Ets1 9.52298260959165 6.03680684865524 3.75528099532908
Itgam 7.59528570318745 4.22928797630941 4.1857773367222
Ptprc 12.4924457080349 5.55337518236882 4.30369619321233
Fosb 12.0153263432166 6.2346530102712 5.23418410256281
Ccr5 11.6775104276773 5.07832994311933 4.35632520321673
Il6ra 12.6762370901779 6.32398468564453 5.66848183393578
Tgif1 8.32241012578398 4.9588047475066 4.76343039795169
Pla2g15 12.3402771280608 8.33486937007914 6.83576199973182
Itga6 11.5191682655928 7.32759859811508 6.15612501092647
Ifi30 11.3741036101554 6.28932019805606 5.85047527733165
Cables1 10.7296553966912 6.62222172049414 5.80030864697466
H2-DMa 11.302506340632 7.5563017766284 6.62047555246496
Zfp36l1 12.768092682973 6.66972599816824 4.8334251670294
Gpr34 12.0465417111213 4.38677695041372 3.95914759420623
Rrad 10.0218987777276 5.35365431852274 5.15881821060811
Rhog 11.1977184303104 7.75003255312743 6.81602145216383
Rnase4 13.0645450224258 5.78224350160779 5.32841639482944
Hk2 12.2311857728962 7.36673453059531 6.05740087014553
Map4k4 8.66154547476686 5.19651319592315 4.29269938744036
Fam111a 8.38937991141375 4.85367722627847 4.53441548879483
Hfe 11.261965590755 6.36155817717207 5.57231609319595
Pik3cg 10.1391450667911 5.70589595387966 5.33404649407816
Tlr3 9.57440918362698 5.47612936338081 4.77716417831104
Prkcd 11.3269526908875 6.8095897982208 6.55983665640401
Mertk 13.1492058693859 6.7101820227941 5.47400015383565
Cd84 9.79853579725004 4.61710433536593 4.54424887926275
Ly86 13.8484382572477 7.82152302172173 6.23627475752904
Vav1 10.4988780096262 4.15759895596501 4.00758847955823
Stt3a 9.81012893974878 6.3305192860107 4.69307147505848
Ube2d3 9.28952001055869 5.56918885393628 5.19486904352666
Cfh 10.9189995251726 3.98669119694855 3.46657219477938
Tnfrsf13b 9.55249902249023 5.35263183480052 4.5864685233554
Hhex 10.0129558927535 6.11530613391422 5.4688259683595
Entpd1 9.36332417160173 4.48350276301874 4.28022849512898
Ptgs1 12.1460566579667 5.66474558812646 4.55421999769358
Adrb1 10.6329930698674 7.21781065529211 4.43940284692214
Stk17b 9.82516171443988 5.66166610715026 4.92700898629047
Frrs1 10.5118954880326 5.62905370360786 5.22403441815162
Lyz2 12.6255399097117 7.04501726114232 6.71456518922846
Ssfa2 10.3963514628908 6.39388148925985 5.87037470795299
Galnt4 9.17182977737832 5.04879200217761 4.55073576854451
Ctc1 11.7381009275171 7.67455484763052 7.25965666103378
Unc93b1 11.2638153754962 7.31858751830081 6.84283589441722
Mob1a 11.6524237224905 7.73075661103223 6.25412629728674
Cmtm6 12.3249537931389 8.89187394470771 4.68923937691767
Tmem176a 10.8810789306714 7.41741836206963 6.75215191857211
Tspan14 11.1135085123949 7.48023810585117 6.11151659696641
Lpcat3 11.4010483293012 7.72829322187454 6.99932721255839
Hvcn1 10.3744362140918 6.0321358122998 5.31508332778955
Edem1 10.5468048765477 4.70540364882037 4.4997735501938
Icam1 12.0835121128031 5.32165247298545 4.79779056189161
Rbl1 8.60653858129746 4.8340705886216 4.40746847684026
Rcsd1 12.3327371826167 7.37701621752026 6.72984760767805
Npl 9.96550349349474 5.61285590706144 4.9559432393361
Smox 10.8887798416497 7.50567858021009 6.57428750940707
Tmem140 8.37653073680301 4.65246313575389 4.36449495243592
0610040J01Rik 10.8216796982396 5.5220892091566 5.17838385888269
Tm6sf1 11.2414066824985 7.07202040358998 3.90915775812657
Cklf 11.4118605648373 6.10533661817623 5.42494154076252
Cd177 8.34962699286364 4.72035776624353 4.15121935224396
Casp8 9.75678338176791 5.21283806847215 4.80518393669925
Tmed5 10.5709139699701 6.04355957199573 5.31666162587956
F11r 12.1396861374846 6.26791345871415 6.04736195392383
Ifi35 9.14048261664104 5.60830813076269 5.29842039706474
Eva1a 8.74419904985229 4.51970120563751 4.26412526947789
Tor4a 10.2205590701386 6.80284382249616 5.93748705151261
Ptbp1 9.15244960297567 5.7224164484758 5.05783273642016
Plxdc1 10.9345884722293 7.41592431591092 5.8115656229439
Lpxn 10.7275528959061 5.23863667339931 4.77012109673251
Siglec5 8.28941632201165 4.1272539934492 3.83933272126149
P2ry6 11.5574667748729 5.02447723500137 4.57753564580914
H2-K1 12.7949568117272 7.94501819681857 6.78982909374415
Tgfbr2 12.4393744689228 7.11047734339767 5.22943215224779
Ceacam1 8.80282175058088 4.72502119688622 4.53520682310429
Mlph 9.57489838859243 6.10743099036287 5.37310075303881
Ncf1 8.88584686160739 5.50193923837088 5.25769962590747
Il13ra1 9.84239214017086 4.57673638895291 4.21470362862035
Adap2 10.5722797031115 6.00628495501797 5.03887287741096
Nmi 8.82202505346961 4.99846536589017 4.8047640422971
Pld1 10.8239587790307 6.70533805195599 5.87623769428541
Pon2 9.33868555313833 4.25412213612579 3.92911399405833
Casp7 8.39895339652514 4.78533204866879 4.55323238102372
Gem 8.28519304309807 3.94730474428628 3.83728981368373
Rrbp1 12.1135184174842 8.51157339972483 6.09393896897316
Vwa5a 10.3106484906387 5.99335925100628 5.22157095528643
Glul 11.9280143428985 6.59009946500553 5.12594295930468
Arrb2 11.4983554070217 6.68045912934204 6.04208400794558
Pros1 11.4603712254362 5.54526085216353 4.55693926040605
Ifih1 8.92117937270675 5.09465643963236 5.00676769762233
Rin2 10.1168098461982 6.75342558158625 5.23405312716453
Tifa 10.8074268423842 6.46623520868065 6.19649410495466
Arhgap17 10.9767981793134 7.55954381291154 4.70241603236359
Armc5 10.6011926392315 7.16783811420064 6.88516858274594
Parp12 9.49139397984138 5.06381556208972 4.7553332191926
Trim47 10.0791566495733 5.65932828735438 5.29078170374199
Lgals3 9.11302237976578 5.14746309032341 4.69336207310869
Arsg 8.01567969333444 4.22656018812481 3.98971660057947
Sash3 11.249005723635 7.23705441938718 5.95658036940537
Themis2 9.99513496121799 5.58427701564329 5.08374934556742
Mpeg1 13.5931395335038 6.8912017009331 6.64441847321242
Cd48 9.95999221182058 4.66894221827438 4.51111002514298
Akna 10.7072692564892 4.96043518673577 4.71115366220578
Sult1a1 9.98708391284936 5.93155036667532 5.80368018504375
Fes 10.5551239260507 6.85829004169699 6.62250882868774
Cep152 9.74520694836984 6.10830087880299 5.842680503087
B2m 13.1894322739796 9.0617639834851 8.14428569503704
Egr2 11.2484829324693 6.25103021610655 4.15136550861708
Ccrl2 11.3826980615646 6.42188572097664 5.99989159207254
Lcn2 12.0118513639671 4.47846095557839 4.37230972279148
Hbb-b2 7.88283645776123 4.08283368120141 4.038127705629
AF251705 11.9378287827213 7.42550743531437 7.03556564442798
Hmha1 10.4292840746509 6.30458620063133 5.67593692531524
Ebf3 8.03327435115078 4.42939896024649 4.19365395900375
Chn2 8.18478355874505 4.73704504079859 4.28039016244414
Gmip 10.0312950363764 6.42843493880889 6.30565532595498
Nckap1l 11.1514517971807 6.37572912535714 5.87735268996888
Abcc3 9.68880748830503 5.94679060436786 5.45588864941984
Rnf130 12.3746152428166 8.54857032395336 7.59004408989215
Rhoh 10.6886747062572 5.58996467041781 4.91466161925386
1700017B05Rik 11.7630363477309 6.07004309722721 5.83807781035558
Gusb 11.4166507135997 5.20289398425099 4.72772954051051
Lair1 10.6341607739461 5.17426560299097 4.82835491216073
P2ry12 12.3417720061336 5.20770031337375 4.67271096127669
Rnf19b 9.59453701735849 4.83505365553176 4.77450016337336
Epb4.1l2 12.5141878325852 8.34188250779171 6.31438227866118
Pld4 12.0162068213804 6.09511598831914 5.6839001642775
D15Ertd621e 10.2021769651159 5.0740530531103 4.07510137962906
Lrrfip1 10.7165591037594 6.62126081521396 4.6324046041693
AU020206 9.7250304187546 6.07775425565293 5.33897514517182
Fermt3 11.255187597153 4.33451080399119 3.86169956855123
Cerk 10.8724595448695 7.52744181939243 6.5387917917503
Plk3 11.1628299712601 7.02137767543753 5.98666854629168
Ankrd44 11.6555430067368 5.64633609096795 4.61251089386313
H2-Aa 10.95884712019 5.34138411099746 4.49302618825798
Fam105a 11.8141138102905 8.06730930660022 6.58426462182022
Rap1b 10.5311748389021 6.0745690251475 4.86942474897469
Herpud1 12.561534184029 8.31087609977208 7.75233085507577
Cd300a 9.78331319123392 5.5725554958079 5.11780079587222
Wipf1 10.4960069219755 6.62676819766219 5.68987826528732
Lyz1 12.291433368859 6.46586481877123 4.34322990251328
Clcf1 8.66818372368241 4.03803599599451 3.76683428591144
Adrb2 8.06163788196254 4.26642710956021 4.24628498267072
Hmgb2 9.11494801820282 5.65721359042784 4.25892080275361
Lrrk1 9.00233842375518 5.0091445709685 4.66788947510851
Zfp36l2 12.4844215051541 6.58856456803227 6.15669187450527
Il10ra 11.9204835825207 5.19635329688451 5.01365490058801
Hexb 13.9682695694516 9.80491772793668 6.1039863054536
Rab20 9.47961105235741 4.09142469149196 3.81792240738003
Slc9a3r1 10.4708123572034 7.11682613921919 5.94035909566654
Vim 8.23795736569226 4.78978121689162 3.47194951920963
Grn 13.5694893497197 8.0838425950128 7.31240675783399
Mavs 9.31586109517846 5.12208543752964 3.55813240510376
Ifitm6 9.52062006754197 5.87606416033041 5.57011422701531
Fam46c 12.3008656779841 4.75319974691052 4.50126509387246
Pald1 10.8157904216058 7.21089640670272 6.29579911493733
Ifngr1 12.0120817823602 7.68651042046766 7.06034717504691
Tcn2 12.1131223131962 7.6637490994989 6.89282621599399
Anxa1 10.0891907764378 4.88496079610835 4.5896238768522
Cmtm3 9.80544069396922 5.60717114727695 5.41585792456981
Ppp1r15a 12.6842681011032 8.05279321601694 7.3814411566884
Slc15a4 11.4134041549916 7.33332492159895 6.92937666313601
Dhrs3 10.8664384075394 6.61187109123276 6.50512770955069
Lrmp 8.72621364395205 4.77514182801614 4.10544982128791
Olfml3 13.5589885962411 6.88102122861143 6.38078078579755
Pla2g4a 9.54677550171969 4.83585750965735 4.4417495265083
Ncf2 10.9678841319022 5.86826724839421 5.65658177651279
Ctss 14.0972400899769 9.79760661979389 5.18140138724074
Cd53 12.647448770815 5.60213318966354 5.38062192086691
Fcgr3 13.39521832835 6.14635813435184 5.23689539367143
S100a9 12.5433488948648 5.44208353992307 5.08587075202193
Dusp1 14.1600590685473 9.76780983908795 6.97999862236887
Hp 9.14524736055938 5.74288782900456 5.6750970524042
Lgmn 13.3423749152836 9.89076921062655 6.45864149801202
Klf2 13.0114488593516 5.94114949397812 5.6840824477896
Fcrls 13.5094801235154 6.77719724563038 6.1667576613385
Tlr1 9.47210882993985 4.19075803994222 4.02397373573664
Zfp90 9.91632744303698 5.98140455710467 5.54506514694923
Selplg 13.4608296010201 7.82882189605054 7.27579261620662
Cd68 12.242490069775 5.99545885280097 5.02728567823892
Gpr65 7.84688309866013 4.01402897510668 3.8099073268852
Csf2rb2 9.41716750216967 5.06322491959437 4.67175590473986
Atf3 13.3007390383143 5.69484995124619 5.43425197392755
C1qc 13.5863871767458 6.47379148185653 5.55111457511254
Chst7 10.9028652320415 6.70537846643817 6.05245927644665
Hck 11.677853867497 5.63280223254348 4.83774568766559
Gcnt1 8.17673933531389 4.49911110095096 4.29238383166526
Casp4 9.24666718666705 4.93405572782156 3.94127609990368
Per1 12.0919859862754 8.51585693606112 7.86793294298853
Ehd4 10.2095137657382 6.1622927298186 5.18661358522128
Ly96 9.04291773410898 5.04253289354199 4.36955257034094
Lag3 9.95212609690159 6.24081104810075 5.87927742326405
Cxcl2 11.1862547067567 4.85951236831629 4.20570010026447
Ltf 12.2109361391241 7.52529115787651 6.73620581669707
Cx3cr1 12.8661645891936 5.93218413584279 5.82311816484258
Socs6 8.48920489421015 5.15567136600277 4.85966812529757
H2-D1 12.6018887958776 7.9329927576752 5.87522674563363
Stab1 10.8319181809469 5.30741573845524 5.00297991669824
Evi2a 12.5292457386737 5.04737971247508 4.62316207449497
Il6 8.39447282799593 3.98972155088754 3.89301320192116
Mrc1 8.63837955832117 4.70118955215644 4.4200454085362
Itgb2 11.8272052895604 5.12385284227031 4.81463179495745
Psmb9 9.34845122497028 5.9593476330654 5.51191210035329
Adamts1 11.3594540869076 7.65315862218364 5.19216943380241
Ang 8.39410428367088 4.25901337460042 4.10710673330646
Sh2b2 9.22244603896785 5.27097437499331 4.56596850342082
Tyrobp 12.8882077765556 7.14982907940399 6.40594992461569
Crot 9.62011069298872 5.94874995644934 5.55673143769837
Slc29a3 11.671269772336 7.46286115013148 6.43025910651114
Vasp 10.4663497281355 6.76697380838021 6.3554482592713
Pbxip1 10.4089275516797 6.77091231689599 6.18067313105418
Emr1 12.7324162108168 6.48060819938219 5.8422214626163
Nrros 12.2035612900789 6.33094017437624 5.62915139474187
Tmem119 13.7062504747088 6.78131859960141 6.23957864368341
Pnpla7 10.5567704595249 6.11445209368095 5.55858780967936
Parp14 9.29651035265735 5.68988766535488 5.23992830426639
Ttr 13.2596253146871 6.95441734579301 3.85778364821379
Havcr2 10.6395343238155 4.32047688342833 4.15235725773794
Alas2 10.1192139258561 5.48925636181119 5.07781530814202
Cmtm7 10.2158890607314 5.79282054137085 4.59225253378806
Mafb 10.9468667556878 7.57266711072242 5.44805980364559
Blnk 11.7867853033936 6.63495128961432 5.60485203004455
Tmcc3 9.49652683269657 4.97851685051305 4.78993015310496
Vrk2 8.70364139558783 5.17744011833797 4.38657261514678
Alox5ap 12.5576931349978 7.16199818102932 5.93383308976098
Fyb 11.7070682335866 6.39994455708588 5.94534205742618
Sepp1 13.7057662789234 9.78416001654104 6.15407209909417
Ostf1 9.94396609736292 5.43465419710019 4.61325012875764
Ctla2b 9.98817720392032 4.27405812275546 4.12628936666399
Hspa1a 11.8296568285311 8.34590506517616 6.31339258060741
Ccdc86 9.43763910532246 5.74278399422482 5.28024739331154
Zfp36 13.4710413836478 7.49285146142963 6.31264859802839
Abhd15 10.2572440975652 5.27224936845712 5.20991867422414
Lmo2 12.1333491829634 8.40092162245585 6.4905952446922
Cyba 11.7795222099381 5.18842924415108 5.04087833523046
Wasf2 12.354976901621 6.91685577628863 6.61416185249544
Scarb2 11.803604636935 7.28461542513562 6.41227789710147
Ptpn6 11.5568573976642 7.53352282645925 6.98094283923668
Tec 10.1464631671626 6.65199300149239 5.89916905084272
Cd52 8.87459768254704 4.79055644589149 4.47631974825769
Irf5 10.4986359523617 6.41001236459071 5.54664154350696
Naip2 10.6906973938164 4.5449335634771 4.39533848131938
Anxa3 12.8939144704404 5.8917362691118 5.06627077729923
