Cd24a 12.5610415167067 9.06292371601819 8.97646391651848
Mcam 9.59521154969639 5.79085102528927 5.34093084780546
Htra1 12.5026054865691 8.96384385908173 5.57295149557489
Hspb8 11.9825747917881 8.65464492383031 6.09613847110761
Irx3 10.6067487740216 6.27701378090172 5.30431628070096
Anxa2 11.7022593281692 7.94290989314512 7.78673841425108
Lgals1 13.1040061279892 9.26860557850685 7.79538830013949
Prph 11.3710843180706 7.70738775910737 4.94804710084311
Prss12 10.9632763592632 7.39600839343887 6.36210334242783
Uts2 9.41308063344634 4.85764882310346 4.83595232304255
Slc18a3 11.7152211508049 4.98119017331762 4.77808730408303
Calcb 12.6901914103932 5.84586191361545 4.33522250911655
Sh3bgr 11.6324995356339 6.83345529263641 4.79586293736095
Isl1 10.5877319093866 5.29382187203404 4.74819686683171
Nts 9.91677970845241 6.49138405689047 5.01464804676468
Hspb1 11.76558264524 8.24286990443941 6.50639579588834
Medag 8.91534447061658 5.44459598108891 4.28349779238467
Calca 12.0483406782928 7.65799114911966 4.29009674775743
Spp1 11.4610430050214 7.57668491583551 5.99370256127737
Trhr 8.30812763779678 4.8292625115143 4.02017803761459
Kcnj14 10.6481224632483 5.44386377210749 4.64129847365378
Rspo2 9.96617813360072 5.39499644739728 4.79065890371325
