Tmsb10 9.91504618928623 5.8985648182158 4.27052206226547
Trpc3 11.1154470709977 6.54912417713016 5.41570282958752
Sncg 10.3710370267893 5.01634919030742 4.64622717606166
Resp18 11.5082268788034 6.89260617289378 4.55588736535
Sln 9.12776809113818 5.06758801326584 4.85496302004878
Slc5a7 8.36621630378275 4.86752741226648 4.65719966095264
Slc18a3 11.7218714381624 5.28142682524013 4.59138500227344
Ecel1 11.5563391030906 7.00763629466679 6.11969542237714
Ache 11.6851932724442 6.87566259706563 5.49794843011465
Stmn2 11.2506300880972 7.37526901012375 4.35928003514246
Zic1 11.6523736348133 7.07213888104507 4.92006631164311
Lhx8 12.0444595608912 6.62303034683596 4.19142203565888
Tacr3 9.33662065924176 5.3142265661336 4.468984149696
Gpx3 10.7470109390913 6.82354430362841 6.62488577667853
Fkbp1b 11.880934913933 8.0741319504501 6.44853947952998
Crabp2 10.3934408547527 5.69381635009121 5.1883863082013
