Itpr1 10.3377688657532 6.58332632193119 6.33372086806021
Arpp21 13.9741008871847 10.4880106734576 5.92994804113651
Gpr88 10.9816202066279 7.14614942413033 3.9113870437773
Camkv 11.9036477810784 8.04852884061807 6.29079776924674
Itpka 11.4989724385399 7.18959785165347 5.05263543359462
Baiap2 10.4668808779958 7.01803633759638 5.85675371697158
Rab40b 11.8687807569867 8.31828594932541 4.38110231355515
Kcnab1 12.6979711316952 8.5731584772261 5.85147366339218
Bcl11b 11.400365229007 7.81345270796054 5.16708403999037
Ppp1r1b 12.4063898253221 8.45367208107571 6.83901169403779
Rarb 10.7653820162898 6.35757931296153 4.80560338871989
