Junb 11.5499826198348 8.22519036428006 4.71925275414393
Cd83 13.2161047162533 9.66864759244226 5.50718641775948
Sipa1 11.028832104782 7.39784520252189 5.94929027249497
Socs3 12.8477426387797 9.48064354176178 3.97488239695901
4632428N05Rik 12.9633024758073 8.72034502152509 4.88099037483565
Spint1 10.3283172527647 6.99939085980028 5.19977833685543
Irf8 12.5462653592052 7.56960293350871 5.32800149679747
Parvg 10.4281853264487 6.72590069180533 5.28395836741506
Slc40a1 11.6873175794834 6.99397737074491 5.04026189421042
C1qb 13.3809165744448 6.78257125551698 3.80475735007392
Ccl6 10.4831140019336 6.96310616375551 4.08981519219104
Cd14 13.3794861542207 9.08258002015048 5.67512950391319
Pycard 11.7530559991681 7.52917867879991 5.0396221054261
Slc7a7 10.9326702827516 6.64466252633687 4.72924054896229
Srgn 13.2795222117037 7.39064193911756 5.19539098608713
Nfkbiz 12.6921044506167 9.17274409772691 4.23326026453072
Tgm2 11.6702792723547 7.6894381164647 5.43020120917246
Plek 13.0385446953369 8.75279855237208 5.37284997401153
Rgs1 11.3590498478886 7.10655618774568 4.4261477174357
Snx5 12.5419589726741 9.1506871449098 5.27274546087807
Fcgr1 12.2955371160684 6.70070917809256 4.32470063209442
Ccl9 11.4677327663853 5.39516713578984 4.59081851606479
Tnfrsf1b 11.7452188608572 7.01925742602661 5.84867159918034
Inpp5d 12.4577394438636 7.9771661865135 6.00666827115444
Tlr4 9.57555684780965 5.87411015385946 4.11355948580548
Aif1 11.8214348072249 7.0099506971094 4.67673670652545
Syk 11.3160084368777 7.42252228731303 5.85088094151972
Crybb1 12.2648088011919 7.01288979303636 6.29849242930339
Fcer1g 12.6718396223893 6.9981839636435 5.4832114888625
Ctsh 12.87251521366 7.63796304777926 5.012271525316
Gpsm3 9.55595780536678 5.86137205047857 5.02985345941942
Ncf4 10.7292352869563 6.68310775228969 4.98171449659727
Lcp2 10.4089431447829 5.97122831108902 4.65910666646342
Ngp 12.7574775005176 7.38308271638493 5.0027480572582
Spi1 10.4190424481911 6.80242488313522 5.82971787395963
Csf3r 10.4683520496493 7.07589171484745 5.04669165865379
Ms4a6b 11.2554621340409 6.1986691691124 4.63495223803839
Cxcl10 9.72683118350032 5.73274219826877 5.0855798640727
Lyl1 9.96552235514374 5.84639266808952 4.86819858374731
Ptpn18 10.3344380846283 6.70185039869147 5.89491675261123
Tlr2 11.9276981137555 6.73897690443904 5.3112433561739
Serpine1 9.65311808101758 5.92909789032113 4.41591134181341
Mlxipl 10.5385226388773 7.1031905158438 4.71699739938689
Cd37 10.9003612304416 6.74253229358666 5.43623718543259
Map3k8 10.2772018482877 5.63172363082624 4.56583512050309
Myd88 10.6605178444686 6.77723524319567 5.63305197153765
Ccl12 10.6391731596107 4.86634508815115 4.28827382147512
Pon3 9.25424963832735 5.73147649164603 4.22350334069156
S100a8 13.1710031765985 5.76813881674369 4.52381973172066
C3ar1 11.7048817822179 6.71078821162226 5.18837738514191
Fgd2 12.0963667807367 6.77586847358307 5.70613643760872
Ccl3 13.5359936909524 6.9758148288609 4.46578135019015
Ms4a6d 11.4841310922632 5.58451528595324 4.48418785905209
Ier3 13.5124048716238 10.0517399706414 7.24533363241864
Camp 12.4507582747533 6.02221161345163 5.2942647147207
Klk8 10.1827990465209 6.14511200722437 5.37624786977189
Chil3 11.4871946767607 5.40529079769404 3.87754152480374
Arap3 9.99309938625579 5.55027836322475 3.9894213332151
Tlr7 11.1537008662761 5.59679348176338 4.71990095208582
Slc11a1 11.3948658681908 7.30517980067749 5.2102522364506
Ccl2 9.3887194295731 5.58520044735604 5.09228301768685
Cd86 11.6527693006629 6.22171484622785 4.71105149249163
Gpr84 11.5263505075912 6.4378005125329 5.31862397677432
Trim12a 8.39694276788024 4.44074980341415 3.92708262738743
Slc15a3 11.3995649353571 6.03262658038342 5.19635904328302
Rel 9.43208070521036 6.02868066963245 4.6878516146155
Rbm39 10.2573002722239 6.7704084697837 4.63951069166058
Lgals9 9.69958847858634 5.84035417460811 5.09442421235381
Trem2 11.303795824757 7.48824357030001 6.10559545780441
Birc3 10.6915102166933 7.28377214096423 5.97431511058814
Igsf6 8.83394697282607 4.59884420070876 4.09067989753833
Samsn1 8.81738530496463 5.13916707306363 4.40932344054167
Il1a 10.5376640185961 5.81907068449818 3.99605804708107
Hpgds 9.22775583355141 5.78974947512444 4.95836668715213
Naip5 11.0978070538461 6.10945675228134 4.09838420364028
Ccl4 12.6588721873418 8.12431805520109 5.66480610466957
Stat6 10.468465477124 6.69535113629003 4.17079590314836
Clec4a2 10.1399334143348 5.29692437741548 4.82520039472056
Fli1 10.1221580891138 5.13916707306363 3.73964082700457
Ptprc 12.4924457080349 8.18866056317589 4.20817434265509
Fosb 12.0153263432166 8.11625616579885 4.7408585753261
Ccr5 11.6775104276773 7.15035062784841 4.36181166510798
Il6ra 12.6762370901779 8.15512250280799 5.2938611280529
Pla2g15 12.3402771280608 8.47939891142437 6.33239115219416
Ifi30 11.3741036101554 8.00444240356075 5.54897651982205
Gpr34 12.0465417111213 7.04570363842545 3.85904479806624
Rnase4 13.0645450224258 9.17723756512559 5.40660338555592
Hfe 11.261965590755 7.84656488770693 5.17644670358565
Cd84 9.79853579725004 5.15058636042562 4.36501040466521
Ly86 13.8484382572477 8.68908260769408 5.37828407709315
Vav1 10.4988780096262 6.04739882502396 3.99298483311763
Cfh 10.9189995251726 4.6436853195722 3.47929584892715
Tnfrsf13b 9.55249902249023 5.37878707775448 4.25909738756217
Entpd1 9.36332417160173 5.7593667199441 4.16824412376027
Ptgs1 12.1460566579667 8.25196822048792 4.50715733875927
Lyz2 12.6255399097117 7.91419762123782 6.16716111934374
Unc93b1 11.2638153754962 7.36056925453934 6.05664186486289
Edem1 10.5468048765477 6.64640771789616 4.49338219311199
Icam1 12.0835121128031 8.18621280482204 4.56409718137659
Rcsd1 12.3327371826167 8.35431516704654 6.28754296186478
Cd177 8.34962699286364 4.65723950481414 3.91350536383067
Casp8 9.75678338176791 6.39335672734074 4.52505570312949
F11r 12.1396861374846 7.6643408509556 5.59113350061398
Lpxn 10.7275528959061 6.6699215606673 4.41547112882727
Siglec5 8.28941632201165 4.27089155834937 3.84443841037087
Fcrl1 9.22764356004362 5.79689547844996 5.11790449270439
P2ry6 11.5574667748729 6.49954892671124 4.25043147765259
Tgfbr2 12.4393744689228 7.67471185630845 5.17139256524868
Adap2 10.5722797031115 7.19500271743872 5.0894824151789
Capn3 10.3369957490321 6.16841198514844 4.30633576106091
Arrb2 11.4983554070217 7.94805657410379 6.11779112462257
Pros1 11.4603712254362 7.4492049762275 4.59267440220279
Arhgap17 10.9767981793134 7.15852012547967 4.79698215534418
Trim47 10.0791566495733 5.81785872974815 4.93415229055291
Sash3 11.249005723635 7.41787620822483 5.33604411663408
Themis2 9.99513496121799 5.97912940421017 4.99314776482928
Mpeg1 13.5931395335038 8.76531829045449 5.84665692255892
Cd48 9.95999221182058 5.29798403551863 4.347713029525
Fes 10.5551239260507 7.16724772309763 5.60392808718667
Cep152 9.74520694836984 6.07077454696459 5.43499094001026
Ccrl2 11.3826980615646 7.50031460974523 5.4154016345009
Lcn2 12.0118513639671 7.72293400851163 4.13454938939421
Tmem173 11.0989726590541 7.7165822004313 5.87224744263363
AF251705 11.9378287827213 8.0911343518996 6.38573553985069
Hmha1 10.4292840746509 6.98763858863666 5.47809395900007
Rhoh 10.6886747062572 5.94948250364945 4.74812303438626
1700017B05Rik 11.7630363477309 6.56912762351883 5.39521947029444
Lair1 10.6341607739461 5.75567526072341 4.74047402134941
P2ry12 12.3417720061336 8.73945527851456 4.3720735570862
Pld4 12.0162068213804 7.19733735021099 5.2709558105238
Fermt3 11.255187597153 6.47715884417116 3.73138871401849
Ankrd44 11.6555430067368 8.18312917463275 5.07292728190118
H2-Aa 10.95884712019 5.68137362406339 4.43575273714263
Fam105a 11.8141138102905 8.46632874390598 5.47886672342491
Cd300a 9.78331319123392 5.90106288046022 4.75964609091385
Lyz1 12.291433368859 8.70856385941475 4.36036663170678
Clcf1 8.66818372368241 4.08181804082303 3.70746687759558
Il10ra 11.9204835825207 6.09891758803774 4.72611077372118
Rab20 9.47961105235741 4.89198588532982 3.82200920841575
Grn 13.5694893497197 9.82061955232524 7.1386941842415
Ifngr1 12.0120817823602 8.51383420970396 7.19411570852554
Ppp1r15a 12.6842681011032 9.21745427391835 7.2531300056047
Olfml3 13.5589885962411 8.18350581854891 6.12417836775767
Ncf2 10.9678841319022 6.56751553846196 5.2575735280323
Cd53 12.647448770815 8.6306483484664 5.03211748831674
Fcgr3 13.39521832835 9.22669357552983 5.30131428413475
S100a9 12.5433488948648 6.30541860080714 4.6620665966236
Klf2 13.0114488593516 8.48522001009719 5.08320816101696
Fcrls 13.5094801235154 7.7216568125516 5.32310718834226
Tlr1 9.47210882993985 4.88460414251727 3.89858322706903
Cd68 12.242490069775 7.01704683297366 4.49611751431169
C1qc 13.5863871767458 8.28071090093681 5.07160697142796
Hck 11.677853867497 6.76394552431713 4.8310451055729
Gcnt1 8.17673933531389 4.85179486796709 4.17403241130549
Casp4 9.24666718666705 5.319458167819 3.98732044311178
Lag3 9.95212609690159 6.46432756514976 5.26913346978839
Cxcl2 11.1862547067567 7.52797132295235 4.14508641766791
Ltf 12.2109361391241 8.10217498974386 6.26665933350802
Stab1 10.8319181809469 5.6843923127676 5.1083877873852
Il6 8.39447282799593 4.39918391727346 3.8145457623162
Mrc1 8.63837955832117 4.93357954088622 3.85766899415256
Itgb2 11.8272052895604 7.71358240566797 4.50848683910261
Ang 8.39410428367088 4.36262224245465 3.97571285700691
Tyrobp 12.8882077765556 7.22484488497191 5.37481297305898
Emr1 12.7324162108168 7.93295677652761 5.67249083187493
Nrros 12.2035612900789 7.69952049455345 5.31105251419238
Tmem119 13.7062504747088 10.3657537152618 5.75768301759237
Parp14 9.29651035265735 5.96841232370847 5.08161477291096
Havcr2 10.6395343238155 6.01387206320856 4.01692180375511
Cmtm7 10.2158890607314 5.8363527737102 5.15372343488928
Blnk 11.7867853033936 7.32824392551931 5.3092084214854
Alox5ap 12.5576931349978 8.5163578638855 6.02752098705401
Fyb 11.7070682335866 6.94173816432896 5.94873830689227
Ctla2b 9.98817720392032 5.83567796712374 4.05994191474842
Zfp36 13.4710413836478 9.02689900467949 5.64226212263904
Abhd15 10.2572440975652 6.59296879520272 4.68113298640264
Cyba 11.7795222099381 7.99181129001116 4.78859457420208
Ptpn6 11.5568573976642 8.2044449404628 6.33853455600451
Irf5 10.4986359523617 6.88987516702564 5.59852991710265
Naip2 10.6906973938164 4.91319643079354 4.3118531910947
Anxa3 12.8939144704404 6.69468001479522 4.82299370040985
