Tnfrsf19 12.7642431122239 9.01724124437238 5.27789499599053
Fkbp10 10.2624460048996 6.39288362083951 3.88783718727495
Vcam1 13.3937574356865 9.98714568598604 3.24919746732749
Cyr61 12.6930016376476 7.4279655671631 6.17856600428017
Gldc 11.9722587597634 7.99894817856448 3.16102248516076
Prelp 10.2269605457825 6.40020453490445 4.6055417675487
Elovl2 11.4664815023599 7.5927890591274 4.17434391434991
Lcat 11.94353125314 7.78386942085061 4.490035341025
Angptl4 10.2847939896505 6.7614926915461 4.75508010014745
Pdgfrb 11.0847835194799 7.22934897947146 2.731003359974
Ntsr2 14.6890660027143 10.5091979438062 5.58982372250042
F3 13.3038453137736 8.27330147009572 3.33461873101544
Fmo1 11.6190052244518 7.85950624949733 6.32839083546875
Prodh 12.3188409859533 7.50000468595703 5.18314569495826
Wwtr1 9.17177720212808 5.60010944112875 3.97612083281039
Gpld1 13.5287624255734 9.64171031182441 3.63975245220079
Entpd2 12.845239874356 7.94951682341146 5.85367106584689
Cxcl14 11.452055537888 7.90934457035713 1.56704057560457
Sdsl 9.94368417595823 5.94227301845591 3.23459029755524
Fzd2 11.8456583123786 8.02622830062556 3.56896197302271
Clu 14.6234677338107 11.0803851053911 8.39883022618437
Ptprz1 13.5172579592109 8.17616259467727 2.51989574423787
Slc38a3 12.9308055861639 8.49718980976866 5.54295397281758
Dio2 13.3538198601289 9.70939079518862 3.84058490866905
Fads2 12.6434180583231 9.02540152943432 5.43706869254677
Cyp2d22 10.9904114826687 6.35091250883411 3.52098866786452
Slc2a10 8.428244239798 4.61439321448729 1.4312125182045
Aox1 10.5400365733128 6.57286720815103 4.60460028795601
Nat8 10.5780560093454 7.12572206991778 5.06154480039125
Cyp4f14 10.7064870685731 5.62566780960603 2.86586545022189
Tmem47 12.1023945983491 8.2513536608852 4.12744951437445
Mfge8 14.3267465489862 10.978351749798 7.49510107914396
Slc7a10 12.9710118829552 7.80365447188986 7.18803428050041
Fgfr3 13.7983170025117 9.17446989568517 4.02940001890575
Papss2 11.1515561850145 7.30610875778941 3.53057916580629
Atp1b2 14.4159956002101 10.9744265884923 3.64340971079634
Phkg1 10.630161794178 5.41438761780274 3.12564191216739
Acsbg1 13.4464261834187 8.20421700557102 3.41969912081217
Phka1 11.6006117699748 8.08682114705703 4.5062817536593
Id4 13.9016388265527 10.4942848853143 2.00131567220845
Tpbg 8.56885613412202 4.70556154594924 2.18364436054295
Slco1c1 13.8074983327895 8.25116585346965 4.21081495528093
Agt 11.982888071876 7.53021469833962 3.01455862014178
Aass 9.58997304491433 5.37839929663912 3.70891361853482
Slc1a4 10.3605806973924 6.56680801126087 4.3416501687772
S1pr1 12.3416307852198 9.01280461425133 6.99454903814371
Cbs 12.3123582202353 7.68856191905566 6.24311138314517
Ccdc80 12.2538771184778 7.97842362683069 6.28753667519627
Tmem51 11.5454335635643 7.74490793533895 4.52490446464319
Aldh1l1 13.0454530930023 8.55050490336116 5.57042809847801
Lmcd1 9.38661110845817 5.94749327470037 2.6139179135686
Aldoc 13.0572183618222 8.53193649880919 2.25291505980323
Egfr 10.1646713018906 4.54196542437715 2.68726390165338
Sox9 10.1751196895234 6.43051528041591 2.05052005971747
Rarres2 9.59774205852365 6.06708200151328 3.81466749791703
Aqp4 14.0164866755657 9.48979800845723 4.20148214940401
Col4a5 9.82910533072949 5.64389514903609 3.94378707339886
Ppp1r3c 13.5504188057789 10.03967498335 3.57338548880225
Acot11 8.24518259090763 4.62383596477482 3.79950350813768
Amot 11.9003911612129 8.21218080389839 2.89133819889793
Cldn10 12.4485479039688 8.12479620908912 5.87930698649703
Cth 10.9316072629206 7.01909455550886 4.72248766070946
Slc1a3 14.1254598727761 10.6395924499443 4.12843811972793
Tlcd1 12.8510189845642 8.84879661431033 6.18919176368447
Pm20d1 8.56055965974401 4.1474710547579 2.545597948745
Scara3 12.3126392367391 7.91173159120127 0.825786218582423
Gabrg1 9.19462158516371 4.23544021490613 3.07300105749662
Ttpa 11.0829500160442 7.30395751921799 2.37497624999302
Atp1a2 14.4463600324139 8.9948121019283 5.61711510145359
Slc14a1 10.6090127727135 6.46249968004259 3.67416730268742
Btbd17 10.4406671923987 6.96157905481311 4.19963323277056
Tril 13.8548729876275 9.86646451566893 3.98516544617331
Gdpd2 10.1456070528274 4.31227170278953 2.60970087342201
Itih5 12.4609898466299 8.54891800210461 5.49050519196046
Ppap2b 14.9143731686583 11.5467815820081 6.15865773572374
Pla2g7 13.5711790647278 8.74840346049711 5.70628259002793
Lgi4 11.5983251604344 7.02034961010889 3.73510834763194
Lrig1 12.4430823356804 8.13307285735113 4.16466041725375
AI464131 12.5742454368573 7.51557692943049 2.00493551355611
Gli2 10.9547337337287 6.71217486612074 3.62840493713238
Mlc1 14.111488809085 9.26922350477633 1.09903640219331
Gjb6 13.9496737826117 9.50777051241514 4.26445478503393
Pygm 10.2502320116354 5.99955335844103 3.92034653423904
Heph 9.9856654280404 4.24179839803151 1.91224154445828
Hsd11b1 12.6432273085291 9.27336961064899 7.8903549802099
Ppara 9.10106728088433 5.11125186690572 2.99867647425292
Grin2c 12.1611779942229 6.4225277754437 4.38739647218578
Cyp4f15 12.0576141128209 6.331038006244 4.62849774185451
Slc1a2 12.2270662761016 6.68661236500147 2.38845386056451
Farp1 12.4359957006748 9.09452486849895 7.72411610823945
Igfbp2 11.7996617796806 8.16510789847222 3.78692482247058
