Slc6a3 12.4177864592145 6.84349893239256 5.30476224842823
C78859 9.23442881242744 5.14640550455977 4.27555024427316
Th 13.0147248179454 6.91219653501084 6.09173929514892
Odz1 10.1904182444189 6.54256623463735 5.27721586976148
Foxa2 9.19385115413599 5.50755085797184 5.15687934626131
Meg3 13.3411674025369 8.14651382660271 6.41952489427687
Ryr3 10.4329317581213 6.60842577076587 5.84433517337669
Rian 10.5293859154602 4.57742900209243 4.38344146171252
Snhg11 13.1899159391639 8.33925237681247 5.45950784587109
Chrna6 9.64826013464072 5.55100685026809 5.39871120720063
Cacna2d2 13.1810527336241 9.40340950774758 6.20871740759753
Cadps2 12.8310840766252 8.93536981686792 5.27175624318861
