Ceacam10 8.610759832207 4.78030655881883 4.04504608934255
Ccdc109b 9.00091424675738 5.48194245547816 4.65084356369221
Gdnf 8.72002553541619 5.06592942479274 4.65847016922826
Sgcg 9.52512791328822 4.71318930333629 3.64059461194174
Klk1b27 8.00632168274638 4.54146114488235 4.27813552870855
Hapln1 7.83258554721897 4.44825434785589 3.88865367431814
Elavl2 11.839035493152 8.25625288496281 3.96490990519268
Serpinb1b 11.4466203527729 5.72382018616748 4.76534613781618
Lypd1 11.5528616730544 8.20937666650685 5.89502223431979
Lrrtm1 10.7931299621001 7.01338508984095 4.62985166849414
