Gja1 9.75043318557756 5.70995139444461 4.83355603751042
Syt4 9.33281131346629 4.53588058690996 3.86508265428686
Olig1 10.393993501564 4.94267395664988 4.45571251673816
Pdyn 9.74933234378581 4.95936054833338 4.47009533305836
Cryab 10.3102223422278 5.98178316621349 4.54126802388311
Thbs3 9.95134172519015 5.79293967586583 5.30505553127977
Tppp3 11.8245469269887 6.43255258106359 6.05188372446234
S100a10 11.4343968312617 7.37920687746477 5.38630922358288
Tac1 9.83883154377687 6.50261560641129 6.4031271941467
Sox2 8.36825682043121 4.76176481865446 4.02289048661535
Mal 10.4117030278782 6.55012347748784 4.97646102442858
Dmd 7.74628156798482 4.3899933281271 4.02971559073028
Crip2 11.3292949305903 7.83056405461244 6.90578090877209
Fxyd6 10.5729697870172 6.30701103515871 4.99726832207823
Calb1 12.3217300330061 4.78792537784882 4.67871936313774
Cyb561 11.4511652817941 7.96271441512545 6.37893396497334
Kcna5 9.70159458585394 4.85170128676631 4.48555011534656
Cidea 9.21792903511368 5.57796888067588 5.26497331101893
Ngb 12.0024569906072 7.13067139750453 6.09694205458789
Lhx2 8.84991156912428 4.66055042700373 4.46972851436558
Foxg1 8.43316400088531 4.5078372292254 4.09641274833361
Tpd52l1 9.97588809741857 6.52295040209058 6.41839804832382
Avpr1a 9.75830556985873 4.96499563726236 4.54410037046675
Slc17a6 10.2388200122644 4.74998893114005 4.67799739691097
Ccdc109b 9.62830501126473 5.48194245547816 4.60991581707664
Ugt8a 8.6598777016048 5.06322721784675 4.28212134295299
Cacna2d3 9.94935140666593 6.53731894722332 5.37545566889236
Lhx9 9.5120360799683 4.40856064572107 4.21298870009105
Mbp 11.6408720239519 6.71381807963564 4.9836699271136
Lor 9.34878687948897 5.43585824604675 5.37978930384244
Hcrt 14.0906406844214 6.80817407659467 6.32617431199587
Epha5 8.94738513902989 4.9744495137663 4.92728134098285
Mt3 11.9748876606688 7.4986410313945 7.14360435121843
Nptx2 10.585617321731 5.85456584863225 4.46076987503009
Mobp 8.90640178273205 5.00560385847125 4.85630673533637
Nkx2-2 8.94233466106739 4.60273339192519 4.53710415592198
Pvrl3 8.54746761040645 4.92982118003775 4.86299432218081
Cckar 9.90540876509919 4.45658205688018 4.08965293982878
Pcsk1 10.6033407610247 6.89762862610278 5.25242821658728
2010204K13Rik 13.5118849974771 7.07473777311069 6.16402588034291
Rit2 11.8639864652505 6.57101740527757 5.76085122839262
Elavl2 10.9316460309391 5.70560622236284 3.96490990519268
Rprm 9.00184008311228 4.8670038589186 4.60013210565644
Nts 9.39960006510356 5.60827464352406 5.08174592298915
Igfbp3 8.66836629535509 4.38178781496626 4.35432729765126
Id4 10.3562150123008 5.64940942398735 5.19574794365202
Cbln1 12.5499014410621 4.44823340880057 4.4178371058257
Timp4 8.63570622562369 5.04055256512091 4.56855820664727
Nnat 12.0978895607504 5.56930854206673 5.31247118866322
Zwint 10.6752037124198 6.83401318918551 5.8850205430862
Ptgds 9.54642646917235 6.01571134796179 5.08517596147743
Agap3 9.19923168914385 5.69545520441552 5.64562317864322
Mmd2 10.3422645197584 5.59165052592536 5.20723195129449
Tspan2 9.25743084317543 5.19103455573539 4.98636577100943
Cdh22 10.6274380246699 6.03759077479275 5.77162362495849
Car8 8.90003966296841 5.04768305531926 4.73512015065282
Neto1 10.5325094045937 6.63935052569554 4.27921209180641
Plp1 11.3643124588534 6.24825944861692 4.57038510555656
Rab40b 8.83978518738463 5.05033838538401 4.55347271326116
Hmx2 8.1926120869854 4.38114288383851 4.29506341156164
Ddc 9.90137988534507 5.13898006844343 4.99845433010004
6330403K07Rik 14.2811007700053 10.7590041831769 5.49148890338074
Penk 9.78145130158225 6.26667264814503 6.23257394845997
Mal2 9.55084548920371 4.55426189174411 3.99793190726517
Tmem158 10.3280040432045 5.97142995038416 5.39302467905623
Tdrp 9.48836876348195 5.96440827321685 5.67259220913076
Rhpn2 7.26861064937293 3.86789349513386 3.85978372186451
Mela 9.87219582817043 4.3437115127413 4.13184622558414
Spint2 10.1529347668451 5.89834301357193 5.47016193753088
Arhgdig 12.0559336166344 8.56117045029588 5.50193212766277
Gpx3 13.3240817571882 8.15232185212871 6.64670614960687
Cdkl2 9.61529790028798 6.0062757222513 4.34104803764499
Rspo1 9.03822779509847 5.09091131447845 4.69490675597465
Trhr 9.95905547298926 4.61644280293262 4.05990402972886
2010005H15Rik 9.3907308834024 4.91918681149363 4.84274453591282
Dlk1 10.830644539162 6.58194439627557 5.69653759709951
Fabp7 8.69682469435824 5.21372209712263 5.04962740083975
Calb2 12.187991073054 7.78629306625772 6.4500255925184
