Calb1 12.6350400898368 8.38009990927782 4.46941389465773
Trpc3 12.1606395580813 8.63468696006395 3.84621397266885
Smpx 11.6700878528984 7.20591915006193 3.04712461596716
Krt25 11.4597256523392 5.88363474664982 4.41811676056894
Col18a1 11.6109186114695 8.25953752917466 4.54619752728529
Ebf2 8.51138689625413 3.80339773572301 2.30078985957526
Slc1a6 12.9736068691302 8.54626060922662 2.60021137634612
Corin 9.10821909998347 5.53258886397329 2.81652864287741
Slc5a1 9.59354537229268 5.80261255066887 2.09783653332046
Cck 11.8237591394852 8.26487101791312 5.39547606152553
Prkcg 12.8823064533151 9.52716948946111 2.88655345474115
Casq2 11.6818160833036 7.0370177114529 4.82527126637982
Itpka 12.7930113857952 8.74851320985591 4.41949676098298
Ptprr 13.0269893242359 9.264865841528 4.07586011386661
Sycp1 10.7924942541852 7.28497707101399 3.51235562852152
Ryr1 10.0007984417279 5.87467539040477 2.3822231160963
Grik1 11.2672247627703 7.77363222399772 3.34954780244235
Ppp1r17 14.1712579714268 10.4257210038333 3.88200737136639
Klhl1 7.7442220079516 4.32289539628868 1.82847436135215
Alpk2 8.06960874191018 4.24340116038724 2.62344774054598
