Golm1 13.1709345745481 7.03893465895834 6.4115931878505
Dusp6 12.2043335698759 8.47433220287798 5.18729524439091
Sgpl1 9.54910293773426 6.01156720121255 5.37971894513392
Junb 11.5780026398467 6.27734416864501 5.47096092051842
Marcksl1 12.1999211654877 8.3844658018933 8.18670808411159
Creg1 11.4502595824185 7.89931278463613 7.31666358693505
Lcp1 11.8463632704423 5.89182478055727 4.49796178262525
Txnip 13.6993914736524 6.42713752405511 6.15067504174386
Cd9 11.8962881279299 6.45942202714478 5.95191684946963
Cd34 10.5911587485583 7.10072922661347 5.0699662825655
Tpst2 11.1246231388186 7.59295545735264 7.5069966277961
Cd83 13.2264749464343 8.58953993727103 5.81572745829108
Mmp2 8.84546583079709 5.33939226310713 4.7902566778223
Sipa1 11.1257432146877 6.85855261675438 6.51118998626437
Coro1a 12.6004028717715 9.09338854660817 8.70911542244564
Btg2 11.4968904593275 6.00454665461437 5.98627289892518
Tnfaip2 9.08145533726492 4.39689988384971 4.35365136279419
Litaf 12.5127367018525 7.01000653133467 6.95413984387103
Cyfip1 12.6066769077138 8.26378858688417 7.08139948326488
Lamp2 11.6172171151883 7.44951771706449 6.15758229046077
Snx18 11.9105809619856 8.36451145053565 7.92143164776915
Ctsc 12.6065842886925 4.82976632932048 4.6250302288008
Cd82 9.38715719713112 5.56196554440556 5.51523728751535
Tubb6 9.94309885815544 5.74452693578798 5.58845128008718
Ier2 13.4150634942812 7.14137173523788 5.88703538849153
Nr4a1 12.1604408921049 8.25037047607438 7.71071824378083
Rab32 7.60118101811754 4.27896367589499 3.7823202247225
Pnp 12.8627608953087 8.68190611097167 7.59249444841843
Nfe2l2 11.3735710823378 5.92875366800065 5.70004285180786
Socs3 12.8363611039744 4.27301587211641 4.08701648731818
Sparc 11.723215805215 6.17866555946135 5.5097264451184
Scamp2 12.0782300087712 6.61583950423859 6.28126578820441
Acss1 9.58139552895345 6.15585899709455 5.39517157460909
4632428N05Rik 12.9592128362635 5.13649211734434 4.86529583753842
Slc2a5 10.7506339487812 6.33248104809112 6.31732459041273
Clic1 11.3846871257571 6.64228355733117 5.61397395158943
Plxnb2 11.1751053377305 6.56487120379269 6.04609358607576
Irf8 12.5606886061131 6.26760838649434 5.54156157738714
Mical1 8.88736256308852 5.2027511651598 4.92153022465356
Tbxas1 9.77227819439976 6.12141516414062 5.91913943716711
Slc39a8 8.3702572354114 4.25734155863146 3.75610529404513
Parvg 10.3224146114506 5.85468922184267 5.63010623580451
Mcl1 12.1472433486191 7.50705736090397 6.73825436372341
Rps6ka1 12.439882687873 7.40527708766674 6.64618100921647
Parp9 9.82908871348782 5.36121118765173 5.20048381238351
Tnfaip8 9.91373565516323 5.08683550426281 4.95634429401839
Fcgrt 9.65042068842126 6.27977093023209 5.86364676716977
Mfng 10.1100884876208 5.70592200802834 5.58031469883361
Slc40a1 11.6365802495677 5.80871654305429 4.99187255017454
C1qb 13.3846079047961 4.58091107617027 4.0714609392477
Cyp4v3 11.0721852303594 5.36092106100899 5.23557380564598
Qk 12.3621647632087 8.82971592400571 8.77416550996082
Syngr2 11.4559121689701 5.45013933714421 4.97384987826646
Pmp22 12.2653168767854 7.9815317729298 6.43608892326471
Igtp 10.5169764277721 6.87492883686002 6.10299284924528
Ccl6 10.223717633042 4.4771053082376 4.36559645549118
Cd14 13.3052539164274 6.00216069104751 5.91837203294987
Tnfrsf1a 11.3244537624855 7.13531712719926 6.97473242610112
Tob2 11.2284375997777 7.51620312117418 6.99143574164372
Pycard 11.8185468367102 6.00045665475129 5.52439109549827
C1qa 13.2380236204344 6.30471651133585 5.84642421205093
Il16 10.7022595486227 5.75914826928101 5.45618923356454
Slc7a7 11.052383619296 5.22938655628893 4.83966555120798
Klf4 12.698526861476 5.03961925528466 5.00129571971553
Jun 13.1567215574815 7.30117684852807 5.99888905670498
Srgn 13.2509970787582 5.89015807171308 5.12070589449629
Myh9 12.5865032254667 8.0806718019647 6.93876744848306
Nfkbiz 12.6860754101133 4.91077355332403 4.38197334838297
Tgm2 11.7718766956168 6.09014525511166 6.01933729803047
Plek 13.0669588958399 7.6896476417308 7.31208111699663
Itgb5 13.3318370523038 5.15580120419889 4.85845975991236
Elf1 9.08676867890006 5.20441793811826 4.664429917896
Cln3 9.94836220653156 6.1515121583543 6.05947077427907
Slc15a2 8.84529439707958 5.51629772297508 5.28024322509341
Rgs1 11.2541972267774 4.57923808331909 4.43879354528909
Rac2 9.75239695917386 6.21747517045082 5.94346447140167
Nfatc1 10.1057640630075 6.24894947544272 6.13541377733496
Cd79b 8.31573716498709 4.9384448291885 4.78986938002804
Snx5 12.5628056055199 8.97798673488699 8.31626126465653
Elk3 10.4901390004177 5.05010105193147 4.72876806118673
Soat1 9.02708526356189 5.36887317274252 5.02194627761638
Laptm5 13.2497958585741 5.77719929811265 5.57685872639437
Ptgr1 10.0953671914278 5.50523576998421 5.25748405541927
D17H6S56E-5 9.99291673904863 6.47732468230867 6.0771725815117
Ctsz 13.0341451754765 8.81297939745918 8.03399323889529
Fcgr1 12.3056772228307 5.16115330624013 4.77655989204575
Slc16a6 11.601886645942 7.3255503933135 7.2016849706247
Pdlim4 9.4700059993897 4.7833100868391 4.69526211638045
Ccl9 11.5606702750711 5.41501127140394 4.88605418567048
Trim30a 9.82440837349698 5.25668756465427 5.15853848776954
B4galt1 11.050190662426 6.17764952021503 5.91286288900785
Nrp1 10.4416176811946 6.72108262458973 5.2587195499827
Tnfrsf1b 11.5849644137814 5.96724811237269 5.79734059037314
Inpp5d 12.5199395399242 6.78401039335144 6.3465757729795
Tlr4 9.52419084436795 4.34034386266164 4.28105014309074
Pmaip1 7.94812896443572 4.52674106741617 4.01086862533954
Aif1 11.8782125697407 6.94034524326688 5.70976095118032
Il15 7.4967535230896 4.10210404088001 4.08045904872657
Lims1 11.3895886323577 7.38757057354998 7.36864092728163
Syk 11.2305153374971 5.81392848175845 5.76681356400056
Klf6 12.1614928848338 7.72106718518256 6.28163088415049
Crybb1 12.3010895138039 6.48446208380372 6.29904010297652
Fcer1g 12.6409109862305 5.89442311524062 5.8667308997616
Ctsh 12.8519091129382 5.33133470871456 5.29705286588782
Gpsm3 9.66649074936397 5.47244161893756 5.38282912745424
Ncf4 10.7081144474155 4.99888376448365 4.78202309995127
Ggta1 10.3145780373454 4.24991050409265 4.06544563511735
Calcrl 7.84138491604448 4.40804164620677 3.97001090432429
Lcp2 10.3889718130272 5.0915848727776 4.95795541702184
Ngp 12.4329204009581 5.42162567263913 5.28972366878229
Spi1 10.2850028049619 5.93944548201743 5.8405120134841
Atp7a 10.1404314445784 6.09896934061477 5.39444112535113
Csf3r 10.4703586336665 5.17552349545262 4.86895536570706
Irgm1 9.78478714225044 6.40698656446735 6.134905784895
Ms4a6b 11.1222234312687 4.76777619268664 4.67773338699593
Hcls1 8.83239317939796 4.92485028134647 4.68765152740539
Abcb1b 8.00305280287427 4.66151911731949 4.46030071334022
Pabpc1 11.1513836653323 4.24854141435483 3.90831049027965
Cebpb 11.6879517821222 7.62980847025108 7.31062263780864
Plxdc2 12.0633823649962 6.56626670330392 5.89365452682372
Cxcl10 9.83264446685726 5.29423995219812 5.20908018416509
Maff 10.2395219098757 6.63301220886762 5.83147242928738
Cysltr1 9.33333349087416 4.02690013957459 3.93664906588044
Cebpa 9.88957255483431 6.15805996219437 5.51721463455367
Cttnbp2nl 11.7204560544011 6.92176277146154 5.74495665352952
Lyl1 9.97533629065994 4.94356694342161 4.78669381613256
Ptpn18 10.4025712369028 6.18879037758092 5.96572196319887
Tlr2 11.9268402473875 5.5548683311552 5.36461661505407
Serpine1 9.52331793271942 5.12108883391532 4.6081601589122
Mlxipl 10.549742788076 4.93379137625991 4.61627966222547
Cd37 10.9048574016166 5.62436501212292 5.53742607625527
Map3k8 10.2849700718244 4.75428298595746 4.49665486501836
Myd88 10.7278217724093 5.99638424913798 5.50445030924971
Ccl12 10.5112043294489 4.52294910618211 4.5047383988535
Jam2 8.80820666224123 5.32518117415627 5.11840159002177
Arhgap4 9.36525554969312 5.47197596206395 5.41484788126801
H2-Oa 8.7917936065526 5.14399396756993 4.68137196486037
Pon3 9.20297150005047 4.33939942614546 4.23843462669304
Slamf9 11.1882832385642 6.41971360370428 6.14070640954043
S100a8 13.0395448654869 4.89220338755639 4.87033989273492
Il10rb 10.7116513838826 6.96610612290815 5.31854425262658
C3ar1 11.7072754362155 5.51912712146865 5.38469926942836
Ripk1 10.1243899929041 5.71432209678895 5.30299837139765
Fgd2 12.1304825880125 5.82242868112958 5.80394275340433
Rela 11.8428094359349 7.13185380685139 7.05785288268594
Ccl3 13.4953964323281 4.63298092848701 4.5145229353056
Ms4a6d 11.3799791784438 4.81205824678879 4.48548826112252
Tnf 10.0055468588953 6.27929987780005 6.15471068615717
Was 8.0303356973264 4.53575958802754 4.31882925123526
Ier3 13.4963591841383 9.76531285886071 7.46709310103449
Nupr1 9.93831898336817 5.659286889878 5.64352756423091
Camp 12.113738407204 5.62500259050018 5.42879535540861
Ltc4s 9.78168546230716 6.16766829995881 6.1116102610304
Klk8 10.2464469222101 5.56150426057055 5.53155283820922
Chil3 11.1159878878753 4.32750581539042 4.00190665246335
Arap3 9.86775374576886 5.06470379124692 4.59377903878712
Tlr7 11.2112407400947 5.04163067191303 4.74324030187078
Csf1r 14.0460007158016 7.24620300160681 7.10053567008531
Trim25 10.8969751411857 7.46694499386098 6.10051692080243
Hpgd 12.0107499612859 6.74995157127285 5.37078348628504
Rab3il1 10.4710400563943 6.79260167622488 6.14550334914115
Mcm3 8.92535440058905 5.2340862025104 4.73974424509567
Nfkbia 13.5863871767458 10.1655105152561 9.62299952443958
Gdap10 8.80480802896476 4.53001305425268 4.21256724378224
Slc11a1 11.4154854568916 5.47996628518015 5.29330344217603
Hnrnpa2b1 10.315155226878 6.7400155878572 6.05191353903648
Ccl2 9.49866288250659 5.38531475109238 5.27055337174595
Cd86 11.6419705628058 5.19869796557502 4.86832722226449
Prkd3 9.70383275414416 6.05001914132533 5.44188126483546
Gpr84 11.5935377294956 5.50043800062681 5.40118422799383
Vamp8 11.9027573726861 6.72417484691436 6.01578375088587
Tcirg1 11.3257053795282 6.74996480208176 6.54975634991913
Sqrdl 11.0518617676912 7.65485689820845 5.97138540861905
Trim12a 8.5835260320544 4.24841337914755 4.17980912038532
Slc15a3 11.5219827541908 5.55063382710645 5.31324267909792
Clec7a 9.36335652990378 4.98249610048595 4.69425502989555
Rel 9.30153835661437 4.98539296794802 4.65418793577816
Tsc22d3 11.4721491337919 7.93115156938408 6.14798056599611
Sla 12.3378861062474 6.10124777269947 5.50080279507209
Tgfbr1 13.4953964323281 6.93178351474195 6.2274668370916
Snap23 8.47917138557207 4.85840790788335 4.49384709293845
St6gal1 11.5108116293154 7.58470990871382 7.43705616598927
Asph 11.1131392793095 7.04721654519992 6.33464487048999
Adcy7 11.9646243532397 6.561656013859 5.30564788237593
Rbm39 10.4094928984617 6.58504102359191 5.88080697205769
Rsad2 9.55409990020448 6.09503511329433 5.79949363175475
Gpr56 11.0473777353108 7.3991530847188 6.95464510014111
Lgals9 9.80576100376818 5.26210432556983 5.1545154205645
Bco2 8.88551273021649 5.41039074856535 5.02781481114022
Trem2 11.528689695107 6.51290212474773 6.27535962342488
Gna15 8.93153578094543 5.37092170166576 5.24872201947956
Myo7a 9.61565808015342 5.915115109541 5.64458011484646
Birc3 10.7521481640029 6.32629094471252 6.05085655284057
Igsf6 8.68495551282954 4.43419756196937 4.27575736470742
Samsn1 8.95535277925432 5.16972656260348 4.59974231558742
Il1a 10.5450729398403 4.16998372013779 4.14503477651949
Hpgds 9.14123713383759 5.35746389260065 5.16902513616466
Naip5 11.1347547074536 4.34198363524874 4.24422387428064
Ccl4 12.7516225784521 5.99414238530605 5.81397059681829
Itpr2 10.8613975316724 5.8060970442943 5.39208699622998
Stat6 10.5031698578152 6.24306127498268 5.58054915341867
Phxr1 9.60550945602768 5.76291302301269 5.574053441795
Tapbp 11.4240903434095 8.09347929468764 7.18603397034822
Msn 10.7217422633417 6.29466124549451 5.90981309974371
Abca1 12.0785728549459 6.54167985598931 6.38749400142976
Adam17 10.581995677351 6.16433768839839 5.12469459153471
Dapp1 10.626591308075 5.24800940286344 5.17385388037573
Clec4a2 10.1190075949126 5.04970167152291 4.87785474137573
Fli1 10.0832277034328 4.38407465554254 4.00843050739834
Ets1 9.75745818736726 4.22485146791151 3.98916165566551
Itgam 7.64683147867138 4.31219723643223 4.30780206382235
Ptprc 12.4215732421658 4.8215079903143 4.42885031424886
Fosb 11.9818678393755 6.53211959795612 4.72290540804826
Ccr5 11.7087776692335 4.6046459951252 4.5883441793886
Il6ra 12.6405285425734 5.80569421561902 5.60944429479669
Tgif1 8.50458243562559 4.67949631418371 4.47747328408161
Pla2g15 12.3512186582331 7.91275920397729 7.09402922984112
Itga6 11.5906633280243 6.1362221326812 5.78356319112767
Ifi30 11.4062018650154 7.22335726229366 5.5185680694931
Zfp36l1 12.7019764996359 6.32651875627444 5.45039650532347
Id2 12.1636087237592 8.56559479505673 7.54771336499088
Gpr34 12.142699851518 4.10617776415483 4.01683262454796
Rrad 10.0026571297703 5.79566000150859 5.26686907963174
Cr1l 11.6955153199688 7.98070243782139 7.64436901181358
Ndel1 9.26249492481989 4.38893673728035 4.28865322243466
Rhog 11.2037880767617 7.17986919078272 6.85207667382936
Rnase4 13.0771643703574 5.33685581766547 5.00903519534389
Hk2 12.3164140648536 6.07403769023774 6.00553803727501
Hfe 11.3196450739578 6.96018806660694 4.99122716662112
Naalad2 9.64837692903074 5.52390023492644 5.4078337448229
Pik3cg 10.1537853547168 5.34639286838557 5.23220067076376
Zeb2 11.4350095719432 6.6615135775199 5.20568837968067
Btk 9.58917222158551 5.63260230024968 5.34017678263377
Tlr3 9.63659550839082 5.22840048762789 5.20264776299487
Dock2 8.86389566600281 5.28826705705924 5.03956576881412
Prkcd 11.3607793398998 7.76686510119836 6.35544664913918
Mertk 13.0985151577591 5.64566444832722 5.38949810527599
Cd84 9.96224237530016 5.03386057490861 4.80631639280196
Ly86 13.8305038298173 5.5018167310791 5.493145402671
Vav1 10.4997459843954 4.37615145127969 4.35048666633863
Pag1 12.6736213180298 7.97311163365688 7.35141255436564
Fos 13.9327205870223 8.49266605444805 7.67735983029548
Cfh 10.8438396260437 4.13036774577888 3.64151895625799
Tnfrsf13b 9.66545251361214 4.49671764723093 4.49469799712092
Cebpd 10.5744174492867 5.54558185894975 4.56340564289625
Luc7l2 10.6746402351895 5.60800633796211 5.25162781387765
Smim3 9.32886126195367 5.90412938629708 5.56073382310441
Hhex 10.060418644213 5.30092429822604 5.17305820835896
Entpd1 9.58873000960094 5.40179949455084 4.34094514239679
Ptgs1 12.1626150793908 5.46156153778069 5.22364877670744
Stk17b 9.80355004387352 5.42882082570269 5.35597027892979
Frrs1 10.6966078261321 4.91877304546152 4.87099791994934
Lyz2 12.5660138290276 6.39520880474407 6.20062162867971
Ssfa2 10.4026641404164 6.61399722134557 5.96377520630038
Ccnl1 12.9368942943523 7.77510633262552 7.20319938546355
Galnt4 9.11869231898454 4.85893686172522 4.72723795218052
Ctc1 11.7422487728519 7.71137186318576 7.20410965021277
Unc93b1 11.3066168079527 6.14920860796241 6.11631927422651
Mob1a 11.6304802850351 7.87781863110786 7.36985110700241
Cmtm6 12.2803328178186 6.69083734873699 6.44487935605358
Sfpq 11.5708095722532 5.44174801847053 5.32527199517399
Wls 8.21516176510327 4.66931136549202 4.63438749022251
Tmem63a 11.3727165126659 7.16505018663381 7.02909491887614
Tspan14 11.2007785813707 7.06676535449867 6.94134496237628
Lpcat3 11.4786154330381 7.09715317962329 6.75466116425185
Pxn 11.8612215849744 6.73774577232502 6.26360448642474
Hvcn1 10.2856187487951 6.40541027666049 5.42055508293202
Srsf7 12.1714156611169 8.80421969906869 8.55930568791553
Edem1 10.5644676490564 6.05596498339094 4.86553750846668
Icam1 12.144222640413 4.97733626542547 4.55978540368089
Ptbp3 11.2952745829932 7.94267127834665 6.55609749540767
Prkab1 10.8728158992286 6.94392898275314 6.84329558452534
Rbl1 8.51194870241016 4.86368311328043 4.54171923150741
Rcsd1 12.3223507478265 6.77359018690255 6.56564765879617
Tmem140 8.46080936763924 4.53321178069336 4.43001677361396
0610040J01Rik 10.8106638816197 5.80922368787322 5.54169370882333
Cklf 11.3324839569912 6.2314355309806 5.50352495242217
Cd177 8.01898297885642 4.21523345614051 4.0234600515294
Casp8 9.83591177234681 4.90584944438709 4.50999360127006
Tmed5 10.4601759587631 6.86432780620335 5.98760782416937
F11r 12.1638127271072 6.01243450646349 5.78045706404404
Eva1a 8.63294613398656 4.73636376005887 4.55826078320553
Mfap3 11.4258563297422 7.88037439081131 7.49885010558038
Reep3 10.7593284719606 6.43627263396874 5.58701448513498
Tor4a 10.4213155961976 5.4899878042657 5.13938004271245
Trim34a 8.69868770830196 5.33765743312795 5.10543748485031
Lpxn 10.730982217212 4.80897171964684 4.38509943618206
Siglec5 8.337886172674 3.93215737393257 3.88369797389123
Mylip 12.3804927223987 7.52412474402753 7.36363057680379
Cflar 9.90032647661365 6.54931609303875 5.92853643603915
Fcrl1 9.27554865404005 5.25821213215406 5.25789424445342
Lifr 10.914871574386 7.47797628099699 7.29656453514603
Csf1 9.80595405056766 6.01772335593579 5.9738595891356
P2ry6 11.5909433501351 4.46341050867734 4.37680647085991
Wsb1 12.1955534450875 7.89453566529345 6.61530848760495
H2-K1 12.7949568117272 8.77886834977019 6.55536874904094
Slc3a2 12.5439222171533 9.05423611346606 8.05992372638525
Tgfbr2 12.4312251246194 5.89810303284415 5.81354441401174
H2-Ab1 8.4512011309411 4.91466340883653 4.47867762269432
Prpf4b 10.2022154854581 6.60181948964085 6.08900263023983
Ceacam1 8.73427463823456 4.43574066636368 4.33014690534856
Mlph 9.52478746573067 5.26609163388035 4.93164147404257
Ncf1 9.01873662127703 5.21406273976271 5.19772989345189
Il13ra1 9.69650941211153 5.53393419506404 4.98413164264531
Adap2 10.4876327911899 5.34273620226972 5.16834255762599
Akr1b10 8.35430474274704 4.57454822916086 4.45320626569735
Lrba 12.293139019726 8.87188774155938 7.13022697732833
Pld1 10.7880824610021 5.75794997019871 5.57692316178268
Pon2 9.26937417743214 5.51331953225089 4.7370252239187
Ggnbp2 8.88683207954564 5.56044816773287 4.6791069002594
Capn3 10.437566906065 4.79016104295097 4.65300016917328
Gem 8.28009388336886 4.35821360652606 4.03201977330131
Tor1aip1 9.84392113236668 6.48599109260947 6.13167954823391
ND5 11.9712888648361 8.06657152315289 8.0412286461257
Rrbp1 12.1135184174842 7.85935681515651 6.57684707704338
Clk1 11.9971319270739 7.62321481223803 7.4741078644485
Vwa5a 10.3690918760756 6.44915518824009 5.02781176717124
Glul 11.9439234863599 7.44239189139623 6.87893454994713
Arrb2 11.5161791808491 8.02054020420874 7.12634359239976
Pros1 11.4244912078995 5.21720300712568 5.18769408348503
Rin2 10.1302854085197 6.22284997495916 5.92654899532552
Tifa 10.6649959627868 6.01427669968978 5.71635918297763
Arhgap17 11.0358082941061 5.31930183902329 5.15255916973575
Phgdh 11.0663668828628 7.51601731159532 6.85625043348829
Appl2 10.6944160799334 7.33355534704466 7.32176521277497
Parp12 9.52345845288495 4.99981401422992 4.79265370119648
Trim47 10.122871565472 5.25364230898077 4.97231971142445
Lgals3 8.71732817427299 4.74662981351912 4.70673703342859
Ddx26b 12.2655895521916 7.94055581115077 7.64071050078662
Slc25a45 10.8783954265567 6.21904495258971 6.11207853953932
Plcg2 11.2395812321787 7.19800470879415 6.65984370077006
Ccdc93 11.589408707358 8.04828017349221 7.954516583951
Mlxip 11.0131464704826 7.2754597494516 6.43003386184636
Sash3 11.2528818012755 6.03379943234135 5.30744954959369
Themis2 9.94919523666928 5.23629603901397 5.00004331269954
Stard8 9.02643397069546 5.61314332736658 5.16043989791737
Mpeg1 13.5339312443488 6.18437202915691 5.79522901500353
Hspa1b 12.7328150924375 7.72191181391677 6.60770021745629
Xist 12.7732517233129 4.44045159776551 4.22344930490513
Cd48 9.99176185857167 4.99675913394029 4.59528435919178
Akna 10.5978331936346 4.89823581546065 4.89309006482165
Sult1a1 9.92143049281146 5.06639554614138 4.68196563683638
Fes 10.5840546362038 6.06906683289755 5.87916760223326
Cep152 9.68353142517718 5.5598947514141 5.21298049667039
B2m 13.2088860971046 9.73579358010716 7.43400484457742
Gsap 7.5615053421719 4.17364335687345 4.01909083290291
Ccrl2 11.4107831106411 5.59009218019556 5.34493303386695
Lcn2 11.7182561949748 4.4510386181755 4.42774675067197
Hbb-b2 7.86146929235822 4.42457410971555 4.09123115108851
Gimap6 8.28896486111756 4.62804682670306 4.47722340132577
Myo1g 9.04216166021584 5.08375798039114 5.01951086030578
Tmem173 11.1696407087511 6.1161730047233 5.97428034391883
BC028528 9.01173787915138 4.93099908240157 4.75464786217034
AF251705 12.0057126252299 6.70922229468536 6.37052247765447
Arap1 9.17388595229217 5.80865412031819 5.36314169612963
Hmha1 10.4487011332694 5.65539505575889 5.58559165295948
Rreb1 9.66195512280759 5.70476368925943 4.98049354369945
Gmip 10.2055870255081 6.09450582340918 5.68614552655426
Nckap1l 11.1526856630168 6.59462856429892 5.35729756569364
Abcc3 9.7509259850256 5.29785236234742 5.01046928957816
Rhoh 10.7637079698635 5.12120483310803 4.92143384141036
1700017B05Rik 11.7522974287947 5.76487543813706 5.49566801048963
Srgap2 11.7585843286276 8.31810612995884 8.19881784824069
2810043O03Rik 8.32709215618797 4.15971504073296 4.02985336659734
Gusb 11.4803411718158 6.59665121124455 5.07798400050875
Lair1 10.6612900224916 4.7702013920808 4.38743430951063
P2ry12 12.4385715566921 4.72172948064035 4.55256172454724
Apoe 11.7960795852016 7.73904057634912 7.56128600265341
Epb4.1l2 12.5432840929574 7.25262543226195 6.38373479167513
Pld4 12.1700437011819 5.55555305492759 5.27525286835019
Lrrfip1 10.7224886700699 5.49955373901248 5.38161117192237
AU020206 9.79768698851007 5.88180218174539 5.25863037036178
Fermt3 11.4207362066657 4.82391988942775 4.47404116581323
Tgif2 9.9426138283241 6.19498164937234 5.89229442308194
Ankrd44 11.5679366187782 8.16587847457597 5.70941459660633
Kctd12 12.099676793357 8.50514912147079 6.59690116385926
H2-Aa 11.2644036954394 4.65539986004757 4.56150382750577
Fam105a 11.8820924454901 8.42841058047162 7.55766577928136
Cpne3 9.50290347799534 6.0676568839644 5.74117378211776
Herpud1 12.5116726598182 8.37515129018309 7.49724899421553
Cd300a 10.0530239896872 4.84381658023793 4.84242177458315
Tmem71 7.83337212150143 4.23477250399787 4.10889890788657
Lyz1 12.2502412289951 4.95018248791441 4.35977059106288
Zfp110 10.6738601357144 6.97450697372122 6.55215626305596
Clcf1 8.68466038510135 4.26396923492288 3.85590611048833
Adrb2 8.29734945321406 4.43736849735236 4.32617094469581
Hmgb2 9.04290768492065 5.64346600199412 5.55197171684542
Lrrk1 9.1635528470806 4.80182229438883 4.70719994730894
Zfp36l2 12.4004422821899 7.01646163011907 6.08962934443365
Il10ra 11.9867649941734 5.27321270751659 5.08600087447737
Hexb 13.9214339669789 10.4784948811777 7.46247706311522
D530037H12Rik 10.4018822600769 4.21289604854878 3.97152110123042
Rab20 9.64744268247702 4.20089568417823 4.05994026157957
Slc9a3r1 10.5341792603602 7.06582498873014 6.55728964950037
Vim 8.20604281286246 4.55826828734788 4.24776425005705
Grn 13.6303783372944 8.78383024160784 7.42541761800705
Mavs 9.23385264584594 5.49448329793071 4.3295186765076
Bach1 11.7684659473826 7.89862816150867 6.988181864149
D9Ertd306e 8.20712585253381 4.00242784367631 3.96024307921581
C79242 8.41316050528701 4.43625229299284 4.42716284993226
Fam46c 12.2421510197398 7.33014480730021 4.77330806453909
Ctsa 12.9644748360344 9.18330475160487 8.56535582022683
Pald1 11.0128320429645 6.07630237359728 5.94732325860681
Ifngr1 12.016051864462 7.33883923666164 7.17891354198099
Ucp2 10.8156159051053 6.90355293909786 6.77684545737071
Tcn2 12.1195930224409 6.77129098479459 5.99862938815271
Anxa1 9.64055143138413 4.55376635141448 4.54941062333577
Cmtm3 10.0110497819572 5.69037157838632 5.60149334057146
Ppp1r15a 12.6593601245383 7.99993453568607 7.30154711795565
Slc15a4 11.356384012252 7.74897413112789 7.36850302937351
Dhrs3 10.8328899765314 7.07376886058195 6.23106745531239
Lrmp 8.89491220593798 4.6295394714956 4.50798753586952
Olfml3 13.5644607358692 6.25257216047864 6.02345443801225
Pla2g4a 9.55730250855793 5.12459997264068 5.05280650713317
Ncf2 11.109264808914 5.67475876299974 5.58772356184123
Il7r 9.22711297999003 4.93494956106398 4.87552084310284
Ctss 14.1223387589978 7.64544255897854 7.21869973307826
Cd53 12.6270729328698 5.5226502824144 5.49076301513881
Fcgr3 13.3874319809845 6.0396655266117 5.89319914689225
Hps4 12.4456398299555 7.88297983550435 7.62392134455101
S100a9 12.2965410503709 4.87331473641727 4.77803029414473
Dusp1 14.1813580097059 9.56875151160849 9.17404058513155
Traf5 9.0214474215703 5.61879001231807 5.60189548750766
Lgmn 13.4068999504885 9.79756404841762 6.97485401370684
Klf2 12.9915058739807 5.32939249034198 5.05343320988804
Fcrls 13.5200887013828 5.73497916162348 5.69255133343924
Trip6 9.31751803635675 5.75066966531527 5.46256579556556
Tlr1 9.55990391864875 4.15260610569977 4.10660564277426
St3gal6 9.54566709615045 6.17913101080923 5.43507565296334
Selplg 13.492313873689 6.72652355155848 6.52644504177746
Cd68 12.2825968841945 7.31792566195154 5.31250214197696
Gpr65 7.85611733273235 4.2868059845193 3.93945233412405
Ebi3 9.38512048892932 5.87317997869545 5.5362958558257
Csf2rb2 9.46516272602394 4.51904804501011 4.15216241446612
Atf3 13.3007390383143 4.8634613956869 4.85125476535721
Il1b 8.75804374629313 5.41206361016086 5.30627275484534
C1qc 13.5695399365939 5.86168290746827 5.45078595352658
Chst7 11.0545300964632 5.98690015135668 5.57858034061929
Hck 11.7192724128215 5.68873171631606 4.75535197916167
Gcnt1 7.89240442650036 4.40178631149205 4.38801955280202
Casp4 9.17977855891737 4.3313728493086 4.05479992317188
Lag3 9.94342037341401 5.70824569020226 5.60377833860915
Cxcl2 10.9236295592129 4.21909679758293 4.20969818108598
Ltf 11.9771261319803 7.90573664118435 6.23039263871359
Cx3cr1 12.8322911670036 5.70855841387439 5.57024287305881
H2-D1 12.6856010965553 9.08190351477622 6.47402943615092
Stab1 10.7835801182221 5.52601514419263 5.32552443271399
Evi2a 12.5801879760248 6.26806475541783 6.15457960929328
Il6 8.3523884587654 4.09084501438593 3.86508246108666
Pdgfb 10.6620659529342 6.32401068561719 6.19552229392003
Mrc1 8.47267687587698 4.29938946376234 4.09544120195649
Cd33 8.91751905662005 5.07251932447912 4.95332591969353
Itgb2 11.8281947861841 4.99219951032332 4.69509157843825
Rgl2 11.0627483576315 7.20301941562941 6.97095968233505
Psmb9 9.49408509768935 6.08021514848771 5.77793389988791
Adamts1 11.3973807177838 5.60535043346131 5.39781785424659
Ang 8.67340897437916 4.11004817845378 4.06541033021904
Sh2b2 9.32069277757714 4.60714110608196 4.56692024124971
Tyrobp 12.9035612805634 5.93312419721515 5.77519446879251
Ptplad2 9.63817330010533 5.41120355992349 5.38102705412913
Slc29a3 11.6835560124248 5.52992166178156 5.49669185116455
Pbxip1 10.3716503756831 6.52730823428331 6.36527241978679
Emr1 12.777781853873 5.63970253929158 5.47048364341308
Nrros 12.3519497751025 6.04736926809573 5.78028546064021
Tmem119 13.699678559052 6.06025487814168 6.00890178945786
Pnpla7 10.5843197435089 5.81818732056327 5.30405494317591
1810011O10Rik 8.37120216738482 4.37578590308052 4.32771424453883
Slc46a3 9.85031592896195 6.30381887890665 5.98914092633752
Parp14 9.10437062254361 5.12582900737535 5.12571917363736
Havcr2 10.710530075929 4.49411229052177 4.35793312912391
Alas2 9.97256535353661 5.05750877526294 4.99776780788271
Cmtm7 10.4036329494645 5.18258346953301 5.16049326872902
Mafb 10.9849900615298 5.72767734379953 5.21946423794451
Apobec1 9.7227717478305 5.36243508982938 5.34862387596903
Blnk 11.8079240962002 5.9504942725828 5.62296924775796
Tmcc3 9.16895367720384 5.3592721556806 4.9630687294602
Notch2 11.035203297165 6.61194791084865 5.58441472359457
Alox5ap 12.5749967599795 7.65791617022246 6.13214220129823
Fyb 11.7159427823204 6.0202198064282 5.91538957094251
Sepp1 13.725757445204 8.71440742288445 8.12199713200797
Ctla2b 9.94438247489242 4.51530966856923 4.23118541170703
Hspa1a 11.9245276178108 6.26249521881082 5.56363460119091
Slc37a2 8.79282849614854 5.37426434053129 5.20457432154348
Zfp36 13.4960506681509 6.33000882246772 5.77649638214332
Abhd15 9.92497435981129 4.84034352758757 4.80360806303463
Cyba 11.7749627835735 5.45533018614834 5.08701286299106
Wasf2 12.4660305697947 7.3988459194584 6.74581986852188
Scarb2 11.7293389223241 8.40160190746456 6.7843572893399
Ptpn6 11.3292345329635 6.65044837755063 6.59802514068948
4833441D16Rik 9.33372525445037 5.06814891735621 4.58300004158353
Tec 10.1967601761071 5.60316978886372 5.08047866732108
Cd52 8.83934325002235 5.19227017109408 4.68104852834142
Irf5 10.4417221455899 5.83961009748346 5.80180074443641
Wdr81 11.507769957771 7.7090231686231 7.50954944777719
Klrd1 7.52307482814316 4.0995904118308 4.05886155684447
Naip2 10.8151812852359 4.62296896193577 4.33762068591109
Anxa3 12.9131833282778 5.40803426631157 5.15614007453875
