Satb1 11.5619161689621 7.57093571301455 7.03650103894373
Pvalb 11.686934339121 7.65199714800226 5.88898694666131
Sst 14.2064566787267 8.0263945380412 6.12678354643154
Timp3 10.1926310060006 6.25718029312883 5.70209629845332
Npy 13.3454508642041 7.74007530596092 5.62751487733732
Lgals1 12.2721601262823 7.88522404514306 4.56342709410163
Dlx1as 8.90259504179084 5.18346497499075 3.8709530866611
Slc8a1 10.1950343963781 6.79997605111811 4.76140244140905
Arx 10.4072598695743 6.0087849281542 4.07630246068734
Col19a1 10.7576780703524 4.8900608518398 4.21215933013769
Gad2 10.1894812521186 6.59803617135614 5.9410461746866
Igfbp4 11.8971065152113 8.34195517657038 6.36730512528099
Lhx6 10.9293485821738 5.65461018702893 5.41293718893485
Rab3b 11.4455737716884 6.87027904441548 5.47214274045868
Ache 10.4180193965632 6.34999102714592 5.09302770919609
Slc32a1 12.6253178651895 7.48691300287716 5.06690288872955
Socs5 12.2654551442923 8.55601148189477 6.83092492958332
Cdh13 11.7798765224806 7.90744757918764 5.45944602991447
Pnoc 10.8248174031488 5.66889454607985 5.5829328354135
Olfm3 11.8039589714852 8.07916323967458 4.80871849163406
Kcnmb2 10.2238167462415 6.49649376599669 5.29742375594661
Grik1 9.15476661666847 4.84612273116443 3.82859243787073
Fhod3 9.57646488405029 5.81018546632273 4.68365582810921
Rpp25 9.7856099246939 5.03430400684048 4.61921769954192
Reln 13.5398897525198 7.80504434669272 5.84157656088717
Cort 11.9208752264714 8.07386088152852 7.09635743705365
Grpr 10.0510154067124 5.86450192340341 4.92469754090548
Klf5 9.66698150148354 5.52052422578392 5.26213323494141
Rgs8 11.6832234331956 8.26816486599557 4.7854524861273
Nxph1 8.99316321790731 5.53456395092237 5.350243782718
