Gsn 12.1538717073581 8.28108073473025 4.97041412380627
Cldn11 11.0349167809827 5.34241020421403 4.18080813692929
Trim59 11.0610812373358 6.29651604079339 5.54354386679947
Olig2 10.5843431343094 7.10488215165191 4.26450175502446
Apod 11.7001829797444 8.21518328298971 6.52921096082449
Lpar1 11.038982950628 7.45631523230995 5.8735891097759
Mal 13.656374052483 6.98369275516245 5.10911898429884
Grb14 11.5705125765303 8.17674096406951 5.35603632630792
Ppp1r14a 11.6022706669175 4.72937177096691 4.19609894490694
Ugt8a 12.3914358994481 6.11980788298815 4.28212134295299
Mbp 14.1825352896798 8.67976467308769 5.58496970335413
Ndrg1 12.5202436176094 8.16709248698857 5.15473128849856
Mobp 12.6618935756381 6.34400173740595 4.76959987625576
Gamt 10.9183558985937 7.42291099315304 5.92864743380059
Ptgds 11.3600504477583 7.00339043257155 5.49538438625344
Pdlim2 11.8954111962425 8.38313546985625 5.57569236185909
Lims2 11.0440022744429 7.50663603953977 6.74430117744349
Tspan2 12.3631991387793 7.63792877591604 4.98636577100943
Slain1 10.647476693881 6.63283063961202 3.86114617590751
Sox10 12.3561749485595 8.65620116190939 6.79154814410186
Plp1 13.4096173331081 9.11264763710545 4.56186495022143
Ddc 10.5078154691065 6.10406154211914 5.08202552190478
Fa2h 11.6493844938721 8.22673281352471 6.06144965488036
Nkx6-2 9.42156764850023 5.25260098806109 4.95526510138348
Anln 10.2329441960872 6.20732197750863 4.65919978138414
Erbb3 9.68758275757437 5.88697747710411 5.35815937912192
Plekhh1 8.45566845550125 4.91591991079646 4.50359813246566
Mog 11.2370507936461 4.38767531165709 4.12014231826306
Josd2 11.0887266510803 7.20214819287517 6.30641555162243
S1pr5 10.5873209446891 5.28012691256975 4.18161982504653
Adamts4 9.67646889037723 6.29745761231561 5.36068414234117
Mag 11.352087227841 7.61598841716767 5.97551042234804
