Dkk3 11.5544347527442 7.48066486314397 5.64579752311257
Fezf2 10.4449998091769 6.24444003497524 4.69620183608295
Ndrg1 11.2859607696717 7.53776570550454 5.02169872311955
Ldb2 12.0472865602491 8.15452717373303 5.5444708577885
Grp 12.3612810384536 7.43982551814485 5.22237117131539
Sorcs3 10.2773629523514 6.88999041769805 5.80654435040984
Tyro3 8.60759600297959 5.24914884019297 3.61947523787487
Nov 13.0920894852042 6.24230497962868 4.62130309534623
Npr3 7.91901817853702 4.40387337664652 4.21699391994206
Pde1a 11.6913226498101 7.18837257771765 4.85129757510522
Dcn 13.6147851663269 6.35400889996612 5.78096307834299
Nr4a2 10.0379034895891 6.000340757865 5.20343116594217
