Trpc3 11.1154470709977 6.34021632623283 5.41570282958752
Sncg 10.3710370267893 5.17256023184483 4.64622717606166
Resp18 11.5082268788034 6.73019757652339 4.55588736535
Sln 9.12776809113818 5.06758801326584 4.78382512835853
Ngfr 9.85644166275627 6.31539893218664 5.90940413946509
Elavl2 11.7075896990092 8.06128505216904 4.12768536404255
Slc18a3 11.7218714381624 5.28644870094331 4.59138500227344
Ecel1 11.5563391030906 6.96707696533787 6.11969542237714
Ache 11.6851932724442 6.83547635569359 5.49794843011465
Stmn2 11.2506300880972 7.60888060024431 4.35928003514246
Zic1 11.6523736348133 7.07213888104507 4.92006631164311
Lhx8 12.0444595608912 6.39940716915919 4.19142203565888
Tacr3 9.33662065924176 5.16668037078086 4.468984149696
Arhgdig 12.1280187170227 8.69053999709971 5.61311435488029
Gpx3 10.7470109390913 6.82354430362841 6.46838156894993
Fkbp1b 11.880934913933 7.90698157042616 6.44853947952998
Crabp2 10.3934408547527 5.81610997971793 5.1883863082013
