Ddr1 10.4878833042614 9.50747770774802 3.55450070301302
Gja1 13.6340628409758 9.50747770774802 3.55450070301302
Plat 10.2608048244268 9.50747770774802 3.55450070301302
Gsn 11.7717462202623 9.50747770774802 3.55450070301302
Stmn1 13.3799681776073 9.50747770774802 3.55450070301302
Chgb 9.32204886953529 9.50747770774802 3.55450070301302
Mgst1 11.751546440195 9.50747770774802 3.55450070301302
Npdc1 8.64183293583397 9.50747770774802 3.55450070301302
Tnfrsf19 10.036702852952 9.50747770774802 3.55450070301302
Ndn 11.3841576020639 9.50747770774802 3.55450070301302
Atp9a 10.1695782975446 9.50747770774802 3.55450070301302
Bcar3 10.0828025390051 9.50747770774802 3.55450070301302
Scd1 11.9188039004135 9.50747770774802 3.55450070301302
Sqle 11.7230590900941 9.50747770774802 3.55450070301302
Hey1 9.36887804999765 9.50747770774802 3.55450070301302
Cldn11 10.4503639648205 9.50747770774802 3.55450070301302
Fabp5 10.2600418156479 9.50747770774802 3.55450070301302
Lrrn1 11.0290711316217 9.50747770774802 3.55450070301302
Map4 8.64075028965408 9.50747770774802 3.55450070301302
Nsg2 10.0229608032597 9.50747770774802 3.55450070301302
Sparcl1 13.4193060525436 9.50747770774802 3.55450070301302
Trim59 10.3119120747709 9.50747770774802 3.55450070301302
Prnp 13.9149785512024 9.50747770774802 3.55450070301302
Olig1 13.2063046898406 9.50747770774802 3.55450070301302
Hmgb3 9.72830945021873 9.50747770774802 3.55450070301302
Plekhb1 13.2702630757297 9.50747770774802 3.55450070301302
Il33 11.024582750472 9.50747770774802 3.55450070301302
Ptn 11.3885825444019 9.50747770774802 3.55450070301302
Fstl1 10.3014742634837 9.50747770774802 3.55450070301302
Olig2 9.01491036394285 9.50747770774802 3.55450070301302
Capn2 10.6174749799615 9.50747770774802 3.55450070301302
Nfib 10.6771874812262 9.50747770774802 3.55450070301302
Serpinb1a 10.2694021596859 9.50747770774802 3.55450070301302
Adk 10.8838495518663 9.50747770774802 3.55450070301302
Gsta4 10.7720576753144 9.50747770774802 3.55450070301302
Apod 11.628216156501 9.50747770774802 3.55450070301302
Pcx 9.81947306478598 9.50747770774802 3.55450070301302
Gstm1 12.337613386464 9.50747770774802 3.55450070301302
Plin3 10.4103221579499 9.50747770774802 3.55450070301302
Cpq 10.7102160037711 9.50747770774802 3.55450070301302
Cryab 12.5106805735666 9.50747770774802 3.55450070301302
Aldh1a1 10.7225326489005 9.50747770774802 3.55450070301302
Igdcc4 10.5969376775648 9.50747770774802 3.55450070301302
Gad1 8.12096590127213 9.50747770774802 3.55450070301302
Thbs3 8.78538353521147 9.50747770774802 3.55450070301302
Me1 10.0188390030446 9.50747770774802 3.55450070301302
Plod2 9.92128349538871 9.50747770774802 3.55450070301302
Snap91 9.16587801580852 9.50747770774802 3.55450070301302
Rnd3 8.57293771358705 9.50747770774802 3.55450070301302
Tppp3 11.4651937581885 9.50747770774802 3.55450070301302
Efs 8.70955527861878 9.50747770774802 3.55450070301302
Bcan 12.2039900008578 9.50747770774802 3.55450070301302
Htra1 13.4641970250425 9.50747770774802 3.55450070301302
Pfkm 10.6634643929207 9.50747770774802 3.55450070301302
Osbpl1a 11.3466069669699 9.50747770774802 3.55450070301302
Snap25 10.1871936009328 9.50747770774802 3.55450070301302
Tspan6 11.4160883881247 9.50747770774802 3.55450070301302
Pcsk1n 9.53968023847979 9.50747770774802 3.55450070301302
Sox2 9.92127726460456 9.50747770774802 3.55450070301302
Sdc2 11.1495422669103 9.50747770774802 3.55450070301302
Acot7 10.7088394844978 9.50747770774802 3.55450070301302
Hspa2 10.1909991191698 9.50747770774802 3.55450070301302
Angptl4 9.45148704864586 9.50747770774802 3.55450070301302
Lpar1 11.5524867386205 9.50747770774802 3.55450070301302
Pdgfrb 8.6673016260612 9.50747770774802 3.55450070301302
Ntsr2 13.6620264781799 9.50747770774802 3.55450070301302
Eif2s3y 8.34628181333517 9.50747770774802 3.55450070301302
Fah 10.2840430280013 9.50747770774802 3.55450070301302
Mal 13.2741505470528 9.50747770774802 3.55450070301302
Dmd 9.24956407268504 9.50747770774802 3.55450070301302
Sytl4 8.11930004952784 9.50747770774802 3.55450070301302
Sorbs1 11.7163122192563 9.50747770774802 3.55450070301302
Bex2 9.38912967978354 9.50747770774802 3.55450070301302
Elovl6 10.0455632971056 9.50747770774802 3.55450070301302
F3 11.1510974721609 9.50747770774802 3.55450070301302
Nap1l5 12.1783757474604 9.50747770774802 3.55450070301302
Kcna1 10.5890311543021 9.50747770774802 3.55450070301302
Gpd2 11.5367439711453 9.50747770774802 3.55450070301302
Calb1 9.29801876824422 9.50747770774802 3.55450070301302
Rab33a 9.61833882850085 9.50747770774802 3.55450070301302
Fyn 10.0170643101348 9.50747770774802 3.55450070301302
Ncald 9.91995519885944 9.50747770774802 3.55450070301302
Ackr3 10.5049973622644 9.50747770774802 3.55450070301302
Slc6a9 10.9570169364469 9.50747770774802 3.55450070301302
Rsph1 10.6304728264651 9.50747770774802 3.55450070301302
Grb14 9.91858889079471 9.50747770774802 3.55450070301302
Ppp1r14c 9.73697375843869 9.50747770774802 3.55450070301302
Cplx1 10.5232511119666 9.50747770774802 3.55450070301302
Wwtr1 9.55129623288962 9.50747770774802 3.55450070301302
Cep19 11.0731135709963 9.50747770774802 3.55450070301302
Fhl1 12.0835027121567 9.50747770774802 3.55450070301302
Mapt 10.6852618592028 9.50747770774802 3.55450070301302
Sirt3 11.0442217070871 9.50747770774802 3.55450070301302
Vldlr 9.06053283667638 9.50747770774802 3.55450070301302
Abhd3 11.6247178679885 9.50747770774802 3.55450070301302
Cpeb1 8.26629066312025 9.50747770774802 3.55450070301302
Nrarp 10.9681529773093 9.50747770774802 3.55450070301302
Bhlhe40 10.3815709912982 9.50747770774802 3.55450070301302
Nap1l2 8.33012985985481 9.50747770774802 3.55450070301302
Gpld1 13.0748375802457 9.50747770774802 3.55450070301302
Cfl2 11.5680856308551 9.50747770774802 3.55450070301302
Prkcz 9.73753344487054 9.50747770774802 3.55450070301302
Ppp1r14a 8.24479010149147 9.50747770774802 3.55450070301302
Chd3os 9.49839461823888 9.50747770774802 3.55450070301302
Stmn4 13.0272028881149 9.50747770774802 3.55450070301302
Dhcr24 9.8489127289843 9.50747770774802 3.55450070301302
Nr2f1 9.07116909684068 9.50747770774802 3.55450070301302
Ina 8.6665708715894 9.50747770774802 3.55450070301302
Gstt1 9.47131697290934 9.50747770774802 3.55450070301302
Pfn2 12.1689982448972 9.50747770774802 3.55450070301302
Omg 12.3509198574988 9.50747770774802 3.55450070301302
Hspa4l 9.96904400601651 9.50747770774802 3.55450070301302
Entpd2 10.7486678770038 9.50747770774802 3.55450070301302
Rlbp1 7.61715227544734 9.50747770774802 3.55450070301302
Apcdd1 9.24021997251911 9.50747770774802 3.55450070301302
Larp6 9.03609773079254 9.50747770774802 3.55450070301302
Tnfaip6 8.22912718337754 9.50747770774802 3.55450070301302
Sh3d19 9.30068605481012 9.50747770774802 3.55450070301302
Matn4 9.19030779695542 9.50747770774802 3.55450070301302
Aspa 11.7407736583431 9.50747770774802 3.55450070301302
Nap1l3 8.26104135390596 9.50747770774802 3.55450070301302
Fzd2 9.45212252831857 9.50747770774802 3.55450070301302
Wasf1 9.2596847016157 9.50747770774802 3.55450070301302
Nrsn1 10.5220735112657 9.50747770774802 3.55450070301302
Astn1 10.7455586428086 9.50747770774802 3.55450070301302
Clu 13.4331786509305 9.50747770774802 3.55450070301302
Mpdz 9.47284859661172 9.50747770774802 3.55450070301302
Ptprz1 11.7709458202382 9.50747770774802 3.55450070301302
Slc38a3 10.4931549550185 9.50747770774802 3.55450070301302
Psd3 10.0689500638079 9.50747770774802 3.55450070301302
Mapk8ip2 9.58647031430825 9.50747770774802 3.55450070301302
Sh3gl2 10.4330291897828 9.50747770774802 3.55450070301302
Cds2 11.7971782299257 9.50747770774802 3.55450070301302
Rdh5 10.3315349411287 9.50747770774802 3.55450070301302
Cdh2 8.67292482109917 9.50747770774802 3.55450070301302
Eno2 9.15517901699406 9.50747770774802 3.55450070301302
Fads2 10.4736794437346 9.50747770774802 3.55450070301302
Cyp2d22 10.219628731792 9.50747770774802 3.55450070301302
Rtn2 8.87449337526306 9.50747770774802 3.55450070301302
Ugt8a 13.2211453750094 9.50747770774802 3.55450070301302
Gstm7 9.20670311773855 9.50747770774802 3.55450070301302
Tmeff2 11.8406460202667 9.50747770774802 3.55450070301302
Timp3 10.2890949435197 9.50747770774802 3.55450070301302
Serpina3n 10.0766762010691 9.50747770774802 3.55450070301302
Hrh1 8.94705986054836 9.50747770774802 3.55450070301302
Dtna 10.7089604085453 9.50747770774802 3.55450070301302
Sptbn1 12.2155675762176 9.50747770774802 3.55450070301302
Ift81 10.5806684280773 9.50747770774802 3.55450070301302
S100b 12.1566152590565 9.50747770774802 3.55450070301302
Aox1 8.41888187717579 9.50747770774802 3.55450070301302
Magt1 10.0903457094586 9.50747770774802 3.55450070301302
Fam19a5 8.64617754464904 9.50747770774802 3.55450070301302
Kcnj10 12.9326359714502 9.50747770774802 3.55450070301302
Bbox1 10.8344476490361 9.50747770774802 3.55450070301302
Mbp 14.2811007700053 9.50747770774802 3.55450070301302
Gabrb1 12.633172897346 9.50747770774802 3.55450070301302
Arhgap23 9.82133739563179 9.50747770774802 3.55450070301302
Mark1 8.64696707702488 9.50747770774802 3.55450070301302
Kif3a 9.97485494150794 9.50747770774802 3.55450070301302
Atp2b2 8.70566213318335 9.50747770774802 3.55450070301302
Tmem47 10.1649872838665 9.50747770774802 3.55450070301302
Rora 10.3918372580021 9.50747770774802 3.55450070301302
Ndrg1 12.9684982911633 9.50747770774802 3.55450070301302
Ntrk2 13.0227423479392 9.50747770774802 3.55450070301302
Ptprf 12.1560625797801 9.50747770774802 3.55450070301302
Fgfr2 11.5086578716246 9.50747770774802 3.55450070301302
Pard6g 10.2920136343669 9.50747770774802 3.55450070301302
Gucy1b3 8.49037036718456 9.50747770774802 3.55450070301302
Vsnl1 8.89578995839197 9.50747770774802 3.55450070301302
Hapln2 9.43589859498702 9.50747770774802 3.55450070301302
Mobp 13.3989777169114 9.50747770774802 3.55450070301302
Irx5 8.38905375958736 9.50747770774802 3.55450070301302
Cyp7b1 10.0627343374642 9.50747770774802 3.55450070301302
Slc7a10 11.6941831451905 9.50747770774802 3.55450070301302
Trpc1 8.42392503773964 9.50747770774802 3.55450070301302
Ldb2 9.02358417073659 9.50747770774802 3.55450070301302
Nkx2-2 8.79950595704017 9.50747770774802 3.55450070301302
Pvrl3 8.21515352880578 9.50747770774802 3.55450070301302
Cttn 11.3939305449885 9.50747770774802 3.55450070301302
Myb 9.28829832559283 9.50747770774802 3.55450070301302
Dzip1 8.68896505024413 9.50747770774802 3.55450070301302
Syne1 10.5210675783889 9.50747770774802 3.55450070301302
Sytl2 9.92389022577865 9.50747770774802 3.55450070301302
Rapgef4 9.94759160805777 9.50747770774802 3.55450070301302
Enah 12.7608551487694 9.50747770774802 3.55450070301302
Vcan 8.26466042566027 9.50747770774802 3.55450070301302
Gpr19 10.6903696768336 9.50747770774802 3.55450070301302
Epdr1 11.674380908604 9.50747770774802 3.55450070301302
Bace1 10.7392408091723 9.50747770774802 3.55450070301302
Ak4 9.12380558027852 9.50747770774802 3.55450070301302
Fgfr3 12.2984844236111 9.50747770774802 3.55450070301302
Elavl2 7.34978935816293 9.50747770774802 3.55450070301302
Pdgfra 10.5007025247745 9.50747770774802 3.55450070301302
Nedd4 10.612701409263 9.50747770774802 3.55450070301302
Ncam1 12.0051792938579 9.50747770774802 3.55450070301302
Gria2 8.98409234548489 9.50747770774802 3.55450070301302
Atp1b2 12.410349689257 9.50747770774802 3.55450070301302
Zbtb20 12.0310781422507 9.50747770774802 3.55450070301302
Klf9 12.7455571511234 9.50747770774802 3.55450070301302
Igfbp5 11.0863875867535 9.50747770774802 3.55450070301302
Ntrk3 9.04080043109603 9.50747770774802 3.55450070301302
Acsbg1 11.4677963895783 9.50747770774802 3.55450070301302
Acss2 9.51048250473277 9.50747770774802 3.55450070301302
Glrb 8.7645663916224 9.50747770774802 3.55450070301302
Myo10 10.3406150274882 9.50747770774802 3.55450070301302
Nkain4 11.8252673048221 9.50747770774802 3.55450070301302
Shroom3 8.60295952412536 9.50747770774802 3.55450070301302
Rnd2 10.5435687165111 9.50747770774802 3.55450070301302
Prkd1 9.13438792387457 9.50747770774802 3.55450070301302
Ttyh1 9.854697058822 9.50747770774802 3.55450070301302
Fjx1 9.21750252019945 9.50747770774802 3.55450070301302
Rims2 9.16231302337307 9.50747770774802 3.55450070301302
Kcnd2 9.21736207652937 9.50747770774802 3.55450070301302
Kif5c 12.0393504622039 9.50747770774802 3.55450070301302
Nsg1 9.75008269599543 9.50747770774802 3.55450070301302
Sc4mol 11.8998700585452 9.50747770774802 3.55450070301302
Efnb3 10.4849569260835 9.50747770774802 3.55450070301302
Gpm6b 11.8933338794762 9.50747770774802 3.55450070301302
Irs1 9.07119835196979 9.50747770774802 3.55450070301302
Hes5 10.570754540091 9.50747770774802 3.55450070301302
Scg5 8.09636587919834 9.50747770774802 3.55450070301302
Napb 9.50510803271823 9.50747770774802 3.55450070301302
Lgi1 9.13326809304393 9.50747770774802 3.55450070301302
Cap2 9.16073653079246 9.50747770774802 3.55450070301302
Tgfb2 8.30080506669581 9.50747770774802 3.55450070301302
Id4 11.9646243532397 9.50747770774802 3.55450070301302
Ints6 11.3618785348075 9.50747770774802 3.55450070301302
Ptprk 9.40957590396215 9.50747770774802 3.55450070301302
Cbln1 8.10190786657331 9.50747770774802 3.55450070301302
Add3 11.1562943860869 9.50747770774802 3.55450070301302
Cspg4 9.74118885131571 9.50747770774802 3.55450070301302
Slco1c1 10.6242078023767 9.50747770774802 3.55450070301302
Wnt7a 9.031257741564 9.50747770774802 3.55450070301302
Clic4 12.0290525349398 9.50747770774802 3.55450070301302
Agt 12.4174381434166 9.50747770774802 3.55450070301302
Timp4 11.5965850170664 9.50747770774802 3.55450070301302
Scn8a 7.32749953768224 9.50747770774802 3.55450070301302
Gap43 8.91563594218109 9.50747770774802 3.55450070301302
Ednrb 10.7985430920365 9.50747770774802 3.55450070301302
Ncan 10.0478511362839 9.50747770774802 3.55450070301302
Atp1a1 11.502368843648 9.50747770774802 3.55450070301302
Qdpr 12.5747418592163 9.50747770774802 3.55450070301302
Dner 11.1512628275823 9.50747770774802 3.55450070301302
Tmem246 9.55832698563155 9.50747770774802 3.55450070301302
Ptgds 10.6429910107095 9.50747770774802 3.55450070301302
Slc44a1 12.3135262550087 9.50747770774802 3.55450070301302
Camk2g 11.8420257534708 9.50747770774802 3.55450070301302
Sez6l2 11.7516636673406 9.50747770774802 3.55450070301302
Tspyl4 11.3829524271988 9.50747770774802 3.55450070301302
Elovl7 8.66035571557122 9.50747770774802 3.55450070301302
Tmem98 9.59282325206129 9.50747770774802 3.55450070301302
Gpr37l1 13.5758358363931 9.50747770774802 3.55450070301302
Fam216a 9.84027894310396 9.50747770774802 3.55450070301302
Polr3h 10.5524013254462 9.50747770774802 3.55450070301302
Lrrc48 10.6442424939276 9.50747770774802 3.55450070301302
Homer2 9.68125810241001 9.50747770774802 3.55450070301302
Tmem51 10.6114791212639 9.50747770774802 3.55450070301302
Adhfe1 8.93660081531733 9.50747770774802 3.55450070301302
Asrgl1 11.9985057446705 9.50747770774802 3.55450070301302
Aldh1l1 10.0678422004925 9.50747770774802 3.55450070301302
Spon1 11.8952665241991 9.50747770774802 3.55450070301302
Tmem87a 10.3439304456402 9.50747770774802 3.55450070301302
Phldb1 10.5563475080273 9.50747770774802 3.55450070301302
Rapgef3 10.5434333525547 9.50747770774802 3.55450070301302
Mmd2 12.4769955638914 9.50747770774802 3.55450070301302
Nrbp2 9.81246695936759 9.50747770774802 3.55450070301302
Tspan2 11.4782467247169 9.50747770774802 3.55450070301302
Samd4 11.2705778871791 9.50747770774802 3.55450070301302
Gprc5b 11.6850974279543 9.50747770774802 3.55450070301302
Slit2 9.38330822653166 9.50747770774802 3.55450070301302
Cyp2j9 11.2726146498529 9.50747770774802 3.55450070301302
Calml4 10.8860696274636 9.50747770774802 3.55450070301302
Aldoc 14.1185390311355 9.50747770774802 3.55450070301302
Rsph9 10.1851612010215 9.50747770774802 3.55450070301302
Cald1 10.223221803749 9.50747770774802 3.55450070301302
Slain1 9.64111847941878 9.50747770774802 3.55450070301302
Ptprd 12.3287084928681 9.50747770774802 3.55450070301302
Gpsm2 9.25643731762518 9.50747770774802 3.55450070301302
Sox10 10.3131864716996 9.50747770774802 3.55450070301302
Mboat2 9.77472524664681 9.50747770774802 3.55450070301302
Cdh10 10.0231500053548 9.50747770774802 3.55450070301302
Fam81a 10.0635846159253 9.50747770774802 3.55450070301302
Tyro3 7.39247285279114 9.50747770774802 3.55450070301302
Zcchc18 10.0674101916696 9.50747770774802 3.55450070301302
Slc12a5 9.87161478562226 9.50747770774802 3.55450070301302
Aqp4 12.0796996036521 9.50747770774802 3.55450070301302
2610034M16Rik 8.06346816120358 9.50747770774802 3.55450070301302
Plp1 13.257421356566 9.50747770774802 3.55450070301302
Prrx1 8.96681099409481 9.50747770774802 3.55450070301302
S100a16 12.4222196114993 9.50747770774802 3.55450070301302
Edil3 9.50166796429007 9.50747770774802 3.55450070301302
Ppp1r3c 11.7239785678025 9.50747770774802 3.55450070301302
Dock5 9.01443353446492 9.50747770774802 3.55450070301302
Csrp1 11.168838211944 9.50747770774802 3.55450070301302
Dtx1 11.5701730824639 9.50747770774802 3.55450070301302
Caln1 8.9267324358216 9.50747770774802 3.55450070301302
Amot 10.4485845614889 9.50747770774802 3.55450070301302
Armcx1 9.3147044866935 9.50747770774802 3.55450070301302
Cuedc1 9.91603067706494 9.50747770774802 3.55450070301302
Sox6 9.75742766620677 9.50747770774802 3.55450070301302
Plagl1 8.76439305046502 9.50747770774802 3.55450070301302
Ddc 10.0346424474175 9.50747770774802 3.55450070301302
Nefl 9.48864688387021 9.50747770774802 3.55450070301302
Sorl1 11.7313480825373 9.50747770774802 3.55450070301302
Ntm 9.93734916418978 9.50747770774802 3.55450070301302
Alcam 9.33639798008609 9.50747770774802 3.55450070301302
Ddx3y 8.9972798259072 9.50747770774802 3.55450070301302
Gpm6a 10.2956761946776 9.50747770774802 3.55450070301302
Ndrg4 11.4416612693896 9.50747770774802 3.55450070301302
Tlcd1 10.7852968987192 9.50747770774802 3.55450070301302
Trib2 9.97392221291733 9.50747770774802 3.55450070301302
Tmeff1 9.47140543658454 9.50747770774802 3.55450070301302
Slc45a3 8.53963542755307 9.50747770774802 3.55450070301302
Srebf1 12.2611556955624 9.50747770774802 3.55450070301302
Cnn3 11.6421679377184 9.50747770774802 3.55450070301302
6330403K07Rik 13.2506589209504 9.50747770774802 3.55450070301302
Celf4 10.1536117826514 9.50747770774802 3.55450070301302
Fa2h 10.4233494280684 9.50747770774802 3.55450070301302
Phlpp1 11.2875889736995 9.50747770774802 3.55450070301302
Thra 10.6113072576839 9.50747770774802 3.55450070301302
Fbxo2 10.7304263995054 9.50747770774802 3.55450070301302
Scara3 8.41832951948351 9.50747770774802 3.55450070301302
Amph 10.176310740601 9.50747770774802 3.55450070301302
Metrn 10.5394040095381 9.50747770774802 3.55450070301302
Zfp612 9.67946347831679 9.50747770774802 3.55450070301302
Copg2os2 10.5955705074919 9.50747770774802 3.55450070301302
Armcx4 8.4146217749709 9.50747770774802 3.55450070301302
Gabrg1 10.5815135496616 9.50747770774802 3.55450070301302
Clip4 6.99244451492974 9.50747770774802 3.55450070301302
Adora1 10.6454709760974 9.50747770774802 3.55450070301302
Abca8a 8.65328629769228 9.50747770774802 3.55450070301302
Nkx6-2 8.74332922135329 9.50747770774802 3.55450070301302
Atp1a2 12.0917232092241 9.50747770774802 3.55450070301302
Spag5 8.07006014377886 9.50747770774802 3.55450070301302
Gnai1 7.93105196761266 9.50747770774802 3.55450070301302
Rassf9 7.8059912377075 9.50747770774802 3.55450070301302
Tmem163 9.03496448131213 9.50747770774802 3.55450070301302
Tmcc2 10.64681778632 9.50747770774802 3.55450070301302
Pacrg 9.24531847798527 9.50747770774802 3.55450070301302
Dmkn 8.77136840731245 9.50747770774802 3.55450070301302
Ptch1 12.9026689698425 9.50747770774802 3.55450070301302
Tril 12.8249361561869 9.50747770774802 3.55450070301302
Itih5 10.096053445153 9.50747770774802 3.55450070301302
Ppap2b 13.8076192138868 9.50747770774802 3.55450070301302
Rimklb 9.64103889278993 9.50747770774802 3.55450070301302
Bcat1 9.99520881129216 9.50747770774802 3.55450070301302
Pla2g7 11.3582882301458 9.50747770774802 3.55450070301302
Fmn2 10.5004460943694 9.50747770774802 3.55450070301302
Ptpn13 7.71565929859919 9.50747770774802 3.55450070301302
Rhpn2 7.92209708727539 9.50747770774802 3.55450070301302
Antxr1 10.9843656132234 9.50747770774802 3.55450070301302
Tekt1 9.17363219694559 9.50747770774802 3.55450070301302
Lrrc23 10.6561767382173 9.50747770774802 3.55450070301302
Sh3gl3 11.0359158155421 9.50747770774802 3.55450070301302
Reep1 8.68319331160649 9.50747770774802 3.55450070301302
Anln 10.9104265067451 9.50747770774802 3.55450070301302
Cd38 10.3234321871155 9.50747770774802 3.55450070301302
Abat 11.4149327145909 9.50747770774802 3.55450070301302
Ppargc1a 9.88320611863918 9.50747770774802 3.55450070301302
Fermt2 12.1076536352912 9.50747770774802 3.55450070301302
Lrig1 11.7993003618548 9.50747770774802 3.55450070301302
Slc20a2 11.0662420900836 9.50747770774802 3.55450070301302
Coro2b 9.78992478134609 9.50747770774802 3.55450070301302
Tbcel 10.6659160400963 9.50747770774802 3.55450070301302
Erbb3 9.51133879151904 9.50747770774802 3.55450070301302
Nrcam 10.3988043395661 9.50747770774802 3.55450070301302
Neo1 10.669812539473 9.50747770774802 3.55450070301302
Limch1 11.6137043776189 9.50747770774802 3.55450070301302
Unc5b 9.66655416873946 9.50747770774802 3.55450070301302
Stmn3 10.2346381086248 9.50747770774802 3.55450070301302
Gria1 10.4042848290042 9.50747770774802 3.55450070301302
AI464131 9.20846508187051 9.50747770774802 3.55450070301302
Elavl3 8.95912301620551 9.50747770774802 3.55450070301302
Cachd1 9.66378288538966 9.50747770774802 3.55450070301302
Cacnb4 8.1952938614212 9.50747770774802 3.55450070301302
Mapk10 9.78196594272742 9.50747770774802 3.55450070301302
Impad1 11.4922814287241 9.50747770774802 3.55450070301302
F2r 9.63634469316465 9.50747770774802 3.55450070301302
Cpeb3 8.46732873126069 9.50747770774802 3.55450070301302
Fdft1 11.9122497473968 9.50747770774802 3.55450070301302
Pkp4 12.0567471453497 9.50747770774802 3.55450070301302
Ahi1 10.3060966004942 9.50747770774802 3.55450070301302
Gli2 9.41650475251775 9.50747770774802 3.55450070301302
Sash1 11.7269059567778 9.50747770774802 3.55450070301302
Tm4sf1 11.0102431371809 9.50747770774802 3.55450070301302
Mlc1 11.3177154399174 9.50747770774802 3.55450070301302
Ndrg2 13.4961104960913 9.50747770774802 3.55450070301302
Klf15 9.55739217720675 9.50747770774802 3.55450070301302
Atp6v0e2 12.0290896278528 9.50747770774802 3.55450070301302
Uchl1 9.32728769206608 9.50747770774802 3.55450070301302
Tnk2 11.8902098312207 9.50747770774802 3.55450070301302
Gjb6 11.4343041880812 9.50747770774802 3.55450070301302
Efhd1 9.92992622157626 9.50747770774802 3.55450070301302
Bex1 11.8923960427401 9.50747770774802 3.55450070301302
Scg3 12.3575051713549 9.50747770774802 3.55450070301302
Kcnk1 11.3439928329688 9.50747770774802 3.55450070301302
Heph 7.51866419373564 9.50747770774802 3.55450070301302
Sept4 12.3877607151541 9.50747770774802 3.55450070301302
Car2 13.4941611802344 9.50747770774802 3.55450070301302
Mog 10.3325650026089 9.50747770774802 3.55450070301302
Kcnn2 10.2025217935557 9.50747770774802 3.55450070301302
Gng11 10.9305528344773 9.50747770774802 3.55450070301302
Cadps 8.62556954231659 9.50747770774802 3.55450070301302
Ngef 10.5363389866475 9.50747770774802 3.55450070301302
Klk6 9.68106790328433 9.50747770774802 3.55450070301302
Rhou 12.0601342006613 9.50747770774802 3.55450070301302
Acot1 8.96307548283846 9.50747770774802 3.55450070301302
Itih3 13.812569402387 9.50747770774802 3.55450070301302
Cyfip2 9.92133369715305 9.50747770774802 3.55450070301302
S1pr5 9.96085051997517 9.50747770774802 3.55450070301302
Gdpd3 11.7862416057631 9.50747770774802 3.55450070301302
Trps1 9.18676838779575 9.50747770774802 3.55450070301302
Cntn1 12.4187277849118 9.50747770774802 3.55450070301302
Spock3 7.27168526019365 9.50747770774802 3.55450070301302
Rgs7 8.84724672019916 9.50747770774802 3.55450070301302
Tagln3 9.87219843573248 9.50747770774802 3.55450070301302
Scg2 7.92285661268355 9.50747770774802 3.55450070301302
Car14 10.0160761837036 9.50747770774802 3.55450070301302
Cdh11 9.13905695774644 9.50747770774802 3.55450070301302
Fabp7 11.524284770395 9.50747770774802 3.55450070301302
Wnt4 9.42569230598436 9.50747770774802 3.55450070301302
Serpinh1 9.64780624011765 9.50747770774802 3.55450070301302
Gpr37 10.7927977810276 9.50747770774802 3.55450070301302
Cacng4 10.5982749052455 9.50747770774802 3.55450070301302
Psat1 12.462541616827 9.50747770774802 3.55450070301302
Acsl6 11.6999700915425 9.50747770774802 3.55450070301302
Zfp521 8.45604374372824 9.50747770774802 3.55450070301302
Dpp6 8.40309533563186 9.50747770774802 3.55450070301302
Dbndd2 12.7056164161319 9.50747770774802 3.55450070301302
Pcolce2 9.37564460482374 9.50747770774802 3.55450070301302
Slc1a2 8.86351042077734 9.50747770774802 3.55450070301302
Fam20b 8.72880917141803 9.50747770774802 3.55450070301302
Slc6a1 12.0578952521296 9.50747770774802 3.55450070301302
Nckap1 12.8133811698727 9.50747770774802 3.55450070301302
Farp1 11.1667085237832 9.50747770774802 3.55450070301302
Arhgef10 9.11081216548165 9.50747770774802 3.55450070301302
Mxra8 9.91294754273059 9.50747770774802 3.55450070301302
2810459M11Rik 8.63336912204323 9.50747770774802 3.55450070301302
Csgalnact1 9.94026393550782 9.50747770774802 3.55450070301302
Plce1 10.270158345706 9.50747770774802 3.55450070301302
Adamts4 9.2063960018216 9.50747770774802 3.55450070301302
Zdhhc2 8.96719542070008 9.50747770774802 3.55450070301302
Fam213a 12.8888360628199 9.50747770774802 3.55450070301302
Slc22a23 8.94339706904606 9.50747770774802 3.55450070301302
Gal3st1 9.16832783922129 9.50747770774802 3.55450070301302
Fez1 12.4559966652736 9.50747770774802 3.55450070301302
D430019H16Rik 10.146368697015 9.50747770774802 3.55450070301302
Adcy2 10.9280203972574 9.50747770774802 3.55450070301302
Mag 11.6827559555106 9.50747770774802 3.55450070301302
