Tgfbi 10.1729708775644 4.98040795849604 4.62346821230133
Sgpl1 9.54910293773426 5.08106354578316 4.68601113739332
Lcp1 11.8463632704423 4.43343337983687 4.20277528588307
Txnip 13.6993914736524 6.98389576611816 6.78603683130338
Cd9 11.8962881279299 6.86470610108534 5.32532813546558
Tpst2 11.1246231388186 7.79030089779325 7.1032100879545
Cd83 13.2264749464343 7.79117676277419 6.06644405055544
Serpinf1 9.41188678958694 5.07549049586416 4.58180495596213
Sipa1 11.1257432146877 6.72672069799379 6.16275647393905
Btg2 11.4968904593275 8.08013001743067 5.97926516593524
Tnfaip2 9.08145533726492 4.29898525954533 3.83420164056368
Litaf 12.5127367018525 8.03066881723626 7.60862327273865
Lamp2 11.6172171151883 7.90611388101993 6.53617983574923
Snx18 11.9105809619856 8.40005742094844 6.60542783707962
Cd82 9.38715719713112 5.98482661595826 5.69635411141554
Tubb6 9.94309885815544 5.93861858360534 5.56918970991616
Pfkfb3 9.98570488271776 5.71034340176231 5.10385798044884
Cd164 13.2504873032464 9.710878704243 7.90153231544345
Ier2 13.4150634942812 6.83215110251809 6.00111349146177
Pnp 12.8627608953087 7.51201699202336 6.87904428757547
Nfe2l2 11.3735710823378 6.73455034227525 4.69893233962887
Socs3 12.8363611039744 4.21475943389951 3.9551399383798
Sparc 11.723215805215 6.9620103487442 4.56344461262826
Scamp2 12.0782300087712 8.00232237086805 7.37630972194549
Acss1 9.58139552895345 5.75383603436116 5.09139951095787
4632428N05Rik 12.9592128362635 5.4771768618286 4.86414135045814
Spint1 10.3415667614487 6.21180332667127 5.60905249372817
Afp 8.20241684612463 3.75182860822475 3.68041399184013
Clic1 11.3846871257571 5.94459177635451 5.85139174901655
Serpine2 12.4306055788881 9.02845061172244 7.03749282767347
Plxnb2 11.1751053377305 7.06138998056557 7.00589773650259
Tspo 8.96653892538565 5.05064793182125 4.52066794697362
Irf8 12.5606886061131 5.86291987811766 5.49785927511298
Fkbp7 9.58447874704344 5.8965720096026 5.18731297817635
Tbxas1 9.77227819439976 6.15285065243738 5.93470799169635
Slc39a8 8.3702572354114 4.41367327691528 4.12511168366806
Parvg 10.3224146114506 6.62082453991444 6.11422267378654
Mcl1 12.1472433486191 8.1104589586748 5.79304293462213
Rps6ka1 12.439882687873 8.46518131611565 7.00592823690853
Npc2 12.9151308001633 9.2565733384382 7.64599797978768
Trpv2 10.5912774798385 7.22091475347494 6.70285270327796
Tnfaip8 9.91373565516323 4.4223238439478 4.18431365745138
Fcgrt 9.65042068842126 6.04401677783392 5.75078606585639
Slc40a1 11.6365802495677 7.10681794926392 5.17096651346996
C1qb 13.3846079047961 8.95006049350522 3.85583983219265
Cyp4v3 11.0721852303594 6.76278932494787 6.52045980145578
Syngr2 11.4559121689701 5.01904176596396 4.51285653683366
Pmp22 12.2653168767854 6.28650489028684 5.39949011306267
Tmbim1 10.1081327824941 6.73040160946365 6.3435707964849
Ccl6 10.223717633042 4.60423346568249 4.50665578577864
Cd14 13.3052539164274 7.4100069196549 6.43053062217846
Pycard 11.8185468367102 5.49147846279482 5.20937006224531
C1qa 13.2380236204344 6.49328357936355 5.97088956076349
Il16 10.7022595486227 7.20149368120759 5.92445927003974
Slc7a7 11.052383619296 5.71304384264131 5.0953872097447
Klf4 12.698526861476 5.74585380809686 4.61081355647837
Sertad1 10.6747710405396 6.92298951835101 5.71957572126689
Jun 13.1567215574815 9.46527966631087 5.34515601831813
Srgn 13.2509970787582 6.30147407511242 5.63178959851007
Nfkbiz 12.6860754101133 6.8116980577147 4.45850102464772
Tgm2 11.7718766956168 6.26423827034137 5.0848531718276
Plek 13.0669588958399 6.73808604150613 5.49873280635384
Itgb5 13.3318370523038 6.73844179750813 3.77614957233948
Elf1 9.08676867890006 4.68348401637257 4.15638946920608
Rgs1 11.2541972267774 4.96358239607727 4.53549395019057
Cd79b 8.31573716498709 4.73841124877928 4.64366974527332
Snx5 12.5628056055199 7.56145125612315 6.18149573033778
Elk3 10.4901390004177 6.34675797579932 4.4835378125977
Gab1 9.65193276191746 5.98320403789199 5.02784079592312
Naglu 9.26626288253695 5.86730052105125 5.22584894287654
Laptm5 13.2497958585741 9.09433254571072 3.87115127787598
Pygl 8.42622724597409 4.50007035267364 4.25070883047392
Slc25a37 10.6378478547555 6.77193513761831 6.2828777425115
Serinc3 10.8737843005988 6.78569297683761 6.2571747403233
Ctsz 13.0341451754765 7.66664549216374 5.8319685856673
Fcgr1 12.3056772228307 4.80015801711957 4.54077613208296
Slc16a6 11.601886645942 7.02749646826318 5.8069394496753
Pdlim4 9.4700059993897 5.18443421978611 4.62200890464752
Ccl9 11.5606702750711 5.18344271715483 4.83576735387922
Tmem176b 13.0401808488191 9.02831799126015 7.94301149075872
B4galt1 11.050190662426 7.64346309962986 7.25140586671396
Tnfrsf1b 11.5849644137814 6.75149281961449 6.1549941737355
Inpp5d 12.5199395399242 7.19281286266826 6.38504317840431
Tlr4 9.52419084436795 4.79283602498466 4.21089531509556
Pmaip1 7.94812896443572 4.04532678925563 3.98146750356055
Aif1 11.8782125697407 5.81307396533122 4.86331375512989
Lims1 11.3895886323577 7.9301438771214 6.68109021274161
Klf6 12.1614928848338 6.41341924474436 5.602636123373
Crybb1 12.3010895138039 6.55770425597136 6.19522619636155
Fcer1g 12.6409109862305 6.85710886760097 6.16139401955148
Ctsh 12.8519091129382 5.90473993722806 5.59549421434584
Gbp3 8.5913202656342 5.16606306150026 4.45964449797268
Gpsm3 9.66649074936397 5.72240832414277 5.17887944196563
Ncf4 10.7081144474155 5.32719073101356 4.99825219146769
Ggta1 10.3145780373454 4.29304104383723 4.16712088531435
Lcp2 10.3889718130272 5.06185290753128 4.67598197801251
Ngp 12.4329204009581 6.51734803679004 5.34514950009221
Spi1 10.2850028049619 6.36020636661182 5.76504672364756
Csf3r 10.4703586336665 6.91269091007448 5.66056972562325
Ms4a6b 11.1222234312687 5.26488912312136 4.80504201944783
Hcls1 8.83239317939796 4.91783575947979 4.75602711228339
Pabpc1 11.1513836653323 5.87388220897164 4.67641882687372
Skap2 11.9890479352489 8.63111016276974 6.20485880333101
Cebpb 11.6879517821222 8.25386386466914 5.48230775426529
Plxdc2 12.0633823649962 7.16940388667106 4.94860459639152
Cxcl10 9.83264446685726 5.23489462274279 4.96000451971346
Maff 10.2395219098757 6.46099982221826 6.06060030993437
Cysltr1 9.33333349087416 4.67241080467139 4.05242041360707
Bcl10 11.3928955143517 7.60620557089061 6.77481748883583
Cebpa 9.88957255483431 6.23796369211649 5.89243473160229
Cttnbp2nl 11.7204560544011 6.06668918777762 5.81189364980396
Lyl1 9.97533629065994 5.8795214725465 5.36665710041084
Ptpn18 10.4025712369028 6.6714368970055 6.23667624421669
Tlr2 11.9268402473875 6.2020524558 5.38076717183358
Cd163 7.66769719158114 4.23109739871712 3.96983925090634
Serpine1 9.52331793271942 6.14583587320111 4.53476929349532
Mlxipl 10.549742788076 6.66016692425969 5.2987868901711
Cd37 10.9048574016166 6.70723950609943 5.94695500654835
Map3k8 10.2849700718244 5.18174614954767 4.82229269976532
Myd88 10.7278217724093 6.87838588192188 5.70924134310274
Ccl12 10.5112043294489 4.60508548691203 4.49123931343213
Pon3 9.20297150005047 4.44153206074516 4.23802866381289
S100a8 13.0395448654869 4.74792502972424 4.51704874364443
Il10rb 10.7116513838826 6.61871511899595 5.43280727046573
C3ar1 11.7072754362155 6.56800058197265 5.53390238836372
Fgd2 12.1304825880125 6.39299899121876 5.99799398597832
Rela 11.8428094359349 8.31238319281745 7.25729028273578
Ccl3 13.4953964323281 5.36328673605381 4.6470512736016
Ms4a6d 11.3799791784438 4.90232360314516 4.45936917717086
Ier3 13.4963591841383 8.36859730809389 6.76348469494133
Nupr1 9.93831898336817 6.04567707025216 4.90460801627274
Camp 12.113738407204 6.22467871941796 5.50995832455533
Chil3 11.1159878878753 4.54338999408499 4.02197077054607
Arap3 9.86775374576886 4.42657649251434 3.9612281124002
Tlr7 11.2112407400947 5.49703282478909 5.12048290964839
Trim25 10.8969751411857 6.43744226324685 5.4948912213486
Hpgd 12.0107499612859 4.80791156208988 4.48322263516997
Mcm3 8.92535440058905 4.98316199226218 4.90065847525401
Slc11a1 11.4154854568916 7.00196622367854 5.86673900621725
Ccl2 9.49866288250659 5.47721129626277 5.32643981105472
Cd86 11.6419705628058 5.22724323973063 5.05368187192216
Sat1 12.159300186165 6.70793740590624 4.9596789339041
Prkd3 9.70383275414416 5.85828257015931 4.92053618955114
Gpr84 11.5935377294956 6.20126639312345 5.57653713460254
Vamp8 11.9027573726861 7.20839951077009 5.99952559779769
Tcirg1 11.3257053795282 7.08330835417426 6.42718276485538
Sqrdl 11.0518617676912 7.4771551869479 5.96681149081559
Trim12a 8.5835260320544 4.29092501369743 3.98684137575027
Zfhx3 11.2942984484453 5.74283540241509 4.34730665060009
Slc15a3 11.5219827541908 5.45656111475551 5.32518332848596
Rel 9.30153835661437 5.72566076176051 4.98059646242799
Tsc22d3 11.4721491337919 5.84243063806306 5.38176945907128
Sla 12.3378861062474 7.5724379412808 5.78517920295839
Tgfbr1 13.4953964323281 8.93199268258638 5.03566162572633
Snap23 8.47917138557207 4.87826264608243 4.06297060071235
Asph 11.1131392793095 6.82161117511952 4.88709734046181
Ivns1abp 12.7182126498181 9.1747879157278 8.1343533373955
Adcy7 11.9646243532397 6.62003800296148 5.24000698708436
Rbm39 10.4094928984617 6.45718679220697 4.67434817006867
Vamp3 10.8638436564196 7.07516336678004 6.01368135878878
Bmp2k 11.3162621163235 6.4821012535431 4.9089625492516
Gpr56 11.0473777353108 7.48543115296826 6.84307609480731
Lgals9 9.80576100376818 6.01474886717824 5.56156848143933
Trem2 11.528689695107 6.97886040100335 6.41069630486621
Gna15 8.93153578094543 5.54453340417647 5.27945782285238
Birc3 10.7521481640029 6.46503950640891 5.61373209893151
Igsf6 8.68495551282954 4.56640764750944 4.10459746613633
Samsn1 8.95535277925432 4.62736984153162 4.29617915395768
Il1a 10.5450729398403 4.76743878348476 4.21421089107621
Hpgds 9.14123713383759 5.60798558936037 5.01636800802891
Naip5 11.1347547074536 4.573609941699 4.39186331027688
Ccl4 12.7516225784521 7.5599272636216 6.0076393066919
Itpr2 10.8613975316724 6.08116771512264 5.62384104068613
Stat6 10.5031698578152 5.85262447334432 4.80681381871733
Tapbp 11.4240903434095 7.1915836553273 6.84458220557764
Msn 10.7217422633417 6.12836454251911 5.98286682723342
Abca1 12.0785728549459 8.58486579392607 6.99574244860941
Adam17 10.581995677351 6.65400370937573 5.67474976547788
Dapp1 10.626591308075 5.28102719254797 5.01363065655213
Clec4a2 10.1190075949126 5.25840474115696 4.75806840046996
Fli1 10.0832277034328 3.96257184061695 3.75797315013537
Ets1 9.75745818736726 6.06425297618308 3.75528099532908
Itgam 7.64683147867138 4.27956912697469 4.1857773367222
Ptprc 12.4215732421658 5.55337518236882 4.30842754893292
Fosb 11.9818678393755 6.2346530102712 5.02380955427567
Ccr5 11.7087776692335 4.83667581876299 4.35632520321673
Il6ra 12.6405285425734 6.36735813995188 5.41388525078822
Tgif1 8.50458243562559 4.79630697222973 4.63799951743253
Pla2g15 12.3512186582331 7.98589446820187 6.87795712190741
Itga6 11.5906633280243 7.46044458871622 5.8982102693851
Ifi30 11.4062018650154 6.04574111005356 5.85047527733165
Cables1 10.7158993683559 6.81616741855247 5.85950744501024
H2-DMa 11.3395300052483 7.50801837176869 6.67766054597251
Zfp36l1 12.7019764996359 7.25839798592154 4.8334251670294
Gpr34 12.142699851518 4.29645276412566 3.95914759420623
Rrad 10.0026571297703 5.35365431852274 5.28507882860244
Rnase4 13.0771643703574 5.8184794657069 5.29849010080769
Hk2 12.3164140648536 7.4523258194875 5.78165580063101
Map4k4 8.81854047498591 5.33902160508918 4.20465785069395
Fam111a 8.33832002390926 4.85367722627847 4.39297433842341
Hfe 11.3196450739578 6.54125957748376 5.58598817730126
Pik3cg 10.1537853547168 5.70589595387966 5.47021981774066
Tlr3 9.63659550839082 5.65436078489005 4.77716417831104
Prkcd 11.3607793398998 6.81240861108983 6.29371894227804
Mertk 13.0985151577591 6.7101820227941 5.47005574537594
Cd84 9.96224237530016 4.83303948670422 4.53518456789234
Ly86 13.8305038298173 7.83799556693726 6.23627475752904
Vav1 10.4997459843954 4.18789668907358 3.88026957176115
Stt3a 9.80513059719094 5.93247454839539 4.64670447345278
Cfh 10.8438396260437 3.90174091032013 3.50807225507513
Tnfrsf13b 9.66545251361214 5.31532083160146 4.46978387783388
Hhex 10.060418644213 5.7382236191004 5.35929016092684
Entpd1 9.58873000960094 4.44532709918973 4.30782389077022
Ptgs1 12.1626150793908 5.75144610199053 4.55421999769358
Stk17b 9.80355004387352 5.65385980298863 4.91249346368908
Frrs1 10.6966078261321 5.4532023480866 5.22403441815162
Lyz2 12.5660138290276 7.04501726114232 6.60086130343218
Ssfa2 10.4026641404164 6.51925666465688 5.8047347131939
Galnt4 9.11869231898454 5.23337322213426 4.55073576854451
Ctc1 11.7422487728519 7.76313738112566 7.21350209710593
Unc93b1 11.3066168079527 7.17468727601823 6.8197972585318
Mob1a 11.6304802850351 7.81502624011738 6.25412629728674
Wls 8.21516176510327 4.73890146898106 4.43171240373652
Tmem63a 11.3727165126659 8.01947278392059 7.10805838879951
Tmem176a 10.8465428280293 7.08641706012378 6.61328537955687
Tspan14 11.2007785813707 7.51392885300042 6.39828996346859
Lpcat3 11.4786154330381 7.59411244509999 7.12350303335442
Hvcn1 10.2856187487951 6.03886357575276 5.38769329057753
Edem1 10.5644676490564 4.63308504349176 4.47376161246711
Icam1 12.144222640413 5.32165247298545 4.86911562919184
Rbl1 8.51194870241016 4.97244159359358 4.40746847684026
Rcsd1 12.3223507478265 7.23947117548347 6.4797603867715
Npl 10.119227368812 5.83815214419782 4.9559432393361
Smox 10.9458769613614 7.47929920004035 6.57428750940707
Tmem140 8.46080936763924 4.64980679275701 4.36449495243592
0610040J01Rik 10.8106638816197 5.38788951467472 5.17838385888269
Tm6sf1 11.273380881778 7.45301804658619 3.90915775812657
Cklf 11.3324839569912 6.10855178831635 5.42494154076252
Casp8 9.83591177234681 5.02423474152168 4.80518393669925
Tmed5 10.4601759587631 6.12607081178797 5.2484259518701
F11r 12.1638127271072 6.26820730428638 6.14020023694398
Eva1a 8.63294613398656 4.49486317404306 4.36771262679188
Tor4a 10.4213155961976 6.80284382249616 5.311005637863
Ptbp1 9.02225932629817 5.32949188317402 5.05783273642016
Plxdc1 10.9642741564864 7.41592431591092 6.28284205996411
Lpxn 10.730982217212 5.26181967625233 4.46209205646361
Siglec5 8.337886172674 4.01600131693664 3.83933272126149
P2ry6 11.5909433501351 4.99786459205187 4.57753564580914
H2-K1 12.7949568117272 8.47412381473096 6.61580847193224
Tgfbr2 12.4312251246194 6.79654125548486 5.22943215224779
H2-Ab1 8.4512011309411 5.02476195258657 4.8149700609914
Ceacam1 8.73427463823456 4.88208534867444 4.53520682310429
Mlph 9.52478746573067 6.14436813215472 5.22114119350034
Ncf1 9.01873662127703 5.53302811100674 5.25500831521497
Il13ra1 9.69650941211153 4.48138207620925 4.26652942685659
Adap2 10.4876327911899 5.88968143678488 5.07103297254518
Nmi 8.7449893077744 5.30921904198713 4.9126048003602
Pld1 10.7880824610021 7.11014297774578 5.95949339777941
Pon2 9.26937417743214 4.15554667329183 3.95951551468259
Gem 8.28009388336886 4.05693317619508 3.83728981368373
Rrbp1 12.1135184174842 8.5669841777548 6.09393896897316
Vwa5a 10.3690918760756 5.99335925100628 5.09575712754416
Glul 11.9439234863599 6.8366501830504 5.12594295930468
Arrb2 11.5161791808491 6.64646625364245 6.16815228840066
Pros1 11.4244912078995 5.56831022044052 4.52307808297086
Ifih1 8.66416697609045 5.13412253065479 4.96903331570201
Rin2 10.1302854085197 6.52229977370946 5.12341920145492
Arhgdib 10.7800288131728 7.42664656036346 6.4486097847079
Tifa 10.6649959627868 6.93021764421075 6.32059319714315
Rnasel 8.44553447587019 5.02101263965932 4.34761303335208
Arhgap17 11.0358082941061 7.46651511193052 4.59797956258496
Slc46a1 9.39593470371558 5.86593450691197 4.91129916248851
Armc5 10.592420015339 7.18122542926056 6.995056702341
Parp12 9.52345845288495 5.11401448316242 4.78250928263872
Trim47 10.122871565472 5.82262266391337 5.33146022798856
Lgals3 8.71732817427299 5.25677656698028 4.69336207310869
Fmnl3 8.92058913443164 5.55631656683066 5.43949706008426
Arsg 8.21968836256545 4.18156150820401 3.98971660057947
Sash3 11.2528818012755 6.95234142730855 5.82054450555334
Themis2 9.94919523666928 5.50774022248445 5.06868561227705
Mpeg1 13.5339312443488 6.88482975227232 6.64441847321242
Cd48 9.99176185857167 4.76482689899998 4.51111002514298
Akna 10.5978331936346 4.84765614043224 4.41177575790489
Sult1a1 9.92143049281146 6.05359906544912 5.80368018504375
Fes 10.5840546362038 6.90503497143323 6.52126298264588
Cep152 9.68353142517718 6.06490215583631 5.76899468712961
B2m 13.2088860971046 9.10235078086152 8.10932350150444
Egr2 11.2144151601674 6.33069981894138 4.07820530471568
Ccrl2 11.4107831106411 6.46138373609205 5.76281719037183
Lcn2 11.7182561949748 4.46545254587526 4.37230972279148
Hbb-b2 7.86146929235822 4.13560083465578 4.05826752124921
AF251705 12.0057126252299 7.5705460652586 6.89142157443249
Hmha1 10.4487011332694 6.30458620063133 5.83476626606252
Chn2 8.31244073196833 4.74231219302019 4.28039016244414
Gmip 10.2055870255081 6.6883127322489 6.27393417204114
Nckap1l 11.1526856630168 6.37572912535714 5.7916315776287
Abcc3 9.7509259850256 6.23473900266153 5.41136085167755
Rnf130 12.3284705937932 8.70695431788968 7.59004408989215
Rhoh 10.7637079698635 5.58945925764593 4.77972069770086
1700017B05Rik 11.7522974287947 6.00750888970373 5.35430682109527
Gusb 11.4803411718158 5.13544741577991 4.72772954051051
Lair1 10.6612900224916 5.2759819002295 4.7564425872016
Twf2 10.9336973935694 7.38277825974711 6.47623594494324
P2ry12 12.4385715566921 5.31643123563904 4.67271096127669
Rnf19b 9.65744414029616 5.04670163489188 4.83505365553176
Epb4.1l2 12.5432840929574 7.90754080520207 6.51831401064423
Pld4 12.1700437011819 5.89959985279213 5.56682108097318
D15Ertd621e 10.0624486421296 5.03411200224896 4.07510137962906
Lrrfip1 10.7224886700699 6.87140082648745 4.87871703284056
AU020206 9.79768698851007 6.13848329546795 5.30333620782155
Fermt3 11.4207362066657 4.5972354724045 3.91317811191633
Plk3 11.036823711972 7.0061879101096 6.20152199478953
Ankrd44 11.5679366187782 6.07988967041647 4.61251089386313
H2-Aa 11.2644036954394 5.36867998463525 4.3399571152246
Fam105a 11.8820924454901 8.06730930660022 6.84675444371262
Rap1b 10.5897063292161 6.11143538051246 4.86817698152741
Herpud1 12.5116726598182 8.31087609977208 7.87496227128895
Cd300a 10.0530239896872 5.5725554958079 5.13998625654813
Wipf1 10.3652831365882 6.85299333036332 5.67711118870738
Tmem179b 9.57494076147868 5.62531316996176 5.22135509161563
Lyz1 12.2502412289951 5.95712377261932 4.34322990251328
Clcf1 8.68466038510135 3.89070073582885 3.76683428591144
Adrb2 8.29734945321406 4.24806127638471 4.20889037242237
Lrrk1 9.1635528470806 5.0091445709685 4.64902006224173
Zfp36l2 12.4004422821899 6.67053737108994 6.15669187450527
Il10ra 11.9867649941734 5.22252725837961 4.82268216182428
Hexb 13.9214339669789 9.68712698241879 6.1039863054536
Rab20 9.64744268247702 4.09142469149196 3.80510834341291
Slc9a3r1 10.5341792603602 7.00088914137327 5.94035909566654
Grn 13.6303783372944 8.0838425950128 7.1882613836889
Mavs 9.23385264584594 4.88600856610713 3.55813240510376
Fam46c 12.2421510197398 4.6307928223493 4.50126509387246
Pald1 11.0128320429645 7.06631121770102 6.51449042895738
Ifngr1 12.016051864462 7.60468189223755 7.06034717504691
Tcn2 12.1195930224409 7.6637490994989 6.52267329214789
Anxa1 9.64055143138413 4.91641802957481 4.5896238768522
Cmtm3 10.0110497819572 5.78784737011147 5.36579091324123
Ppp1r15a 12.6593601245383 8.4429216666433 7.31875404199156
Slc15a4 11.356384012252 7.01383354244096 6.93841426382079
Dhrs3 10.8328899765314 6.64326854244323 6.24532848063398
Lrmp 8.89491220593798 4.70514772018749 4.30309571640785
Olfml3 13.5644607358692 6.81493788741511 6.38078078579755
Pla2g4a 9.55730250855793 5.08160376548042 4.72733514728514
Ncf2 11.109264808914 6.05204653112053 5.69267197106875
Ctss 14.1223387589978 9.82893532994308 5.32500142022487
Cd53 12.6270729328698 5.46267234248353 5.39256635471459
Fcgr3 13.3874319809845 5.88465879491684 5.29126468300512
S100a9 12.2965410503709 5.59048874295689 5.04717937668991
Dusp1 14.1813580097059 9.76780983908795 6.84455406523873
Klf2 12.9915058739807 5.6840824477896 5.44528793756485
Fcrls 13.5200887013828 6.80007235192297 6.24566379308166
Tlr1 9.55990391864875 4.21651460705105 4.02397373573664
Zfp90 9.89278120178404 6.14090947991866 5.54506514694923
Selplg 13.492313873689 7.89100784648983 7.31492797696793
Cd68 12.2825968841945 5.99545885280097 4.91337416916118
Gpr65 7.85611733273235 4.02383944406899 3.84131217643831
Ebi3 9.38512048892932 5.97501646135596 5.81419787758376
Csf2rb2 9.46516272602394 5.02474897845605 4.67175590473986
Atf3 13.3007390383143 5.63336289189142 5.43113670804281
C1qc 13.5695399365939 6.26184969482989 5.55111457511254
Chst7 11.0545300964632 7.08776302015616 6.05245927644665
Hck 11.7192724128215 5.63280223254348 4.88312914289877
Gcnt1 7.89240442650036 4.37840403493291 4.34134123811729
Casp4 9.17977855891737 4.99042550919614 4.11980712107146
Per1 12.1580724735259 8.51585693606112 7.82471129674339
Ehd4 10.2769858985773 6.39695276640184 5.18661358522128
Ly96 8.98885773803667 4.82870657665953 4.38226896031328
Lag3 9.94342037341401 6.29014031760186 5.96506705185517
Cxcl2 10.9236295592129 4.52123375254257 4.20570010026447
Ltf 11.9771261319803 7.62661791955868 6.84737134224938
Cx3cr1 12.8322911670036 6.03410769552934 5.74915752160839
H2-D1 12.6856010965553 8.626333728435 5.87522674563363
Stab1 10.7835801182221 5.44078127879535 5.23796537262896
Evi2a 12.5801879760248 5.1322902011355 4.90280025295056
Il6 8.3523884587654 3.99124800218371 3.95264872030509
Mrc1 8.47267687587698 4.90659302247411 4.47632398664233
Itgb2 11.8281947861841 4.92978188820958 4.81463179495745
Psmb9 9.49408509768935 5.69418913877491 5.51191210035329
Adamts1 11.3973807177838 7.90027959540457 5.13438884276292
Ang 8.67340897437916 4.16464824827906 4.06893499775986
Sh2b2 9.32069277757714 5.38620616021135 4.58686429757446
Tyrobp 12.9035612805634 7.06832067469281 6.17702920665612
Crot 9.71542778628793 6.1840709356084 5.55673143769837
Slc29a3 11.6835560124248 7.51770996095502 6.42064869366722
Vasp 10.5290974508756 6.72812673424123 6.34793979362288
Pbxip1 10.3716503756831 6.78107571895677 6.44662049374761
Emr1 12.777781853873 6.52568871444259 5.8422214626163
Nrros 12.3519497751025 6.33094017437624 6.07157379413113
Tmem119 13.699678559052 7.06617539777006 6.28207134443418
Pnpla7 10.5843197435089 6.11190858020421 5.39129004106047
Parp14 9.10437062254361 5.32509436982093 4.97733087816323
Havcr2 10.710530075929 4.35696638184926 3.95192752791266
Alas2 9.97256535353661 5.46871387790753 5.07781530814202
Cmtm7 10.4036329494645 5.71082076199375 4.98345117194276
Mafb 10.9849900615298 7.61130616135477 5.5510247764845
Blnk 11.8079240962002 6.63495128961432 5.71470136881426
Tmcc3 9.16895367720384 5.14941683098744 4.78993015310496
Vrk2 8.87003271247097 5.04768415824221 4.48450771467586
Alox5ap 12.5749967599795 7.05968720738826 5.93383308976098
Fyb 11.7159427823204 6.54297684708357 5.93665309514645
Sepp1 13.725757445204 9.88134905417755 6.15407209909417
Ostf1 9.88695792996933 5.25384830281094 4.61325012875764
Ctla2b 9.94438247489242 4.24021375021786 4.22668737147292
Hspa1a 11.9245276178108 8.33214362568751 6.31339258060741
Ccdc86 9.53354211585671 5.91533513092422 5.16491393300381
Zfp36 13.4960506681509 7.46425218152071 6.30794362679659
Abhd15 9.92497435981129 5.48683902296285 5.11448154627044
Lmo2 12.1717394598769 8.36493228322447 6.4905952446922
Cyba 11.7749627835735 5.25474298719261 5.04087833523046
Wasf2 12.4660305697947 7.48331596382168 6.61416185249544
Scarb2 11.7293389223241 7.35987699498068 6.70107472303472
Ptpn6 11.3292345329635 7.61470549253264 6.90842210771777
Tec 10.1967601761071 6.65199300149239 5.83921034130663
Cd52 8.83934325002235 4.79362657283052 4.76993410869246
Irf5 10.4417221455899 6.41001236459071 5.67669876336855
Naip2 10.8151812852359 4.69018510813196 4.39533848131938
Anxa3 12.9131833282778 5.520452161284 5.06627077729923
