Aldh1a1 13.4839458311783 8.83639814303718 7.31842706231756
Slc6a3 12.5977170973899 6.66637972106902 5.28188054579275
Amy1 9.78324795782018 5.20085862400021 4.73542950202961
Col11a1 8.24858706739595 4.60640648940338 4.37451331638381
Sptbn1 11.9824964662331 7.78919301171356 7.43734728126587
Pclo 10.4878492261736 6.75282135851453 4.49171238455711
C78859 9.37645810965697 5.09054206943819 4.25563751221206
Th 13.2218723476854 6.85230185768718 6.27039140230814
Mobp 12.199076287081 8.68907225764174 5.00560385847125
Prkcg 9.59860413826571 6.04199599557089 5.95615827207288
Tenm1 10.1407747006139 6.52607996201974 5.14206279440007
Syne1 10.6112418636002 7.03433376856654 5.61775579304668
Foxa2 9.10512876014992 5.49501596290079 5.16977579616614
Parm1 10.2498310573316 6.69019571274496 4.72547948406631
Ptprd 11.9059967074661 8.40004971988617 5.08892794554598
Meg3 13.1148459489373 8.63060579645735 7.24259809391319
Ryr3 10.1773267521111 6.50311864379849 5.76610270427863
Rian 10.5808908230694 4.60648127277677 4.53719789478756
Snhg11 13.1386027216496 8.23844008309405 5.40322949564199
Col6a1 9.17338001498994 5.83084049937997 5.65804820339655
Chrna6 9.92561011012837 5.61369323174211 5.30768641218028
Cacna2d2 13.068445854073 8.8180496813127 6.29168425274532
Cadps2 12.8307058397338 8.17523980944911 5.26671691658616
