Tgfbi 10.1729708775644 4.98040795849604 4.67210842633115
Sgpl1 9.54910293773426 5.08106354578316 4.85909769918717
Junb 11.5780026398467 7.46133741467012 4.65164133650318
Lcp1 11.8463632704423 4.35072594919968 4.20277528588307
Txnip 13.6993914736524 6.91382465898747 6.78603683130338
Cd9 11.8962881279299 6.86470610108534 5.26433471302009
Tpst2 11.1246231388186 7.79030089779325 7.32662367455514
Tmed3 11.4931339262918 8.07212687285223 7.84541899769222
Cd83 13.2264749464343 7.63582764773594 6.44648916158397
Serpinf1 9.41188678958694 5.12710003713947 4.58180495596213
Sipa1 11.1257432146877 6.78417860577912 6.16275647393905
Btg2 11.4968904593275 7.10188162635114 5.98720230923179
Tnfaip2 9.08145533726492 4.29898525954533 3.86288811729229
Litaf 12.5127367018525 7.76008891183846 7.45246267805867
Lamp2 11.6172171151883 7.90611388101993 6.62267135807876
Snx18 11.9105809619856 8.40005742094844 6.81076677291799
Cd82 9.38715719713112 5.98449990890792 5.41259198707221
Tubb6 9.94309885815544 5.8857652258368 5.56918970991616
Pfkfb3 9.98570488271776 5.71034340176231 5.37582399013351
Cd164 13.2504873032464 9.710878704243 7.82182997634366
Ier2 13.4150634942812 6.45960651318316 6.28194403279105
Pnp 12.8627608953087 7.51201699202336 6.50059571548264
Nfe2l2 11.3735710823378 6.33815455686999 4.82374264589697
Socs3 12.8363611039744 4.21475943389951 4.0820509504322
Sparc 11.723215805215 6.9620103487442 4.62801986662309
Scamp2 12.0782300087712 7.71746509811893 7.37630972194549
Acss1 9.58139552895345 6.09439434670155 5.03256819807399
4632428N05Rik 12.9592128362635 5.4771768618286 4.89735344579512
Spint1 10.3415667614487 6.11090308048938 5.60905249372817
Afp 8.20241684612463 3.75182860822475 3.6935860922438
Clic1 11.3846871257571 6.02822364158204 5.59468680798981
Plxnb2 11.1751053377305 7.22252974783634 7.00589773650259
Tspo 8.96653892538565 5.05064793182125 4.60880115376368
Irf8 12.5606886061131 5.86291987811766 5.25743024409748
Fkbp7 9.58447874704344 5.8965720096026 5.25420242147884
Tbxas1 9.77227819439976 6.40656584982881 5.93470799169635
Slc39a8 8.3702572354114 4.41367327691528 4.17431858017576
Parvg 10.3224146114506 6.87879523113024 6.17622541779198
Mcl1 12.1472433486191 8.1104589586748 6.20539240358593
Rps6ka1 12.439882687873 8.44089098645913 6.95702476228777
Npc2 12.9151308001633 8.84816473307444 7.70672373208977
Trpv2 10.5912774798385 7.23883657754411 6.70285270327796
Tnfaip8 9.91373565516323 4.4223238439478 4.34286749832716
Fcgrt 9.65042068842126 6.04401677783392 5.90800405191122
Slc40a1 11.6365802495677 7.10681794926392 5.12278090585984
C1qb 13.3846079047961 8.95006049350522 3.80761996110455
Cyp4v3 11.0721852303594 6.64721221197025 6.4786572635343
Syngr2 11.4559121689701 5.01904176596396 4.57192924779013
Pmp22 12.2653168767854 6.28650489028684 5.5685360474655
Tmbim1 10.1081327824941 6.73040160946365 6.20546303237839
Ccl6 10.223717633042 4.95852661378702 4.57171152209028
Cd14 13.3052539164274 7.6474334660153 6.43053062217846
Pycard 11.8185468367102 5.39728174904803 5.37510353855472
C1qa 13.2380236204344 6.49328357936355 6.00600249993657
Il16 10.7022595486227 7.20149368120759 5.97191822131194
Slc7a7 11.052383619296 5.61764154174375 5.0953872097447
Klf4 12.698526861476 5.74585380809686 4.4591057169682
Sertad1 10.6747710405396 7.00359203890759 6.05087801402352
Jun 13.1567215574815 9.46527966631087 5.44731269035053
Srgn 13.2509970787582 6.30147407511242 5.76346322949223
Nfkbiz 12.6860754101133 6.73396924985193 4.50524010447958
Ctsb 11.5122543783846 8.13864618315234 6.8893975317762
Tgm2 11.7718766956168 6.26423827034137 5.06926536710772
Plek 13.0669588958399 6.73808604150613 5.40723066715144
Itgb5 13.3318370523038 6.73844179750813 3.73250581081544
Elf1 9.08676867890006 4.68348401637257 4.15620411831384
Rgs1 11.2541972267774 4.93407689806257 4.53549395019057
Ier5 13.0591463203827 9.37346814794411 5.72112787147411
Cd79b 8.31573716498709 4.73841124877928 4.67388130998345
Snx5 12.5628056055199 7.56145125612315 6.65555617409244
Elk3 10.4901390004177 6.34675797579932 4.368639806378
Gab1 9.65193276191746 5.98320403789199 4.9510007446497
Naglu 9.26626288253695 5.8051045421229 5.22584894287654
Laptm5 13.2497958585741 9.09433254571072 3.94972047429721
Pygl 8.42622724597409 4.37630823620446 4.33138750973169
Slc25a37 10.6378478547555 6.77193513761831 6.26743600139834
Serinc3 10.8737843005988 6.78569297683761 6.35749764177387
Ctsz 13.0341451754765 7.36721400183536 6.00179151445814
Fcgr1 12.3056772228307 4.84753981153326 4.54077613208296
Slc16a6 11.601886645942 7.5033986777144 5.8069394496753
Pdlim4 9.4700059993897 5.18443421978611 4.63325555103371
Ccl9 11.5606702750711 5.14496218808269 4.86504780197613
Tmem176b 13.0401808488191 8.7854198458148 8.14969957247684
B4galt1 11.050190662426 7.55642932675394 7.25140586671396
Tnfrsf1b 11.5849644137814 6.78676064294179 6.18717901140339
Inpp5d 12.5199395399242 7.23616200393931 6.38504317840431
Tlr4 9.52419084436795 4.80399501726965 4.21089531509556
Pmaip1 7.94812896443572 4.03237234870014 3.94351765841202
Aif1 11.8782125697407 5.4374118503268 5.01591388195158
Lims1 11.3895886323577 7.80616431930511 6.72435074866546
Klf6 12.1614928848338 6.48372086601433 5.15483433546479
Crybb1 12.3010895138039 6.60604236961786 6.43876744727313
Fcer1g 12.6409109862305 6.92489844885908 6.16139401955148
Ctsh 12.8519091129382 5.67297211563384 5.63795207642054
Gbp3 8.5913202656342 5.16606306150026 4.56252246569067
Gpsm3 9.66649074936397 5.72240832414277 5.47068105264396
Ncf4 10.7081144474155 5.38229903745435 4.99825219146769
Ggta1 10.3145780373454 4.45226387330086 4.17042003277463
Lcp2 10.3889718130272 5.04215189514344 4.85313262714198
Ngp 12.4329204009581 6.4900160856569 5.34514950009221
Spi1 10.2850028049619 6.05611463847187 5.89807367526075
Ms4a6b 11.1222234312687 5.02326884915989 4.80504201944783
Hcls1 8.83239317939796 4.83344702047139 4.78557153952643
Pabpc1 11.1513836653323 5.87388220897164 4.73116606103227
Cebpb 11.6879517821222 8.25386386466914 5.75844365480146
Plxdc2 12.0633823649962 7.16940388667106 5.24372695358728
Cxcl10 9.83264446685726 5.23489462274279 5.09023116291693
Maff 10.2395219098757 6.43420593428776 6.06060030993437
Cysltr1 9.33333349087416 4.67732219402737 4.05242041360707
Bcl10 11.3928955143517 7.60620557089061 7.17786762440381
Cebpa 9.88957255483431 5.96101861236506 5.81468472288051
Cttnbp2nl 11.7204560544011 5.96626256321507 5.57968132216797
Lyl1 9.97533629065994 5.71959335851281 5.36665710041084
Ptpn18 10.4025712369028 6.64128860780639 6.5254831851176
Tlr2 11.9268402473875 6.33462771568522 5.38076717183358
Cd163 7.66769719158114 4.23109739871712 3.97197196892105
Serpine1 9.52331793271942 5.68558977842667 4.53476929349532
Mlxipl 10.549742788076 6.63305833350985 5.2987868901711
Cd37 10.9048574016166 6.57497248822205 5.94695500654835
Map3k8 10.2849700718244 5.35651460120762 5.00781622358798
Myd88 10.7278217724093 6.44491341479052 5.70924134310274
Ccl12 10.5112043294489 4.69595532911664 4.46136526766349
Pon3 9.20297150005047 4.47940557342201 4.24162107326605
Slamf9 11.1882832385642 7.70207051963082 6.64513658716618
S100a8 13.0395448654869 4.71316361469282 4.51704874364443
Il10rb 10.7116513838826 6.61871511899595 5.43628884752054
C3ar1 11.7072754362155 6.8577507005392 5.53390238836372
Fgd2 12.1304825880125 6.32571733672943 5.99799398597832
Rela 11.8428094359349 8.18249462445658 7.25729028273578
Ccl3 13.4953964323281 5.28475311946748 4.6470512736016
Ms4a6d 11.3799791784438 4.90232360314516 4.39355728982923
Ier3 13.4963591841383 8.12658782727293 7.10821577499773
Nupr1 9.93831898336817 5.87964707853035 4.89705857743965
Camp 12.113738407204 6.17394513899271 5.50995832455533
Chil3 11.1159878878753 4.53606894486655 4.02197077054607
Arap3 9.86775374576886 4.42657649251434 4.06333713717435
Tlr7 11.2112407400947 5.43180418589992 5.12048290964839
Trim25 10.8969751411857 6.43744226324685 5.65413704861994
Hpgd 12.0107499612859 4.80791156208988 4.54829652145589
Mcm3 8.92535440058905 4.98351756040922 4.90302308429979
Slc11a1 11.4154854568916 6.775781926025 5.86673900621725
Ccl2 9.49866288250659 5.40387545780927 5.11531382702237
Cd86 11.6419705628058 5.14423150215221 5.06103983599264
Sat1 12.159300186165 6.70793740590624 4.96135888755228
Prkd3 9.70383275414416 5.85828257015931 4.92492767474781
Gpr84 11.5935377294956 6.26874201682145 5.57653713460254
Vamp8 11.9027573726861 7.20839951077009 5.78269812613744
Tcirg1 11.3257053795282 7.08330835417426 6.85968824947254
Sqrdl 11.0518617676912 6.65114229990225 5.96681149081559
Trim12a 8.5835260320544 4.29092501369743 3.98249469299637
Zfhx3 11.2942984484453 5.74283540241509 4.39354050334753
Slc15a3 11.5219827541908 5.3973137655116 5.32518332848596
Rel 9.30153835661437 5.59542334282235 4.98059646242799
Tsc22d3 11.4721491337919 5.87144318158302 5.24455971459829
Sla 12.3378861062474 7.0258789697115 5.78517920295839
Tgfbr1 13.4953964323281 8.93199268258638 4.95055635046516
Snap23 8.47917138557207 4.87826264608243 4.00213911959335
Asph 11.1131392793095 6.82161117511952 4.84781012874797
Ivns1abp 12.7182126498181 9.1747879157278 7.89101949555852
Adcy7 11.9646243532397 6.62003800296148 4.88123453616227
Rbm39 10.4094928984617 6.45718679220697 4.62204840251362
Vamp3 10.8638436564196 7.07516336678004 6.00031163894054
Bmp2k 11.3162621163235 6.4821012535431 4.94334509320167
Lgals9 9.80576100376818 5.59800538320193 5.56156848143933
Trem2 11.528689695107 6.97886040100335 6.67288890310675
Birc3 10.7521481640029 6.46901489278249 5.61373209893151
Igsf6 8.68495551282954 4.56640764750944 4.15432778164027
Samsn1 8.95535277925432 4.81615278017587 4.29617915395768
Il1a 10.5450729398403 4.77372705116193 4.21421089107621
Naip5 11.1347547074536 4.70118371761422 4.31928851460233
Ccl4 12.7516225784521 7.58747776303071 6.0076393066919
Klf3 8.44575749935971 4.98678645361189 4.90854559032543
Itpr2 10.8613975316724 6.1139687691845 5.69966234118506
Stat6 10.5031698578152 5.61383666066134 4.80681381871733
Tapbp 11.4240903434095 7.1915836553273 6.52583981116287
Msn 10.7217422633417 6.12836454251911 5.76685221403435
Abca1 12.0785728549459 8.58486579392607 6.7814639319198
Adam17 10.581995677351 6.65400370937573 5.63560283088111
Dapp1 10.626591308075 5.28102719254797 4.92093192703796
Clec4a2 10.1190075949126 5.22339604369267 4.75806840046996
Fli1 10.0832277034328 3.96257184061695 3.75279876812183
Ets1 9.75745818736726 5.97796351325769 3.77241400875061
Ptprc 12.4215732421658 4.78551418727354 4.28237324520287
Fosb 11.9818678393755 6.11948202500071 5.02380955427567
Ccr5 11.7087776692335 4.83667581876299 4.34932606271241
Il6ra 12.6405285425734 6.36987761005052 5.67164228117685
Tgif1 8.50458243562559 4.97797987663006 4.63799951743253
Pla2g15 12.3512186582331 7.89308023459478 6.87795712190741
Itga6 11.5906633280243 7.46044458871622 6.11500312176055
Ifi30 11.4062018650154 6.34672073208887 5.82482523275343
Cables1 10.7158993683559 6.81616741855247 5.78477521197859
Zfp36l1 12.7019764996359 7.25839798592154 4.78951345702166
Gpr34 12.142699851518 4.29645276412566 4.10969342478379
Rrad 10.0026571297703 5.41445981599004 5.1113313650277
Rhog 11.2037880767617 7.79183997917515 6.79249239433558
Rnase4 13.0771643703574 5.8184794657069 5.31873933036603
Hk2 12.3164140648536 7.4523258194875 6.00670767356609
Map4k4 8.81854047498591 5.33902160508918 4.32409179913611
Fam111a 8.33832002390926 4.90468185284336 4.39297433842341
Hfe 11.3196450739578 6.43061230233577 5.58598817730126
Pik3cg 10.1537853547168 5.55062927507208 5.41423140219895
Tlr3 9.63659550839082 5.65436078489005 4.86114334823985
Prkcd 11.3607793398998 6.66222316215668 6.29371894227804
Mertk 13.0985151577591 6.76112878686988 5.48501232288126
Cd84 9.96224237530016 4.83303948670422 4.54144361192093
Ly86 13.8305038298173 7.83799556693726 6.29859180839895
Vav1 10.4997459843954 4.18789668907358 3.95676125566566
Psmb8 9.25112032483099 5.86280846228966 5.62545509347606
Stt3a 9.80513059719094 5.93247454839539 4.64742835184854
Fos 13.9327205870223 10.2468442983849 8.19258487595135
Cfh 10.8438396260437 3.90174091032013 3.47880392120755
Tnfrsf13b 9.66545251361214 5.31963930811997 4.46978387783388
Hhex 10.060418644213 5.74215758911578 5.35929016092684
Entpd1 9.58873000960094 4.44532709918973 4.27339683915842
Ptgs1 12.1626150793908 5.27050360809788 4.53854109418312
Stk17b 9.80355004387352 5.67561687609918 4.91249346368908
Frrs1 10.6966078261321 5.63887290445695 5.28800621688495
Lyz2 12.5660138290276 6.90316004809754 6.65582655278662
Ssfa2 10.4026641404164 6.51925666465688 5.45566777261445
Galnt4 9.11869231898454 5.23337322213426 4.73355525574206
Ctc1 11.7422487728519 7.51714644687416 7.21350209710593
Unc93b1 11.3066168079527 7.406717095357 6.8197972585318
Mob1a 11.6304802850351 7.81502624011738 6.15264846607077
Wls 8.21516176510327 4.62045289329859 4.43171240373652
Tmem176a 10.8465428280293 7.03751638076639 6.61328537955687
Tspan14 11.2007785813707 7.51392885300042 6.46914843340818
Lpcat3 11.4786154330381 7.59411244509999 7.17066416892519
Hvcn1 10.2856187487951 6.03886357575276 5.36770415663899
Edem1 10.5644676490564 4.67366218807268 4.35871299549412
Icam1 12.144222640413 5.16163845360354 4.86911562919184
Rbl1 8.51194870241016 4.97244159359358 4.36028710890634
Rcsd1 12.3223507478265 7.37908660229589 6.4797603867715
Npl 10.119227368812 5.83815214419782 4.94930348676785
Smox 10.9458769613614 7.47929920004035 7.28233214186785
Tmem140 8.46080936763924 4.64980679275701 4.4385658186346
0610040J01Rik 10.8106638816197 5.50496713167962 5.25888810254983
Tm6sf1 11.273380881778 7.19243272027702 3.97992256504799
Cklf 11.3324839569912 5.83917981365993 5.49359176236582
Cd177 8.01898297885642 4.6868335834497 4.1148532928889
Casp8 9.83591177234681 5.17780043402819 4.85064587873708
Tmed5 10.4601759587631 6.12607081178797 5.24782308546242
F11r 12.1638127271072 6.15221284803444 6.13338346430798
Ifi35 9.02633293785675 5.56295928821662 5.30312802045912
Eva1a 8.63294613398656 4.49486317404306 4.23441399080228
Tor4a 10.4213155961976 6.83015541904572 5.311005637863
Ptbp1 9.02225932629817 5.62698153535277 4.98264579160634
Plxdc1 10.9642741564864 7.12986693967357 6.28284205996411
Lpxn 10.730982217212 5.10103777972759 4.46209205646361
Siglec5 8.337886172674 3.99394466967461 3.84875896476019
P2ry6 11.5909433501351 4.92986927238965 4.59774869703173
H2-K1 12.7949568117272 7.96821631607153 6.61580847193224
Tgfbr2 12.4312251246194 6.47074746872612 5.27276809326129
H2-Ab1 8.4512011309411 5.02476195258657 4.78058534775703
Ceacam1 8.73427463823456 4.56211268687144 4.50733597479886
Mlph 9.52478746573067 6.07571229609741 5.22114119350034
Ncf1 9.01873662127703 5.51138473035697 5.25500831521497
Il13ra1 9.69650941211153 4.48138207620925 4.22536436259688
Adap2 10.4876327911899 5.88968143678488 5.14285734286791
Akr1b10 8.35430474274704 4.92395487879839 4.56688088810458
Nmi 8.7449893077744 5.30921904198713 4.95169181018606
Pld1 10.7880824610021 6.99362174545974 5.95949339777941
Pon2 9.26937417743214 4.15554667329183 3.82747710738137
Gem 8.28009388336886 3.93907077977737 3.89364244481914
Tor1aip1 9.84392113236668 6.44572556962499 5.74413872279242
Rrbp1 12.1135184174842 8.47407005709745 6.24778153615878
Vwa5a 10.3690918760756 5.76456511060717 5.09575712754416
Glul 11.9439234863599 6.8240361463157 5.60212709895116
Arrb2 11.5161791808491 7.18381318835019 6.07424778492015
Pros1 11.4244912078995 5.56831022044052 4.5232847147844
Ifih1 8.66416697609045 5.15000301323207 4.96360401561844
Rin2 10.1302854085197 6.52229977370946 5.23159383735296
Tifa 10.6649959627868 6.67617046052196 6.32059319714315
Rnasel 8.44553447587019 5.02101263965932 4.28023183987131
Arhgap17 11.0358082941061 7.46651511193052 4.77923004230892
Armc5 10.592420015339 7.18122542926056 6.57788198045644
Parp12 9.52345845288495 5.11401448316242 4.92499508559152
Trim47 10.122871565472 5.6025657583087 5.33146022798856
Lgals3 8.71732817427299 5.25677656698028 4.76298515452914
Fmnl3 8.92058913443164 5.55631656683066 5.33037734936407
Arsg 8.21968836256545 4.18156150820401 4.09042249011852
Sash3 11.2528818012755 7.09256544249298 5.82054450555334
Themis2 9.94919523666928 5.50774022248445 5.23551731475374
Mpeg1 13.5339312443488 7.05772649912034 6.65410920363881
Cd48 9.99176185857167 4.76269921229217 4.62874099830324
Akna 10.5978331936346 4.84352784184952 4.41177575790489
Sult1a1 9.92143049281146 6.06313442652452 5.81528698368736
Fes 10.5840546362038 6.96652839351331 6.52126298264588
Cep152 9.68353142517718 6.06490215583631 5.73623056557532
B2m 13.2088860971046 8.67417124266056 8.10932350150444
Egr2 11.2144151601674 6.33069981894138 4.14585597049394
Ccrl2 11.4107831106411 6.53681391650671 5.76281719037183
Lcn2 11.7182561949748 4.47388532043407 4.30773371660585
Hbb-b2 7.86146929235822 4.13560083465578 4.08815874487021
Tmem173 11.1696407087511 7.78901622420826 6.78690703451447
AF251705 12.0057126252299 7.61628803856243 6.89142157443249
Hmha1 10.4487011332694 6.48200823203241 5.76897206222416
Chn2 8.31244073196833 4.74231219302019 4.28481678033783
Gmip 10.2055870255081 6.65943067996238 6.14489316821996
Nckap1l 11.1526856630168 5.93297593617623 5.70341445953767
Abcc3 9.7509259850256 5.93488951650321 5.41136085167755
Rnf130 12.3284705937932 8.61513458069287 7.59020841972052
Rhoh 10.7637079698635 5.88524025867684 4.77972069770086
1700017B05Rik 11.7522974287947 6.143212478321 5.59784913274233
Gusb 11.4803411718158 5.12420116295022 4.72760784713057
Lair1 10.6612900224916 5.2096054627455 4.7564425872016
Twf2 10.9336973935694 7.38277825974711 6.62399613577115
P2ry12 12.4385715566921 5.21716756001584 4.73000462664374
Rnf19b 9.65744414029616 5.04670163489188 4.77615891564751
Epb4.1l2 12.5432840929574 8.12665239715691 6.58803209110343
Pld4 12.1700437011819 5.89959985279213 5.63825864841112
D15Ertd621e 10.0624486421296 5.03411200224896 4.24802577128693
Lrrfip1 10.7224886700699 6.87140082648745 4.9337978057587
AU020206 9.79768698851007 6.13848329546795 5.24616807778462
Fermt3 11.4207362066657 4.5972354724045 3.76985456229509
Cerk 10.9762350049572 7.28105945765092 6.27734238151698
Plk3 11.036823711972 6.99134448172418 6.20152199478953
Ankrd44 11.5679366187782 6.22089032018129 4.66819612337113
H2-Aa 11.2644036954394 5.56231301569572 4.3399571152246
Fam105a 11.8820924454901 7.88544869888671 6.68903497850803
Rap1b 10.5897063292161 6.28975588100496 4.66656904686604
Herpud1 12.5116726598182 8.42294420547702 7.99280882358595
Cd300a 10.0530239896872 5.53639931298281 5.13998625654813
Wipf1 10.3652831365882 6.85299333036332 5.58695100944042
Tmem179b 9.57494076147868 6.05910450103022 5.50093346191927
Lyz1 12.2502412289951 5.95712377261932 4.41743958349687
Clcf1 8.68466038510135 3.90911751394704 3.73554286128562
Adrb2 8.29734945321406 4.20889037242237 4.15396893927696
Lrrk1 9.1635528470806 4.8782040693968 4.75245272987944
Zfp36l2 12.4004422821899 6.67053737108994 5.91001331881463
Il10ra 11.9867649941734 5.31417518175939 4.82268216182428
Hexb 13.9214339669789 9.68712698241879 6.10252112189995
Rab20 9.64744268247702 4.01896328348872 3.76122593694522
Slc9a3r1 10.5341792603602 7.00088914137327 6.15429014262216
Grn 13.6303783372944 8.49053991962551 7.1882613836889
Mavs 9.23385264584594 4.88600856610713 3.63012642539397
Fam46c 12.2421510197398 4.6307928223493 4.46497002920889
Pald1 11.0128320429645 7.06631121770102 6.40577490011504
Ifngr1 12.016051864462 7.58358003090544 7.17890107680705
Tcn2 12.1195930224409 7.67925055184599 6.52267329214789
Anxa1 9.64055143138413 4.91641802957481 4.4883661992716
Cmtm3 10.0110497819572 5.78784737011147 5.37206694689485
Ppp1r15a 12.6593601245383 8.18319188188451 7.31875404199156
Slc15a4 11.356384012252 7.8620328990987 7.01383354244096
Dhrs3 10.8328899765314 6.4594958323479 6.24532848063398
Lrmp 8.89491220593798 4.78392522188526 4.30309571640785
Olfml3 13.5644607358692 6.81493788741511 6.44001854767622
Pla2g4a 9.55730250855793 4.92082919040586 4.75806383524302
Ncf2 11.109264808914 6.05204653112053 5.77922210435091
Ctss 14.1223387589978 9.82893532994308 5.30974590122255
Cd53 12.6270729328698 5.49077973277666 5.38149067038849
Fcgr3 13.3874319809845 5.88465879491684 5.3004946817003
S100a9 12.2965410503709 5.58063879628213 5.04717937668991
Dusp1 14.1813580097059 9.07784712150233 6.84455406523873
Klf2 12.9915058739807 5.66644818480176 5.56768008425551
Fcrls 13.5200887013828 6.65927228192223 6.24566379308166
Tlr1 9.55990391864875 4.2264879883735 4.09394589532386
Zfp90 9.89278120178404 6.14090947991866 6.07506343433564
Selplg 13.492313873689 7.62472660636741 7.31492797696793
Cd68 12.2825968841945 6.6581228181165 5.04207250986257
Gpr65 7.85611733273235 4.02383944406899 3.76586515978761
Ebi3 9.38512048892932 5.93509397721532 5.79736326148456
Casp1 8.72506021576845 5.36374694948784 4.36675541564087
Csf2rb2 9.46516272602394 4.95928561257207 4.82925563592054
Atf3 13.3007390383143 5.56966634336417 5.43581533404648
C1qc 13.5695399365939 6.26184969482989 5.3282473064276
Chst7 11.0545300964632 6.76077438372968 6.0979504474668
Hck 11.7192724128215 5.77823218293554 4.88312914289877
Gcnt1 7.89240442650036 4.49665033263907 4.31594318765314
Casp4 9.17977855891737 4.85865798110351 4.11980712107146
Per1 12.1580724735259 8.69450113599356 7.82471129674339
Ehd4 10.2769858985773 6.32141693388884 5.5369256399985
Ly96 8.98885773803667 4.86192603492285 4.40305366960165
Lag3 9.94342037341401 6.47815056662937 5.9487346988878
Cxcl2 10.9236295592129 4.95480322138053 4.22297345483387
Ltf 11.9771261319803 7.81147549600461 6.84737134224938
Cx3cr1 12.8322911670036 6.03410769552934 5.59760689348685
Socs6 8.58273432095609 5.24113124743142 4.87629867804954
H2-D1 12.6856010965553 8.06890814651167 5.89310660896675
Stab1 10.7835801182221 5.35146298848663 5.05435237176984
Evi2a 12.5801879760248 5.14340091881347 4.95247742169822
Il6 8.3523884587654 4.00650205675597 3.92037120168403
Mrc1 8.47267687587698 4.81159742177112 4.47632398664233
Itgb2 11.8281947861841 5.07536629159504 4.8235480390564
Psmb9 9.49408509768935 5.82355353157463 5.65224896699475
Adamts1 11.3973807177838 7.90027959540457 5.16500875996311
Ang 8.67340897437916 4.16464824827906 4.03966388405141
Sh2b2 9.32069277757714 4.87812896538678 4.46961188056484
Tyrobp 12.9035612805634 7.06832067469281 6.31461697055152
Crot 9.71542778628793 6.1840709356084 5.34005290963064
Slc29a3 11.6835560124248 7.58933878053426 6.16837856660352
Vasp 10.5290974508756 6.55684510780025 6.34793979362288
Pbxip1 10.3716503756831 6.78107571895677 6.3649183918092
Emr1 12.777781853873 6.39180245700908 6.1940757399875
Nrros 12.3519497751025 6.47992746423414 5.83501255877194
Tmem119 13.699678559052 6.87397718306062 6.28207134443418
Pnpla7 10.5843197435089 6.11190858020421 5.50771991661914
Parp14 9.10437062254361 5.59297901270396 4.97733087816323
Havcr2 10.710530075929 4.35715404777302 3.95192752791266
Alas2 9.97256535353661 5.54139456171226 5.04016431123567
Cmtm7 10.4036329494645 5.88252428994647 4.98345117194276
Blnk 11.8079240962002 6.6313072860949 5.67041713704035
Tmcc3 9.16895367720384 5.10300285965942 4.81022330680118
Vrk2 8.87003271247097 5.04768415824221 4.49145131040926
Alox5ap 12.5749967599795 7.05968720738826 6.22303748207379
Fyb 11.7159427823204 6.54297684708357 5.89994943678973
Sepp1 13.725757445204 9.88134905417755 6.29070548171758
Ostf1 9.88695792996933 5.25384830281094 4.81495819580825
Ctla2b 9.94438247489242 4.23988032504055 4.12174380931754
Hspa1a 11.9245276178108 8.33214362568751 6.12424558824619
Ccdc86 9.53354211585671 5.91533513092422 5.38404067731422
Zfp36 13.4960506681509 7.56555581618153 6.30794362679659
Abhd15 9.92497435981129 5.42533616883688 5.11448154627044
Lmo2 12.1717394598769 8.36493228322447 6.91180197517403
Cyba 11.7749627835735 5.37191200571197 5.19089949756495
Wasf2 12.4660305697947 7.18588604853752 7.12603032224674
Scarb2 11.7293389223241 7.23478488303581 6.70107472303472
Ptpn6 11.3292345329635 7.74162167822118 6.90842210771777
Tec 10.1967601761071 6.46459484922842 5.83921034130663
Cd52 8.83934325002235 4.95589570775788 4.63985629227434
Irf5 10.4417221455899 6.53933614355649 5.67669876336855
Naip2 10.8151812852359 4.69018510813196 4.507026384345
Anxa3 12.9131833282778 5.74308554990436 5.17911718937817
