Golm1 13.1709345745481 9.06634633287333 6.99475338167821
Tgfbi 10.1729708775644 6.41252234770914 4.39929254810101
Lcp1 11.8463632704423 6.54715300117345 4.31052940456101
Cd83 13.2264749464343 7.4972132490643 5.97404892404999
Sipa1 11.1257432146877 7.03758430843407 6.19874481900487
Tnfaip2 9.08145533726492 5.41171946985969 4.00354625840011
Ier2 13.4150634942812 9.69468367704587 7.20724241535107
Socs3 12.8363611039744 8.56541291856443 4.07611876319886
4632428N05Rik 12.9592128362635 8.5415323116162 5.02675174220988
Spint1 10.3415667614487 6.06492043138359 5.24550868690377
Afp 8.20241684612463 3.96478346369623 3.7197436759331
Clic1 11.3846871257571 7.82834679197473 5.57918891485218
Irf8 12.5606886061131 5.94515220863291 5.26456347095361
Dnajb1 11.4072973894197 7.79968888891912 7.07576045320494
Tbxas1 9.77227819439976 6.22358760990741 5.61812587571318
Parvg 10.3224146114506 6.63442047795175 5.37422725470616
Rgs10 13.3912666623373 9.00716823518346 6.0824796248386
Rps6ka1 12.439882687873 8.11131451368037 7.34958880677563
Mfng 10.1100884876208 5.99861883029541 5.61423577031906
Slc40a1 11.6365802495677 6.71490542019539 5.82034785378207
C1qb 13.3846079047961 6.48948139073212 3.82008883257632
Ccl6 10.223717633042 4.85145416937998 4.03552154616294
Cd14 13.3052539164274 7.07036222418185 6.12814451232264
Pycard 11.8185468367102 6.33748788430451 5.36228245927956
C1qa 13.2380236204344 7.07031031498665 5.33609111025791
Il16 10.7022595486227 6.06855560588513 5.41265998594255
Slc7a7 11.052383619296 5.52783453363974 5.04638689665014
Srgn 13.2509970787582 6.75198326928208 5.52750296453939
Nfkbiz 12.6860754101133 9.01509674025659 5.03711571405485
Tgm2 11.7718766956168 7.38557728405946 5.95291720589279
Plek 13.0669588958399 6.75421882469653 5.86987617227796
Rgs1 11.2541972267774 4.81476930652975 4.46874727741006
Cd79b 8.31573716498709 4.71863420658294 4.4934322580607
Snx5 12.5628056055199 8.65552127660256 7.07479069771344
Elk3 10.4901390004177 6.04171515588481 4.78209249542373
Laptm5 13.2497958585741 7.78077151125238 4.01286333819056
Serinc3 10.8737843005988 7.12954683826985 6.48568752485018
Fcgr1 12.3056772228307 5.20351935097958 4.30330119549108
Slc16a6 11.601886645942 6.92498087252103 5.56189755709091
Ccl9 11.5606702750711 5.21920568657441 4.76518007473604
Trim30a 9.82440837349698 6.36574665145688 5.39207461135589
B4galt1 11.050190662426 7.25459313331145 5.91043052002542
Tnfrsf1b 11.5849644137814 6.83993735155846 5.90185407369473
Inpp5d 12.5199395399242 7.55016802207374 6.39201723564768
Tlr4 9.52419084436795 5.39631702931634 4.42453500059162
Pmaip1 7.94812896443572 4.58769242463887 4.00593789024639
Aif1 11.8782125697407 5.33333660487874 4.92175641717721
Syk 11.2305153374971 6.78725404390108 6.25840045633185
Klf6 12.1614928848338 8.07623800420153 6.43963442425175
Crybb1 12.3010895138039 7.08209731650036 6.46632586464935
Fcer1g 12.6409109862305 6.80798385597094 5.73469011092421
Ctsh 12.8519091129382 6.15077847447325 5.25894210908919
Gpsm3 9.66649074936397 5.50270749747923 4.7364446976166
Ncf4 10.7081144474155 5.1994966122897 4.96773122541505
Lcp2 10.3889718130272 4.89735193665535 4.585449791962
Ngp 12.4329204009581 6.36080721919612 5.3194416672223
Spi1 10.2850028049619 6.14017857677206 5.8981484752023
Csf3r 10.4703586336665 6.70920862452958 5.31338582389205
Ms4a6b 11.1222234312687 5.21983011264694 4.80464936892423
Hcls1 8.83239317939796 4.90978422817752 4.70006863491754
Pabpc1 11.1513836653323 6.5625055496324 4.43518063287224
Cebpb 11.6879517821222 7.77197094511532 6.18246186444726
Plxdc2 12.0633823649962 8.11552730176005 6.38170409594918
Cxcl10 9.83264446685726 5.71770609381287 5.15811532474731
Cysltr1 9.33333349087416 4.3377560540655 3.97498158043732
Cebpa 9.88957255483431 6.33528596935101 5.36307102221552
Cttnbp2nl 11.7204560544011 7.3331535868597 5.76659730448681
Lyl1 9.97533629065994 5.51322214245878 5.00808319290835
Ptpn18 10.4025712369028 6.69465934977162 5.84206858091136
Tlr2 11.9268402473875 6.00763898987703 5.57696125803906
Cd163 7.66769719158114 4.2863446988853 3.97952984343366
Serpine1 9.52331793271942 5.26268144022079 4.55096264931616
Mlxipl 10.549742788076 6.56871588505285 4.96087724430701
Cd37 10.9048574016166 6.46240476148822 5.23937524342889
Map3k8 10.2849700718244 5.00726178895669 4.77161173993458
Myd88 10.7278217724093 6.75287634950963 5.70414426972033
Ccl12 10.5112043294489 4.65022028638625 4.42103196550055
Arhgap4 9.36525554969312 5.44054366711949 5.26737891351923
H2-Oa 8.7917936065526 5.42583586658711 5.01772311839975
Pon3 9.20297150005047 4.58228717393754 4.22420504045962
Slamf9 11.1882832385642 7.72846190741839 6.23585623294109
S100a8 13.0395448654869 4.8053216055652 4.57712331649563
Il10rb 10.7116513838826 6.75002384829767 5.27138819471225
C3ar1 11.7072754362155 6.29854590075288 5.35769955326787
Fgd2 12.1304825880125 6.76986426828248 5.89498690664935
Ccl3 13.4953964323281 5.07254320426808 4.35898614505466
Ms4a6d 11.3799791784438 5.30245771741373 4.43444782975352
Ier3 13.4963591841383 8.01782153086218 7.18338300342269
Camp 12.113738407204 5.74625479544503 5.37788828191527
Klk8 10.2464469222101 5.97752612475035 5.5283215453085
Chil3 11.1159878878753 4.45748983571261 3.8904363306835
Arap3 9.86775374576886 4.38576535382518 4.06852006491086
Tlr7 11.2112407400947 5.36644913447447 4.82794905162587
Csf1r 14.0460007158016 10.2115700835624 6.89135482270313
Hpgd 12.0107499612859 6.25017782263228 4.30771503781883
Slc11a1 11.4154854568916 6.61716276631673 5.37932362073853
Ccl2 9.49866288250659 5.37715101432068 5.11127025020561
Cd86 11.6419705628058 5.25355410601823 4.80822690633596
Gpr84 11.5935377294956 6.07575103315411 5.42186730903971
Tcirg1 11.3257053795282 7.94586123887293 6.71584591658251
Trim12a 8.5835260320544 4.57036745669591 4.02515956902884
Zfhx3 11.2942984484453 6.06309084238521 4.52174025947654
Slc15a3 11.5219827541908 5.53195622967356 5.29667824712998
Clec7a 9.36335652990378 6.02716484798068 4.85092791279382
Rel 9.30153835661437 5.55050180149985 5.08136325894172
Sla 12.3378861062474 7.859003063956 5.65911024478971
Tgfbr1 13.4953964323281 7.84282290994256 5.98623296340145
Adcy7 11.9646243532397 7.09270978715389 4.98400411261117
Lgals9 9.80576100376818 5.90600538835936 5.21064613634544
Trem2 11.528689695107 6.64572888508852 6.22259236630116
Gna15 8.93153578094543 5.44744298449861 4.8528060028926
Birc3 10.7521481640029 6.48324365153174 5.97281601493005
Igsf6 8.68495551282954 4.29659044303829 4.14210026861705
Samsn1 8.95535277925432 4.67900734325154 4.48098893073957
Il1a 10.5450729398403 4.47120462634803 4.28144067286583
Hpgds 9.14123713383759 5.34825837721473 4.93699994581231
Naip5 11.1347547074536 4.6930357268815 4.1098987655254
Ccl4 12.7516225784521 7.31326376905386 5.92481410603678
Stat6 10.5031698578152 6.27816350817628 4.85755742665137
Clec4a2 10.1190075949126 5.22085944652355 4.72501873341744
Fli1 10.0832277034328 4.11929721140346 3.83445450802887
Ets1 9.75745818736726 5.01372465410164 4.52982392611622
Ptprc 12.4215732421658 4.7897725618233 4.35043717484898
Fosb 11.9818678393755 8.33189288307672 5.81020892486499
Ccr5 11.7087776692335 5.31478800490302 4.39910053357316
Il6ra 12.6405285425734 6.19400394712194 5.5492386777976
Tgif1 8.50458243562559 5.02396479604009 4.56969768175154
Pla2g15 12.3512186582331 7.87317899546187 6.48104830667368
Ifi30 11.4062018650154 6.98085934471776 5.75383606612909
H2-DMa 11.3395300052483 7.79207113075536 6.26767533018356
Gpr34 12.142699851518 4.238173531738 3.77984796070272
Rrad 10.0026571297703 5.99869172859247 5.19210702473486
Rnase4 13.0771643703574 6.48027059189743 5.29820679475776
Hk2 12.3164140648536 7.54330354130325 6.17089112559513
Hfe 11.3196450739578 6.82843899035436 5.65269832445921
Naalad2 9.64837692903074 6.22139684012547 5.38715061437861
Pik3cg 10.1537853547168 5.64584720768115 5.06626652123861
Cd84 9.96224237530016 4.65600031487399 4.52393578182105
Ly86 13.8305038298173 7.19906850027676 5.4125605820803
Vav1 10.4997459843954 4.23704153586091 4.00542803212677
Cfh 10.8438396260437 4.18272233770709 3.53171209396523
Tnfrsf13b 9.66545251361214 4.89436791059297 4.26560507136761
Hhex 10.060418644213 5.882670977133 5.2163998946655
Entpd1 9.58873000960094 5.41836694407512 4.17471305516848
Ptgs1 12.1626150793908 7.65338581598753 4.92464875076473
Lyz2 12.5660138290276 7.15597890911918 6.15687951428859
Ctc1 11.7422487728519 7.71973430447397 7.14006369871045
Unc93b1 11.3066168079527 7.12583283806211 6.4439312129138
Sfpq 11.5708095722532 8.14175398823458 6.35499464030318
Hvcn1 10.2856187487951 5.9461691065343 5.48686911068057
Edem1 10.5644676490564 6.67364714877859 4.63782565995846
Icam1 12.144222640413 5.62932186249002 4.72759869796304
Ptbp3 11.2952745829932 7.88032781342626 6.60682666007037
Rcsd1 12.3223507478265 7.65226328316824 6.52598615210494
Tmem140 8.46080936763924 4.61805593460102 4.4000060420071
Tm6sf1 11.273380881778 7.55395860401985 4.4501189362809
Cd177 8.01898297885642 4.51578315094483 4.13667847291582
Casp8 9.83591177234681 5.31814775783942 4.98612994324124
F11r 12.1638127271072 6.42415761798645 5.55242820437481
Tor4a 10.4213155961976 6.65853093798046 5.26000853575061
Lpxn 10.730982217212 5.17282204901936 4.44530829280474
Siglec5 8.337886172674 4.03381038924275 3.77036134033044
Fcrl1 9.27554865404005 5.58896596226861 5.19502226226958
P2ry6 11.5909433501351 4.73811249881306 4.06920057390885
H2-K1 12.7949568117272 7.87823294913656 7.41907064685338
Tgfbr2 12.4312251246194 6.96901985414145 5.95755780336604
Ceacam1 8.73427463823456 4.79169338783813 4.5123349405543
Mlph 9.52478746573067 5.76201498669847 5.18862387706474
Ncf1 9.01873662127703 5.55915955159665 4.99976349762357
Il13ra1 9.69650941211153 6.27255433273293 4.2945755818213
Adap2 10.4876327911899 5.44971889527019 5.11876514945733
Capn3 10.437566906065 5.15244102889262 4.60494150515957
Arrb2 11.5161791808491 6.97412758229728 6.66208534972365
Pros1 11.4244912078995 7.67312248899215 4.79037324470444
Arhgap17 11.0358082941061 7.44405421807034 5.05213271271244
Trim47 10.122871565472 6.20167158262627 5.32615957311257
Plcg2 11.2395812321787 7.59413906579795 7.19335659144685
Mlxip 11.0131464704826 7.55121324283235 7.20921564579939
Sash3 11.2528818012755 6.94600723288011 5.42576770155678
Themis2 9.94919523666928 5.34487792166184 5.05239877415601
Mpeg1 13.5339312443488 7.21018607897213 5.73132712766911
Cd48 9.99176185857167 4.79546948034346 4.42379520602707
Akna 10.5978331936346 6.18136923143859 4.77641832833858
Fes 10.5840546362038 6.78185791694109 5.90308844710161
Cep152 9.68353142517718 5.99908914397236 5.60690340816638
Ccrl2 11.4107831106411 6.26005065093856 5.76670994500818
Lcn2 11.7182561949748 4.47819506695305 4.27487857319136
Hbb-b2 7.86146929235822 4.28456060611378 4.0054487863881
Gimap6 8.28896486111756 4.91456571053908 4.61301973316659
Myo1g 9.04216166021584 5.71590446197385 4.95185414579976
Tmem173 11.1696407087511 7.30650342035499 6.02111505022565
AF251705 12.0057126252299 7.41068490011295 6.44021746092671
Hmha1 10.4487011332694 5.99435962010613 5.26613878264888
Gmip 10.2055870255081 6.19745065101306 5.65682911041975
Nckap1l 11.1526856630168 6.25658710737193 5.013897288144
Abcc3 9.7509259850256 5.8296424027917 4.96553915238061
Rhoh 10.7637079698635 5.34939694216685 4.80755170866794
1700017B05Rik 11.7522974287947 6.77028738944311 5.86112775652539
Lair1 10.6612900224916 5.75142843680148 4.84689879333491
P2ry12 12.4385715566921 5.60181048013121 4.8363903287941
Rnf19b 9.65744414029616 5.59061908042694 4.9050389582233
Pld4 12.1700437011819 5.99973189633613 5.29359135999431
Lrrfip1 10.7224886700699 7.35085739739572 5.52205205771236
AU020206 9.79768698851007 5.73540657062509 5.01218574102918
Fermt3 11.4207362066657 4.51098245665791 3.97606002320363
Ankrd44 11.5679366187782 7.97831432789991 5.3736990009739
Kctd12 12.099676793357 8.29466921773506 6.56238728441047
H2-Aa 11.2644036954394 5.9049319155951 4.76544018237343
Fam105a 11.8820924454901 8.20783781908568 5.63000811108723
Cd300a 10.0530239896872 5.4808012069661 4.90438669585356
Lyz1 12.2502412289951 6.25309816923464 4.49781463242789
Clcf1 8.68466038510135 3.98875778685919 3.77261094002187
Adrb2 8.29734945321406 4.39472301175517 4.0770889952778
Lrrk1 9.1635528470806 5.26553322769104 4.62003135895298
Il10ra 11.9867649941734 5.13392216202459 4.74768182739732
Hexb 13.9214339669789 9.42964912127379 8.44405140790832
D530037H12Rik 10.4018822600769 6.79220296500816 4.48938854079583
Rab20 9.64744268247702 5.11651697891248 3.88988966431658
Grn 13.6303783372944 9.71088335257339 8.16107281141165
Ifitm6 9.1396048659572 5.80081248648256 5.55059895034356
D9Ertd306e 8.20712585253381 4.46717557174843 4.26141324144672
Fam46c 12.2421510197398 6.19228829013619 4.7074490641574
Pald1 11.0128320429645 6.87738515647429 6.06072698584371
Ifngr1 12.016051864462 8.16639418263365 7.14002981240136
Anxa1 9.64055143138413 5.69833679255291 4.42412841830976
Lrmp 8.89491220593798 4.59075482192342 4.39188000046562
Olfml3 13.5644607358692 7.01197662098781 6.23052616076697
Ncf2 11.109264808914 6.38033187178926 5.64259204337861
Il7r 9.22711297999003 5.7116950007805 4.93495098638639
Ctss 14.1223387589978 9.23271698787888 5.05858076559424
Cd53 12.6270729328698 6.16432743405644 5.17020025880134
Fcgr3 13.3874319809845 6.54938369772801 5.36854982649396
S100a9 12.2965410503709 5.18806776331351 4.6176665844257
Lgmn 13.4068999504885 9.85670662546285 8.34712526651585
Klf2 12.9915058739807 7.91147782883444 5.66672911980244
Fcrls 13.5200887013828 6.89636006104755 5.7959268764905
Tlr1 9.55990391864875 4.34423545433549 4.09436647867094
Selplg 13.492313873689 7.90788750315281 6.1076395875444
Cd68 12.2825968841945 5.97894983930778 4.76541363919399
Gpr65 7.85611733273235 4.09780286541528 3.84440269967291
Casp1 8.72506021576845 4.99288900497885 4.41568075143049
Csf2rb2 9.46516272602394 5.08226601339155 4.44240426682549
Atf3 13.3007390383143 8.61687276489438 4.94389180462186
C1qc 13.5695399365939 6.68251395038881 5.01544478043098
Hck 11.7192724128215 5.63977818873063 4.92244586620906
Gcnt1 7.89240442650036 4.34746010438648 4.10027975863644
Casp4 9.17977855891737 4.7582231001215 3.95468267410931
Ehd4 10.2769858985773 6.36563008907233 5.2157150321493
Ly96 8.98885773803667 5.17117883408666 4.6070570890018
Lag3 9.94342037341401 6.11797246421862 5.31814986334685
Cxcl2 10.9236295592129 4.60666484487787 4.18436651582383
Ltf 11.9771261319803 7.48570740132198 6.12253769776927
Cx3cr1 12.8322911670036 6.72146583812154 5.23389671959309
H2-D1 12.6856010965553 7.89653820758181 7.30382194234889
Stab1 10.7835801182221 5.60114286153916 5.0852689010367
Il6 8.3523884587654 4.62155026639093 3.81370459423043
Mrc1 8.47267687587698 4.4738921661211 4.20402352331907
Itgb2 11.8281947861841 5.1079532362647 4.58166773618385
Psmb9 9.49408509768935 5.85995321868814 5.46855349246924
Ang 8.67340897437916 4.14121408658653 4.00024697821036
Sh2b2 9.32069277757714 5.26747280541553 4.71821175340044
Tyrobp 12.9035612805634 6.81095498739059 5.55606918848462
Emr1 12.777781853873 6.96354520883988 5.78900953848703
Nrros 12.3519497751025 8.214887729662 5.87551224558142
Tmem119 13.699678559052 7.25200536432281 5.97764909426802
Parp14 9.10437062254361 5.73003435638096 4.93628201424827
Havcr2 10.710530075929 4.38943076100926 4.20022564243988
Alas2 9.97256535353661 5.3601367715519 4.77854148283661
Cmtm7 10.4036329494645 5.83728686871552 4.90903434803662
Blnk 11.8079240962002 6.96757185338824 5.00969524270058
Alox5ap 12.5749967599795 6.98398520379818 6.14927541558706
Fyb 11.7159427823204 6.33748208877743 5.91902122908462
Ctla2b 9.94438247489242 4.49333047123547 4.12530544867144
Zfp36 13.4960506681509 9.13435481605012 6.38703812397868
Abhd15 9.92497435981129 5.45125319986934 5.06182854006862
Cyba 11.7749627835735 7.2208760537873 5.03614215057363
Spata13 11.8360921296241 8.41882536721906 5.44816587409433
Ptpn6 11.3292345329635 7.66542910806276 6.38976245064492
4833441D16Rik 9.33372525445037 5.62886474042922 4.79934172443645
Tec 10.1967601761071 6.78238191595844 5.50631106776156
Cd52 8.83934325002235 4.89814228522269 4.57876314738366
Irf5 10.4417221455899 6.49060084832723 5.35728346137952
Naip2 10.8151812852359 4.58415715017701 4.31674313585229
Anxa3 12.9131833282778 6.43722969830238 5.16139483845041
