Ddr1 11.3806252809032 7.55810552120781 5.39637047514934
Gja1 11.2121089105517 6.73585579481843 4.50225108793156
Ehd1 11.9164344513689 8.2535116798878 7.45317972678747
Npy2r 8.58807490474929 4.89668441439824 3.7389344972618
Cdhr1 9.61656154218477 6.11640890742725 5.26654809481378
Apcdd1 11.0213329543662 6.09535358098247 5.22757141432555
Tdo2 8.2728508428465 4.20148217639765 4.08749271026513
Lhx9 8.23465405863903 4.83550388372746 4.15579121612903
Mbp 12.3526092986937 6.60423845187692 4.21935838372507
Ogn 9.25841425150619 4.22158218290028 4.12593425285176
Mobp 8.20946510668395 4.88082971395997 4.65903042168659
Cyp7b1 9.92410784687969 6.2315765003921 4.29029118758351
Zbtb20 12.606016745962 9.02491098519632 7.34581549747793
Sema5a 9.87963404222364 4.52084398864991 4.39316185002447
Igfbp5 11.1573189049267 6.05594366193725 5.20373898827755
Timp4 8.26002442126943 4.90364605582959 4.4882163020288
Cald1 11.034660569559 6.39862282707231 5.05442710375006
Btbd3 10.3325229326862 6.67619358546141 5.89620777554265
Trib2 9.86637131024554 5.63884783738227 4.93881360025397
Epha7 12.4006567256755 9.00651489541259 4.35527727763632
B3galnt2 9.7328609962439 6.01654281657579 4.45341194443976
Dsp 12.8559494830127 5.22128342097991 4.20869565507549
Ccdc71l 11.6427712816572 7.9914185965982 6.47485948728931
Lct 10.7752795088143 5.89209717076004 4.83714972613105
Rerg 8.2276799813502 4.78040750609993 4.55382926700432
Rai2 7.92720552349606 4.08380037656398 3.67143791777532
Fam131b 9.00972362565845 5.47958273006118 4.44451459106336
Pcp4 13.5374141561269 10.1934428655334 6.79009358593069
