Aldh1a1 13.1083573534415 9.78399791148355 6.73646922874693
Ntsr2 12.795320092585 9.00651501790964 5.56500787484286
Dao 10.2976627375957 6.36907512187201 4.80078263715409
Cldn10 10.6123252582023 7.211303517663 4.91127965276292
Baalc 10.9964250790459 7.63068201228043 5.94933833495659
Scara3 9.46661939950111 6.07398914566639 4.7017860061865
Ttpa 10.8597890206774 6.52362823910758 4.70573013598383
Slc14a1 9.78248957126965 6.20250587235371 4.53348947729136
Gjb6 10.5957509400612 6.80651280025274 4.77703050752791
Cd70 9.37018061167705 5.98123723608469 4.60104647000978
