Golm1 13.1792932323564 9.48825141781856 7.21844349375727
Dusp6 12.1118170992931 8.62752158545711 5.3769885178037
Tgfbi 10.214108505107 6.42563340449738 4.16418401928713
Junb 11.5499826198348 6.38710056862191 4.96974073989465
Lcp1 11.9186828085383 7.08218294841669 4.23821516945834
Txnip 13.6926905825169 8.38575644528144 5.77687643764905
Cd34 10.4821943254353 5.09931963073706 4.42161390855122
Tpst2 11.1108919206009 7.66052004593699 7.26979155410569
Cd83 13.2161047162533 8.47011017616482 5.85424622023346
Fkbp5 11.7347664490302 7.51279508259155 6.45549716361989
Sipa1 11.028832104782 7.13275097397949 6.10712140704717
Btg2 11.3906424677534 7.21936935170482 5.62953385591796
Ctsc 12.6108642775907 6.42184247829338 4.19671704149082
Ier2 13.4029366730924 9.03512526137449 6.86053236097403
Socs3 12.8477426387797 5.58932779394882 3.96872096625666
Scamp2 12.1490850674193 8.27563107607963 6.69533108111229
4632428N05Rik 12.9633024758073 5.46896821230133 4.89675605596814
Spint1 10.3283172527647 6.47758743523937 5.01030181518945
Irf8 12.5462653592052 5.72161038597062 5.29364560335
Dnajb1 11.2409766690475 7.79369029561719 7.04273901816276
Parvg 10.4281853264487 6.62655495166492 5.38628504384542
Mcl1 12.2077605709068 8.81125479280233 7.24164489455211
Mfng 10.2459357618163 5.9036581446197 5.51907593552024
Slc40a1 11.6873175794834 5.97271837842733 5.046669684018
C1qb 13.3809165744448 5.19720522276802 3.92582523049458
Ccl6 10.4831140019336 4.66090534625518 4.19803218168207
Cd14 13.3794861542207 6.46990092344116 5.68008540959756
Pycard 11.7530559991681 7.56203098636908 5.0396221054261
C1qa 13.1874316054276 5.98108433446609 5.43511439736828
Slc7a7 10.9326702827516 5.86114193861368 4.72924054896229
Klf4 12.8356975471887 6.88925327564008 4.78603125315055
Jun 13.1513958362792 9.00025831348069 5.57138579710558
Srgn 13.2795222117037 5.96622419589881 5.30475359506015
Nfkbiz 12.6921044506167 6.88142355929791 4.44972741511789
Tgm2 11.6702792723547 6.86547463513452 5.43194132532247
Plek 13.0385446953369 7.6593964368166 5.95091016017074
Rgs1 11.3590498478886 4.70806855539182 4.36912295273778
Ier5 13.0447369736646 8.67184800788979 7.51870941128971
Naglu 9.2020102640205 5.7818087189403 5.28579972077388
Laptm5 13.25292607905 6.21439393504893 4.61991423719627
Pygl 8.54904715943291 4.8116276095405 4.23502976771593
Rgs19 10.0869225771368 6.70524365098135 6.0328120717445
Ctsz 12.9968566741552 8.93247233648147 5.98142114428824
Fcgr1 12.2955371160684 6.13982534213104 4.35763976401736
Slc16a6 11.5647594820405 7.13300044069326 6.00082286063183
Ccl9 11.4677327663853 4.86704759135734 4.51557948377128
Trim30a 9.81298833801394 5.64698573844872 4.97802131092288
B4galt1 11.1336165305587 7.13560418263469 5.79986144266087
Nrp1 10.6812295061732 6.29561323086174 5.01740221569465
Tnfrsf1b 11.7452188608572 6.72984047789639 5.77323359541223
Inpp5d 12.4577394438636 6.67113292878367 5.55608724650386
Tlr4 9.57555684780965 5.62086747880575 4.11355948580548
Pmaip1 7.97566326054479 4.4951304708034 3.87185391638389
Aif1 11.8214348072249 5.25905782090685 4.67673670652545
Syk 11.3160084368777 6.25306242752554 5.69638940687817
Klf6 12.2250639567383 7.01958271689638 4.73071348091509
Crybb1 12.2648088011919 6.95387190522629 6.39546547991704
Fcer1g 12.6718396223893 6.25036247008633 5.41896971224438
Ctsh 12.87251521366 5.59543967485491 5.17677106475339
Gpsm3 9.55595780536678 5.62980528814803 5.3334147625364
Ncf4 10.7292352869563 5.28175415531909 4.90392069330003
Ggta1 10.3002208247185 4.34401229695147 3.95816749864419
Lcp2 10.4089431447829 5.64149460313197 4.72677545216612
Ngp 12.7574775005176 6.47642920157162 4.97818040996692
Spi1 10.4190424481911 6.83245165199097 5.91057308125968
Atp7a 10.2141459779396 6.57127808178086 5.09084540574102
Csf3r 10.4683520496493 6.23172648863112 4.81460341367989
Ms4a6b 11.2554621340409 5.09934893052277 4.63495223803839
Hcls1 8.70906636115833 5.21256525229001 4.56940730333375
Pabpc1 11.1781404360411 6.61669488300651 4.11625860536931
Cebpb 11.5932508063623 7.96014997362823 6.46996055344687
Plxdc2 12.0745716973584 8.74277677969284 5.71491153561418
Cxcl10 9.72683118350032 5.56950156514713 5.15765390650102
Maff 10.2074887860116 6.3743570211022 5.98758285052912
Cysltr1 9.25437959121948 4.11276122360881 3.86352233586894
Cebpa 9.84230025530157 6.33508093009068 5.18903603505783
Cttnbp2nl 11.6991350325633 8.3561408020837 6.16090089016476
Lyl1 9.96552235514374 5.39697648840411 4.87440362497493
Ptpn18 10.3344380846283 6.47737423781945 6.08062921997043
Tlr2 11.9276981137555 6.31838370294266 5.36331401024817
Cd163 7.96377468160987 4.43659585957779 4.00506223994567
Serpine1 9.65311808101758 5.46177303994076 4.42992259073416
Mlxipl 10.5385226388773 6.2805117990547 4.52948257329874
Cd37 10.9003612304416 6.05355351908205 5.60712400673003
Map3k8 10.2772018482877 5.5020792607212 4.56583512050309
Rgs2 12.8588029707337 9.34507998211178 7.32149938736532
Myd88 10.6605178444686 6.73498678007275 5.7029448189088
Ccl12 10.6391731596107 4.52732901866877 4.2829956325896
Arhgap4 9.32893709991249 5.85861849383379 5.29147201982553
H2-Oa 8.62773488286702 5.28989659481122 4.96499716949839
Pon3 9.25424963832735 4.50321458306633 4.24273694941713
Slamf9 11.1460693903532 7.6123447987932 5.9878033085627
S100a8 13.1710031765985 5.10459069932452 4.75367898349583
Il10rb 10.5493104181091 6.6880026492551 5.1426546977545
C3ar1 11.7048817822179 5.98769659845421 5.05840825848458
Ripk1 10.2351943744533 6.87395830977673 5.65880900537508
Fgd2 12.0963667807367 6.14760570539401 5.66594033951213
Ccl3 13.5359936909524 5.01907801958193 4.44661292206288
Ms4a6d 11.4841310922632 4.92007229986389 4.61447245215492
Camp 12.4507582747533 5.79743716520937 5.28660606993839
Klk8 10.1827990465209 5.83388132412021 5.50394994860368
Chil3 11.4871946767607 4.37221987170259 3.87283088896311
Arap3 9.99309938625579 4.54216098807114 4.04622033753784
Tlr7 11.1537008662761 5.22058719670907 4.58511122276545
Csf1r 14.0292728577336 8.76904182769719 6.57868294974146
Rab3il1 10.3829864041852 6.98054525570484 6.20823936101718
Slc11a1 11.3948658681908 6.27666669848337 5.35015464774884
Ccl2 9.3887194295731 5.53548376886214 5.15592914755388
Cd86 11.6527693006629 5.26133836362269 4.81380762942815
Gpr84 11.5263505075912 6.15062805847503 5.12298367883592
Tcirg1 11.2860007996333 7.21833576244937 6.5336146702288
Trim12a 8.39694276788024 4.3763755067927 4.11548781861295
Zfhx3 11.2191522315493 5.55150754576544 4.42228954718536
Slc15a3 11.3995649353571 5.56576855320945 5.1566469140168
Clec7a 9.25038759656192 5.20076716841772 4.70857583807035
Rel 9.43208070521036 5.18981693532479 4.85554889363136
Tgfbr1 13.5090583473981 7.27542206981156 4.61334593644178
Adcy7 11.9949098164077 7.89710529129525 4.17995963513436
Gpr56 11.1033359990947 7.70681459668745 6.58324005589792
Lgals9 9.69958847858634 5.97814352690619 5.11256703211433
Trem2 11.303795824757 7.48824357030001 6.09255525489374
Birc3 10.6915102166933 7.35906751010868 5.94431647123802
Igsf6 8.83394697282607 4.54864743985767 4.16935991936458
Samsn1 8.81738530496463 4.65016148618617 4.44745361714389
Il1a 10.5376640185961 4.47319316154969 4.01332900167466
Hpgds 9.22775583355141 5.66066244374433 5.03187552517156
Naip5 11.0978070538461 4.54662594261757 4.11517253178718
Ccl4 12.6588721873418 7.12464216317007 5.27107784322997
Itpr2 10.8475742428576 6.84992288533792 5.34690203734344
Stat6 10.468465477124 5.62464812473906 4.17079590314836
Tapbp 11.4198825404039 8.02670356058388 6.87989372076452
Abca1 12.0542577742267 8.43836189343302 5.52110120222346
Dapp1 10.6129812986097 5.063908618474 4.84906427312825
Clec4a2 10.1399334143348 5.08247560562825 4.7743234704672
Fli1 10.1221580891138 4.70524444086294 3.84783498367639
Ets1 9.52298260959165 4.71052784402131 4.04827523952653
Ptprc 12.4924457080349 4.42409786737838 4.1306180538677
Fosb 12.0153263432166 5.63301085030095 4.76213726469409
Ccr5 11.6775104276773 4.65087779903904 4.39104554269873
Il6ra 12.6762370901779 6.21127548523634 5.69080712167969
Pla2g15 12.3402771280608 6.90054719140077 6.17039310288803
Ifi30 11.3741036101554 7.87589920874895 5.4512823102093
H2-DMa 11.302506340632 6.78370437576053 5.8060844343245
Gpr34 12.0465417111213 4.06093523909972 3.76013784503516
Rrad 10.0218987777276 6.10153741674817 4.96307819289847
Rnase4 13.0645450224258 5.93124636240972 5.2042906302448
Fam111a 8.38937991141375 4.95656477080187 4.32185147680294
Pik3cg 10.1391450667911 5.56548219872735 4.72070610576107
Dock2 8.82632728691093 5.4793079625626 4.93307471090307
Mertk 13.1492058693859 8.33245025533751 5.28834227617068
Cd84 9.79853579725004 4.78772607832149 4.51951821252987
Ly86 13.8484382572477 6.34459208079056 5.37864424976484
Vav1 10.4988780096262 4.53164955330959 4.06485335481733
Cfh 10.9189995251726 3.92596590572366 3.5974200165556
Tnfrsf13b 9.55249902249023 4.81924224762316 4.26194402065949
Hhex 10.0129558927535 5.56878207644286 5.10240626914272
Entpd1 9.36332417160173 4.80868907919171 4.3254998189982
Ptgs1 12.1460566579667 5.00552658255857 4.48293797334648
Frrs1 10.5118954880326 5.75179512162739 4.85334963590915
Lyz2 12.6255399097117 6.92748578227152 6.13282957357831
Ctc1 11.7381009275171 7.64686753867298 6.89978552084715
Unc93b1 11.2638153754962 7.25727963937142 6.04429083150193
Hvcn1 10.3744362140918 5.88768468221908 5.42510798183061
Edem1 10.5468048765477 6.36922921864908 4.34705972957086
Icam1 12.0835121128031 5.08701902677596 4.60900957791267
Ptbp3 11.2821230739434 7.81858398887217 5.55967850483766
Rcsd1 12.3327371826167 7.67157049683762 6.03116751602402
Tmem140 8.37653073680301 5.03599323137519 4.4993106614388
Cd177 8.34962699286364 4.52018605961564 3.9975266035165
Casp8 9.75678338176791 5.3983845093571 4.9584369793845
Tmed5 10.5709139699701 7.01050166269598 5.00713440899901
F11r 12.1396861374846 7.40868315608145 5.48047057652041
Glipr1 8.77583583215041 5.24969522927318 4.94148906216258
Lpxn 10.7275528959061 5.05188991922607 4.47092846871068
Siglec5 8.28941632201165 4.10423567272716 3.75072901119711
Fcrl1 9.22764356004362 5.77259535762088 5.12250084924285
P2ry6 11.5574667748729 4.59931930645653 4.23043976087768
Ighm 11.5555075036114 7.2130042189348 5.68374941053391
Tgfbr2 12.4393744689228 6.1934149836945 5.06751495046858
Ceacam1 8.80282175058088 4.75332528857876 4.04740323954548
Il13ra1 9.84239214017086 4.82508684882044 4.33577210483607
Adap2 10.5722797031115 6.21791652140259 5.22931242967277
Pld1 10.8239587790307 7.32786607213042 5.79958965039752
Capn3 10.3369957490321 5.05027499000159 4.30633576106091
Gem 8.28519304309807 4.28675806457098 3.85626101398473
Rrbp1 12.1135184174842 8.69451402284249 6.37575726246842
Vwa5a 10.3106484906387 6.58703845130573 4.65803946291192
Arrb2 11.4983554070217 8.0635357693417 6.6195994602158
Pros1 11.4603712254362 6.05147513070395 5.29958016613857
Arhgdib 10.7973257228637 6.85587680432217 5.66268951511024
Tifa 10.8074268423842 7.35145766116516 6.01180735484305
Arhgap17 10.9767981793134 6.77392994443394 4.8805960972315
Trim47 10.0791566495733 5.28197309890782 4.93415229055291
Sash3 11.249005723635 6.14630727309208 5.14410612527078
Themis2 9.99513496121799 5.40139397338003 4.85051704777726
Mpeg1 13.5931395335038 6.20505999481198 5.69087829168519
Cd48 9.95999221182058 4.69144053453719 4.30455220504267
Akna 10.7072692564892 6.78467575912663 4.76931008511927
Fes 10.5551239260507 7.12001921868654 5.48387215871185
Cep152 9.74520694836984 5.90760374857076 5.43199993749684
Egr2 11.2484829324693 5.11322479159064 4.19774007879731
Ccrl2 11.3826980615646 6.60652423943421 5.49175972702779
Lcn2 12.0118513639671 4.36793297889982 4.17505344929823
Hbb-b2 7.88283645776123 4.37848132557973 3.98578790615589
Myo1g 9.24155609377298 5.88633921672804 4.73995950780495
Tmem173 11.0989726590541 6.75530375389583 5.58508170742202
AF251705 11.9378287827213 8.13288009461366 6.12062095926123
Hmha1 10.4292840746509 6.24792076554218 5.66737810191279
Gmip 10.0312950363764 6.37552956958305 5.56802275526803
Nckap1l 11.1514517971807 6.21475196422419 4.94832274541905
Abcc3 9.68880748830503 5.90529984033695 4.86454731468299
Rhoh 10.6886747062572 5.43112506927182 4.60237569982665
1700017B05Rik 11.7630363477309 6.73389890955601 5.48283486397732
Gusb 11.4166507135997 6.91390258092303 4.53178585961752
Lair1 10.6341607739461 5.57916093292298 4.78992798101154
P2ry12 12.3417720061336 5.22144514475047 4.23687865492883
Epb4.1l2 12.5141878325852 8.84747443351729 4.96603219259594
Pld4 12.0162068213804 5.78417990631358 5.19434415364921
AU020206 9.7250304187546 5.54380907467931 4.80795451404652
Fermt3 11.255187597153 4.99766389331559 4.35566142322079
Plk3 11.1628299712601 7.68753978875091 6.35746005876576
Ankrd44 11.6555430067368 7.66522610225196 5.79676359737361
H2-Aa 10.95884712019 4.86037219763742 4.38643337553515
Fam105a 11.8141138102905 6.99331102864814 5.73261775784954
Herpud1 12.561534184029 8.99855305039769 7.64431759440691
Cd300a 9.78331319123392 5.28702944460519 4.77456157290065
Lyz1 12.291433368859 5.31125153194656 4.43655842376181
Clcf1 8.66818372368241 3.98710271228058 3.73401877896219
Zfp36l2 12.4844215051541 9.11106869035211 6.04901961088063
Il10ra 11.9204835825207 5.10707902956376 4.76335433175637
Hexb 13.9682695694516 9.12477973794076 7.31785481108369
D530037H12Rik 10.2863068988974 5.61780435923287 3.91463313979578
Rab20 9.47961105235741 4.54313896916489 3.82200920841575
Grn 13.5694893497197 8.45869861621971 7.1814889332116
Ifitm6 9.52062006754197 6.02789076316855 5.55077043115777
Fam46c 12.3008656779841 6.57674089358889 4.28257293114889
Ctsa 12.9368651417016 9.17387218836149 8.1102698512948
Ifngr1 12.0120817823602 7.83952227891873 7.05017211712815
Tcn2 12.1131223131962 8.38495828813025 6.44031242798911
Anxa1 10.0891907764378 5.01520177376068 4.52410529448572
Ppp1r15a 12.6842681011032 8.24836286159883 7.51861436511373
Olfml3 13.5589885962411 6.8261924485544 6.10214920487043
Ncf2 10.9678841319022 6.36744558876401 5.79199024266659
Il7r 9.09542824054331 5.65528122551286 4.56407774519564
Ctss 14.0972400899769 6.99330110419149 5.3985010559668
Cd53 12.647448770815 5.71554456922409 5.03211748831674
Fcgr3 13.39521832835 6.41989496354223 5.53750679551744
Hps4 12.4456398299555 8.6668428315088 7.92127896310177
S100a9 12.5433488948648 5.56033166635468 4.67565430495431
Lgmn 13.3423749152836 9.0093706958192 7.88381531414185
Klf2 13.0114488593516 6.21621555503652 5.36681593148772
Fcrls 13.5094801235154 6.37541600633025 5.27371028904815
Tlr1 9.47210882993985 4.62223412671117 4.12699692261464
Selplg 13.4608296010201 8.21269318892185 5.99707444438064
Cd68 12.242490069775 5.24254077525072 4.54676395509571
Csf2rb2 9.41716750216967 5.03009047593182 4.3513153908603
Atf3 13.3007390383143 5.47418861229879 4.76554682607619
C1qc 13.5863871767458 5.69016050438301 4.90640838396935
Chst7 10.9028652320415 7.16868029415271 6.21835353613761
Hck 11.677853867497 6.94817696723486 5.03194508504698
Casp4 9.24666718666705 4.31864898591405 3.90766580715901
Ehd4 10.2095137657382 6.79408281037601 5.1529625147353
Lag3 9.95212609690159 6.10440003450696 5.32355170868709
Cxcl2 11.1862547067567 4.31206655802372 4.11533410899905
Ltf 12.2109361391241 7.42594540740695 6.35098707442225
Cx3cr1 12.8661645891936 6.48568830474372 5.24923942736377
Stab1 10.8319181809469 5.69781958382391 5.18876363306473
Il6 8.39447282799593 4.00834263856176 3.78401676408214
Pdgfb 10.784427213788 6.43930621402215 5.26380473691244
Mrc1 8.63837955832117 4.2863390200176 3.85766899415256
Itgb2 11.8272052895604 5.120820169266 4.58574675695317
Adamts1 11.3594540869076 7.86209466259742 5.46622803008786
Ang 8.39410428367088 4.34510556355578 4.04539194584826
Tyrobp 12.8882077765556 6.23428559970137 5.39975473454976
Ptplad2 9.53045279911964 6.092242667989 5.48682327901717
Slc29a3 11.671269772336 7.51955381621971 5.21497688607081
Emr1 12.7324162108168 6.93901309020151 5.35587184788897
Nrros 12.2035612900789 7.07881803663604 5.40970670119938
Tmem119 13.7062504747088 6.82696026316162 5.48085865796124
1810011O10Rik 8.23549028637786 4.74913424905454 4.24797035634054
Parp14 9.29651035265735 5.50031988141052 5.02112820342259
Havcr2 10.6395343238155 4.61991402653812 4.15569140341671
Alas2 10.1192139258561 5.7435589324833 4.71679004968282
Cmtm7 10.2158890607314 6.7149041270253 5.19888446662046
Mafb 10.9468667556878 5.70859388950089 5.27546697419
Blnk 11.7867853033936 5.67448106272504 5.23838911244271
Alox5ap 12.5576931349978 8.70447114726598 5.77665986288371
Fyb 11.7070682335866 6.94173816432896 5.87181757859896
Ctla2b 9.98817720392032 4.3675064253934 4.05994191474842
Hspa1a 11.8296568285311 7.02844935995487 5.88070279684687
Zfp36 13.4710413836478 7.66272581986085 6.07753941977425
Abhd15 10.2572440975652 6.32610441914197 4.93018611784165
Cyba 11.7795222099381 8.10300560576974 5.22803583186152
Ptpn6 11.5568573976642 7.59306344208067 6.34278179530554
Tec 10.1464631671626 6.74241711164266 5.34926581362772
Cd52 8.87459768254704 5.20361076762542 4.57505491850297
Irf5 10.4986359523617 6.19090412182609 5.55101975437287
Naip2 10.6906973938164 4.72401311214531 4.3118531910947
Anxa3 12.8939144704404 5.77347774958835 4.82299370040985
