Sst 14.2316379614816 8.61828784993704 4.90149977871728
Npy 13.6639286911055 8.64490169818976 5.79334596672612
Akr1c18 9.7094204704445 5.22092800694206 3.58930821724384
Cacng2 10.3702261553038 6.28169438493086 3.63611457685682
Col19a1 11.4676082986889 6.60764834058242 3.51197157709827
Gad2 10.6373992525828 7.05084244925268 5.97851312794257
Lhx6 11.6477879474126 6.20986231431969 3.16637310445076
Rab3b 11.9440840661046 7.36067199911572 3.42432881079318
Ache 10.6059175058336 6.88170585765156 5.44019631480629
Slc32a1 13.4914248229815 8.41783610660593 3.149356632292
Cdh13 12.2353004957995 8.45268961832518 6.80400956555695
Pnoc 10.7747936136834 6.17372536512765 3.94240497946641
Nnmt 9.68797621651403 6.19610981814528 5.00134855107348
Slc52a2 9.39491638679006 4.07953796616009 2.7085467186601
Rpp25 10.5589516501498 6.13553898086047 2.45266590047029
Reln 13.3184743209739 8.91008986394982 4.98722722408063
Dlx1 9.16090518463043 5.81255221406837 1.21139385483115
Kcnh2 10.4201198899815 6.92098924539747 5.05159085038789
Cort 10.6991662218872 6.63892254771856 4.63478532076322
Klf5 10.5711720165547 7.21581556221141 5.99474327498984
