Spint1 11.6518891116016 7.2130290913443 4.77864665389286
Slc2a5 11.9974441569728 7.81897529316484 6.20010984316701
Cd14 15.0881277812882 7.83461916887712 4.66705743088696
Rgs1 13.5896768601193 6.68190368110643 4.63974800363264
Tlr4 11.0317574107723 5.22349823456314 2.50291493439947
Crybb1 13.7915412039293 6.5746228873076 4.43910036941107
Plxdc2 13.8996477516206 9.98255946958305 6.87558305971184
Cysltr1 11.0256347725584 6.34867780968225 3.78610018252774
Cttnbp2nl 8.87883912502971 4.92233645914632 1.09997647679093
Pon3 10.7415012043785 6.05475092935255 2.27614756303058
C3ar1 12.7204297002934 7.32163479009762 3.40731551945248
Fgd2 12.7508960184864 6.48065345536449 4.80697158859425
Ltc4s 11.0231381962426 5.03789576816337 3.5793300053278
Tlr7 13.2033519216098 4.9808919392392 3.14081237591995
Csf1r 15.2958067018163 9.36161190372939 5.5433272327668
Rab3il1 10.489116073033 5.62286099922898 3.79470924572811
Ccl2 11.6059175361301 6.92989467907682 4.76456486914341
Cd86 11.916029399746 5.24087728856631 3.95436015144093
Tnfrsf17 8.60459414880303 5.27260695462827 3.38736256207771
Dst 11.1447280843955 5.59325328515979 3.51590340660922
Il1a 13.7992464133504 5.01767235666547 3.08658687001807
Hpgds 10.7546555828761 6.92641818514149 3.77053525251269
Ccl4 14.1591641440691 8.20144095523968 6.77826091326131
Tgfbr2 14.2113128556156 8.74436099704905 6.57914193498458
Ccr5 13.2200275105007 6.88771850762851 4.23650448315392
Gpr34 13.7060492140353 6.31391683709583 2.95452659214548
Entpd1 11.338033403695 6.70044751520481 3.44099849025261
Icam1 13.7536817049972 7.32378908836258 3.03732293591356
F11r 13.6135438604943 5.70642146836029 4.3188895879657
P2ry6 13.3953363640041 4.63151888807099 2.92946027751691
Mlph 9.08328810702397 3.81914841064569 2.19393659624079
Adap2 11.7831206630109 7.26033428262015 4.97439945591822
Pros1 12.7760310089422 8.89107675284006 5.420155323509
Ebf3 8.54968282153806 4.19616787103442 2.81928549688396
Abcc3 11.4286648326461 6.31616407899627 3.49253348895256
Lair1 12.6725347196519 7.60977012120836 5.78984914097138
P2ry12 14.4665870344514 7.27692860906374 5.54948493482765
Il10ra 13.4432896995709 3.61371653162978 2.26308247711541
Hexb 15.2176222803016 11.087168878738 6.98005284736785
Pald1 12.020136834702 8.24640464066306 4.56822083019709
Ppp1r15a 13.8238492141806 10.2946797066638 6.43450216667978
Olfml3 14.6651015303204 6.72925552982514 5.43072417886333
Lgmn 14.9249446664512 11.2905311550075 7.30423858850381
Fcrls 15.1865534569242 7.36717402758622 6.05235072937762
Atf3 15.1055328625467 10.4254058607453 4.16313179175512
Ly96 10.571818950155 7.20566216130672 6.08286139392043
Lag3 10.655916992608 6.62839422016101 3.14725688100922
Cx3cr1 14.4165442072339 7.2522840837279 5.02980130180582
Stab1 12.3964535379575 6.56469882916449 3.05447334209426
Pdgfb 11.8011938268598 8.4191046789545 5.3886421635648
Ang 11.1928615295694 4.89627334916155 3.92348707805864
Tmem119 14.833086477742 7.49941562499328 6.27800861909577
Havcr2 12.402013747959 5.83119985486164 4.19669465041643
Mafb 10.5362240192657 6.49391749268506 2.98850780443542
Blnk 13.5246639167472 7.62527687137844 4.31592671171813
