Ddr1 9.43267878562307 10.0620107212701 3.53610523471519
Gja1 10.1136955069932 10.0620107212701 3.53610523471519
Syt4 8.25848895268428 10.0620107212701 3.53610523471519
Chgb 11.4596117094889 10.0620107212701 3.53610523471519
Npdc1 11.0422187647843 10.0620107212701 3.53610523471519
Ndn 11.1363688348702 10.0620107212701 3.53610523471519
Atp9a 10.6969616235917 10.0620107212701 3.53610523471519
Scd1 9.92544673310499 10.0620107212701 3.53610523471519
Tubb3 10.6897499264908 10.0620107212701 3.53610523471519
Sqle 10.6031572406866 10.0620107212701 3.53610523471519
Hey1 9.86682596360539 10.0620107212701 3.53610523471519
Cldn11 7.7592637156181 10.0620107212701 3.53610523471519
Fabp5 11.2930695215191 10.0620107212701 3.53610523471519
Fabp3 11.4257245992261 10.0620107212701 3.53610523471519
Cd24a 12.8746770605387 10.0620107212701 3.53610523471519
Lrrn1 9.30614361200822 10.0620107212701 3.53610523471519
Map4 10.6868397212206 10.0620107212701 3.53610523471519
Syngr3 10.4578600340858 10.0620107212701 3.53610523471519
Nsg2 10.1488849004744 10.0620107212701 3.53610523471519
Sparcl1 11.7757282500447 10.0620107212701 3.53610523471519
Prnp 12.8276423229517 10.0620107212701 3.53610523471519
Olig1 10.0529538274482 10.0620107212701 3.53610523471519
Ptn 8.91704237764272 10.0620107212701 3.53610523471519
Fstl1 11.5732948957383 10.0620107212701 3.53610523471519
Atp5j2 12.5697930935135 10.0620107212701 3.53610523471519
Ndufc1 11.5086052882587 10.0620107212701 3.53610523471519
Rgs4 10.9803229633601 10.0620107212701 3.53610523471519
Nfib 8.48689618611751 10.0620107212701 3.53610523471519
Mllt11 13.0029264012262 10.0620107212701 3.53610523471519
Mcam 9.51819641984456 10.0620107212701 3.53610523471519
Dync1i1 10.0570980619684 10.0620107212701 3.53610523471519
Guk1 11.9229461481236 10.0620107212701 3.53610523471519
Cryab 12.4506270581984 10.0620107212701 3.53610523471519
Igdcc4 10.4942538096139 10.0620107212701 3.53610523471519
Higd1a 8.82729070679615 10.0620107212701 3.53610523471519
Ttc3 9.87480337593119 10.0620107212701 3.53610523471519
Gad1 7.85341855159709 10.0620107212701 3.53610523471519
Cox6b1 13.5012405881045 10.0620107212701 3.53610523471519
Ptprn 9.16846923432142 10.0620107212701 3.53610523471519
Me1 9.16610174985728 10.0620107212701 3.53610523471519
Coq7 11.5650102347795 10.0620107212701 3.53610523471519
Snap91 10.9680569062429 10.0620107212701 3.53610523471519
Rnd3 7.86566112621601 10.0620107212701 3.53610523471519
Serpini1 10.7045947453875 10.0620107212701 3.53610523471519
Tmem35 8.94965297184175 10.0620107212701 3.53610523471519
Tppp3 12.7884731933078 10.0620107212701 3.53610523471519
Htra1 12.7103917443055 10.0620107212701 3.53610523471519
Prkar1b 13.1712542741664 10.0620107212701 3.53610523471519
S100a10 12.1131663561211 10.0620107212701 3.53610523471519
Pfkm 10.3908465859053 10.0620107212701 3.53610523471519
Tac1 9.89804780264997 10.0620107212701 3.53610523471519
Kcnip1 8.91246146531224 10.0620107212701 3.53610523471519
Parva 8.5378418577905 10.0620107212701 3.53610523471519
Snap25 12.6160918186838 10.0620107212701 3.53610523471519
Ndufb2 13.0305689595117 10.0620107212701 3.53610523471519
Abhd8 10.17222292357 10.0620107212701 3.53610523471519
Ctgf 8.55198762071361 10.0620107212701 3.53610523471519
Pcsk1n 12.2075274123314 10.0620107212701 3.53610523471519
Cox7a2 13.3641932988509 10.0620107212701 3.53610523471519
Hspb8 11.9323185977755 10.0620107212701 3.53610523471519
Pfdn1 10.7694198562824 10.0620107212701 3.53610523471519
C1qtnf4 9.14872142669843 10.0620107212701 3.53610523471519
Ckmt1 10.6367155330475 10.0620107212701 3.53610523471519
Acot7 11.7329040637269 10.0620107212701 3.53610523471519
Arl2bp 8.84273293065623 10.0620107212701 3.53610523471519
Meis2 8.25011443997658 10.0620107212701 3.53610523471519
Fam69b 9.95449532304572 10.0620107212701 3.53610523471519
Slc25a14 11.0567469640018 10.0620107212701 3.53610523471519
Mal 10.3121455068418 10.0620107212701 3.53610523471519
Lynx1 11.7080825481688 10.0620107212701 3.53610523471519
Crip2 11.4224224670302 10.0620107212701 3.53610523471519
Dkk3 10.5540967698597 10.0620107212701 3.53610523471519
Sorbs1 9.60334871756828 10.0620107212701 3.53610523471519
Bex2 11.1136784414412 10.0620107212701 3.53610523471519
Gpc1 9.92685291134781 10.0620107212701 3.53610523471519
Elovl6 8.78158307786566 10.0620107212701 3.53610523471519
Nap1l5 12.4487146212622 10.0620107212701 3.53610523471519
Sept3 9.93172985825656 10.0620107212701 3.53610523471519
Kcna1 11.4960075369924 10.0620107212701 3.53610523471519
Gng3 11.1015259724346 10.0620107212701 3.53610523471519
Cyb561 10.8952100281703 10.0620107212701 3.53610523471519
Ssx2ip 10.9700328319275 10.0620107212701 3.53610523471519
Pcbp3 8.72811623477632 10.0620107212701 3.53610523471519
Rab33a 9.80194227757541 10.0620107212701 3.53610523471519
Grb14 9.04636493576948 10.0620107212701 3.53610523471519
Cplx1 13.3243951094955 10.0620107212701 3.53610523471519
Sncg 12.193817661032 10.0620107212701 3.53610523471519
Atp6v1g2 11.265689610865 10.0620107212701 3.53610523471519
Synj2bp 10.6023498552303 10.0620107212701 3.53610523471519
Cep19 11.8217140603989 10.0620107212701 3.53610523471519
Fhl1 11.7061801188489 10.0620107212701 3.53610523471519
Mapt 9.34503022385098 10.0620107212701 3.53610523471519
Pak3 9.77640194496842 10.0620107212701 3.53610523471519
Gng4 8.00382588057374 10.0620107212701 3.53610523471519
Sst 9.60463847324281 10.0620107212701 3.53610523471519
Pdlim7 10.0653684468414 10.0620107212701 3.53610523471519
Cpeb1 9.27375456582521 10.0620107212701 3.53610523471519
Resp18 11.0696829435848 10.0620107212701 3.53610523471519
Slco3a1 9.50186935357181 10.0620107212701 3.53610523471519
Nap1l2 11.1828691538848 10.0620107212701 3.53610523471519
Eef1a2 11.5557093620526 10.0620107212701 3.53610523471519
Cfl2 12.0168621243585 10.0620107212701 3.53610523471519
Prkcz 10.2552736284493 10.0620107212701 3.53610523471519
Chd3os 11.4958201471795 10.0620107212701 3.53610523471519
Nrip3 11.7133938106134 10.0620107212701 3.53610523471519
Stmn4 9.38120831158787 10.0620107212701 3.53610523471519
Gspt2 8.47552230120601 10.0620107212701 3.53610523471519
Dhcr24 9.45065656012483 10.0620107212701 3.53610523471519
Chga 11.445707387545 10.0620107212701 3.53610523471519
Nr2f1 7.48434440270757 10.0620107212701 3.53610523471519
Ina 10.8473857382818 10.0620107212701 3.53610523471519
Pfn2 12.5471972013331 10.0620107212701 3.53610523471519
Omg 10.4082516134997 10.0620107212701 3.53610523471519
Cdhr1 8.7285020565901 10.0620107212701 3.53610523471519
Rbfox1 10.4898644980931 10.0620107212701 3.53610523471519
Rnf112 8.99576405058706 10.0620107212701 3.53610523471519
Larp6 8.82393912812369 10.0620107212701 3.53610523471519
Tpd52l1 11.7672645563692 10.0620107212701 3.53610523471519
Hoxb5 9.8247113965677 10.0620107212701 3.53610523471519
Mrpl42 11.8063180617491 10.0620107212701 3.53610523471519
Atp1b1 12.4090140483029 10.0620107212701 3.53610523471519
Emc9 11.3455344745512 10.0620107212701 3.53610523471519
Lmo1 9.73581119437303 10.0620107212701 3.53610523471519
Slc4a3 10.2589552255939 10.0620107212701 3.53610523471519
Nap1l3 9.90543910537701 10.0620107212701 3.53610523471519
Irx3 11.2972381016499 10.0620107212701 3.53610523471519
Wasf1 9.85572321318392 10.0620107212701 3.53610523471519
Nrsn1 10.0328282897762 10.0620107212701 3.53610523471519
Slc17a6 8.312518414995 10.0620107212701 3.53610523471519
Astn1 9.1494336601987 10.0620107212701 3.53610523471519
Clu 13.6926905825169 10.0620107212701 3.53610523471519
Egln3 9.05118814618557 10.0620107212701 3.53610523471519
Mpdz 8.38222611310406 10.0620107212701 3.53610523471519
Lin7b 11.4388316784154 10.0620107212701 3.53610523471519
2810428I15Rik 10.8743759362685 10.0620107212701 3.53610523471519
Cd59a 10.5556648155605 10.0620107212701 3.53610523471519
Pcbd1 11.2089390922676 10.0620107212701 3.53610523471519
Tesc 13.5099787317194 10.0620107212701 3.53610523471519
Pnkd 9.5251404937145 10.0620107212701 3.53610523471519
Cd55 8.75549537769997 10.0620107212701 3.53610523471519
Mapk8ip2 10.9123716817325 10.0620107212701 3.53610523471519
Sh3gl2 12.1080395149218 10.0620107212701 3.53610523471519
Cds2 12.5788347789814 10.0620107212701 3.53610523471519
Cdh2 8.44660232787033 10.0620107212701 3.53610523471519
Eno2 11.2123817315794 10.0620107212701 3.53610523471519
Hebp2 12.2722391384837 10.0620107212701 3.53610523471519
Cadm3 10.1098370194823 10.0620107212701 3.53610523471519
Inadl 10.5858414633143 10.0620107212701 3.53610523471519
Npy5r 7.91453136495083 10.0620107212701 3.53610523471519
Rtn2 9.62630737651519 10.0620107212701 3.53610523471519
Ugt8a 9.20296921769748 10.0620107212701 3.53610523471519
Tmeff2 11.1815326950617 10.0620107212701 3.53610523471519
Anxa2 11.8401794599102 10.0620107212701 3.53610523471519
Serpina3n 9.90999311003977 10.0620107212701 3.53610523471519
Vstm2b 9.68679030635854 10.0620107212701 3.53610523471519
Mfsd6 9.294771479751 10.0620107212701 3.53610523471519
Fxyd7 11.6950933466413 10.0620107212701 3.53610523471519
Cacna2d3 11.2230513313846 10.0620107212701 3.53610523471519
S100b 11.6613197829469 10.0620107212701 3.53610523471519
Gng13 10.5505991539229 10.0620107212701 3.53610523471519
Ank1 10.4384808067315 10.0620107212701 3.53610523471519
Cck 10.3803008243125 10.0620107212701 3.53610523471519
Fam19a5 10.222759345853 10.0620107212701 3.53610523471519
Elf5 8.67871027498946 10.0620107212701 3.53610523471519
Lgals1 13.0295525738488 10.0620107212701 3.53610523471519
Mbp 12.7381880544263 10.0620107212701 3.53610523471519
Nkain1 10.3119119303818 10.0620107212701 3.53610523471519
Spock1 9.97821267052641 10.0620107212701 3.53610523471519
Akap12 9.3312082773693 10.0620107212701 3.53610523471519
Mark1 9.86634626723461 10.0620107212701 3.53610523471519
Prph 11.3357270414994 10.0620107212701 3.53610523471519
Gna14 8.67375967921054 10.0620107212701 3.53610523471519
Prss12 11.1920282106883 10.0620107212701 3.53610523471519
Atp2b2 9.31236321082119 10.0620107212701 3.53610523471519
Sema3a 10.1842537790714 10.0620107212701 3.53610523471519
Syt2 10.4280921573891 10.0620107212701 3.53610523471519
Chn1 8.84349962503225 10.0620107212701 3.53610523471519
Epha5 7.95034527329654 10.0620107212701 3.53610523471519
Gria3 8.9459579556007 10.0620107212701 3.53610523471519
Dynlt3 9.52581446224124 10.0620107212701 3.53610523471519
Kcnq2 10.4201538290202 10.0620107212701 3.53610523471519
Ptprf 8.2368442015115 10.0620107212701 3.53610523471519
Gucy1b3 8.04076500805745 10.0620107212701 3.53610523471519
Sln 8.18795355953738 10.0620107212701 3.53610523471519
Hs6st2 9.58044984474802 10.0620107212701 3.53610523471519
Vsnl1 10.6572743308039 10.0620107212701 3.53610523471519
Mobp 8.73831902811786 10.0620107212701 3.53610523471519
Nrg3 7.86941380973037 10.0620107212701 3.53610523471519
Trpc1 8.51647902532142 10.0620107212701 3.53610523471519
Ryr2 8.15357603293577 10.0620107212701 3.53610523471519
Gnao1 9.57585446422237 10.0620107212701 3.53610523471519
Myt1l 8.28403031226001 10.0620107212701 3.53610523471519
Gabrb3 8.1468292108752 10.0620107212701 3.53610523471519
Cabp1 7.97149511991162 10.0620107212701 3.53610523471519
Gabra1 7.82557585543378 10.0620107212701 3.53610523471519
Cttn 12.1624582841405 10.0620107212701 3.53610523471519
Cend1 9.12543821421034 10.0620107212701 3.53610523471519
Ankrd6 8.89280728292946 10.0620107212701 3.53610523471519
2010204K13Rik 10.5815635033988 10.0620107212701 3.53610523471519
Hoxa9 10.3203545796485 10.0620107212701 3.53610523471519
Sytl2 10.0212043546473 10.0620107212701 3.53610523471519
Sult4a1 9.08986240362805 10.0620107212701 3.53610523471519
Enah 10.9875067814603 10.0620107212701 3.53610523471519
Spry2 8.3815939824944 10.0620107212701 3.53610523471519
Rit2 11.4987154887621 10.0620107212701 3.53610523471519
Uts2 10.6703398759947 10.0620107212701 3.53610523471519
Epdr1 11.5842156480578 10.0620107212701 3.53610523471519
Bace1 10.9823793262319 10.0620107212701 3.53610523471519
Vamp1 12.80303215648 10.0620107212701 3.53610523471519
Elavl2 10.8384133427071 10.0620107212701 3.53610523471519
Nedd4 9.70228425871328 10.0620107212701 3.53610523471519
L1cam 10.46754011234 10.0620107212701 3.53610523471519
Sema7a 10.0006297344304 10.0620107212701 3.53610523471519
Oprl1 8.48524730619453 10.0620107212701 3.53610523471519
Slc18a3 11.3359793052772 10.0620107212701 3.53610523471519
Acss2 10.1946124357336 10.0620107212701 3.53610523471519
Glrb 10.9970139084621 10.0620107212701 3.53610523471519
Nefm 12.9533832565903 10.0620107212701 3.53610523471519
Atp5k 13.3747751985702 10.0620107212701 3.53610523471519
Extl2 12.4396590016145 10.0620107212701 3.53610523471519
Ecel1 9.49341642321749 10.0620107212701 3.53610523471519
Rab3a 11.0548311529481 10.0620107212701 3.53610523471519
Rasgrf1 11.0475429707291 10.0620107212701 3.53610523471519
Arpp19 11.0764984980938 10.0620107212701 3.53610523471519
Mkks 11.5731912457387 10.0620107212701 3.53610523471519
Ache 10.509521463681 10.0620107212701 3.53610523471519
Calcb 12.6723971221684 10.0620107212701 3.53610523471519
Pcdhb9 9.0652709291443 10.0620107212701 3.53610523471519
Sh3bgr 11.4227986239471 10.0620107212701 3.53610523471519
Rnd2 11.4159039023464 10.0620107212701 3.53610523471519
Isl1 10.0926560214662 10.0620107212701 3.53610523471519
Polr3k 10.5352916282555 10.0620107212701 3.53610523471519
Slc32a1 8.32878482058678 10.0620107212701 3.53610523471519
Cntnap2 9.49822856960186 10.0620107212701 3.53610523471519
Rims2 8.48298712914145 10.0620107212701 3.53610523471519
Cartpt 10.0467160128858 10.0620107212701 3.53610523471519
Nts 8.80014700008753 10.0620107212701 3.53610523471519
Hspb1 11.7555575498115 10.0620107212701 3.53610523471519
Kif5c 10.0809628201176 10.0620107212701 3.53610523471519
Nsg1 10.266451508304 10.0620107212701 3.53610523471519
Paqr4 10.7420600377975 10.0620107212701 3.53610523471519
Avpi1 9.15989392942997 10.0620107212701 3.53610523471519
Thy1 12.7605092701235 10.0620107212701 3.53610523471519
Fgf1 11.3607650122706 10.0620107212701 3.53610523471519
Scg5 10.6195323828596 10.0620107212701 3.53610523471519
Napb 10.2404376565214 10.0620107212701 3.53610523471519
Kcnb1 8.11740666224355 10.0620107212701 3.53610523471519
Id4 9.07138214462528 10.0620107212701 3.53610523471519
Ints6 12.0936973709605 10.0620107212701 3.53610523471519
Stmn2 11.9448311579098 10.0620107212701 3.53610523471519
Cbln1 10.5725131262518 10.0620107212701 3.53610523471519
Mest 9.71494370343305 10.0620107212701 3.53610523471519
Gdap1 10.2692147214775 10.0620107212701 3.53610523471519
Socs5 10.6889737572262 10.0620107212701 3.53610523471519
Adam23 9.29161388812316 10.0620107212701 3.53610523471519
Timp4 8.08571156937155 10.0620107212701 3.53610523471519
Fbxw2 9.69988446749093 10.0620107212701 3.53610523471519
Ptbp2 10.1519886524258 10.0620107212701 3.53610523471519
Scn8a 9.98002866044489 10.0620107212701 3.53610523471519
Gap43 9.50612674804142 10.0620107212701 3.53610523471519
Nell2 10.7717788964057 10.0620107212701 3.53610523471519
Itm2a 10.7041005722285 10.0620107212701 3.53610523471519
Dner 10.8787959334466 10.0620107212701 3.53610523471519
Tmem246 11.1408414851904 10.0620107212701 3.53610523471519
Cela1 10.6741967445098 10.0620107212701 3.53610523471519
Snap47 11.455585069406 10.0620107212701 3.53610523471519
Chchd6 11.2367722838517 10.0620107212701 3.53610523471519
Csdc2 8.72734210512474 10.0620107212701 3.53610523471519
Lamp5 9.85626643958486 10.0620107212701 3.53610523471519
1110008P14Rik 12.7559354260678 10.0620107212701 3.53610523471519
Sez6l2 11.5610945394729 10.0620107212701 3.53610523471519
Tspyl4 12.0568750754705 10.0620107212701 3.53610523471519
Tmem242 9.94265948858689 10.0620107212701 3.53610523471519
2010107G23Rik 8.58713430309276 10.0620107212701 3.53610523471519
Ndufa4 12.5982601222791 10.0620107212701 3.53610523471519
Nme1 12.8003392292259 10.0620107212701 3.53610523471519
Pmm1 10.2603411299432 10.0620107212701 3.53610523471519
Parm1 9.1210785148924 10.0620107212701 3.53610523471519
Susd4 9.86472095683418 10.0620107212701 3.53610523471519
Elovl4 8.81218767712443 10.0620107212701 3.53610523471519
Tspan17 11.1627196764924 10.0620107212701 3.53610523471519
Ube2e2 10.8982458486308 10.0620107212701 3.53610523471519
Selm 11.81001288634 10.0620107212701 3.53610523471519
Rufy3 9.87279479864806 10.0620107212701 3.53610523471519
Arhgef7 8.61516428258837 10.0620107212701 3.53610523471519
Flywch2 8.84618225898527 10.0620107212701 3.53610523471519
Cgref1 10.1042426730724 10.0620107212701 3.53610523471519
Mmd2 9.12094288955723 10.0620107212701 3.53610523471519
Car10 9.25742607099303 10.0620107212701 3.53610523471519
2900011O08Rik 11.3656645790562 10.0620107212701 3.53610523471519
Slit2 9.67603843218521 10.0620107212701 3.53610523471519
Cacfd1 10.5755969533568 10.0620107212701 3.53610523471519
Ccdc136 10.7356743074303 10.0620107212701 3.53610523471519
Aldoc 11.8798655332385 10.0620107212701 3.53610523471519
Smyd2 11.4081785562696 10.0620107212701 3.53610523471519
Cdh22 10.4665206781347 10.0620107212701 3.53610523471519
Slain1 7.23139852132689 10.0620107212701 3.53610523471519
Nefh 13.0629852837231 10.0620107212701 3.53610523471519
Ptprd 9.89520150198149 10.0620107212701 3.53610523471519
Slc29a4 9.09478344588059 10.0620107212701 3.53610523471519
Rhov 9.02526902587971 10.0620107212701 3.53610523471519
Isoc1 11.8051589434988 10.0620107212701 3.53610523471519
Kcnc4 10.6295660688449 10.0620107212701 3.53610523471519
Cdh10 8.74236975435987 10.0620107212701 3.53610523471519
Neto1 8.81728731861124 10.0620107212701 3.53610523471519
Slc12a5 11.9665244586664 10.0620107212701 3.53610523471519
Kcnk3 9.83962866488583 10.0620107212701 3.53610523471519
Ccdc28a 10.4782113555188 10.0620107212701 3.53610523471519
Aqp4 8.59417994683628 10.0620107212701 3.53610523471519
Slc1a1 10.4077357466117 10.0620107212701 3.53610523471519
Plp1 10.8829723661275 10.0620107212701 3.53610523471519
Stau2 10.5648119338071 10.0620107212701 3.53610523471519
Edil3 9.48583148227381 10.0620107212701 3.53610523471519
Ppp1r3c 9.20348679995805 10.0620107212701 3.53610523471519
Tacc2 10.4142295554679 10.0620107212701 3.53610523471519
Olfm1 10.4058975559309 10.0620107212701 3.53610523471519
Caln1 11.5648040661587 10.0620107212701 3.53610523471519
Dusp26 10.7466285711242 10.0620107212701 3.53610523471519
Olfm3 9.16887278729022 10.0620107212701 3.53610523471519
Nfatc2 10.7522697084949 10.0620107212701 3.53610523471519
Armcx1 10.377370929494 10.0620107212701 3.53610523471519
Cit 9.34966809955852 10.0620107212701 3.53610523471519
Dusp15 8.73208580958194 10.0620107212701 3.53610523471519
Plagl1 9.0751729038771 10.0620107212701 3.53610523471519
Ttc39c 9.00449605471456 10.0620107212701 3.53610523471519
Nefl 13.8725024068608 10.0620107212701 3.53610523471519
Alcam 10.1965518973221 10.0620107212701 3.53610523471519
Scn3b 8.49514442483802 10.0620107212701 3.53610523471519
Cacng5 9.13537628572788 10.0620107212701 3.53610523471519
Ntng1 9.45358449155116 10.0620107212701 3.53610523471519
Susd2 11.2343498149429 10.0620107212701 3.53610523471519
Gnaz 9.10961627845167 10.0620107212701 3.53610523471519
Crtac1 10.6710422029317 10.0620107212701 3.53610523471519
Ndrg4 13.0738977442504 10.0620107212701 3.53610523471519
Ppp2r2b 10.7316985570438 10.0620107212701 3.53610523471519
Slc6a15 9.70755443902996 10.0620107212701 3.53610523471519
Cnn3 10.6850068176406 10.0620107212701 3.53610523471519
6330403K07Rik 11.6994881867094 10.0620107212701 3.53610523471519
Etl4 8.59832380943461 10.0620107212701 3.53610523471519
Celf4 10.0985306964574 10.0620107212701 3.53610523471519
Medag 8.82841014077141 10.0620107212701 3.53610523471519
Thra 11.1815326950617 10.0620107212701 3.53610523471519
Fbxo2 12.0623481376252 10.0620107212701 3.53610523471519
Mtmr7 9.11871885123118 10.0620107212701 3.53610523471519
Penk 9.76813120695272 10.0620107212701 3.53610523471519
Amph 10.7568642878374 10.0620107212701 3.53610523471519
Zfp612 9.43543698144811 10.0620107212701 3.53610523471519
Copg2os2 9.65597577666431 10.0620107212701 3.53610523471519
Armcx4 8.40251221688225 10.0620107212701 3.53610523471519
Wnk4 9.02466198061573 10.0620107212701 3.53610523471519
Gabrg1 9.2052444918486 10.0620107212701 3.53610523471519
Magi1 8.16717851371467 10.0620107212701 3.53610523471519
Clip4 8.37261626104647 10.0620107212701 3.53610523471519
Rbfox3 8.5630613705059 10.0620107212701 3.53610523471519
Adora1 10.8829853477852 10.0620107212701 3.53610523471519
Calca 12.1570233722516 10.0620107212701 3.53610523471519
Cda 9.67854212721566 10.0620107212701 3.53610523471519
Atp1a2 8.0405731576649 10.0620107212701 3.53610523471519
Arhgap20 9.51515270740839 10.0620107212701 3.53610523471519
Rhbdl3 8.99408020489428 10.0620107212701 3.53610523471519
Cystm1 11.4375555805976 10.0620107212701 3.53610523471519
Uqcrq 12.3956837366991 10.0620107212701 3.53610523471519
Cst6 8.83989879960691 10.0620107212701 3.53610523471519
Mycbp 11.451637343162 10.0620107212701 3.53610523471519
Acyp2 11.3970502805854 10.0620107212701 3.53610523471519
Deb1 11.4862248047684 10.0620107212701 3.53610523471519
Rasl10a 9.6712303713761 10.0620107212701 3.53610523471519
Snrnp25 11.6531102896818 10.0620107212701 3.53610523471519
Slitrk1 10.490740481977 10.0620107212701 3.53610523471519
Tmcc2 10.3321102703641 10.0620107212701 3.53610523471519
Tomm7 12.1018473441207 10.0620107212701 3.53610523471519
2010107E04Rik 12.8604450686875 10.0620107212701 3.53610523471519
Tdrp 10.8760846354355 10.0620107212701 3.53610523471519
Nkiras1 12.0110719780948 10.0620107212701 3.53610523471519
Lysmd2 10.3764494467264 10.0620107212701 3.53610523471519
Hopx 9.88036442647491 10.0620107212701 3.53610523471519
Elavl4 8.58855949657512 10.0620107212701 3.53610523471519
Ndufaf5 10.3195595035437 10.0620107212701 3.53610523471519
Pacrg 10.3827372265578 10.0620107212701 3.53610523471519
Ngfrap1 12.5091152596936 10.0620107212701 3.53610523471519
2610524H06Rik 9.55044605800838 10.0620107212701 3.53610523471519
Spryd7 10.6172646371771 10.0620107212701 3.53610523471519
Bcat1 11.5172236086719 10.0620107212701 3.53610523471519
Tmem205 11.4414348470895 10.0620107212701 3.53610523471519
Fndc4 11.1582555671858 10.0620107212701 3.53610523471519
Timm8b 12.5376906137649 10.0620107212701 3.53610523471519
Necab3 9.01290804068779 10.0620107212701 3.53610523471519
Sh3gl3 9.3664097027572 10.0620107212701 3.53610523471519
Darc 9.62470951404569 10.0620107212701 3.53610523471519
Rab3c 7.95508952547566 10.0620107212701 3.53610523471519
Mela 7.97687852860722 10.0620107212701 3.53610523471519
Reep1 12.167950567158 10.0620107212701 3.53610523471519
Myeov2 10.2247535456758 10.0620107212701 3.53610523471519
Chchd10 11.1300586552797 10.0620107212701 3.53610523471519
Abat 8.43166161289631 10.0620107212701 3.53610523471519
Clvs1 11.5110780193076 10.0620107212701 3.53610523471519
Asns 10.3680742580887 10.0620107212701 3.53610523471519
Pdap1 11.5379312799238 10.0620107212701 3.53610523471519
Ppargc1a 8.61755959262883 10.0620107212701 3.53610523471519
Sh3bgrl2 8.2704619932061 10.0620107212701 3.53610523471519
Rell2 10.9331233834418 10.0620107212701 3.53610523471519
Fermt2 10.3582134436987 10.0620107212701 3.53610523471519
Fam174b 9.073153819561 10.0620107212701 3.53610523471519
Coro2b 9.94912109461115 10.0620107212701 3.53610523471519
Rnf157 12.2899333945303 10.0620107212701 3.53610523471519
Aard 10.2931067195447 10.0620107212701 3.53610523471519
Tmem56 7.75277680929134 10.0620107212701 3.53610523471519
Nrcam 9.64274718633397 10.0620107212701 3.53610523471519
Morn4 9.17259850591992 10.0620107212701 3.53610523471519
Ccl27a 9.3481948288276 10.0620107212701 3.53610523471519
Spock2 9.43058940322717 10.0620107212701 3.53610523471519
Rnf208 10.8878631383004 10.0620107212701 3.53610523471519
Limch1 9.22237445282864 10.0620107212701 3.53610523471519
Stmn3 12.3721501466571 10.0620107212701 3.53610523471519
Tvp23a 9.96261856343313 10.0620107212701 3.53610523471519
Npr3 8.20460535654014 10.0620107212701 3.53610523471519
Kctd17 11.2458171753615 10.0620107212701 3.53610523471519
Fhod3 10.1547318191536 10.0620107212701 3.53610523471519
Fgf14 8.21022626798564 10.0620107212701 3.53610523471519
Kalrn 8.09704431734036 10.0620107212701 3.53610523471519
Kazald1 10.7027808644543 10.0620107212701 3.53610523471519
Cacnb4 8.05777755243266 10.0620107212701 3.53610523471519
Mapk10 10.5000841692751 10.0620107212701 3.53610523471519
F2r 10.478557295227 10.0620107212701 3.53610523471519
Lrrtm1 8.56247104426082 10.0620107212701 3.53610523471519
Fdft1 11.7114743346682 10.0620107212701 3.53610523471519
Osbpl6 9.00788581187645 10.0620107212701 3.53610523471519
Atp6v0e2 12.6857661520158 10.0620107212701 3.53610523471519
Uchl1 12.1867118014604 10.0620107212701 3.53610523471519
Syp 9.89071514675757 10.0620107212701 3.53610523471519
Uqcr11 12.9492050137976 10.0620107212701 3.53610523471519
Tnk2 12.0698368578513 10.0620107212701 3.53610523471519
Mgst3 10.1755860113859 10.0620107212701 3.53610523471519
Pcsk2 10.4082269845549 10.0620107212701 3.53610523471519
Wfs1 11.035940598863 10.0620107212701 3.53610523471519
Ykt6 10.3068421746941 10.0620107212701 3.53610523471519
Nipsnap1 9.97673484595063 10.0620107212701 3.53610523471519
Kcnab1 10.1776751121124 10.0620107212701 3.53610523471519
Bex1 11.6132514833569 10.0620107212701 3.53610523471519
Scg3 10.8986850953196 10.0620107212701 3.53610523471519
Enpep 7.51937368201054 10.0620107212701 3.53610523471519
Arhgdig 11.7882308953367 10.0620107212701 3.53610523471519
Kcnk1 10.3011533811089 10.0620107212701 3.53610523471519
Gltpd1 10.5583633798481 10.0620107212701 3.53610523471519
Sept4 10.8017684513771 10.0620107212701 3.53610523471519
Cd200 8.99881854187846 10.0620107212701 3.53610523471519
Cadps 10.36282173906 10.0620107212701 3.53610523471519
Stard10 10.1601788704309 10.0620107212701 3.53610523471519
Rhou 10.0725096757236 10.0620107212701 3.53610523471519
Gpx3 10.131172993458 10.0620107212701 3.53610523471519
Polr3g 8.85005978460276 10.0620107212701 3.53610523471519
Cdkl2 9.78280744710771 10.0620107212701 3.53610523471519
Spp1 11.41896720289 10.0620107212701 3.53610523471519
Cyfip2 9.34285332720292 10.0620107212701 3.53610523471519
Mapk12 9.77385752255541 10.0620107212701 3.53610523471519
Zmat3 10.8389998886419 10.0620107212701 3.53610523471519
2310030G06Rik 8.28844514935914 10.0620107212701 3.53610523471519
Nicn1 10.4995813919298 10.0620107212701 3.53610523471519
Mien1 12.5057493160863 10.0620107212701 3.53610523471519
Fkbp1b 12.2495169835294 10.0620107212701 3.53610523471519
Kcnmb4 10.2538907712308 10.0620107212701 3.53610523471519
Kcnh2 9.95273178318762 10.0620107212701 3.53610523471519
Cntn1 10.8335455913814 10.0620107212701 3.53610523471519
Trhr 9.08453009436887 10.0620107212701 3.53610523471519
Cpne6 10.8795735372397 10.0620107212701 3.53610523471519
Rph3a 9.24678882651425 10.0620107212701 3.53610523471519
Spock3 7.97013881378687 10.0620107212701 3.53610523471519
Scn1a 11.238362411121 10.0620107212701 3.53610523471519
Serpinb6a 11.4513256486369 10.0620107212701 3.53610523471519
Hcn1 9.31925892371906 10.0620107212701 3.53610523471519
Cdk5r2 9.66425884913286 10.0620107212701 3.53610523471519
Rgs7 10.7481263647639 10.0620107212701 3.53610523471519
Tagln3 11.4161893234948 10.0620107212701 3.53610523471519
Rgs17 9.67390083253198 10.0620107212701 3.53610523471519
Scg2 9.12942887138533 10.0620107212701 3.53610523471519
Kif21a 8.99727000440474 10.0620107212701 3.53610523471519
3632451O06Rik 9.30387854134998 10.0620107212701 3.53610523471519
Dffa 11.5569975187263 10.0620107212701 3.53610523471519
Calb2 10.0748608930819 10.0620107212701 3.53610523471519
Lrrc49 11.1494157158396 10.0620107212701 3.53610523471519
Rerg 8.50961255351914 10.0620107212701 3.53610523471519
Acsl6 9.97229934923743 10.0620107212701 3.53610523471519
Tram1l1 9.04000860313195 10.0620107212701 3.53610523471519
Cmbl 8.0773607713681 10.0620107212701 3.53610523471519
Zfp521 7.8634344731366 10.0620107212701 3.53610523471519
Chac1 9.92293829876488 10.0620107212701 3.53610523471519
Dpp6 9.91787288536531 10.0620107212701 3.53610523471519
Ccdc92 10.9692646679614 10.0620107212701 3.53610523471519
Chodl 11.1187621412996 10.0620107212701 3.53610523471519
Cadps2 8.5766496207861 10.0620107212701 3.53610523471519
Nol3 9.87037601843118 10.0620107212701 3.53610523471519
Fam92a 10.7876853787299 10.0620107212701 3.53610523471519
Fgf12 8.52615589269745 10.0620107212701 3.53610523471519
Vstm2a 9.61807964208749 10.0620107212701 3.53610523471519
Arl16 9.83750361231953 10.0620107212701 3.53610523471519
Nckap1 12.3137995032846 10.0620107212701 3.53610523471519
Kcnj14 10.7256011683229 10.0620107212701 3.53610523471519
Hoxc8 10.6082516547134 10.0620107212701 3.53610523471519
Slc41a2 8.12372428573032 10.0620107212701 3.53610523471519
Dpcd 12.2130531124481 10.0620107212701 3.53610523471519
Zdhhc2 9.69894818943526 10.0620107212701 3.53610523471519
Pcp4l1 11.4627351107119 10.0620107212701 3.53610523471519
Slc22a23 9.1196128397899 10.0620107212701 3.53610523471519
Cltb 11.6160750737577 10.0620107212701 3.53610523471519
Tspan12 7.1024677572523 10.0620107212701 3.53610523471519
Fez1 9.87055204172177 10.0620107212701 3.53610523471519
Fam189b 11.0425137386541 10.0620107212701 3.53610523471519
Nlgn2 11.0550135098443 10.0620107212701 3.53610523471519
D430019H16Rik 9.0563359401699 10.0620107212701 3.53610523471519
Adcy2 10.6893252074849 10.0620107212701 3.53610523471519
Gm1976 9.34164276977427 10.0620107212701 3.53610523471519
Rspo2 10.0072081160225 10.0620107212701 3.53610523471519
Cdr2l 10.2793796409704 10.0620107212701 3.53610523471519
Pcp4 12.0032269313906 10.0620107212701 3.53610523471519
Dmtn 10.5669917524467 10.0620107212701 3.53610523471519
Mnx1 7.60312194106865 10.0620107212701 3.53610523471519
