Golm1 13.1709345745481 7.67073799923862 6.78957325481704
Dusp6 12.2043335698759 5.66648546158827 5.1133413013494
Tgfbi 10.1729708775644 5.88355576171514 5.32062922406714
Sgpl1 9.54910293773426 4.82433701704919 4.54452927969186
Junb 11.5780026398467 5.34992712188681 4.70137019747581
Lcp1 11.8463632704423 4.84108256459341 4.45485130179522
Txnip 13.6993914736524 7.23323443678433 6.3736086611709
Klf10 10.1153774463127 5.55979901528686 4.6398861409219
Cd9 11.8962881279299 7.26239818639698 5.56228389523724
Cd34 10.5911587485583 5.76325129412089 4.85238873481882
Zfand5 13.0724898086973 9.52942707675265 7.90727173134081
Tpst2 11.1246231388186 7.63790608172511 6.55447561757859
Cd83 13.2264749464343 9.28238619731859 7.73513751628547
Sipa1 11.1257432146877 6.76479423587944 5.85293270619587
Coro1a 12.6004028717715 8.51328480786148 5.44737549960321
Btg2 11.4968904593275 6.12504737266095 5.51466886537603
Ets2 10.8279407472273 7.42064431855711 6.94769531348982
Tnfaip2 9.08145533726492 4.34529065901249 4.28641800006253
Cyfip1 12.6066769077138 8.49105072185203 7.33434624400308
Lamp2 11.6172171151883 7.81828055157112 7.58590941569011
Snx18 11.9105809619856 8.11121314137498 7.81593653685175
Ctsc 12.6065842886925 5.17607600670694 5.11870813480484
Rcbtb2 9.51693799161507 5.99800518379469 5.17208043378648
Tubb6 9.94309885815544 6.25498072913877 6.01969291222959
Ier2 13.4150634942812 7.16176603052709 5.90453520981414
Rab32 7.60118101811754 4.0573045486714 3.86675825994366
Nfe2l2 11.3735710823378 5.37456288589894 5.32611015526029
Socs3 12.8363611039744 4.28325051885833 4.15680550885794
Scamp2 12.0782300087712 8.46524443661473 6.6703894852596
4632428N05Rik 12.9592128362635 5.70640747560981 5.06654481605459
Spint1 10.3415667614487 6.7923452346289 5.24222351786965
Afp 8.20241684612463 4.11237448889202 4.02962231251893
Clic1 11.3846871257571 7.6710927634519 5.83995931170613
Plxnb2 11.1751053377305 6.86862644119966 6.58450393821627
Irf8 12.5606886061131 5.53509059489166 5.48826040235433
Dnajb1 11.4072973894197 7.84450861111869 6.3089292463566
Mical1 8.88736256308852 5.00545576628086 4.85021805833096
Fkbp7 9.58447874704344 6.13850644786687 5.22487714732569
Tbxas1 9.77227819439976 6.27882389073034 6.20089995637611
Slc39a8 8.3702572354114 4.10572292974256 3.9138725465744
Parvg 10.3224146114506 6.89877908912258 6.34681159462778
Mcl1 12.1472433486191 7.27889259221075 6.37941961939428
Rps6ka1 12.439882687873 8.94854628980291 7.04663842556033
Tnfaip8 9.91373565516323 5.98724449454894 4.74472651254868
Sirpa 12.4962163654576 8.68373042490067 8.51556245027675
Tmem206 10.2057688234462 6.66361932484036 6.36880247745216
Slc40a1 11.6365802495677 7.17607982451584 5.86588971927377
C1qb 13.3846079047961 4.72773578207943 4.65469834523134
Egr1 14.0125449996656 10.520921277278 9.02954972207448
Syngr2 11.4559121689701 5.75342973252187 4.82019527843626
Man1a 10.4296468533452 6.20008038876473 5.38537814872931
Plekho1 10.6038456884602 6.86962679486613 5.58170042083835
Pmp22 12.2653168767854 8.07508345273393 7.86012120086639
Usp2 11.7287066241903 6.99257970669221 6.02797546435475
Ccl6 10.223717633042 4.69004052318425 4.52162733595159
Cd14 13.3052539164274 6.98841720729478 5.91339480574559
Tob2 11.2284375997777 7.40545597415611 5.57586160632636
Pycard 11.8185468367102 6.41067279610797 5.53873283487991
C1qa 13.2380236204344 6.3814073180905 5.91551191355026
Il16 10.7022595486227 5.92533681839871 5.39883441906687
Slc7a7 11.052383619296 5.45389378052276 4.87163312035056
Klf4 12.698526861476 5.05942506965145 4.95947409632963
Sertad1 10.6747710405396 6.87386390284479 6.00166783056753
Jun 13.1567215574815 6.7989601675356 6.76337878638022
Srgn 13.2509970787582 7.29488590382263 6.14138309235076
Myh9 12.5865032254667 7.60124690831557 6.78100767304945
Nfkbiz 12.6860754101133 4.89956716989528 4.80608253548259
Tgm2 11.7718766956168 7.29583846821006 6.31317888104511
Plek 13.0669588958399 7.61179090337371 5.91187629500257
Itgb5 13.3318370523038 5.57119968665546 4.17780793118891
Elf1 9.08676867890006 4.76254953837674 4.37574327288047
Rgs1 11.2541972267774 4.95156467527718 4.55940395117031
Ier5 13.0591463203827 7.11226927865378 5.58904014992847
Snx5 12.5628056055199 8.8866823448365 5.09384239895682
Elk3 10.4901390004177 6.31906529744144 4.80870181764931
Naglu 9.26626288253695 5.63485021719852 5.34905125119185
Laptm5 13.2497958585741 8.09245498425718 7.19569639848386
Ptgr1 10.0953671914278 5.6557650835539 5.51779156242958
Serinc3 10.8737843005988 6.92311647060798 6.39863346062701
Ctsz 13.0341451754765 9.37235943769612 5.14161924296611
Fcgr1 12.3056772228307 4.67193621229406 4.61369581642831
Slc16a6 11.601886645942 6.81695422014835 6.22937375164729
Pdlim4 9.4700059993897 5.06278374689699 4.88451331434383
Ccl9 11.5606702750711 5.49589598383998 5.01042901571192
Tnfrsf1b 11.5849644137814 7.4908461424277 6.21821778619095
Inpp5d 12.5199395399242 7.00421244465146 6.34861299257286
Aff1 10.5286978143419 6.85513840263051 6.4525301748075
Tlr4 9.52419084436795 4.73585036292362 4.5296551012822
Pmaip1 7.94812896443572 4.01141664058972 3.89297634119091
Aif1 11.8782125697407 5.91383015332381 4.90694265820527
Lims1 11.3895886323577 7.47366672255997 6.93455202010954
Syk 11.2305153374971 6.56849745836739 6.11983441135165
Klf6 12.1614928848338 6.67037412974016 6.56421856864658
Mknk2 10.9559680185081 7.35109889696338 6.72419581487092
Crybb1 12.3010895138039 6.80575148059797 6.59131241824853
Fcer1g 12.6409109862305 7.18731290569631 6.09260382533954
Ctsh 12.8519091129382 6.02506696995492 5.57274365053228
Gbp3 8.5913202656342 5.15549486372368 4.9100943326775
Gpsm3 9.66649074936397 5.45212443569739 5.22748839315415
Ncf4 10.7081144474155 5.46936952320934 5.39809998190104
Nrip1 11.6975319588524 6.7273675604621 6.3990760291379
Ggta1 10.3145780373454 4.96947547773784 4.72146846174109
Calcrl 7.84138491604448 4.2792956359549 4.21016073818935
Lcp2 10.3889718130272 4.8801236350042 4.78666841374369
Ngp 12.4329204009581 6.48435679929772 5.52573930326163
Spi1 10.2850028049619 6.15206747588399 6.1476701599732
Atp7a 10.1404314445784 6.81754695593912 5.26821350338173
Csf3r 10.4703586336665 6.73343002462388 5.33067083927366
Ms4a6b 11.1222234312687 5.30363215192596 4.88482369515244
Hcls1 8.83239317939796 4.77481336622212 4.74858504306468
Pabpc1 11.1513836653323 5.34719019554979 4.22140155217314
Skap2 11.9890479352489 8.16289898611933 8.1026900785404
Cebpb 11.6879517821222 7.59970710886995 6.08728074551871
Plxdc2 12.0633823649962 6.83037608946945 5.81091265619745
Cxcl10 9.83264446685726 5.81761540401458 5.37362445359008
Cysltr1 9.33333349087416 4.51873377548203 3.95611837850733
Cebpa 9.88957255483431 5.96923251191352 5.22871489997809
Cttnbp2nl 11.7204560544011 5.78546928903339 5.31717546550583
Lyl1 9.97533629065994 5.53171212106881 4.93564639729057
Ptpn18 10.4025712369028 6.51943206725666 6.42346661457285
Tlr2 11.9268402473875 6.5497355356125 5.6241324370575
Serpine1 9.52331793271942 6.13990706694745 5.10904825997996
Sox4 9.95630765129675 6.0891934860757 5.57016313651338
Cd37 10.9048574016166 6.87893572208082 5.65566740733356
Map3k8 10.2849700718244 4.85462916541433 4.73819722606415
Myd88 10.7278217724093 6.46006518357281 5.86140866590826
Ccl12 10.5112043294489 4.62344518789234 4.5027833623506
Arhgap4 9.36525554969312 5.8364692722668 5.38131471342854
H2-Oa 8.7917936065526 5.21846847337124 4.96537404725288
Pon3 9.20297150005047 4.69230360163774 4.40646790797174
S100a8 13.0395448654869 4.89590743900479 4.574809491385
Il10rb 10.7116513838826 7.192707383407 6.87107051047601
C3ar1 11.7072754362155 6.85734901737193 5.30502223408787
Fgd2 12.1304825880125 6.28184439274876 6.01839882070174
Rela 11.8428094359349 8.13872138975997 6.87709069980385
Ccl3 13.4953964323281 5.68207056071538 4.72873914318725
Ms4a6d 11.3799791784438 4.95065903004418 4.72550262502084
Ier3 13.4963591841383 9.51676475701038 8.0286412746161
Nupr1 9.93831898336817 6.33066818618845 5.25408084642919
Camp 12.113738407204 6.18121902806207 5.7104801968012
Klk8 10.2464469222101 5.51669608998816 5.50193246951574
Chil3 11.1159878878753 5.09447845934568 3.6481594089514
Arap3 9.86775374576886 4.3335627509239 4.03200528428968
Tlr7 11.2112407400947 5.5221098841328 4.90709659765849
Csf1r 14.0460007158016 10.6437635604528 7.49510668383222
Hpgd 12.0107499612859 5.11850202906047 4.93333643940493
Mcm3 8.92535440058905 5.3782563481693 5.19513076853221
Slc11a1 11.4154854568916 7.6429827547546 5.3659738080543
Ccl2 9.49866288250659 5.26576488505367 5.23870265874494
Cd86 11.6419705628058 4.98932461196629 4.90784576188436
Prkd3 9.70383275414416 6.12009938458428 6.09564533504372
Gpr84 11.5935377294956 5.68889086525453 5.53569894055139
Vamp8 11.9027573726861 6.84553023196722 6.54418351839504
Tcirg1 11.3257053795282 7.76958813872546 6.89915213407022
Trim12a 8.5835260320544 4.33847020705172 4.30742554543587
Slc15a3 11.5219827541908 5.34092835052332 5.20338081742163
Rel 9.30153835661437 5.48211190239411 5.16180707585831
Tsc22d3 11.4721491337919 7.46409572273356 5.90419145681246
Sla 12.3378861062474 5.75935458195547 5.68588485335184
Tgfbr1 13.4953964323281 7.01273229923585 6.53713970335686
Snap23 8.47917138557207 4.52343177075534 4.05059571125357
Asph 11.1131392793095 6.52871077043655 5.01161909976812
Ivns1abp 12.7182126498181 8.89166907672389 8.00715614535204
Rbm39 10.4094928984617 5.22891222987453 4.87129138963653
Vamp3 10.8638436564196 7.40514522758125 6.96784536861807
Bmp2k 11.3162621163235 7.22581231406997 5.93898953916475
Lgals9 9.80576100376818 5.69224592481237 5.47661225602946
Trem2 11.528689695107 7.33650611986085 6.5640463776109
Gna15 8.93153578094543 5.59802921649404 5.29863359851842
Birc3 10.7521481640029 6.67977403384052 6.49964888069676
Igsf6 8.68495551282954 4.35231059852747 4.30067134540583
Samsn1 8.95535277925432 4.58500575111306 4.56738092810552
Il1a 10.5450729398403 4.6271641563489 4.01432282339471
Naip5 11.1347547074536 5.18434936949877 4.57041205071081
Ccl4 12.7516225784521 7.32728034726846 5.94887614735752
Klf3 8.44575749935971 4.78484236330602 4.52636158070451
Itpr2 10.8613975316724 6.78915629893204 6.24795097803933
Stat6 10.5031698578152 6.65023545933737 5.20623287821222
Msn 10.7217422633417 6.9496118217503 6.31283751254673
Bcl6 9.97529153752311 6.46704778645537 5.73935445083138
Abca1 12.0785728549459 7.54905105798397 5.96190453041915
Adam17 10.581995677351 6.28417290895743 5.70763618177266
Dapp1 10.626591308075 5.47944070288368 5.34463683676603
Clec4a2 10.1190075949126 5.13346113878504 5.0298392536634
Fli1 10.0832277034328 4.16594891388184 3.75175247971574
Mitf 10.3277193773821 6.83786061082149 6.40658736477654
Ets1 9.75745818736726 4.12513799602241 4.02401829090189
Ptprc 12.4215732421658 4.67334502001789 4.37223241984479
Fosb 11.9818678393755 5.92962312065615 4.80827771140483
Ccr5 11.7087776692335 4.78542057770175 4.60304033942976
Il6ra 12.6405285425734 5.65192570167078 5.51567223446878
Tgif1 8.50458243562559 4.83817462402785 4.30823454310216
Pla2g15 12.3512186582331 7.87901386878486 7.29436699546675
Itga6 11.5906633280243 7.18734606737837 6.9641353366843
Ifi30 11.4062018650154 7.72877225825044 5.52528550740216
Cables1 10.7158993683559 6.84467251028371 6.43616241456285
H2-DMa 11.3395300052483 7.330221915218 6.12141358318801
Zfp36l1 12.7019764996359 6.43451457518115 6.17124694259853
Gpr34 12.142699851518 4.24910429878196 3.96197732644555
Rrad 10.0026571297703 6.6040152585403 5.33656028756426
Rnase4 13.0771643703574 6.41597670099426 6.00085939312656
Hk2 12.3164140648536 7.27541284430293 6.83116686667436
Fam111a 8.33832002390926 4.84345643379116 4.51702144099773
Hfe 11.3196450739578 7.58854143628652 7.47589655830252
Pik3cg 10.1537853547168 6.74251800548226 4.86498557751174
Zeb2 11.4350095719432 6.63719760209374 6.41898838201438
Tlr3 9.63659550839082 5.96445976886218 5.52170668733231
Prkcd 11.3607793398998 7.12163685848432 6.85532146446348
Mertk 13.0985151577591 6.43524400775266 5.81774264168505
Cd84 9.96224237530016 4.65638274418728 4.65072599821877
Ly86 13.8305038298173 7.65257974043109 6.22169356080675
Vav1 10.4997459843954 4.25628830869562 4.20762791570295
Pik3cd 8.99966364024255 5.60261302016247 5.55390006528011
Pag1 12.6736213180298 8.24313008453062 7.60647449417634
Fos 13.9327205870223 10.201394142134 9.15805084864606
Cfh 10.8438396260437 4.0708505798141 3.84060829388787
Tnfrsf13b 9.66545251361214 4.76724958381759 4.34914679842177
Cebpd 10.5744174492867 4.8835310118307 4.3207544304601
Hhex 10.060418644213 6.58463894122811 5.14421685840147
Entpd1 9.58873000960094 4.5130557744947 4.30993767261061
Ptgs1 12.1626150793908 6.2976448541919 5.3323259336687
Adrb1 10.5218876655346 5.60117302152568 4.59506671530339
Stk17b 9.80355004387352 5.78526224161964 5.75400507428739
Frrs1 10.6966078261321 7.03169353157677 5.22023947901702
Lyz2 12.5660138290276 6.95691059501378 6.40865963010201
Ssfa2 10.4026641404164 6.48485027981804 6.39257188980778
Ccnl1 12.9368942943523 9.40482421360573 7.35575118287571
Galnt4 9.11869231898454 5.03494771735349 4.97038033674077
Ctc1 11.7422487728519 7.67722439277338 6.95091265217282
Unc93b1 11.3066168079527 6.98744180876652 6.36033622273646
Mob1a 11.6304802850351 7.89045212335744 6.77383418883798
Cmtm6 12.2803328178186 6.9503392741014 6.65756287231001
Wls 8.21516176510327 4.77436557970383 4.6416125897287
Tspan14 11.2007785813707 7.08779261362568 5.99533202966045
Lpcat3 11.4786154330381 7.06291316562177 6.89923942575142
Hvcn1 10.2856187487951 5.48376765506527 5.23368757609556
Edem1 10.5644676490564 5.32309732212589 4.91487780445541
Icam1 12.144222640413 5.6568642763145 4.67887082630209
Prkab1 10.8728158992286 7.34633440465156 6.50400291935433
Rbl1 8.51194870241016 5.07803730286923 5.03125131314081
Rcsd1 12.3223507478265 7.9946930150886 6.74408138123241
Npl 10.119227368812 5.87021108774053 5.26169152287657
Tmem140 8.46080936763924 4.70007348597671 4.63831465521421
0610040J01Rik 10.8106638816197 6.15662552237079 5.7465902588776
Tm6sf1 11.273380881778 7.88120429426389 4.34606179714393
Cklf 11.3324839569912 6.96232298014761 6.45320307173558
Cd177 8.01898297885642 4.66088092275381 4.1808798246385
Casp8 9.83591177234681 5.75246252599242 4.98964768109125
Tmed5 10.4601759587631 6.77433037636248 5.95232610517196
F11r 12.1638127271072 6.06782205516144 5.81649868066311
Eva1a 8.63294613398656 5.15914792951928 4.28044079954814
Zbtb1 9.31186634548201 5.90474446589303 5.60937106158388
Tor4a 10.4213155961976 6.5469850753181 5.71264330112787
Ptbp1 9.02225932629817 5.50452829832049 4.96345491289773
Glipr1 8.88148604367629 5.43772107578432 5.28197272555924
Lpxn 10.730982217212 5.3693767993875 4.46673832683149
Siglec5 8.337886172674 4.04875288779813 4.01962286206641
Fcrl1 9.27554865404005 5.72748706053236 5.17444709650993
Sppl2a 11.1847931951435 7.31447253839974 6.70447962731283
P2ry6 11.5909433501351 4.88692247710478 4.37390959271963
H2-K1 12.7949568117272 8.86048374064153 8.10281522090825
Tgfbr2 12.4312251246194 6.38477361173961 6.02183681580748
H2-Ab1 8.4512011309411 4.8954879691667 4.58591041490352
Ceacam1 8.73427463823456 5.27911284549185 4.36860450281259
Ncf1 9.01873662127703 5.33090671307382 5.12193571220138
Il13ra1 9.69650941211153 6.28114373035488 5.33812013907652
Adap2 10.4876327911899 5.62987982610584 5.45669858818885
Pld1 10.7880824610021 6.73002015721694 6.03060203063504
Suv420h1 9.74201990299736 6.38127955357966 6.35522276630589
Pon2 9.26937417743214 5.20631281597124 4.84890313730997
Capn3 10.437566906065 4.89903761456486 4.7402997905223
Casp7 8.22612436421626 4.82024936282784 4.59908365576871
Gem 8.28009388336886 4.28400938373657 3.97252794669459
Rrbp1 12.1135184174842 8.73015561948315 7.48870652376498
Glul 11.9439234863599 7.42823067890674 6.21322810824532
Arrb2 11.5161791808491 7.63005902961839 6.55618577935607
Pros1 11.4244912078995 5.8112824912921 5.41741680865719
Rin2 10.1302854085197 5.87058488952078 5.18553855299006
Tifa 10.6649959627868 6.93871620590334 6.2681932819576
Arhgap17 11.0358082941061 5.16958819747108 4.97719282903331
Phgdh 11.0663668828628 7.41836406486553 7.03727665839332
Parp12 9.52345845288495 5.7553824983003 4.8333142526091
Trim47 10.122871565472 5.56936873925623 5.17228915760297
Lgals3 8.71732817427299 4.94764063572697 4.61447224471916
Jmjd1c 12.7042728123964 8.81043284576657 8.00442246486644
Mlxip 11.0131464704826 7.24830624253396 6.77726534074013
Sash3 11.2528818012755 7.73114230350891 5.43781784880552
Themis2 9.94919523666928 5.39982729803568 5.28870674325965
Mpeg1 13.5339312443488 7.01535890531697 6.52784628237296
Hspa1b 12.7328150924375 8.38731319172359 7.76868630425973
Xist 12.7732517233129 4.90829764291495 4.27234829816744
Cd48 9.99176185857167 4.86530381184556 4.84861732312307
Akna 10.5978331936346 4.69556281335254 4.68414551005565
Fes 10.5840546362038 6.74554154865417 6.42073524805726
Myo1b 8.42949791093437 4.90453403309214 4.85858989393417
Cep152 9.68353142517718 5.97790950653561 5.51987115320584
Diap2 9.90635960665803 5.47644213800388 5.14736871623482
Egr2 11.2144151601674 5.21104380900687 4.63402337052826
Ccrl2 11.4107831106411 6.20031115951992 5.60025904878948
Lcn2 11.7182561949748 4.26634473523923 4.22944485974592
Hbb-b2 7.86146929235822 4.15804126983811 4.0836823699541
Myo1g 9.04216166021584 5.68233144284264 4.98549126820692
Tmem173 11.1696407087511 6.9384108623417 6.25016864017717
AF251705 12.0057126252299 7.91516450899044 6.93659960220153
Hmha1 10.4487011332694 6.38622748029567 5.56970865107808
Gmip 10.2055870255081 6.20566711770633 5.87177376585707
Nckap1l 11.1526856630168 7.23280648809449 5.14501680550556
Abcc3 9.7509259850256 6.16540031473937 4.86554758956559
Rhoh 10.7637079698635 5.03109264691365 4.88098134076652
1700017B05Rik 11.7522974287947 5.72064163401143 5.64325686501255
Srgap2 11.7585843286276 8.22481948451142 7.47794684511312
Gusb 11.4803411718158 6.17798095549353 5.3755885162822
Lair1 10.6612900224916 5.32695831006528 4.68201705644707
Twf2 10.9336973935694 7.48878780193841 5.53073507215541
P2ry12 12.4385715566921 5.14766897731104 4.55235618993195
Rnf19b 9.65744414029616 6.09434503070534 5.025061032055
Epb4.1l2 12.5432840929574 6.67383360919734 6.58697831167751
Pld4 12.1700437011819 6.47109932615057 5.532274789051
D15Ertd621e 10.0624486421296 6.44248904515127 3.83653227656764
Lrrfip1 10.7224886700699 5.46240919568393 5.13563052464103
Fermt3 11.4207362066657 4.44836840142445 4.22046093519833
Ankrd44 11.5679366187782 6.17400645732186 5.48191695946036
Kctd12 12.099676793357 6.20594892390412 4.87204247003669
H2-Aa 11.2644036954394 6.06202077152141 5.16556544821573
Fam105a 11.8820924454901 6.88187891433535 6.53884445068207
Herpud1 12.5116726598182 8.83743446734715 6.88257328386736
Cd300a 10.0530239896872 6.07769972675729 5.50069168103212
Wipf1 10.3652831365882 6.99351511426779 6.85879554488015
Lyz1 12.2502412289951 6.28693775604809 4.72577178531275
Zfp110 10.6738601357144 6.49185320344958 5.30284662963635
Clcf1 8.68466038510135 3.89620193301973 3.77910457077782
Hmgb2 9.04290768492065 5.61397022729063 4.21133445637535
Zfp36l2 12.4004422821899 7.32221458923504 6.34791540755361
Il10ra 11.9867649941734 5.01707832475225 4.78280553456075
Hexb 13.9214339669789 10.2441551104681 8.88102802590284
Rab20 9.64744268247702 4.12543398409325 3.93387711123883
Grn 13.6303783372944 8.4065925236527 7.04041294248544
Bach1 11.7684659473826 7.889821371624 7.56251155006697
Usp24 8.70392300506957 5.1865508163284 4.84895010808261
Fam46c 12.2421510197398 6.37119133241348 5.25116082084368
Ctsa 12.9644748360344 8.95605085114616 7.60658800977937
Ifngr1 12.016051864462 8.18271836057764 7.80706453884206
Tcn2 12.1195930224409 7.65879644956341 6.62332639048799
Cmtm3 10.0110497819572 6.09490345350745 5.88965764892555
Ppp1r15a 12.6593601245383 7.95301842827516 7.74643179010959
Dhrs3 10.8328899765314 6.8399781495189 6.33237385048968
Lrmp 8.89491220593798 4.65022562544915 4.45959670326545
Olfml3 13.5644607358692 6.59148063970892 6.52036800488682
Pla2g4a 9.55730250855793 5.35731223246688 5.23562072538683
Ncf2 11.109264808914 5.93567628490127 5.79535474201285
Ctss 14.1223387589978 9.40712667800309 8.40033595548761
Cd53 12.6270729328698 5.71618386679842 5.2947404419162
Fcgr3 13.3874319809845 6.20756447049685 5.93923007197835
Hps4 12.4456398299555 8.78918679187776 8.49821487742367
S100a9 12.2965410503709 4.89121429626061 4.81627052418114
Dusp1 14.1813580097059 9.19408642001514 8.27073953523618
Lgmn 13.4068999504885 9.3589760491584 6.83452469347293
Klf2 12.9915058739807 5.65486280524169 5.64865475623369
Fcrls 13.5200887013828 7.82928734328744 5.83003538774915
Tlr1 9.55990391864875 4.08398829599497 4.0541719023194
Rhob 13.3993450977518 9.90568575412954 9.00080354493154
Selplg 13.492313873689 9.1973311728668 6.78386054108362
Cd68 12.2825968841945 5.04216579723 4.9142927262473
Gpr65 7.85611733273235 3.88129944267529 3.81704164561757
Atf3 13.3007390383143 5.38086480044397 5.04877628726499
C1qc 13.5695399365939 6.26479823637749 5.66385877977151
Chst7 11.0545300964632 6.92763545410395 6.47619250664379
Hck 11.7192724128215 5.72062833999717 5.17831096233481
Casp4 9.17977855891737 5.00518450537341 4.05829233975633
Ly96 8.98885773803667 4.71686514124942 4.3022868286708
Lag3 9.94342037341401 6.17827605500378 5.71775893436689
Cxcl2 10.9236295592129 4.77457699284813 3.95179344967962
Ltf 11.9771261319803 8.2770301476228 7.17703129901419
Cx3cr1 12.8322911670036 7.35577649974326 5.80013216141082
H2-D1 12.6856010965553 8.5970451623335 8.41587618385613
Stab1 10.7835801182221 5.43494971670008 5.29842733815061
Evi2a 12.5801879760248 7.1977436155094 6.73541285143925
Il6 8.3523884587654 4.14089123514105 3.76423973145748
Pdgfb 10.6620659529342 6.47371535840884 6.35401528327082
Mrc1 8.47267687587698 4.41757513072909 4.23132151647837
Cbl 10.6935557955462 6.84668304530576 6.7707571297066
Itgb2 11.8281947861841 5.38691122504339 4.70795975981282
Psmb9 9.49408509768935 5.99174294881896 5.59719928394493
Adamts1 11.3973807177838 6.31636116037679 5.07485720340753
Ang 8.67340897437916 4.14895865849894 4.11742832049272
Sh2b2 9.32069277757714 4.67762257563755 4.58586884584432
Tyrobp 12.9035612805634 6.1549085432485 5.96119906106494
Slc29a3 11.6835560124248 7.03708993935739 6.41442235436894
Emr1 12.777781853873 6.52588707607685 6.13867886441511
Nrros 12.3519497751025 6.64701525367993 6.0218411657704
Tmem119 13.699678559052 7.45550463001755 6.02568115005814
Pnpla7 10.5843197435089 6.62809615843991 5.49271395283544
1810011O10Rik 8.37120216738482 4.51738392734742 4.42525941689531
Havcr2 10.710530075929 4.31025333417522 4.19860723913808
Alas2 9.97256535353661 5.4931467248488 4.9754684773346
Cmtm7 10.4036329494645 5.20831806662053 4.9699582685473
Mafb 10.9849900615298 5.7498207522229 5.63184566217938
Blnk 11.8079240962002 5.84152744066176 5.83855865074636
Tmcc3 9.16895367720384 5.51947107796879 5.27397151674471
Notch2 11.035203297165 5.91477966366005 5.5681561448709
Vrk2 8.87003271247097 4.71917790725776 4.58447641030531
Alox5ap 12.5749967599795 7.67316142186159 6.87638955076184
Fyb 11.7159427823204 6.21946265753673 6.18620327589809
Ctla2b 9.94438247489242 6.18023738911793 4.32137785587534
Hspa1a 11.9245276178108 7.03936316241872 6.98398726116284
Ccdc86 9.53354211585671 6.13638398380309 4.5538472634353
Zfp36 13.4960506681509 7.99292478408287 6.14538654048577
Abhd15 9.92497435981129 6.19824313250698 4.79221373081619
Lmo2 12.1717394598769 8.12000745837354 8.01608721679857
Cyba 11.7749627835735 5.90963402164033 5.44184524897113
Spata13 11.8360921296241 6.48786840155701 6.19795003390206
Wasf2 12.4660305697947 9.00261849011054 7.29582794099839
4833441D16Rik 9.33372525445037 5.53534317155426 4.54261952349735
Cd52 8.83934325002235 5.15014347687984 4.73109921792615
Irf5 10.4417221455899 6.53335427172597 5.86766015521245
Naip2 10.8151812852359 4.55755042784467 4.50875758770287
Anxa3 12.9131833282778 5.71564889146052 5.44111497176443
