Nr2f2 10.523952948599 7.15088340308123 6.36350676469986
Pdzrn3 9.67835330398492 5.98169286728233 4.78334824444805
Meis2 11.2590079611119 7.31181986087126 4.71966209044129
Pcbp3 10.7083029849782 7.34912698230503 4.43579580888539
Amy1 9.84844051367849 5.00222426324653 4.73542950202961
Dpysl4 10.4743607640575 6.7097679267517 5.09928023568317
Cdhr1 11.9592697896081 7.37112346155432 4.97729099663009
Lmo1 12.8068968261219 8.15408279996186 5.84690647701353
Zfpm2 10.076931171395 6.18893324624513 4.74574800262945
Vstm2b 11.6136558755149 8.1194088472472 5.81928680879918
Sptbn1 12.4829885602153 8.53233140500512 7.43734728126587
Pclo 10.7682307164179 7.08981066990557 4.49171238455711
Igf1 11.876012743947 6.55339953186984 6.31081428236578
Uncx 8.61501274422442 5.21717296321822 4.25165481195586
C78859 8.14825401850655 4.76434830939859 4.25563751221206
Pcdhb21 9.46209146778359 4.99139728267565 4.79230094586314
Gabrr2 11.3900422464153 5.30905231330573 5.0988008919076
Hs6st2 12.0509428095265 8.63063577514704 5.19369056073346
Ptprt 10.0883491389803 6.51941261178713 5.14026182325592
Syne1 11.1671748848144 6.77114856122131 5.61775579304668
Lhx1 8.16874804216237 4.53498561252534 4.14451681989627
Kcnc1 11.8869611675475 8.44747807679314 6.74335033987083
Spon1 12.1637059910301 8.49417689845696 6.62064911705529
Cplx3 12.1789460434468 6.24821940528714 5.63523217337539
Pcdh20 11.5004920523971 7.606116521188 5.08998187832188
Otx2 11.532431364904 5.94164231146641 4.69973862268684
Ntm 11.2063080303985 7.87923401316856 5.25525845522721
6430548M08Rik 11.0594985369565 7.70176807154222 6.49577320614748
Meg3 12.9350316624143 9.08538166086428 7.24259809391319
2610507B11Rik 10.8532293448453 7.46052159501273 7.26431200569824
Ryr3 10.4402049998606 6.67729318680213 5.76610270427863
Rian 9.98763820094976 4.60648127277677 4.22827928247585
Fmn2 11.2562018937241 6.16702076614929 5.70347865895474
Snhg11 12.2980702702031 8.93488846331431 5.40322949564199
Frmd5 11.9916097346698 8.5356789975404 5.88874287915674
Rpp25 10.0156936848964 6.67921032075417 4.61921769954192
Reln 13.4483567875156 8.15756579525151 5.84157656088717
Ssbp2 11.098495192133 7.6372038633686 6.55982311756438
Chrna6 11.2758979961949 6.00949567835248 5.30768641218028
Cacna2d2 12.810701861179 8.31497480043604 6.29168425274532
Scgn 10.1060232544293 6.77839109585586 6.28171514585933
Chrna3 8.98881926733504 5.18882131516886 5.00204717998761
Slc6a1 12.3781793266405 9.03776903918377 4.99123488209565
