Gja1 10.3110403417813 5.70995139444461 4.83355603751042
Syt4 9.19909978252009 4.53588058690996 3.86508265428686
Cldn11 8.46110437914854 4.54453902028363 4.09264549453944
Olig1 10.7510079132675 4.94267395664988 4.45571251673816
Pdyn 9.19600261211468 4.95936054833338 4.47009533305836
Cryab 10.8200084420751 5.98178316621349 4.54126802388311
Thbs3 9.93937504594465 5.79293967586583 5.30505553127977
Tppp3 11.8619704177723 6.43255258106359 6.05188372446234
S100a10 11.4420487247647 7.37920687746477 5.38630922358288
Sox2 8.42672472232357 4.76176481865446 4.02289048661535
Rab27b 9.32663887170804 5.87212149500391 4.4779962917443
Mal 10.8642339049835 6.55012347748784 4.97646102442858
Dmd 7.97055296561455 4.3899933281271 4.02971559073028
Crip2 11.569041848355 7.83056405461244 6.90578090877209
Fxyd6 10.804836229489 6.30701103515871 4.99726832207823
Calb1 12.3355287816945 4.78792537784882 4.67871936313774
Kcna5 9.4044382466258 4.85170128676631 4.48555011534656
Cidea 9.51617944239038 5.57796888067588 5.26497331101893
Ngb 11.8256914647593 7.13067139750453 6.09694205458789
Neurod6 6.93051165341637 3.60008410394304 3.51768122163396
Ppp1r14a 8.33870322350717 4.63310528987546 4.2336655891814
Lhx2 9.07401402504685 4.66055042700373 4.46972851436558
Foxg1 9.84605777158353 4.5078372292254 4.09641274833361
Tpd52l1 9.98841678246374 6.52295040209058 6.41839804832382
Avpr1a 9.28801572870623 4.96499563726236 4.54410037046675
Slc17a6 10.4134535981126 4.74998893114005 4.67799739691097
Ccdc109b 9.36133371436959 5.48194245547816 4.60991581707664
Ugt8a 9.32434883615666 5.06322721784675 4.28212134295299
Cacna2d3 9.97427927583338 6.53731894722332 5.37545566889236
Lhx9 9.6357910938719 4.40856064572107 4.21298870009105
Cck 9.62109021480284 6.10547991264276 5.88011483120081
Mbp 12.1606117315429 6.71381807963564 4.9836699271136
Lor 9.593096595866 5.43585824604675 5.37978930384244
Hcrt 13.9970319224113 6.80817407659467 6.32617431199587
Epha5 9.01662725251411 4.9744495137663 4.92728134098285
Mt3 11.9218081094194 7.4986410313945 7.14360435121843
Nptx2 10.2775538742895 5.85456584863225 4.46076987503009
Mobp 9.26532729817129 5.00560385847125 4.85630673533637
Nkx2-2 8.49106189556117 4.60273339192519 4.53710415592198
Pvrl3 8.59797037316629 4.92982118003775 4.86299432218081
Cckar 9.88745667741325 4.45658205688018 4.08965293982878
Pcsk1 10.5707061149365 6.89762862610278 5.25242821658728
2010204K13Rik 13.4728666122076 7.07473777311069 6.16402588034291
Rit2 11.9189643809628 6.57101740527757 5.76085122839262
Elavl2 10.7240851989785 5.70560622236284 3.96490990519268
Nptx1 7.9631769543604 4.62739533103655 4.62504867131148
Syt5 10.0428554246642 6.54973352441751 6.16357387481511
Rprm 8.93929085165007 4.8670038589186 4.60013210565644
Nts 9.50217059107067 5.60827464352406 5.08174592298915
Igfbp3 8.48266598536122 4.38178781496626 4.35432729765126
Id4 10.2295669244297 5.64940942398735 5.19574794365202
Cbln1 12.5202147294459 4.44823340880057 4.4178371058257
Timp4 8.93953926792491 5.04055256512091 4.56855820664727
Zic1 9.00841121892678 5.43887510502259 5.17668280074973
Nnat 12.4838993154952 5.56930854206673 5.31247118866322
Zwint 11.1885629129966 6.83401318918551 5.8850205430862
Ptgds 10.6402300853025 6.01571134796179 5.08517596147743
Mmd2 10.32040909302 5.59165052592536 5.20723195129449
Tspan2 9.31837938281646 5.19103455573539 4.98636577100943
Cdh22 10.5405470922322 6.03759077479275 5.77162362495849
Car8 8.51143010587635 5.04768305531926 4.73512015065282
Neto1 10.436616349704 6.63935052569554 4.27921209180641
Plp1 11.382325773623 6.24825944861692 4.57038510555656
Tsc22d1 12.4303156720683 8.85646357385472 8.48384089920897
Rab40b 8.70626460508513 5.05033838538401 4.55347271326116
Hmx2 8.26958187210851 4.38114288383851 4.29506341156164
Ddc 9.78697241535398 5.13898006844343 4.99845433010004
6330403K07Rik 14.2064566787267 10.7590041831769 5.49148890338074
Penk 10.2930536842173 6.26667264814503 6.23257394845997
Mal2 9.63738315777432 4.55426189174411 3.99793190726517
Tmem158 10.5772824077936 5.97142995038416 5.39302467905623
Tdrp 9.59045103267456 5.96440827321685 5.67259220913076
Rhpn2 7.56052082896962 3.86789349513386 3.85978372186451
Mela 11.27559655608 4.3437115127413 4.13184622558414
Lrrtm1 9.368348184151 6.03417405566318 4.62985166849414
Spint2 9.50200014504689 5.89834301357193 5.47016193753088
Arhgdig 12.1733101451816 8.56117045029588 5.50193212766277
Mog 8.10743575178524 4.22895818578005 3.96763160242905
Gpx3 13.2345735193386 8.15232185212871 6.64670614960687
Rspo1 8.76063434945666 5.09091131447845 4.69490675597465
Trhr 9.78908771333379 4.61644280293262 4.05990402972886
2010005H15Rik 8.75413409466874 4.91918681149363 4.84274453591282
Dlk1 10.7619191871275 6.58194439627557 5.69653759709951
Fabp7 8.75392430967337 5.21372209712263 5.04962740083975
Calb2 12.2161587405922 7.78629306625772 6.4500255925184
