Chgb 14.0169279741133 10.3380155828728 3.36799032489304
Syngr3 8.57451165922107 4.57342633645671 3.54343172639994
S100a10 11.7571324889426 6.93076171907612 5.2047659240801
Cyb561 13.2856302977173 7.8125903636511 7.04308234743799
Trpc3 9.28596845727252 5.84811605152504 3.84621397266885
Sncg 12.9481679643017 4.19275885550761 2.54159152189487
Resp18 12.9615120572259 7.24285126613964 2.00501766014173
Ngb 11.4569117453944 7.4728750779632 6.45372979375423
Chga 12.4795172732484 8.67415361268137 3.75354934679515
Hsd17b2 7.36975681696111 3.33306748076841 3.18380880696419
Phox2a 11.8121249688978 5.95009662804371 5.22322968290176
Calcr 11.0308504953178 4.13230854147054 3.30044994281818
Pcbd1 12.7946718005988 8.64123858687802 3.14897311080559
Gck 8.68126683384246 4.29026769232136 2.56316872457478
Pclo 9.18887897694771 4.33438807794341 1.99525527645354
Uncx 8.30079882831535 2.30916944261624 1.542617057357
Th 13.9214260892041 6.09323490603242 5.86457737801369
Mgarp 8.43304005584841 4.76175329200882 4.26309674589638
Sez6 9.62434433118655 5.7937903996822 2.34898802205408
Mab21l1 9.64194741627508 3.56059469977463 1.48682324765576
Odz1 7.94774669810921 4.15373780381458 2.19271855983214
Klk1b27 8.45100977335533 2.307750407147 1.64045857466401
Slc6a2 9.53275150093932 5.21089393178661 4.27485357450544
Gnas 8.0586119627298 4.02217218215491 2.20810890696485
Pi16 8.97268843512419 3.06613082067789 2.68254576242875
Gstm6 9.58113202061717 6.10318672009721 4.46324257136936
Rab3b 11.3940020653316 7.36067199911572 3.42432881079318
Rasgrf1 12.5240976581742 8.40125019745112 3.59153528351822
Ache 12.3255214151103 6.88170585765156 6.10746878231795
Pnck 11.5415684169662 8.15031263345099 4.43018926226982
Cntnap2 11.5074950115656 7.58389598300744 3.17711796879209
Cartpt 10.3322009243133 5.94335723940273 2.30461472919886
Gast 7.14154755477615 2.37798722002965 1.99731664030557
Syt17 12.2969940824346 8.01502433698054 6.31710508194496
Stmn2 12.9464857195112 7.59528277921282 4.69776930676081
Tfap2b 10.5174111963041 3.10880263299632 2.14341024003905
Asb4 11.1514918819982 5.81721958216837 5.20326619583104
Gap43 13.4650180392013 9.34461989505366 5.49967467320844
Cdh13 11.9613712708838 8.45268961832518 6.80400956555695
Cygb 10.6896485009293 6.53674424224023 5.0447922837678
Vat1 12.166767665317 8.60505986148069 6.60017531116355
Eya2 9.45796104438667 4.51238465705458 3.10214010123349
Cgref1 9.96830152982747 5.63790801190357 2.97616330387683
Slc29a4 9.18784377993733 5.84762756678183 5.02433300056313
Grb10 11.4369657391118 7.37135014637007 5.69433243617071
Cldn26 9.68621833214554 3.74848930474395 3.30000516026512
Nefl 13.1322962902178 9.78296712226522 2.20631142696759
Cacng5 11.5110577942388 8.03647898110043 5.48489562526924
Susd2 11.4949194713116 4.23312931305518 2.88603839921852
Ovgp1 11.4066080695321 7.82798444862928 5.38888560463381
Meg3 13.0055918379439 7.81096863703917 3.61049088754251
Calca 13.430867991052 4.80084064546514 3.95277110959638
Cda 10.2361542361563 4.49858332324534 3.8154130483815
Baiap3 12.7901482202624 7.05147951996866 6.23409893052922
Rian 10.7652059185116 3.5522997634594 1.96566155133144
Rab3c 9.71882716917481 5.99660943767494 2.48360028450359
Snhg11 12.1934027173937 7.75832664942337 2.09651728404306
Egfl7 10.2520737909148 6.59902161564694 4.71919528547524
Tacr3 8.01156711582009 3.39193656556421 1.86944593816228
Nhedc2 8.45656520580938 4.33280516166436 3.49122437727352
Uchl1 13.9226207305527 10.0130223800667 4.79242459340497
Syn2 10.4787224283297 7.07791091420957 3.63939955282506
Gpx3 12.7616781053021 6.26196601520711 4.53969560244611
Klhl1 6.52195726412473 3.19926221891398 1.82847436135215
Fkbp1b 12.8315890773394 8.72659172594735 7.37171886654364
Kcnh2 10.365660293616 6.50342123360988 5.05159085038789
Dlk1 11.3389522045318 6.61498166843773 5.43713332570027
Chrna6 10.3848427135689 4.77649805613323 2.10113105580965
Dbh 14.1476979510478 6.40864490015935 5.41739564659799
Scg2 12.2267289693257 7.66832099316241 3.9874452417395
4930550L24Rik 9.36190264937764 5.97026183457795 4.51571604615654
Myom2 7.73998460772438 2.25622925917225 1.64116577178443
Hcn3 9.76797940635949 6.0238049547483 3.79950865757651
Chodl 12.2669299440145 5.40393073123035 3.95463122369237
Gal 13.5700688032683 6.22743527254441 5.55310192785146
