Slc6a4 13.2439176433155 6.64591686537006 5.88833623219925
Trh 9.9505634731337 5.38223583303277 5.34946460414143
Necab2 11.1618207798751 7.64064988650135 6.03339887322109
Slc22a3 10.5815262018998 5.15014454154402 4.75856284503044
Gch1 10.6514643986064 5.73687104257883 5.50342333770273
Cplx2 11.3461134679917 7.47471966506478 5.98171763387043
Klk1b27 8.95894684812547 5.07112764520263 4.37624404186058
Htr5b 8.31337438893098 4.59914813806208 4.46309066926597
Fev 10.7145072979201 5.18121929343159 4.70200980401678
Ddc 13.2894668626704 8.96380671704141 5.06104972913014
Ctla2a 7.95913381262081 4.61976526368419 4.5639506916646
Cited1 9.04523865893519 5.30656173625271 5.13082553590551
