Junb 11.5780026398467 7.45604003946452 4.74997831689987
Cd83 13.2264749464343 9.66823946443783 5.81572745829108
Sipa1 11.1257432146877 7.03868301147495 5.95676454522926
Tnfaip2 9.08145533726492 5.7202470422587 3.8859324606821
Ctsc 12.6065842886925 8.82493534628462 4.25565279211581
4632428N05Rik 12.9592128362635 8.72034502152509 4.78221071542039
Irf8 12.5606886061131 7.56960293350871 5.33163711138146
Parvg 10.3224146114506 6.72590069180533 5.38066468265383
Slc40a1 11.6365802495677 7.21850161142156 5.14156622804626
C1qb 13.3846079047961 7.32133372103729 3.80475735007392
Cd14 13.3052539164274 9.08258002015048 5.66787665202428
Pycard 11.8185468367102 7.51833499369861 5.01742218993397
Slc7a7 11.052383619296 6.64466252633687 4.77532631373111
Srgn 13.2509970787582 7.38752604675907 5.12070589449629
Nfkbiz 12.6860754101133 9.17274409772691 4.31861681916202
Plek 13.0669588958399 8.75279855237208 5.37284997401153
Itgb5 13.3318370523038 9.97586104673525 3.74272354622669
Rgs1 11.2541972267774 7.10655618774568 4.13931028969736
Snx5 12.5628056055199 9.17321900248853 5.11747692479871
Fcgr1 12.3056772228307 7.08851112797011 4.38533379544327
Ccl9 11.5606702750711 5.47689597082575 4.73003113596181
Tnfrsf1b 11.5849644137814 7.23525057645239 5.85725626395112
Inpp5d 12.5199395399242 7.9771661865135 6.04273935902492
Tlr4 9.52419084436795 5.80771479418916 4.25101202570398
Aif1 11.8782125697407 6.92135119246467 4.71090402686724
Syk 11.2305153374971 7.42252228731303 5.74106159015405
Crybb1 12.3010895138039 7.41758754419198 6.29849242930339
Fcer1g 12.6409109862305 7.12043109919942 5.77235670106257
Ctsh 12.8519091129382 7.63796304777926 5.24310127466984
Gpsm3 9.66649074936397 5.89274047490569 5.14649558157199
Ncf4 10.7081144474155 6.68310775228969 4.94313568901207
Ggta1 10.3145780373454 6.34162039956084 4.08016564531484
Lcp2 10.3889718130272 5.97122831108902 4.64034460077797
Ngp 12.4329204009581 7.38308271638493 5.13106577325474
Spi1 10.2850028049619 6.82569711677175 5.73847227836483
Csf3r 10.4703586336665 7.07589171484745 4.97560858742671
Ms4a6b 11.1222234312687 6.1986691691124 4.67773338699593
Cebpb 11.6879517821222 8.32348676328759 5.86151708484223
Plxdc2 12.0633823649962 8.68330801778525 5.62079446437556
Cxcl10 9.83264446685726 5.72142314942378 4.90197715415023
Lyl1 9.97533629065994 5.84639266808952 4.78620961779767
Ptpn18 10.4025712369028 6.75381951012789 5.96572196319887
Tlr2 11.9268402473875 6.73897690443904 5.33114253899683
Serpine1 9.52331793271942 5.97013644746354 4.50714249199116
Cd37 10.9048574016166 6.92987176682798 5.48986552777208
Map3k8 10.2849700718244 5.63172363082624 4.62130401982187
Myd88 10.7278217724093 6.77723524319567 5.50445030924971
Ccl12 10.5112043294489 4.94460487642236 4.28827382147512
Pon3 9.20297150005047 5.73147649164603 4.23843462669304
S100a8 13.0395448654869 5.76813881674369 4.53966581902866
C3ar1 11.7072754362155 6.96525299166779 5.22577546430331
Fgd2 12.1304825880125 6.70001073324299 5.79465559045626
Ccl3 13.4953964323281 6.9758148288609 4.44305755545065
Ms4a6d 11.3799791784438 5.58451528595324 4.49996891854363
Camp 12.113738407204 6.02221161345163 5.37248574860394
Klk8 10.2464469222101 6.13641997215582 5.46156429699059
Chil3 11.1159878878753 5.40529079769404 3.6481594089514
Arap3 9.86775374576886 5.55027836322475 3.99348841360551
Tlr7 11.2112407400947 5.6564868752677 4.74324030187078
Hpgd 12.0107499612859 6.43106881457721 4.34735667333118
Slc11a1 11.4154854568916 7.51802863405986 5.3659738080543
Ccl2 9.49866288250659 5.58520044735604 4.91296894718064
Cd86 11.6419705628058 6.22171484622785 4.86832722226449
Gpr84 11.5935377294956 6.71986239466758 5.3465258884198
Tcirg1 11.3257053795282 7.8436926299657 6.23254500784969
Trim12a 8.5835260320544 4.58727825823659 3.92708262738743
Slc15a3 11.5219827541908 6.30172948047558 5.23854404039122
Rbm39 10.4094928984617 6.97517912609999 4.69791043776064
Lgals9 9.80576100376818 5.92867903421586 5.20882408882493
Trem2 11.528689695107 7.40928165695463 6.21077692639727
Birc3 10.7521481640029 7.31983528360421 5.97937321536282
Igsf6 8.68495551282954 4.57957115869949 4.09067989753833
Samsn1 8.95535277925432 5.13916707306363 4.4482962002668
Il1a 10.5450729398403 5.81907068449818 4.01432282339471
Hpgds 9.14123713383759 5.78974947512444 4.92638447309185
Naip5 11.1347547074536 6.10945675228134 4.16803672906414
Ccl4 12.7516225784521 8.12431805520109 5.79019457429022
Stat6 10.5031698578152 6.74776441797265 4.46307463005189
Dapp1 10.626591308075 7.03382816156975 4.7449173469659
Clec4a2 10.1190075949126 5.29692437741548 4.77574067722554
Fli1 10.0832277034328 5.13916707306363 3.73964082700457
Ptprc 12.4215732421658 8.18866056317589 4.12727362429327
Fosb 11.9818678393755 7.90609409884381 4.75906775858736
Ccr5 11.7087776692335 7.15035062784841 4.42048844964622
Il6ra 12.6405285425734 8.15512250280799 5.2938611280529
Pla2g15 12.3512186582331 8.47939891142437 6.32101579711273
Ifi30 11.4062018650154 8.00444240356075 5.397310557777
Gpr34 12.142699851518 7.04570363842545 3.8366968227971
Rnase4 13.0771643703574 9.17723756512559 5.00903519534389
Hfe 11.3196450739578 7.58854143628652 4.99122716662112
Cd84 9.96224237530016 5.15058636042562 4.36501040466521
Ly86 13.8305038298173 8.68908260769408 5.39018165665575
Vav1 10.4997459843954 6.04739882502396 4.00395872189585
Cfh 10.8438396260437 4.6436853195722 3.47929584892715
Tnfrsf13b 9.66545251361214 5.37878707775448 4.34914679842177
Entpd1 9.58873000960094 5.7593667199441 4.13603270491171
Ptgs1 12.1626150793908 7.08003028752518 4.50891137904706
Frrs1 10.6966078261321 6.83709241182331 4.91877304546152
Lyz2 12.5660138290276 7.91419762123782 6.20062162867971
Unc93b1 11.3066168079527 7.36056925453934 6.14920860796241
Edem1 10.5644676490564 6.57107560465773 4.49069282487033
Icam1 12.144222640413 8.18621280482204 4.56334741412225
Rcsd1 12.3223507478265 8.35431516704654 6.27618514358977
Cd177 8.01898297885642 4.65723950481414 4.00569144700079
Casp8 9.83591177234681 6.39335672734074 4.55961949771262
F11r 12.1638127271072 7.6643408509556 5.58169445988332
Lpxn 10.730982217212 6.6699215606673 4.38509943618206
Siglec5 8.337886172674 4.39534584311204 3.80180239760957
Fcrl1 9.27554865404005 5.79689547844996 5.17021072403936
P2ry6 11.5909433501351 6.49954892671124 4.37390959271963
Tgfbr2 12.4312251246194 7.71453944732762 4.98269214103138
Ncf1 9.01873662127703 5.67145680056873 4.95089323580653
Capn3 10.437566906065 6.30130602889242 4.17893366762602
Arrb2 11.5161791808491 7.94063251687914 5.99125335972409
Pros1 11.4244912078995 7.12395760794014 4.59267440220279
Arhgap17 11.0358082941061 7.18673123466846 4.97405098600711
Trim47 10.122871565472 5.76153897749364 4.7305879390997
Sash3 11.2528818012755 7.55373905052358 5.30744954959369
Themis2 9.94919523666928 5.97912940421017 5.00004331269954
Mpeg1 13.5339312443488 8.76531829045449 5.79522901500353
Cd48 9.99176185857167 5.29798403551863 4.29119068964491
Ccrl2 11.4107831106411 7.50031460974523 5.34493303386695
Lcn2 11.7182561949748 7.75818082290391 4.13261050422217
Tmem173 11.1696407087511 7.7165822004313 5.8060169318443
AF251705 12.0057126252299 8.1009219914955 6.37052247765447
Hmha1 10.4487011332694 6.98763858863666 5.47809395900007
Abcc3 9.7509259850256 6.18607581859945 4.85693785264541
Rhoh 10.7637079698635 5.94948250364945 4.77768147458455
1700017B05Rik 11.7522974287947 6.56564765216603 5.47816944441483
Gusb 11.4803411718158 7.81683734901513 4.71485069053687
Lair1 10.6612900224916 5.54918737902067 4.63258015194358
P2ry12 12.4385715566921 8.73945527851456 4.47107065044324
Pld4 12.1700437011819 7.19733735021099 5.18320907989815
Fermt3 11.4207362066657 6.47715884417116 3.73138871401849
Ankrd44 11.5679366187782 8.18312917463275 5.31104284752227
H2-Aa 11.2644036954394 5.71675580226829 4.51606874441101
Fam105a 11.8820924454901 8.42841058047162 6.0228509506098
Cd300a 10.0530239896872 5.87312214024536 4.8295916867625
Lyz1 12.2502412289951 8.70856385941475 4.32721539463969
Clcf1 8.68466038510135 4.18230399466792 3.74798517205883
Il10ra 11.9867649941734 6.09891758803774 4.6834964173493
Rab20 9.64744268247702 4.92207596239344 3.83360197569304
Grn 13.6303783372944 9.82061955232524 6.94215877315647
Ifngr1 12.016051864462 8.51383420970396 6.98157446980762
Ppp1r15a 12.6593601245383 9.09150553488288 7.2531300056047
Olfml3 13.5644607358692 8.18350581854891 6.11017862622301
Ncf2 11.109264808914 6.56751553846196 5.2575735280323
Cd53 12.6270729328698 8.6306483484664 4.9464120504784
Fcgr3 13.3874319809845 9.22669357552983 5.33443166060646
S100a9 12.2965410503709 6.30541860080714 4.47039811319894
Klf2 12.9915058739807 8.48522001009719 5.07685735415927
Fcrls 13.5200887013828 7.72562496527283 5.47583844643211
Tlr1 9.55990391864875 4.88460414251727 4.02678681521976
Cd68 12.2825968841945 7.31792566195154 4.394784980665
C1qc 13.5695399365939 8.28071090093681 5.42636421425886
Hck 11.7192724128215 6.76394552431713 4.75535197916167
Casp4 9.17977855891737 5.319458167819 3.98773301905095
Lag3 9.94342037341401 6.47175367274999 5.26913346978839
Cxcl2 10.9236295592129 7.52797132295235 3.95179344967962
Ltf 11.9771261319803 8.14580765140142 6.18579337730848
Stab1 10.7835801182221 5.75659743992498 5.1083877873852
Mrc1 8.47267687587698 5.06023077567415 4.01463175884142
Itgb2 11.8281947861841 7.71358240566797 4.58817061231923
Ang 8.67340897437916 4.37398088569644 3.94644884201149
Tyrobp 12.9035612805634 7.24805919444229 5.57300167981917
Emr1 12.777781853873 6.9231843415491 5.47048364341308
Nrros 12.3519497751025 7.50412982883544 5.55507363188893
Tmem119 13.699678559052 10.3657537152618 5.8660071690581
Havcr2 10.710530075929 6.01387206320856 4.02195394036434
Cmtm7 10.4036329494645 5.85510810412173 4.9699582685473
Blnk 11.8079240962002 7.32824392551931 5.30964002304947
Alox5ap 12.5749967599795 8.63227613701021 6.11262223953335
Fyb 11.7159427823204 6.70383728152816 5.97835646195712
Ctla2b 9.94438247489242 6.18023738911793 4.09044665438217
Zfp36 13.4960506681509 8.60834371403945 5.67804079306143
Abhd15 9.92497435981129 6.59296879520272 4.79221373081619
Cyba 11.7749627835735 7.79084942487039 4.78859457420208
Cd52 8.83934325002235 5.40681940261572 4.61121959427632
Irf5 10.4417221455899 6.88987516702564 5.59193826981279
Naip2 10.8151812852359 5.0183872252367 4.3566643782307
Anxa3 12.9131833282778 6.69468001479522 5.0772244179072
