Pdzrn3 9.67835330398492 6.20680204195171 5.03812846307236
Meis2 11.2590079611119 7.49916329243253 4.90336072283527
Pcbp3 10.7083029849782 7.11111472890924 4.66493041095197
Amy1 9.84844051367849 5.77419219054356 4.88236554501494
Dpysl4 10.4743607640575 6.49234189542698 5.03906782646128
Cdhr1 11.9592697896081 7.06181441768102 5.17559589999576
Lmo1 12.8068968261219 8.08550656111996 6.06404122551877
Zfpm2 10.076931171395 6.6695380821638 4.67804891405062
Vstm2b 11.6136558755149 8.2642884531813 5.61109666532929
Sptbn1 12.4829885602153 8.72070670764106 7.31601998314536
Pclo 10.7682307164179 7.31310041461458 4.25784235011152
Igf1 11.876012743947 7.20615582721421 5.98952440734474
Uncx 8.61501274422442 5.22080692660497 4.12121415487858
Pcdhb21 9.46209146778359 5.21591545132909 4.95439219985323
Gabrr2 11.3900422464153 5.47337468493573 5.34544364473724
Ptprt 10.0883491389803 6.47554521289742 5.26644054111732
Syne1 11.1671748848144 7.17996226421597 5.60402553972163
Gad2 10.2319053865141 6.87787775707706 5.97708095792235
Kcnc1 11.8869611675475 8.50176136643661 6.8460635414177
Parm1 11.4488552300347 8.00366750152815 4.77254256194774
Spon1 12.1637059910301 8.7690767472262 6.55813748586868
Cplx3 12.1789460434468 6.21901843836657 5.66109169862279
Pcdh20 11.5004920523971 7.85800873633606 5.10710900067104
Otx2 11.532431364904 5.92210790444897 4.84315272851511
Meg3 12.9350316624143 9.56894924355623 7.46489972085518
Apba2 10.9246059772394 7.59296461598058 5.29020045843846
Ryr3 10.4402049998606 7.02294074155859 5.68079453371508
Rian 9.98763820094976 5.09434394885917 4.30957362484583
Fmn2 11.2562018937241 6.51353945284272 5.41869859201754
Frmd5 11.9916097346698 8.49275367793652 5.75337237451649
Rpp25 10.0156936848964 6.52184840282053 4.87029906574136
Reln 13.4483567875156 8.19098835965396 5.59065428789919
Ppargc1b 10.1843583538682 6.84767481463491 6.65455865750698
Chrna6 11.2758979961949 6.08875008634172 5.24604931684203
Cacna2d2 12.810701861179 8.50429691505408 6.03704981597976
Scgn 10.1060232544293 6.71933111863808 6.43621825095206
Chrna3 8.98881926733504 5.03653285119823 4.98793022646068
