Golm1 13.1709345745481 10.1552504892672 3.67091941418748
Lbr 9.44263213579448 10.1552504892672 3.67091941418748
Dusp6 12.2043335698759 10.1552504892672 3.67091941418748
Tgfbi 10.1729708775644 10.1552504892672 3.67091941418748
Sgpl1 9.54910293773426 10.1552504892672 3.67091941418748
Junb 11.5780026398467 10.1552504892672 3.67091941418748
Plod3 11.0096799388708 10.1552504892672 3.67091941418748
Marcksl1 12.1999211654877 10.1552504892672 3.67091941418748
Marcks 10.25492957013 10.1552504892672 3.67091941418748
Txnip 13.6993914736524 10.1552504892672 3.67091941418748
Klf10 10.1153774463127 10.1552504892672 3.67091941418748
Sgk1 13.2007291352408 10.1552504892672 3.67091941418748
Ankrd10 10.5760657035503 10.1552504892672 3.67091941418748
Cd9 11.8962881279299 10.1552504892672 3.67091941418748
Ifrd1 11.3040305700896 10.1552504892672 3.67091941418748
Cd34 10.5911587485583 10.1552504892672 3.67091941418748
Tpst2 11.1246231388186 10.1552504892672 3.67091941418748
Cd83 13.2264749464343 10.1552504892672 3.67091941418748
Sipa1 11.1257432146877 10.1552504892672 3.67091941418748
Coro1a 12.6004028717715 10.1552504892672 3.67091941418748
Btg2 11.4968904593275 10.1552504892672 3.67091941418748
Stk38 9.61006311336077 10.1552504892672 3.67091941418748
Tnfaip2 9.08145533726492 10.1552504892672 3.67091941418748
Litaf 12.5127367018525 10.1552504892672 3.67091941418748
Cyfip1 12.6066769077138 10.1552504892672 3.67091941418748
Lamp2 11.6172171151883 10.1552504892672 3.67091941418748
Snx18 11.9105809619856 10.1552504892672 3.67091941418748
Ctsc 12.6065842886925 10.1552504892672 3.67091941418748
Rcbtb2 9.51693799161507 10.1552504892672 3.67091941418748
Cd82 9.38715719713112 10.1552504892672 3.67091941418748
Ier2 13.4150634942812 10.1552504892672 3.67091941418748
Nr4a1 12.1604408921049 10.1552504892672 3.67091941418748
Rab32 7.60118101811754 10.1552504892672 3.67091941418748
Pnp 12.8627608953087 10.1552504892672 3.67091941418748
Nfe2l2 11.3735710823378 10.1552504892672 3.67091941418748
Socs3 12.8363611039744 10.1552504892672 3.67091941418748
Sparc 11.723215805215 10.1552504892672 3.67091941418748
Scamp2 12.0782300087712 10.1552504892672 3.67091941418748
Acss1 9.58139552895345 10.1552504892672 3.67091941418748
4632428N05Rik 12.9592128362635 10.1552504892672 3.67091941418748
Spint1 10.3415667614487 10.1552504892672 3.67091941418748
Slc2a5 10.7506339487812 10.1552504892672 3.67091941418748
Afp 8.20241684612463 10.1552504892672 3.67091941418748
Stxbp3a 9.18980767526913 10.1552504892672 3.67091941418748
Serpine2 12.4306055788881 10.1552504892672 3.67091941418748
Plxnb2 11.1751053377305 10.1552504892672 3.67091941418748
Irf8 12.5606886061131 10.1552504892672 3.67091941418748
Dnajb1 11.4072973894197 10.1552504892672 3.67091941418748
Tbxas1 9.77227819439976 10.1552504892672 3.67091941418748
Slc39a8 8.3702572354114 10.1552504892672 3.67091941418748
Parvg 10.3224146114506 10.1552504892672 3.67091941418748
Mcl1 12.1472433486191 10.1552504892672 3.67091941418748
Rgs10 13.3912666623373 10.1552504892672 3.67091941418748
Numb 12.2270194543794 10.1552504892672 3.67091941418748
Rps6ka1 12.439882687873 10.1552504892672 3.67091941418748
Parp9 9.82908871348782 10.1552504892672 3.67091941418748
Erap1 8.15112431133349 10.1552504892672 3.67091941418748
Tnfaip8 9.91373565516323 10.1552504892672 3.67091941418748
Sirpa 12.4962163654576 10.1552504892672 3.67091941418748
Mfng 10.1100884876208 10.1552504892672 3.67091941418748
Slc40a1 11.6365802495677 10.1552504892672 3.67091941418748
C1qb 13.3846079047961 10.1552504892672 3.67091941418748
Egr1 14.0125449996656 10.1552504892672 3.67091941418748
Cyp4v3 11.0721852303594 10.1552504892672 3.67091941418748
Syngr2 11.4559121689701 10.1552504892672 3.67091941418748
Igtp 10.5169764277721 10.1552504892672 3.67091941418748
Usp2 11.7287066241903 10.1552504892672 3.67091941418748
Csnk1e 11.572969299522 10.1552504892672 3.67091941418748
Tmem123 9.14930394547842 10.1552504892672 3.67091941418748
Mbtd1 9.40597262198407 10.1552504892672 3.67091941418748
Ccl6 10.223717633042 10.1552504892672 3.67091941418748
Cd14 13.3052539164274 10.1552504892672 3.67091941418748
Plekha2 10.2816668147149 10.1552504892672 3.67091941418748
Tob2 11.2284375997777 10.1552504892672 3.67091941418748
Rasa4 8.07932266485112 10.1552504892672 3.67091941418748
Pycard 11.8185468367102 10.1552504892672 3.67091941418748
C1qa 13.2380236204344 10.1552504892672 3.67091941418748
Il16 10.7022595486227 10.1552504892672 3.67091941418748
Slc7a7 11.052383619296 10.1552504892672 3.67091941418748
Klf4 12.698526861476 10.1552504892672 3.67091941418748
Sertad1 10.6747710405396 10.1552504892672 3.67091941418748
Jun 13.1567215574815 10.1552504892672 3.67091941418748
Srgn 13.2509970787582 10.1552504892672 3.67091941418748
Myh9 12.5865032254667 10.1552504892672 3.67091941418748
Nfkbiz 12.6860754101133 10.1552504892672 3.67091941418748
Tgm2 11.7718766956168 10.1552504892672 3.67091941418748
Plek 13.0669588958399 10.1552504892672 3.67091941418748
Itgb5 13.3318370523038 10.1552504892672 3.67091941418748
Elf1 9.08676867890006 10.1552504892672 3.67091941418748
Cln3 9.94836220653156 10.1552504892672 3.67091941418748
Rgs1 11.2541972267774 10.1552504892672 3.67091941418748
Ier5 13.0591463203827 10.1552504892672 3.67091941418748
Nfatc1 10.1057640630075 10.1552504892672 3.67091941418748
Cd79b 8.31573716498709 10.1552504892672 3.67091941418748
Snx5 12.5628056055199 10.1552504892672 3.67091941418748
Elk3 10.4901390004177 10.1552504892672 3.67091941418748
Naglu 9.26626288253695 10.1552504892672 3.67091941418748
Laptm5 13.2497958585741 10.1552504892672 3.67091941418748
Tjp1 11.9606953410398 10.1552504892672 3.67091941418748
Slc25a37 10.6378478547555 10.1552504892672 3.67091941418748
Serinc3 10.8737843005988 10.1552504892672 3.67091941418748
Ctsz 13.0341451754765 10.1552504892672 3.67091941418748
Fcgr1 12.3056772228307 10.1552504892672 3.67091941418748
Slc16a6 11.601886645942 10.1552504892672 3.67091941418748
Pdlim4 9.4700059993897 10.1552504892672 3.67091941418748
Slc7a8 10.2500860624308 10.1552504892672 3.67091941418748
Il18 11.3335065370322 10.1552504892672 3.67091941418748
Ccl9 11.5606702750711 10.1552504892672 3.67091941418748
Trim30a 9.82440837349698 10.1552504892672 3.67091941418748
Tmem176b 13.0401808488191 10.1552504892672 3.67091941418748
B4galt1 11.050190662426 10.1552504892672 3.67091941418748
Tnfrsf1b 11.5849644137814 10.1552504892672 3.67091941418748
Inpp5d 12.5199395399242 10.1552504892672 3.67091941418748
Tlr4 9.52419084436795 10.1552504892672 3.67091941418748
Pmaip1 7.94812896443572 10.1552504892672 3.67091941418748
Aif1 11.8782125697407 10.1552504892672 3.67091941418748
Syk 11.2305153374971 10.1552504892672 3.67091941418748
Klf6 12.1614928848338 10.1552504892672 3.67091941418748
Crybb1 12.3010895138039 10.1552504892672 3.67091941418748
Fem1b 8.69377167655086 10.1552504892672 3.67091941418748
Fcer1g 12.6409109862305 10.1552504892672 3.67091941418748
Ctsh 12.8519091129382 10.1552504892672 3.67091941418748
Gbp3 8.5913202656342 10.1552504892672 3.67091941418748
Gpsm3 9.66649074936397 10.1552504892672 3.67091941418748
Ncf4 10.7081144474155 10.1552504892672 3.67091941418748
Nrip1 11.6975319588524 10.1552504892672 3.67091941418748
Ggta1 10.3145780373454 10.1552504892672 3.67091941418748
Calcrl 7.84138491604448 10.1552504892672 3.67091941418748
Ptpre 10.8354103326392 10.1552504892672 3.67091941418748
Sf3b1 11.1427497024269 10.1552504892672 3.67091941418748
Lcp2 10.3889718130272 10.1552504892672 3.67091941418748
Ngp 12.4329204009581 10.1552504892672 3.67091941418748
Spi1 10.2850028049619 10.1552504892672 3.67091941418748
Atp7a 10.1404314445784 10.1552504892672 3.67091941418748
Csf3r 10.4703586336665 10.1552504892672 3.67091941418748
Ms4a6b 11.1222234312687 10.1552504892672 3.67091941418748
Hcls1 8.83239317939796 10.1552504892672 3.67091941418748
Pabpc1 11.1513836653323 10.1552504892672 3.67091941418748
Cebpb 11.6879517821222 10.1552504892672 3.67091941418748
Plxdc2 12.0633823649962 10.1552504892672 3.67091941418748
Cxcl10 9.83264446685726 10.1552504892672 3.67091941418748
Maff 10.2395219098757 10.1552504892672 3.67091941418748
Cysltr1 9.33333349087416 10.1552504892672 3.67091941418748
Cebpa 9.88957255483431 10.1552504892672 3.67091941418748
Cttnbp2nl 11.7204560544011 10.1552504892672 3.67091941418748
Ophn1 10.9980389362574 10.1552504892672 3.67091941418748
Lyl1 9.97533629065994 10.1552504892672 3.67091941418748
Ptpn18 10.4025712369028 10.1552504892672 3.67091941418748
Tlr2 11.9268402473875 10.1552504892672 3.67091941418748
Cd163 7.66769719158114 10.1552504892672 3.67091941418748
Serpine1 9.52331793271942 10.1552504892672 3.67091941418748
Sox4 9.95630765129675 10.1552504892672 3.67091941418748
Mlxipl 10.549742788076 10.1552504892672 3.67091941418748
Cd37 10.9048574016166 10.1552504892672 3.67091941418748
Map3k8 10.2849700718244 10.1552504892672 3.67091941418748
Rgs2 12.8270914592276 10.1552504892672 3.67091941418748
Myd88 10.7278217724093 10.1552504892672 3.67091941418748
Ccl12 10.5112043294489 10.1552504892672 3.67091941418748
Arhgap4 9.36525554969312 10.1552504892672 3.67091941418748
H2-Oa 8.7917936065526 10.1552504892672 3.67091941418748
Pon3 9.20297150005047 10.1552504892672 3.67091941418748
Slamf9 11.1882832385642 10.1552504892672 3.67091941418748
S100a8 13.0395448654869 10.1552504892672 3.67091941418748
Il10rb 10.7116513838826 10.1552504892672 3.67091941418748
C3ar1 11.7072754362155 10.1552504892672 3.67091941418748
Ripk1 10.1243899929041 10.1552504892672 3.67091941418748
Fgd2 12.1304825880125 10.1552504892672 3.67091941418748
Rela 11.8428094359349 10.1552504892672 3.67091941418748
Ccl3 13.4953964323281 10.1552504892672 3.67091941418748
Ms4a6d 11.3799791784438 10.1552504892672 3.67091941418748
Tnf 10.0055468588953 10.1552504892672 3.67091941418748
Ccr1 7.78848129734312 10.1552504892672 3.67091941418748
Was 8.0303356973264 10.1552504892672 3.67091941418748
Ier3 13.4963591841383 10.1552504892672 3.67091941418748
Camp 12.113738407204 10.1552504892672 3.67091941418748
Ltc4s 9.78168546230716 10.1552504892672 3.67091941418748
Klk8 10.2464469222101 10.1552504892672 3.67091941418748
Actb 12.5645790625352 10.1552504892672 3.67091941418748
Chil3 11.1159878878753 10.1552504892672 3.67091941418748
Arap3 9.86775374576886 10.1552504892672 3.67091941418748
Tlr7 11.2112407400947 10.1552504892672 3.67091941418748
Csf1r 14.0460007158016 10.1552504892672 3.67091941418748
Trim25 10.8969751411857 10.1552504892672 3.67091941418748
Hpgd 12.0107499612859 10.1552504892672 3.67091941418748
Nfatc3 8.87143809052763 10.1552504892672 3.67091941418748
Rab3il1 10.4710400563943 10.1552504892672 3.67091941418748
Mcm3 8.92535440058905 10.1552504892672 3.67091941418748
Morc3 9.98783898123944 10.1552504892672 3.67091941418748
Hnrnpdl 8.72090703574884 10.1552504892672 3.67091941418748
Pttg1ip 11.4910938890536 10.1552504892672 3.67091941418748
Gdap10 8.80480802896476 10.1552504892672 3.67091941418748
Slc11a1 11.4154854568916 10.1552504892672 3.67091941418748
Hnrnpa2b1 10.315155226878 10.1552504892672 3.67091941418748
Ccl2 9.49866288250659 10.1552504892672 3.67091941418748
Cd86 11.6419705628058 10.1552504892672 3.67091941418748
Prkd3 9.70383275414416 10.1552504892672 3.67091941418748
Gpr84 11.5935377294956 10.1552504892672 3.67091941418748
Vamp8 11.9027573726861 10.1552504892672 3.67091941418748
Tcirg1 11.3257053795282 10.1552504892672 3.67091941418748
Sqrdl 11.0518617676912 10.1552504892672 3.67091941418748
Trim12a 8.5835260320544 10.1552504892672 3.67091941418748
Zfhx3 11.2942984484453 10.1552504892672 3.67091941418748
Slc15a3 11.5219827541908 10.1552504892672 3.67091941418748
Clec7a 9.36335652990378 10.1552504892672 3.67091941418748
Rel 9.30153835661437 10.1552504892672 3.67091941418748
Sla 12.3378861062474 10.1552504892672 3.67091941418748
Itga9 7.35656542889308 10.1552504892672 3.67091941418748
Tgfbr1 13.4953964323281 10.1552504892672 3.67091941418748
Snap23 8.47917138557207 10.1552504892672 3.67091941418748
Adcy7 11.9646243532397 10.1552504892672 3.67091941418748
Rbm39 10.4094928984617 10.1552504892672 3.67091941418748
Rsad2 9.55409990020448 10.1552504892672 3.67091941418748
Mef2c 11.5742405985012 10.1552504892672 3.67091941418748
Vamp3 10.8638436564196 10.1552504892672 3.67091941418748
Bmp2k 11.3162621163235 10.1552504892672 3.67091941418748
Lgals9 9.80576100376818 10.1552504892672 3.67091941418748
Bco2 8.88551273021649 10.1552504892672 3.67091941418748
Trem2 11.528689695107 10.1552504892672 3.67091941418748
Gna15 8.93153578094543 10.1552504892672 3.67091941418748
Clec5a 7.95490858776694 10.1552504892672 3.67091941418748
Myo7a 9.61565808015342 10.1552504892672 3.67091941418748
Birc3 10.7521481640029 10.1552504892672 3.67091941418748
Igsf6 8.68495551282954 10.1552504892672 3.67091941418748
Npnt 8.06075026556426 10.1552504892672 3.67091941418748
Samsn1 8.95535277925432 10.1552504892672 3.67091941418748
Il1a 10.5450729398403 10.1552504892672 3.67091941418748
Hpgds 9.14123713383759 10.1552504892672 3.67091941418748
Naip5 11.1347547074536 10.1552504892672 3.67091941418748
Ccl4 12.7516225784521 10.1552504892672 3.67091941418748
Klf3 8.44575749935971 10.1552504892672 3.67091941418748
Itpr2 10.8613975316724 10.1552504892672 3.67091941418748
Stat6 10.5031698578152 10.1552504892672 3.67091941418748
Glrp1 7.57870842339429 10.1552504892672 3.67091941418748
Phxr1 9.60550945602768 10.1552504892672 3.67091941418748
Abca1 12.0785728549459 10.1552504892672 3.67091941418748
Adam17 10.581995677351 10.1552504892672 3.67091941418748
Dapp1 10.626591308075 10.1552504892672 3.67091941418748
Clec4a2 10.1190075949126 10.1552504892672 3.67091941418748
Fli1 10.0832277034328 10.1552504892672 3.67091941418748
Ets1 9.75745818736726 10.1552504892672 3.67091941418748
Ptprc 12.4215732421658 10.1552504892672 3.67091941418748
Fosb 11.9818678393755 10.1552504892672 3.67091941418748
Ccr5 11.7087776692335 10.1552504892672 3.67091941418748
Il6ra 12.6405285425734 10.1552504892672 3.67091941418748
Phxr4 8.82713954167426 10.1552504892672 3.67091941418748
Tgif1 8.50458243562559 10.1552504892672 3.67091941418748
Pla2g15 12.3512186582331 10.1552504892672 3.67091941418748
Ifi30 11.4062018650154 10.1552504892672 3.67091941418748
Cables1 10.7158993683559 10.1552504892672 3.67091941418748
Bnip2 10.8191701685528 10.1552504892672 3.67091941418748
Zfp36l1 12.7019764996359 10.1552504892672 3.67091941418748
Gpr34 12.142699851518 10.1552504892672 3.67091941418748
Rrad 10.0026571297703 10.1552504892672 3.67091941418748
Ndel1 9.26249492481989 10.1552504892672 3.67091941418748
Rhog 11.2037880767617 10.1552504892672 3.67091941418748
Rnase4 13.0771643703574 10.1552504892672 3.67091941418748
Hk2 12.3164140648536 10.1552504892672 3.67091941418748
Fam111a 8.33832002390926 10.1552504892672 3.67091941418748
Hfe 11.3196450739578 10.1552504892672 3.67091941418748
Naalad2 9.64837692903074 10.1552504892672 3.67091941418748
Pik3cg 10.1537853547168 10.1552504892672 3.67091941418748
Zeb2 11.4350095719432 10.1552504892672 3.67091941418748
Btk 9.58917222158551 10.1552504892672 3.67091941418748
Tlr3 9.63659550839082 10.1552504892672 3.67091941418748
Prkcd 11.3607793398998 10.1552504892672 3.67091941418748
Mertk 13.0985151577591 10.1552504892672 3.67091941418748
Cd84 9.96224237530016 10.1552504892672 3.67091941418748
Ly86 13.8305038298173 10.1552504892672 3.67091941418748
Vav1 10.4997459843954 10.1552504892672 3.67091941418748
Psmb8 9.25112032483099 10.1552504892672 3.67091941418748
Pag1 12.6736213180298 10.1552504892672 3.67091941418748
Cfh 10.8438396260437 10.1552504892672 3.67091941418748
Tnfrsf13b 9.66545251361214 10.1552504892672 3.67091941418748
Arhgap5 9.66667158377136 10.1552504892672 3.67091941418748
Ncor1 9.55285503805822 10.1552504892672 3.67091941418748
Cebpd 10.5744174492867 10.1552504892672 3.67091941418748
Luc7l2 10.6746402351895 10.1552504892672 3.67091941418748
Hhex 10.060418644213 10.1552504892672 3.67091941418748
Entpd1 9.58873000960094 10.1552504892672 3.67091941418748
Ptgs1 12.1626150793908 10.1552504892672 3.67091941418748
Adrb1 10.5218876655346 10.1552504892672 3.67091941418748
Phip 10.0131625046948 10.1552504892672 3.67091941418748
Rock1 9.72163310525527 10.1552504892672 3.67091941418748
Stk17b 9.80355004387352 10.1552504892672 3.67091941418748
Frrs1 10.6966078261321 10.1552504892672 3.67091941418748
Lyz2 12.5660138290276 10.1552504892672 3.67091941418748
Ssfa2 10.4026641404164 10.1552504892672 3.67091941418748
Ccnl1 12.9368942943523 10.1552504892672 3.67091941418748
Galnt4 9.11869231898454 10.1552504892672 3.67091941418748
Ctc1 11.7422487728519 10.1552504892672 3.67091941418748
Pdk1 10.616493115329 10.1552504892672 3.67091941418748
Unc93b1 11.3066168079527 10.1552504892672 3.67091941418748
Mob1a 11.6304802850351 10.1552504892672 3.67091941418748
Cmtm6 12.2803328178186 10.1552504892672 3.67091941418748
Sfpq 11.5708095722532 10.1552504892672 3.67091941418748
Tmem63a 11.3727165126659 10.1552504892672 3.67091941418748
Celf2 11.1629762739386 10.1552504892672 3.67091941418748
Tmem176a 10.8465428280293 10.1552504892672 3.67091941418748
Tspan14 11.2007785813707 10.1552504892672 3.67091941418748
Celf1 9.95207415994605 10.1552504892672 3.67091941418748
Lpcat3 11.4786154330381 10.1552504892672 3.67091941418748
Abl1 11.1504066132485 10.1552504892672 3.67091941418748
Pxn 11.8612215849744 10.1552504892672 3.67091941418748
Hvcn1 10.2856187487951 10.1552504892672 3.67091941418748
Srsf7 12.1714156611169 10.1552504892672 3.67091941418748
Edem1 10.5644676490564 10.1552504892672 3.67091941418748
Icam1 12.144222640413 10.1552504892672 3.67091941418748
Ptbp3 11.2952745829932 10.1552504892672 3.67091941418748
Oaf 8.52102005658831 10.1552504892672 3.67091941418748
Rbl1 8.51194870241016 10.1552504892672 3.67091941418748
Rcsd1 12.3223507478265 10.1552504892672 3.67091941418748
Npl 10.119227368812 10.1552504892672 3.67091941418748
Tmem140 8.46080936763924 10.1552504892672 3.67091941418748
Vps37b 9.96103963120737 10.1552504892672 3.67091941418748
0610040J01Rik 10.8106638816197 10.1552504892672 3.67091941418748
Trit1 10.108766847837 10.1552504892672 3.67091941418748
Cklf 11.3324839569912 10.1552504892672 3.67091941418748
Cd177 8.01898297885642 10.1552504892672 3.67091941418748
Casp8 9.83591177234681 10.1552504892672 3.67091941418748
Tmed5 10.4601759587631 10.1552504892672 3.67091941418748
F11r 12.1638127271072 10.1552504892672 3.67091941418748
Ifi35 9.02633293785675 10.1552504892672 3.67091941418748
Eva1a 8.63294613398656 10.1552504892672 3.67091941418748
Mfap3 11.4258563297422 10.1552504892672 3.67091941418748
Reep3 10.7593284719606 10.1552504892672 3.67091941418748
Tor4a 10.4213155961976 10.1552504892672 3.67091941418748
Cep68 9.30634924904503 10.1552504892672 3.67091941418748
Trim34a 8.69868770830196 10.1552504892672 3.67091941418748
Rnf2 11.2142235920699 10.1552504892672 3.67091941418748
Ptbp1 9.02225932629817 10.1552504892672 3.67091941418748
Glipr1 8.88148604367629 10.1552504892672 3.67091941418748
Lpxn 10.730982217212 10.1552504892672 3.67091941418748
Siglec5 8.337886172674 10.1552504892672 3.67091941418748
Mylip 12.3804927223987 10.1552504892672 3.67091941418748
Cflar 9.90032647661365 10.1552504892672 3.67091941418748
Fgd4 7.63612134469957 10.1552504892672 3.67091941418748
Fcrl1 9.27554865404005 10.1552504892672 3.67091941418748
Snx6 8.63502491642673 10.1552504892672 3.67091941418748
Sppl2a 11.1847931951435 10.1552504892672 3.67091941418748
P2ry6 11.5909433501351 10.1552504892672 3.67091941418748
Wsb1 12.1955534450875 10.1552504892672 3.67091941418748
Rgs3 11.4076362921579 10.1552504892672 3.67091941418748
Rab43 9.90353354771866 10.1552504892672 3.67091941418748
H2-K1 12.7949568117272 10.1552504892672 3.67091941418748
Tgfbr2 12.4312251246194 10.1552504892672 3.67091941418748
H2-Ab1 8.4512011309411 10.1552504892672 3.67091941418748
Zfp62 8.82946491221294 10.1552504892672 3.67091941418748
Ceacam1 8.73427463823456 10.1552504892672 3.67091941418748
Mlph 9.52478746573067 10.1552504892672 3.67091941418748
Ptprj 8.50606143624069 10.1552504892672 3.67091941418748
Ncf1 9.01873662127703 10.1552504892672 3.67091941418748
Il13ra1 9.69650941211153 10.1552504892672 3.67091941418748
Adap2 10.4876327911899 10.1552504892672 3.67091941418748
Akr1b10 8.35430474274704 10.1552504892672 3.67091941418748
Lrba 12.293139019726 10.1552504892672 3.67091941418748
Pld1 10.7880824610021 10.1552504892672 3.67091941418748
Suv420h1 9.74201990299736 10.1552504892672 3.67091941418748
Capn3 10.437566906065 10.1552504892672 3.67091941418748
Btg1 12.8272407508816 10.1552504892672 3.67091941418748
ND5 11.9712888648361 10.1552504892672 3.67091941418748
Rrbp1 12.1135184174842 10.1552504892672 3.67091941418748
Clk1 11.9971319270739 10.1552504892672 3.67091941418748
Glul 11.9439234863599 10.1552504892672 3.67091941418748
Arrb2 11.5161791808491 10.1552504892672 3.67091941418748
Pros1 11.4244912078995 10.1552504892672 3.67091941418748
Frmd4b 12.1297792575394 10.1552504892672 3.67091941418748
Rin2 10.1302854085197 10.1552504892672 3.67091941418748
Plcl2 12.1252063601465 10.1552504892672 3.67091941418748
Arhgdib 10.7800288131728 10.1552504892672 3.67091941418748
Tifa 10.6649959627868 10.1552504892672 3.67091941418748
Rnasel 8.44553447587019 10.1552504892672 3.67091941418748
Arhgap17 11.0358082941061 10.1552504892672 3.67091941418748
Phgdh 11.0663668828628 10.1552504892672 3.67091941418748
Maml1 8.72705687214699 10.1552504892672 3.67091941418748
Parp12 9.52345845288495 10.1552504892672 3.67091941418748
Trim47 10.122871565472 10.1552504892672 3.67091941418748
Rab8b 12.1658073270593 10.1552504892672 3.67091941418748
Lgals3 8.71732817427299 10.1552504892672 3.67091941418748
Ddx26b 12.2655895521916 10.1552504892672 3.67091941418748
Slc25a45 10.8783954265567 10.1552504892672 3.67091941418748
Jmjd1c 12.7042728123964 10.1552504892672 3.67091941418748
Rps9 12.5526443081372 10.1552504892672 3.67091941418748
Sash3 11.2528818012755 10.1552504892672 3.67091941418748
Themis2 9.94919523666928 10.1552504892672 3.67091941418748
Stard8 9.02643397069546 10.1552504892672 3.67091941418748
Mpeg1 13.5339312443488 10.1552504892672 3.67091941418748
Hspa1b 12.7328150924375 10.1552504892672 3.67091941418748
Pcf11 9.35790578331487 10.1552504892672 3.67091941418748
Xist 12.7732517233129 10.1552504892672 3.67091941418748
Cd48 9.99176185857167 10.1552504892672 3.67091941418748
Akna 10.5978331936346 10.1552504892672 3.67091941418748
2810474O19Rik 10.2420219780856 10.1552504892672 3.67091941418748
Sult1a1 9.92143049281146 10.1552504892672 3.67091941418748
Fes 10.5840546362038 10.1552504892672 3.67091941418748
Myo1b 8.42949791093437 10.1552504892672 3.67091941418748
Cep152 9.68353142517718 10.1552504892672 3.67091941418748
B2m 13.2088860971046 10.1552504892672 3.67091941418748
Gsap 7.5615053421719 10.1552504892672 3.67091941418748
Diap2 9.90635960665803 10.1552504892672 3.67091941418748
Egr2 11.2144151601674 10.1552504892672 3.67091941418748
Ccrl2 11.4107831106411 10.1552504892672 3.67091941418748
Lcn2 11.7182561949748 10.1552504892672 3.67091941418748
Hbb-b2 7.86146929235822 10.1552504892672 3.67091941418748
Gimap6 8.28896486111756 10.1552504892672 3.67091941418748
Myo1g 9.04216166021584 10.1552504892672 3.67091941418748
Tmem173 11.1696407087511 10.1552504892672 3.67091941418748
Dicer1 9.62826168488995 10.1552504892672 3.67091941418748
BC028528 9.01173787915138 10.1552504892672 3.67091941418748
Erbb2ip 10.9250560248273 10.1552504892672 3.67091941418748
AF251705 12.0057126252299 10.1552504892672 3.67091941418748
Arap1 9.17388595229217 10.1552504892672 3.67091941418748
Hmha1 10.4487011332694 10.1552504892672 3.67091941418748
Chn2 8.31244073196833 10.1552504892672 3.67091941418748
Rreb1 9.66195512280759 10.1552504892672 3.67091941418748
Gmip 10.2055870255081 10.1552504892672 3.67091941418748
Nckap1l 11.1526856630168 10.1552504892672 3.67091941418748
Rhoh 10.7637079698635 10.1552504892672 3.67091941418748
Zfp869 8.96011949792631 10.1552504892672 3.67091941418748
1700017B05Rik 11.7522974287947 10.1552504892672 3.67091941418748
2810043O03Rik 8.32709215618797 10.1552504892672 3.67091941418748
Gusb 11.4803411718158 10.1552504892672 3.67091941418748
Lair1 10.6612900224916 10.1552504892672 3.67091941418748
Efhd2 11.9552357099879 10.1552504892672 3.67091941418748
P2ry12 12.4385715566921 10.1552504892672 3.67091941418748
Apoe 11.7960795852016 10.1552504892672 3.67091941418748
Rnf19b 9.65744414029616 10.1552504892672 3.67091941418748
Epb4.1l2 12.5432840929574 10.1552504892672 3.67091941418748
Pld4 12.1700437011819 10.1552504892672 3.67091941418748
Sesn1 11.2277121133864 10.1552504892672 3.67091941418748
D15Ertd621e 10.0624486421296 10.1552504892672 3.67091941418748
Lrrfip1 10.7224886700699 10.1552504892672 3.67091941418748
AU020206 9.79768698851007 10.1552504892672 3.67091941418748
Fermt3 11.4207362066657 10.1552504892672 3.67091941418748
Tgif2 9.9426138283241 10.1552504892672 3.67091941418748
Plk3 11.036823711972 10.1552504892672 3.67091941418748
Dennd4c 8.61600910461238 10.1552504892672 3.67091941418748
Ankrd44 11.5679366187782 10.1552504892672 3.67091941418748
Kctd12 12.099676793357 10.1552504892672 3.67091941418748
H2-Aa 11.2644036954394 10.1552504892672 3.67091941418748
Fam105a 11.8820924454901 10.1552504892672 3.67091941418748
Herpud1 12.5116726598182 10.1552504892672 3.67091941418748
2610528A11Rik 7.85521558302243 10.1552504892672 3.67091941418748
Cytip 8.69693750599179 10.1552504892672 3.67091941418748
Cd300a 10.0530239896872 10.1552504892672 3.67091941418748
Tmem71 7.83337212150143 10.1552504892672 3.67091941418748
Kat6a 10.2481355592013 10.1552504892672 3.67091941418748
Wipf1 10.3652831365882 10.1552504892672 3.67091941418748
Lyz1 12.2502412289951 10.1552504892672 3.67091941418748
Clcf1 8.68466038510135 10.1552504892672 3.67091941418748
Adrb2 8.29734945321406 10.1552504892672 3.67091941418748
Hmgb2 9.04290768492065 10.1552504892672 3.67091941418748
Lrrk1 9.1635528470806 10.1552504892672 3.67091941418748
Zfp36l2 12.4004422821899 10.1552504892672 3.67091941418748
Il10ra 11.9867649941734 10.1552504892672 3.67091941418748
Hexb 13.9214339669789 10.1552504892672 3.67091941418748
D530037H12Rik 10.4018822600769 10.1552504892672 3.67091941418748
Rbm5 8.25606928937062 10.1552504892672 3.67091941418748
Rab20 9.64744268247702 10.1552504892672 3.67091941418748
Slc9a3r1 10.5341792603602 10.1552504892672 3.67091941418748
Vim 8.20604281286246 10.1552504892672 3.67091941418748
Grn 13.6303783372944 10.1552504892672 3.67091941418748
Slc4a7 10.0530988721735 10.1552504892672 3.67091941418748
Mavs 9.23385264584594 10.1552504892672 3.67091941418748
Bach1 11.7684659473826 10.1552504892672 3.67091941418748
D9Ertd306e 8.20712585253381 10.1552504892672 3.67091941418748
C79242 8.41316050528701 10.1552504892672 3.67091941418748
Usp24 8.70392300506957 10.1552504892672 3.67091941418748
Fam46c 12.2421510197398 10.1552504892672 3.67091941418748
Pald1 11.0128320429645 10.1552504892672 3.67091941418748
Ifngr1 12.016051864462 10.1552504892672 3.67091941418748
Ucp2 10.8156159051053 10.1552504892672 3.67091941418748
Tcn2 12.1195930224409 10.1552504892672 3.67091941418748
Anxa1 9.64055143138413 10.1552504892672 3.67091941418748
Cmtm3 10.0110497819572 10.1552504892672 3.67091941418748
Ppp1r15a 12.6593601245383 10.1552504892672 3.67091941418748
Slc15a4 11.356384012252 10.1552504892672 3.67091941418748
Lrmp 8.89491220593798 10.1552504892672 3.67091941418748
Olfml3 13.5644607358692 10.1552504892672 3.67091941418748
Pla2g4a 9.55730250855793 10.1552504892672 3.67091941418748
Ncf2 11.109264808914 10.1552504892672 3.67091941418748
Il7r 9.22711297999003 10.1552504892672 3.67091941418748
Ctss 14.1223387589978 10.1552504892672 3.67091941418748
Cd53 12.6270729328698 10.1552504892672 3.67091941418748
Fcgr3 13.3874319809845 10.1552504892672 3.67091941418748
S100a9 12.2965410503709 10.1552504892672 3.67091941418748
Dusp1 14.1813580097059 10.1552504892672 3.67091941418748
Traf5 9.0214474215703 10.1552504892672 3.67091941418748
Hp 8.70328719633713 10.1552504892672 3.67091941418748
Klf2 12.9915058739807 10.1552504892672 3.67091941418748
Fcrls 13.5200887013828 10.1552504892672 3.67091941418748
Cd302 10.5380268757257 10.1552504892672 3.67091941418748
Trip6 9.31751803635675 10.1552504892672 3.67091941418748
Tlr1 9.55990391864875 10.1552504892672 3.67091941418748
Rhob 13.3993450977518 10.1552504892672 3.67091941418748
Zfp90 9.89278120178404 10.1552504892672 3.67091941418748
Selplg 13.492313873689 10.1552504892672 3.67091941418748
Cd68 12.2825968841945 10.1552504892672 3.67091941418748
Gpr65 7.85611733273235 10.1552504892672 3.67091941418748
Casp1 8.72506021576845 10.1552504892672 3.67091941418748
Csf2rb2 9.46516272602394 10.1552504892672 3.67091941418748
Atf3 13.3007390383143 10.1552504892672 3.67091941418748
Il1b 8.75804374629313 10.1552504892672 3.67091941418748
C1qc 13.5695399365939 10.1552504892672 3.67091941418748
Chst7 11.0545300964632 10.1552504892672 3.67091941418748
Hck 11.7192724128215 10.1552504892672 3.67091941418748
Gcnt1 7.89240442650036 10.1552504892672 3.67091941418748
Casp4 9.17977855891737 10.1552504892672 3.67091941418748
Per1 12.1580724735259 10.1552504892672 3.67091941418748
Ly96 8.98885773803667 10.1552504892672 3.67091941418748
Lag3 9.94342037341401 10.1552504892672 3.67091941418748
Cxcl2 10.9236295592129 10.1552504892672 3.67091941418748
Ltf 11.9771261319803 10.1552504892672 3.67091941418748
Cx3cr1 12.8322911670036 10.1552504892672 3.67091941418748
Stab1 10.7835801182221 10.1552504892672 3.67091941418748
Evi2a 12.5801879760248 10.1552504892672 3.67091941418748
Il6 8.3523884587654 10.1552504892672 3.67091941418748
Pdgfb 10.6620659529342 10.1552504892672 3.67091941418748
Mrc1 8.47267687587698 10.1552504892672 3.67091941418748
Cbl 10.6935557955462 10.1552504892672 3.67091941418748
Cd33 8.91751905662005 10.1552504892672 3.67091941418748
Itgb2 11.8281947861841 10.1552504892672 3.67091941418748
Rgl2 11.0627483576315 10.1552504892672 3.67091941418748
Psmb9 9.49408509768935 10.1552504892672 3.67091941418748
Selenbp1 8.46209954721546 10.1552504892672 3.67091941418748
Gtf2h2 10.8684310095953 10.1552504892672 3.67091941418748
Adamts1 11.3973807177838 10.1552504892672 3.67091941418748
Ang 8.67340897437916 10.1552504892672 3.67091941418748
Sh2b2 9.32069277757714 10.1552504892672 3.67091941418748
Tyrobp 12.9035612805634 10.1552504892672 3.67091941418748
Slc29a3 11.6835560124248 10.1552504892672 3.67091941418748
Pbxip1 10.3716503756831 10.1552504892672 3.67091941418748
Emr1 12.777781853873 10.1552504892672 3.67091941418748
Nrros 12.3519497751025 10.1552504892672 3.67091941418748
Fus 10.7051445337461 10.1552504892672 3.67091941418748
Tmem119 13.699678559052 10.1552504892672 3.67091941418748
Pnpla7 10.5843197435089 10.1552504892672 3.67091941418748
1810011O10Rik 8.37120216738482 10.1552504892672 3.67091941418748
Arhgap12 10.1499261899352 10.1552504892672 3.67091941418748
Parp14 9.10437062254361 10.1552504892672 3.67091941418748
Ttr 13.1109777518357 10.1552504892672 3.67091941418748
Havcr2 10.710530075929 10.1552504892672 3.67091941418748
Alas2 9.97256535353661 10.1552504892672 3.67091941418748
Cmtm7 10.4036329494645 10.1552504892672 3.67091941418748
Mafb 10.9849900615298 10.1552504892672 3.67091941418748
Apobec1 9.7227717478305 10.1552504892672 3.67091941418748
Blnk 11.8079240962002 10.1552504892672 3.67091941418748
Tmcc3 9.16895367720384 10.1552504892672 3.67091941418748
Notch2 11.035203297165 10.1552504892672 3.67091941418748
Vrk2 8.87003271247097 10.1552504892672 3.67091941418748
Alox5ap 12.5749967599795 10.1552504892672 3.67091941418748
Fyb 11.7159427823204 10.1552504892672 3.67091941418748
Sepp1 13.725757445204 10.1552504892672 3.67091941418748
Ctla2b 9.94438247489242 10.1552504892672 3.67091941418748
Sall3 9.56740794423544 10.1552504892672 3.67091941418748
Hspa1a 11.9245276178108 10.1552504892672 3.67091941418748
Slc37a2 8.79282849614854 10.1552504892672 3.67091941418748
Zfp36 13.4960506681509 10.1552504892672 3.67091941418748
Abhd15 9.92497435981129 10.1552504892672 3.67091941418748
Lmo2 12.1717394598769 10.1552504892672 3.67091941418748
Cyba 11.7749627835735 10.1552504892672 3.67091941418748
Spata13 11.8360921296241 10.1552504892672 3.67091941418748
Wasf2 12.4660305697947 10.1552504892672 3.67091941418748
Ptpn6 11.3292345329635 10.1552504892672 3.67091941418748
4833441D16Rik 9.33372525445037 10.1552504892672 3.67091941418748
Tec 10.1967601761071 10.1552504892672 3.67091941418748
Cd52 8.83934325002235 10.1552504892672 3.67091941418748
Irf5 10.4417221455899 10.1552504892672 3.67091941418748
Wdr81 11.507769957771 10.1552504892672 3.67091941418748
Naip2 10.8151812852359 10.1552504892672 3.67091941418748
Anxa3 12.9131833282778 10.1552504892672 3.67091941418748
Plgrkt 9.46831702539673 10.1552504892672 3.67091941418748
