Golm1 13.1792932323564 7.6836707485172 6.55500863867678
Dusp6 12.1118170992931 5.40984717292094 5.01653273982556
Tgfbi 10.214108505107 5.5821805279521 5.06530178788652
Sgpl1 9.58944930363067 5.06165145859333 4.70217563942192
Junb 11.5499826198348 5.68326778329059 4.71925275414393
Lcp1 11.9186828085383 4.74946477988088 4.44724624348352
Txnip 13.6926905825169 7.11200246380589 6.30113629634528
Klf10 10.2647564636486 5.48528277759816 4.65768595625501
Cd9 11.7908634776503 7.01530000660622 5.52970929487633
Ifrd1 11.3900169042777 8.01307599010547 5.31415860198707
Cd34 10.4821943254353 5.32672124694103 4.56193746196467
Zfand5 13.0442100287799 9.67982918486339 8.24467446033666
Tpst2 11.1108919206009 7.55654787244061 6.40950751281346
Cd83 13.2161047162533 9.34171464945699 7.88585272900962
Sipa1 11.028832104782 6.36543130071142 5.94929027249497
Coro1a 12.5292545103329 8.64250814057157 5.77274711365683
Btg2 11.3906424677534 5.86594479176929 5.64667427962306
Ets2 10.9993775742686 7.57553713228632 7.2682022752208
Tnfaip2 9.07410944533167 4.23499337881242 4.22175073739395
Litaf 12.5687309938788 9.15506301807306 8.01107168536267
Cyfip1 12.6115291742802 8.62610692466387 7.50566268510502
Lamp2 11.5544716379291 7.64000716168089 7.50294580114196
Snx18 11.8255448234537 8.4294740205294 8.04671102336446
Ctsc 12.6108642775907 5.11672618480191 5.09286298643677
Rcbtb2 9.59652852277831 5.67608434017099 5.06358077055085
Tubb6 9.94746027053954 6.25472550909518 5.95715154600746
Ier2 13.4029366730924 6.7491876354616 5.58692082937319
Nr4a1 12.1194322490947 8.76758486235919 7.30342009540268
Rab32 7.51642002223175 3.95036896108887 3.84374928095191
Nfe2l2 11.356253934114 5.44486306766406 5.43379788779726
Socs3 12.8477426387797 4.26812756008017 3.97488239695901
Scamp2 12.1490850674193 8.38692593251247 6.60952106170499
4632428N05Rik 12.9633024758073 5.72609400677689 5.09072465032576
Spint1 10.3283172527647 6.65010858396027 5.33614406933543
Afp 8.35050803873215 4.02427802866812 3.98590187855466
Clic1 11.3122330580261 7.6290619545259 5.91171708293848
Plxnb2 11.1496648391028 6.90874648356213 6.43777554202865
Irf8 12.5462653592052 5.46671668367055 5.42727127393389
Dnajb1 11.2409766690475 7.89165757776188 6.01093655646964
Mical1 8.77305668351709 5.36374981338975 4.80863716207772
Fkbp7 9.39487954845409 6.04267768477331 5.34299935407044
Slc39a8 8.14296708004609 4.24387527725121 3.80356287480195
Parvg 10.4281853264487 6.55494329889892 5.97467971909098
Mcl1 12.2077605709068 7.39196044045732 6.28396721782682
Rps6ka1 12.3511118887686 8.76077375035045 7.0026964451835
Tnfaip8 10.106166018297 5.19044036573458 4.69854030147473
Sirpa 12.4881260050488 8.81039120271375 8.55629015825447
Mfng 10.2459357618163 6.81514668424643 6.70610889602439
Slc40a1 11.6873175794834 6.99397737074491 5.84109318794398
C1qb 13.3809165744448 4.9544211246104 4.60161618659821
Egr1 14.0292728577336 10.3136008368072 9.2606810407348
Syngr2 11.5324666076936 5.78045829582971 4.82346083568133
Man1a 10.4589772827202 6.38101390063941 5.21616595126318
Plekho1 10.5257553521498 6.93437053045245 5.68383397164164
Pmp22 12.2434056339285 8.12975521457802 8.08739370087142
Usp2 11.740363352364 6.82613046428311 6.17529345687099
Ccl6 10.4831140019336 4.65901410515803 4.49657186678096
Cd14 13.3794861542207 6.96358663132498 5.81237559338127
Tob2 11.2863217891244 7.6485491172776 5.76980831819987
Pycard 11.7530559991681 6.59977367024725 5.54364097847614
C1qa 13.1874316054276 6.05418043441218 5.89784695377695
Il16 10.5676116874908 5.73302216274757 5.62442110426338
Slc7a7 10.9326702827516 5.2585946137008 4.86285110800583
Klf4 12.8356975471887 5.17977833127529 4.84907634761734
Sertad1 10.6760235504756 6.71238909504598 5.97658406424292
Jun 13.1513958362792 7.00793955941246 6.76415624382569
Srgn 13.2795222117037 7.39064193911756 6.00937033474636
Myh9 12.5447914497017 8.00133473247199 6.51441361741615
Nfkbiz 12.6921044506167 5.00382498983108 4.98072311381326
Tgm2 11.6702792723547 6.83810787133509 6.21360226870599
Plek 13.0385446953369 7.53413918681714 6.17105803154618
Itgb5 13.3122301859398 5.31153306009077 4.19436259660513
Elf1 9.08464008124719 4.65213592789317 4.26980267195812
Rgs1 11.3590498478886 4.84076625192495 4.76713171037749
Ier5 13.0447369736646 6.84232156175131 5.69422384147908
Snx5 12.5419589726741 8.86931028970735 5.27274546087807
Elk3 10.4319956263106 6.38542826911907 4.80584462557475
Naglu 9.2020102640205 5.59467991715346 5.49983390988383
Laptm5 13.25292607905 7.67532259983965 7.16325607165464
Ptgr1 9.95096043750722 5.70119782740985 5.44962303808072
Serinc3 10.7887820532689 6.59219018685659 6.32069192469956
Ctsz 12.9968566741552 9.25124861709975 5.1688772051082
Fcgr1 12.2955371160684 4.61621608804233 4.58002307715704
Slc16a6 11.5647594820405 6.88786358013719 5.86456588112715
Pdlim4 9.51167808110339 4.97967216920637 4.88927404943171
Ccl9 11.4677327663853 5.10673143319699 4.94474005160343
Tnfrsf1b 11.7452188608572 7.01925742602661 6.0360449385543
Inpp5d 12.4577394438636 6.94723772700085 6.44272060680746
Aff1 10.7788620635381 6.71398166814983 6.66416950960704
Tlr4 9.57555684780965 4.58473754027139 4.47612886996073
Pmaip1 7.97566326054479 4.04676680908675 3.99442360946552
Aif1 11.8214348072249 6.11790994057383 4.80413829578892
Lims1 11.3701224038562 7.71893246692577 7.35657758479097
Syk 11.3160084368777 6.55751903192329 6.24692632674482
Klf6 12.2250639567383 6.97370928563932 6.46598880920181
Mknk2 10.9613013466955 7.52249256330338 6.85014408359058
Crybb1 12.2648088011919 6.68444230675597 6.62518389283977
Fcer1g 12.6718396223893 6.9981839636435 5.94991686359854
Ctsh 12.87251521366 5.94102936723573 5.60927182921131
Gbp3 8.52766426384374 5.02277775915445 4.80172516026118
Gpsm3 9.55595780536678 5.36090413193814 5.23735366593879
Ncf4 10.7292352869563 5.38091870336794 5.3309925147691
Nrip1 11.8222365777829 6.77172718777623 6.70311906363553
Ggta1 10.3002208247185 4.77909861154971 4.49464164842486
Calcrl 7.78386106503694 4.08635759072942 4.07142460177632
Lcp2 10.4089431447829 5.08499053761248 4.72313173417363
Ngp 12.7574775005176 6.40116113058065 5.5766298330813
Spi1 10.4190424481911 6.15216045951948 6.13403898554343
Csf3r 10.4683520496493 6.4531241339245 5.33485372204955
Ms4a6b 11.2554621340409 5.1245076732748 4.77646803918208
Hcls1 8.70906636115833 4.91920300202301 4.73691145537936
Pabpc1 11.1781404360411 5.32456766001479 4.22173130596204
Skap2 12.056136723105 8.07568028162404 8.01936727371687
Cebpb 11.5932508063623 7.75308045260049 6.0289513344413
Plxdc2 12.0745716973584 6.79281789527198 5.59829521222564
Cxcl10 9.72683118350032 5.73274219826877 5.38683573418712
Cysltr1 9.25437959121948 4.42004939994126 3.97070946459673
Cebpa 9.84230025530157 5.99936481972458 5.22835553061529
Cttnbp2nl 11.6991350325633 5.94909234671835 5.43363250148963
Lyl1 9.96552235514374 5.48624012449633 5.13154208961031
Ptpn18 10.3344380846283 6.70185039869147 6.47729001042149
Tlr2 11.9276981137555 6.28307781152312 5.72000785951619
Cd163 7.96377468160987 4.37491469992066 4.32013830669132
Serpine1 9.65311808101758 5.92909789032113 5.03631312480609
Sox4 9.86978784622112 6.44296680514083 5.72033503785863
Mlxipl 10.5385226388773 7.1031905158438 4.87524908179705
Cd37 10.9003612304416 6.74253229358666 5.49805032883379
Map3k8 10.2772018482877 4.82360959627746 4.70145991657705
Myd88 10.6605178444686 6.38397841360896 6.13553505919202
Ccl12 10.6391731596107 4.65508810475518 4.5270166027167
Arhgap4 9.32893709991249 5.59601978905141 5.31906839120905
H2-Oa 8.62773488286702 5.1547905903106 5.01001192406197
Pon3 9.25424963832735 4.57882573147695 4.22350334069156
S100a8 13.1710031765985 4.85806844421435 4.57564722388281
Il10rb 10.5493104181091 6.97734579943377 6.83020798648572
C3ar1 11.7048817822179 6.71078821162226 5.28647222573661
Fgd2 12.0963667807367 6.10727169282252 5.95044766851686
Rela 11.8418378886618 7.94170508757888 6.65532131553377
Ccl3 13.5359936909524 5.49654361422056 4.46578135019015
Ms4a6d 11.4841310922632 4.83386329757179 4.67594774293807
Ier3 13.5124048716238 9.29018090965273 8.03579821490133
Nupr1 9.91190169343546 6.41680902138036 5.19052563758706
Camp 12.4507582747533 5.84487280656006 5.64065655637959
Klk8 10.1827990465209 5.54258326514076 5.4930377640405
Actb 12.4943016661647 9.14518456592369 7.87285248217508
Abcd2 8.77308831436475 5.24060998247523 4.76674210982005
Chil3 11.4871946767607 5.11781524647747 3.92584729176653
Arap3 9.99309938625579 4.39222588813888 3.99029725329426
Tlr7 11.1537008662761 5.51623098867324 4.89457861813598
Csf1r 14.0292728577336 10.4000339189814 7.67404522858468
Hpgd 11.9738918982247 4.96513845940118 4.8189109676016
Mcm3 9.01275163949269 5.34534764812553 5.32621099955123
Slc11a1 11.3948658681908 7.30517980067749 5.28384223943574
Ccl2 9.3887194295731 5.22476798360719 5.19594696991683
Cd86 11.6527693006629 5.05990796935538 4.71105149249163
Prkd3 9.77821211859841 6.25785177100352 6.00410176630028
Gpr84 11.5263505075912 5.74053479615345 5.62847258310739
Vamp8 11.7850542682879 6.76829972551242 6.24694140465876
Tcirg1 11.2860007996333 7.59259001216209 6.99379959832159
Trim12a 8.39694276788024 4.33101920973239 4.13753682092763
Tgfb1 8.44292660125019 5.10034154500812 5.01934918330021
Slc15a3 11.3995649353571 5.30375301539832 5.27806593881737
Rel 9.43208070521036 5.37262926745739 5.10731123549168
Tsc22d3 11.5894187043498 7.35148347765647 5.92862364377508
Sla 12.4329217789332 5.92554103453677 5.79513165955407
Itga9 7.44944104381667 4.04311897667999 3.68320430042341
Tgfbr1 13.5090583473981 7.18381335512573 6.52681076174848
Snap23 8.48388126836494 4.3733602568434 4.06622754906615
Asph 11.0774007157198 6.38425466819652 4.98952249438967
Ivns1abp 12.6904399495339 8.56283111000062 8.13288483889122
Rbm39 10.2573002722239 5.29673889461482 4.97311525736877
Mef2c 11.6348296409646 8.12143657888112 7.17897991063988
Vamp3 10.8864314514484 7.37100374959721 7.02770175804719
Bmp2k 11.294755197974 7.16325401601719 5.80695563202228
Lgals9 9.69958847858634 5.76736204037166 5.61207617952951
Trem2 11.303795824757 7.38015168302458 6.47261880044463
Gna15 8.99367862824198 5.38286526075618 5.08391972431841
Birc3 10.6915102166933 6.71056433420743 6.67433324016664
Igsf6 8.83394697282607 4.28447015553358 4.20432681199864
Samsn1 8.81738530496463 4.65069343449407 4.49903460501507
Il1a 10.5376640185961 4.55332038592856 4.15335539227649
Hpgds 9.22775583355141 5.65577441220081 4.95836668715213
Naip5 11.0978070538461 4.75680544279208 4.4618623786546
Ccl4 12.6588721873418 7.31356177717429 5.84096613377892
Klf3 8.5494364974985 4.7029052181448 4.47261031019392
Itpr2 10.8475742428576 6.70242612591075 6.06346270903409
Stat6 10.468465477124 6.69535113629003 5.17351426792897
Msn 10.8303816272 6.56984472457966 6.18305370599614
Abca1 12.0542577742267 7.65482737085072 6.00743646164653
Adam17 10.5495689245511 6.23612355235932 5.33952476585896
Dapp1 10.6129812986097 5.4132192973578 5.15182885219031
Clec4a2 10.1399334143348 5.20320714723349 4.97661870574153
Fli1 10.1221580891138 4.16211750437254 4.10757445309691
Ets1 9.52298260959165 4.0734092412638 4.04064423428674
Ptprc 12.4924457080349 4.60394763345583 4.44235096474408
Fosb 12.0153263432166 5.70523088799923 4.80268566230972
Ccr5 11.6775104276773 4.55749944942569 4.52493066058145
Il6ra 12.6762370901779 5.63453526477188 5.51016975410153
Tgif1 8.32241012578398 4.7462210735359 4.35015193791767
Pla2g15 12.3402771280608 7.92315656915314 7.19434679753938
Itga6 11.5191682655928 7.27594085548509 7.0427843050352
Ifi30 11.3741036101554 7.56660678081504 5.7923904892104
Cables1 10.7296553966912 7.18455126175335 6.49235268534205
H2-DMa 11.302506340632 7.39224297718042 6.31213349462626
Zfp36l1 12.768092682973 6.29059988174635 5.9109611165093
Gpr34 12.0465417111213 4.12535541819089 3.90979543511672
Cr1l 11.6700570684498 8.3117703839726 7.86708916722442
Rnase4 13.0645450224258 5.98251640093045 5.85101623070616
Hk2 12.2311857728962 7.29208317722277 6.68466748908472
Fam111a 8.38937991141375 4.75728076236189 4.53708599238479
Hfe 11.261965590755 7.6445650328459 6.9048017845915
Pik3cg 10.1391450667911 6.41609644386369 4.75886886190107
Zeb2 11.448770010793 6.9303816813628 6.3366185320264
Tlr3 9.57440918362698 5.56039977564767 5.27373065519736
Prkcd 11.3269526908875 7.1115401016635 6.61796362762549
Mertk 13.1492058693859 6.24019862402346 5.89126792992204
Cd84 9.79853579725004 4.69587305184597 4.60192964607079
Ly86 13.8484382572477 7.59316249852607 6.33479479715789
Vav1 10.4988780096262 4.13002858761693 4.08546346461559
Pag1 12.681394781079 8.37681259124498 7.74341995258803
Fos 13.9214281458166 10.4866059880019 9.15358141213416
Cfh 10.9189995251726 3.86533217301116 3.76905628943523
Tnfrsf13b 9.55249902249023 4.71521307789827 4.25909738756217
Cebpd 10.5727375378467 5.03855347090166 4.28623006881537
Hhex 10.0129558927535 6.29284229465735 5.214466738708
Entpd1 9.36332417160173 4.62121195048847 4.32325787355658
Ptgs1 12.1460566579667 6.1231322717275 5.26503679093553
Adrb1 10.6329930698674 5.97545204556445 4.58069145721325
Stk17b 9.82516171443988 5.98192180926035 5.48342198981697
Frrs1 10.5118954880326 6.73930472134407 5.1930912665689
Lyz2 12.6255399097117 6.84497467744793 6.2801046153638
Ssfa2 10.3963514628908 6.44237282988295 6.2921748381133
Ccnl1 12.9467381083197 9.61829200330696 7.28586977159095
Galnt4 9.17182977737832 5.16240189863682 4.8495411928897
Ctc1 11.7381009275171 7.58825002831395 6.85406505057441
Unc93b1 11.2638153754962 6.74308952535695 6.55173138628791
Mob1a 11.6524237224905 7.85441439545368 6.9966010015903
Cmtm6 12.3249537931389 7.0496377174482 6.72109680174229
Sfpq 11.5941111598284 8.1428291514183 6.45525104997878
Tspan14 11.1135085123949 6.77339714591138 6.05543539248449
Lpcat3 11.4010483293012 6.99886207593578 6.99002984309491
Hvcn1 10.3744362140918 5.53340915804928 5.29009661133246
Edem1 10.5468048765477 5.06759915971348 4.69008290064269
Icam1 12.0835121128031 5.6807240250035 4.79174868421074
Prkab1 10.8294129270605 7.30622476130568 6.52688804124042
Rbl1 8.60653858129746 5.05348711382208 4.91838348497935
Rcsd1 12.3327371826167 7.7484282425165 6.80159200940158
Npl 9.96550349349474 5.81377039475901 5.12881290256528
Tmem140 8.37653073680301 4.64896618670351 4.56642938058234
0610040J01Rik 10.8216796982396 6.17006277418285 5.75239115543082
Tm6sf1 11.2414066824985 7.64956375549523 4.2761286669846
Cklf 11.4118605648373 7.30778049679862 6.39069761867425
Cd177 8.34962699286364 4.41572391070381 4.33310889313266
Casp8 9.75678338176791 5.4554816864698 4.72811542991976
Tmed5 10.5709139699701 6.63116616390831 6.00731230328097
F11r 12.1396861374846 5.88517449571981 5.80224920260734
Eva1a 8.74419904985229 4.99773824693711 4.24209441329246
Zbtb1 9.43873268438121 6.05268204324601 5.62576103042542
Tor4a 10.2205590701386 6.48410191302031 5.4872276449647
Ptbp1 9.15244960297567 5.52828963887286 5.20355143549675
Glipr1 8.77583583215041 5.36259841178816 5.26956509158515
Lpxn 10.7275528959061 5.38636987319306 4.41547112882727
Siglec5 8.28941632201165 4.27089155834937 3.97483726667877
Fcrl1 9.22764356004362 5.66568180236724 5.12573849667197
Sppl2a 11.216310941421 7.37796336900663 6.94721621316946
P2ry6 11.5574667748729 4.94039382537583 4.50613037810776
H2-K1 12.7949568117272 8.4182624515889 8.03774630621941
Tgfbr2 12.4393744689228 6.10467847472104 6.08457162055184
H2-Ab1 8.19904913228906 4.76966024882103 4.5384454164353
Ceacam1 8.80282175058088 5.07094024258501 4.5312572620031
Mlph 9.57489838859243 6.22216758667981 5.27344312146744
Ncf1 8.88584686160739 5.52978292743318 4.90749624451793
Adap2 10.5722797031115 5.57874089246272 5.42985651436637
Pld1 10.8239587790307 6.89608403852049 5.93280841258443
Pon2 9.33868555313833 4.84454783772818 4.72912976025981
Capn3 10.3369957490321 4.91258450993576 4.60280387063765
Casp7 8.39895339652514 4.7507843633869 4.64174031246194
Gem 8.28519304309807 4.05910261428733 3.8692728742718
Rrbp1 12.1135184174842 8.70514020443428 7.19490400649189
Glul 11.9280143428985 7.37318693554237 5.99227967775594
Arrb2 11.4983554070217 7.47352983560845 6.21133252213525
Pros1 11.4603712254362 5.8826829853297 5.18398880527593
Rin2 10.1168098461982 5.75380892027509 5.27719721858252
Tifa 10.8074268423842 6.80789795510782 6.25519004561217
Arhgap17 10.9767981793134 5.13952218000854 4.98789300318395
Phgdh 11.0749094502032 7.55944543059299 7.11467662060701
Parp12 9.49139397984138 5.67890659685028 4.88644994001266
Trim47 10.0791566495733 5.36145167037848 5.29779250759136
Lgals3 9.11302237976578 4.91901160935258 4.67422782774782
Jmjd1c 12.718371512436 9.0213716664243 7.93826674069487
Mlxip 11.0084570885722 7.23903045514958 7.06358439774213
Arsg 8.01567969333444 4.65556775285743 4.14934665292829
Sash3 11.249005723635 7.41787620822483 5.53224985660829
Themis2 9.99513496121799 5.30848253273603 5.27916982022847
Mpeg1 13.5931395335038 6.8908504272302 6.52547168638096
Hspa1b 12.7002530870076 8.57179220601413 7.79655659641227
Xist 12.7596727744674 4.37933084098531 4.21387671200415
Cd48 9.95999221182058 4.7853383463937 4.55950832873004
Akna 10.7072692564892 4.92180412480329 4.7779479364955
Sult1a1 9.98708391284936 6.48462648452547 5.19750445905139
Fes 10.5551239260507 6.73850072973915 6.33456734497372
Myo1b 8.57502259469562 4.9766439335104 4.7506636583374
Cep152 9.74520694836984 5.69601401487044 5.53544362623374
Diap2 10.171367858732 5.79521967908201 5.33606436724605
Egr2 11.2484829324693 5.03008356269328 4.24019464403182
Ccrl2 11.3826980615646 5.9571271984297 5.60469416501455
Lcn2 12.0118513639671 4.269053471472 4.19355366278901
Hbb-b2 7.88283645776123 4.15364184301453 4.0545097601666
Myo1g 9.24155609377298 5.77988209816503 4.78402987420586
Tmem173 11.0989726590541 6.92228731625973 6.44260241398404
AF251705 11.9378287827213 7.70824951888576 6.87680684123204
Hmha1 10.4292840746509 6.16619087823611 5.78718071319707
Gmip 10.0312950363764 6.19365230401276 6.09149827799957
Nckap1l 11.1514517971807 7.19243867650452 5.21433739588029
Abcc3 9.68880748830503 6.00333003576452 4.94744800253799
Rhoh 10.6886747062572 5.02641896899986 4.95741569873469
1700017B05Rik 11.7630363477309 5.65304962441263 5.39521947029444
Srgap2 11.7876768649285 8.19852479742829 7.55255745865493
Gusb 11.4166507135997 5.79719894036024 5.34285104995885
Lair1 10.6341607739461 4.97024384995259 4.82626920939608
P2ry12 12.3417720061336 5.08601722712855 4.3720735570862
Rnf19b 9.59453701735849 5.7298833668025 5.00564676394633
Epb4.1l2 12.5141878325852 6.73988019469425 6.57426134275901
Pld4 12.0162068213804 6.1752256382812 5.56579154083889
D15Ertd621e 10.2021769651159 6.22939826165825 3.84788038684818
Lrrfip1 10.7165591037594 5.12034007917682 5.00239665923768
Fermt3 11.255187597153 4.65766809380069 4.13655115097342
Ankrd44 11.6555430067368 6.45804878353198 5.61449108842752
Kctd12 12.2024123826132 6.20354610411539 4.82686203172674
H2-Aa 10.95884712019 5.55754010658014 5.33373723557546
Fam105a 11.8141138102905 6.89954134391824 6.83772759069265
Herpud1 12.561534184029 8.54503782161682 7.16904359293053
Cd300a 9.78331319123392 5.90106288046022 5.30579738577046
Lyz1 12.291433368859 6.23028696837688 4.64211172835396
Zfp110 10.6328144276245 6.4310035544113 5.55182803499168
Clcf1 8.66818372368241 3.88115630458988 3.85236355956429
Hmgb2 9.11494801820282 5.39878575328492 4.17269171340839
Zfp36l2 12.4844215051541 7.21563373292751 6.46032187129871
Il10ra 11.9204835825207 4.83148362003434 4.74863123296938
Hexb 13.9682695694516 10.0524428272525 9.31134195970383
Rab20 9.47961105235741 4.02116208642251 3.99497483565555
Grn 13.5694893497197 8.46943849855966 7.1386941842415
Bach1 11.8359025049111 8.13528307341213 7.88494682791648
Ifitm6 9.52062006754197 6.0212944178552 6.00265153913679
Usp24 8.62350684235725 5.01171275421751 4.89178239799294
Fam46c 12.3008656779841 6.25214251934611 5.44751303116991
Ctsa 12.9368651417016 8.74430853117594 7.88164970238868
Ifngr1 12.0120817823602 8.00398517104812 7.68102315495342
Tcn2 12.1131223131962 7.21310035382576 6.66511369928564
Cmtm3 9.80544069396922 6.05751064698942 5.64378573348795
Ppp1r15a 12.6842681011032 7.95055994306781 7.70662559318205
Slc15a4 11.4134041549916 7.88291296771166 7.13723097115039
Dhrs3 10.8664384075394 7.06283684874138 6.52253840326691
Lrmp 8.72621364395205 4.74531705719723 4.48851222905984
Olfml3 13.5589885962411 6.50468672547734 6.40501626104174
Pla2g4a 9.54677550171969 5.35847279818882 5.34311241640977
Ncf2 10.9678841319022 5.81523930572993 5.77909901633532
Ctss 14.0972400899769 9.32470292593066 8.47220670724221
Cd53 12.647448770815 5.68418620066033 5.46247957581362
Fcgr3 13.39521832835 6.16553752640585 6.09318016697289
Hps4 12.4456398299555 8.86138330180545 8.80041721093664
S100a9 12.5433488948648 4.88638699284492 4.82171338301467
Dusp1 14.1600590685473 9.31766798575217 8.1827152702522
Hp 9.14524736055938 5.78652398314847 5.18365452209373
Lgmn 13.3423749152836 9.07876133137598 7.11306189433962
Klf2 13.0114488593516 5.5546281578858 5.54639059921296
Fcrls 13.5094801235154 7.64160903261229 5.51075121122222
Tlr1 9.47210882993985 4.07034833918226 3.89858322706903
Rhob 13.3955639920773 10.040387527904 9.10892937069286
Selplg 13.4608296010201 8.80227117012501 6.6164966012346
Cd68 12.242490069775 4.99369779887918 4.84842359394811
Gpr65 7.84688309866013 3.95934440366926 3.65223487816835
Atf3 13.3007390383143 5.38051635575795 4.73198070268884
C1qc 13.5863871767458 6.00959113630973 5.33374371705563
Chst7 10.9028652320415 6.70304666853214 6.34257742881914
Hck 11.677853867497 5.6470742037431 5.26748425031503
Gcnt1 8.17673933531389 4.41652121201327 4.21593352050001
Casp4 9.24666718666705 4.72218850673521 4.03630713652505
Ly96 9.04291773410898 4.44549066164947 4.32775860591775
Lag3 9.95212609690159 6.44484506527347 5.58287392113202
Cxcl2 11.1862547067567 4.52306594848478 4.21243785984126
Ltf 12.2109361391241 8.05980126574771 6.90053122367526
Cx3cr1 12.8661645891936 7.03109508990021 5.79170348141226
H2-D1 12.6018887958776 8.30839202930692 8.18015400591021
Stab1 10.8319181809469 5.46677951448556 5.14446856401324
Evi2a 12.5292457386737 6.78540724436587 6.49691507142977
Il6 8.39447282799593 4.07008449122252 3.94157508863074
Pdgfb 10.784427213788 6.31897706806515 6.21832789583523
Mrc1 8.63837955832117 4.38189670096874 4.32421510987077
Itgb2 11.8272052895604 5.10436307333244 4.50848683910261
Psmb9 9.34845122497028 5.92048579220037 5.59933133508909
Selenbp1 8.65146815885816 4.99260382712603 4.90836998638128
Adamts1 11.3594540869076 6.16441379110911 5.2885976540503
Ang 8.39410428367088 4.13164981395149 4.07088456668162
Sh2b2 9.22244603896785 4.70244446790851 4.69141741289965
Tyrobp 12.8882077765556 6.1338419599874 6.0934763406847
Slc29a3 11.671269772336 6.86759885522674 6.61803492121507
Vasp 10.4663497281355 7.08605868104665 6.98272114778297
Emr1 12.7324162108168 6.36785993120098 6.0771975783929
Nrros 12.2035612900789 6.29634887196102 5.73040464097619
Tmem119 13.7062504747088 7.19415444551985 6.09725230139991
Pnpla7 10.5567704595249 6.7909992309027 5.33927352651593
1810011O10Rik 8.23549028637786 4.84218657765022 4.52512780481501
Parp14 9.29651035265735 5.96841232370847 5.09279508190532
Havcr2 10.6395343238155 4.39402547040201 4.13159151762784
Alas2 10.1192139258561 5.43652735623032 4.95229339471766
Cmtm7 10.2158890607314 5.37722880766561 5.15438100089297
Mafb 10.9468667556878 5.88188763806724 5.56311720564089
Blnk 11.7867853033936 5.85246709925485 5.70789192310311
Tmcc3 9.49652683269657 5.48662428873023 5.20213544175222
Notch2 11.0904077018543 6.03790205053595 5.64093747375614
Vrk2 8.70364139558783 4.74286689764356 4.4762915059416
Alox5ap 12.5576931349978 7.61690292467359 6.8529366922189
Fyb 11.7070682335866 6.18032717579617 5.95226674479908
Ctla2b 9.98817720392032 5.83567796712374 4.23152768421668
Hspa1a 11.8296568285311 7.06190026279832 6.9464295527641
Zfp36 13.4710413836478 7.60249568751613 6.07525539751586
Abhd15 10.2572440975652 6.18888030478334 4.68113298640264
Lmo2 12.1333491829634 7.98354274769981 7.93888714368246
Cyba 11.7795222099381 5.64128431374336 5.37884281916888
Spata13 11.8423721764084 6.88894421714913 6.38167124707345
Wasf2 12.354976901621 8.78840422702187 7.29301716565742
Ptpn6 11.5568573976642 8.2044449404628 6.637845606677
4833441D16Rik 9.111877090883 5.60753449369816 4.69021293444009
Cd52 8.87459768254704 5.10275293309898 4.57833113247037
Irf5 10.4986359523617 6.52080582981843 5.87585653935651
Naip2 10.6906973938164 4.65401476634583 4.49400937905135
Anxa3 12.8939144704404 5.62924558956256 5.40053727781939
