Tgfbi 10.1729708775644 4.93500392988065 4.62346821230133
Sgpl1 9.54910293773426 5.27583858251893 4.68601113739332
Lcp1 11.8463632704423 4.66851498237419 4.21287776566373
Txnip 13.6993914736524 6.98389576611816 6.88276076979401
Sgk1 13.2007291352408 9.84862858392542 6.20570917560768
Cd9 11.8962881279299 6.80205848169233 5.32532813546558
Tpst2 11.1246231388186 7.68229222371668 7.1032100879545
Cd83 13.2264749464343 7.79117676277419 6.06644405055544
Serpinf1 9.41188678958694 5.07549049586416 4.64903647679161
Sipa1 11.1257432146877 6.72672069799379 6.22019723845819
Btg2 11.4968904593275 8.08013001743067 5.97926516593524
Tnfaip2 9.08145533726492 4.18063468293034 3.83420164056368
Litaf 12.5127367018525 8.03066881723626 7.43397986211779
Lamp2 11.6172171151883 7.78641239178869 6.53617983574923
Cd82 9.38715719713112 5.98482661595826 5.69705509588724
Tubb6 9.94309885815544 5.93861858360534 5.44567427657032
Pfkfb3 9.98570488271776 5.38988299412396 5.10385798044884
Cd164 13.2504873032464 9.58102652552264 7.90153231544345
Ier2 13.4150634942812 6.83215110251809 5.89921573628976
Pnp 12.8627608953087 7.38273051383748 6.87904428757547
Nfe2l2 11.3735710823378 6.73455034227525 4.69893233962887
Socs3 12.8363611039744 4.15854852061192 3.9551399383798
Sparc 11.723215805215 7.29600877882025 4.56344461262826
Scamp2 12.0782300087712 8.00232237086805 7.33265954875321
Acss1 9.58139552895345 6.24947909569669 5.09139951095787
4632428N05Rik 12.9592128362635 5.3462484103887 4.86414135045814
Spint1 10.3415667614487 6.21180332667127 5.4657487411959
Afp 8.20241684612463 3.74606504882348 3.68041399184013
Clic1 11.3846871257571 5.94459177635451 5.64060901941532
Plxnb2 11.1751053377305 7.06138998056557 6.80662977388277
Tspo 8.96653892538565 5.26887427603858 4.52066794697362
Irf8 12.5606886061131 5.82159120766371 5.49785927511298
Fkbp7 9.58447874704344 6.03074416263765 5.18731297817635
Tbxas1 9.77227819439976 6.22915783641231 6.13400368048659
Slc39a8 8.3702572354114 4.41290373900794 4.12511168366806
Parvg 10.3224146114506 6.62082453991444 6.11422267378654
Mcl1 12.1472433486191 8.2577755385005 5.79304293462213
Rps6ka1 12.439882687873 8.46518131611565 7.05591615657781
Npc2 12.9151308001633 9.2565733384382 7.64599797978768
Trpv2 10.5912774798385 7.22091475347494 6.46618387355072
Tnfaip8 9.91373565516323 4.30978476502233 4.18431365745138
Fcgrt 9.65042068842126 6.04116694858975 5.75078606585639
Slc40a1 11.6365802495677 7.00697363649813 5.17096651346996
C1qb 13.3846079047961 9.32301557245373 3.85583983219265
Cyp4v3 11.0721852303594 6.76278932494787 6.52045980145578
Syngr2 11.4559121689701 5.06159947553113 4.51285653683366
Pmp22 12.2653168767854 6.29540060669931 5.39949011306267
Tmbim1 10.1081327824941 6.594751150608 6.3435707964849
Ccl6 10.223717633042 4.84558529154138 4.50665578577864
Cd14 13.3052539164274 7.4100069196549 6.24922668043149
Pycard 11.8185468367102 5.49147846279482 5.20937006224531
C1qa 13.2380236204344 6.45793260895147 5.97088956076349
Il16 10.7022595486227 7.14761155129122 5.92445927003974
Slc7a7 11.052383619296 5.71304384264131 5.09844524902621
Klf4 12.698526861476 5.42102583901495 4.61081355647837
Sertad1 10.6747710405396 6.95947573902077 5.71957572126689
Jun 13.1567215574815 9.49876828535505 5.34515601831813
Srgn 13.2509970787582 6.12769838586117 5.63178959851007
Nfkbiz 12.6860754101133 6.8116980577147 4.45850102464772
Tgm2 11.7718766956168 6.20508100636139 5.0848531718276
Plek 13.0669588958399 6.4247117373374 5.49873280635384
Itgb5 13.3318370523038 7.10431790608017 3.77614957233948
Elf1 9.08676867890006 4.64349179575281 4.15638946920608
Rgs1 11.2541972267774 4.96358239607727 4.56171371944514
Cd79b 8.31573716498709 4.88864946762427 4.64366974527332
Snx5 12.5628056055199 7.39932829294488 6.18149573033778
Elk3 10.4901390004177 6.45272356908632 4.4835378125977
Gab1 9.65193276191746 5.7272154887136 5.02784079592312
Naglu 9.26626288253695 5.86730052105125 5.41604760128016
Laptm5 13.2497958585741 9.33468352957084 3.87115127787598
Pygl 8.42622724597409 4.93715340540155 4.25070883047392
Slc25a37 10.6378478547555 6.79002703881752 6.2828777425115
Serinc3 10.8737843005988 6.85429274016496 6.2571747403233
Ctsz 13.0341451754765 7.66664549216374 5.8319685856673
Fcgr1 12.3056772228307 4.80015801711957 4.46000707736694
Slc16a6 11.601886645942 7.02749646826318 5.4917488769058
Pdlim4 9.4700059993897 5.40581411279079 4.62200890464752
Ccl9 11.5606702750711 5.25426682573599 4.83576735387922
Tmem176b 13.0401808488191 9.02831799126015 7.94301149075872
B4galt1 11.050190662426 7.64346309962986 7.36282079284034
Tnfrsf1b 11.5849644137814 6.75149281961449 5.99882039376666
Inpp5d 12.5199395399242 7.19281286266826 6.77793896653747
Tlr4 9.52419084436795 4.79283602498466 4.21267100568605
Pmaip1 7.94812896443572 4.12960131755901 3.98146750356055
Aif1 11.8782125697407 5.81307396533122 4.86331375512989
Lims1 11.3895886323577 7.9301438771214 6.68109021274161
Klf6 12.1614928848338 6.41341924474436 5.602636123373
Crybb1 12.3010895138039 6.81391808099815 6.19522619636155
Fcer1g 12.6409109862305 6.85710886760097 6.12574368988077
Ctsh 12.8519091129382 5.90473993722806 5.59549421434584
Gpsm3 9.66649074936397 5.44680684179681 5.17887944196563
Ncf4 10.7081144474155 5.45282059067244 5.09086840395935
Ggta1 10.3145780373454 4.29304104383723 4.16712088531435
Lcp2 10.3889718130272 5.11012192787015 4.67598197801251
Ngp 12.4329204009581 6.51734803679004 5.66247061329372
Spi1 10.2850028049619 6.36020636661182 5.76504672364756
Csf3r 10.4703586336665 6.91269091007448 5.58207744049078
Ms4a6b 11.1222234312687 5.26488912312136 4.94937309918456
Hcls1 8.83239317939796 4.91783575947979 4.7145797240695
Pabpc1 11.1513836653323 5.57596924463295 4.67641882687372
Skap2 11.9890479352489 8.63111016276974 6.39964512685625
Plxdc2 12.0633823649962 7.5999143979579 4.94860459639152
Cxcl10 9.83264446685726 5.29636407629259 4.96000451971346
Maff 10.2395219098757 6.46099982221826 5.92021266324963
Cysltr1 9.33333349087416 4.67241080467139 4.12626325470404
Bcl10 11.3928955143517 7.66618465892302 6.77481748883583
Cebpa 9.88957255483431 6.23796369211649 6.06580217669678
Cttnbp2nl 11.7204560544011 6.06668918777762 5.81189364980396
Lyl1 9.97533629065994 5.8795214725465 5.34411363882501
Ptpn18 10.4025712369028 6.6714368970055 6.23667624421669
Tlr2 11.9268402473875 6.2020524558 5.39197367078538
Cd163 7.66769719158114 4.11568201466342 3.96983925090634
Serpine1 9.52331793271942 6.14583587320111 4.54611809501912
Mlxipl 10.549742788076 6.66016692425969 5.25372690241674
Cd37 10.9048574016166 6.70723950609943 6.013571059932
Map3k8 10.2849700718244 5.18174614954767 4.82229269976532
Myd88 10.7278217724093 6.87838588192188 5.72627561187443
Ccl12 10.5112043294489 4.60508548691203 4.43034225007353
Pon3 9.20297150005047 4.44153206074516 4.23802866381289
S100a8 13.0395448654869 4.74792502972424 4.65998502436898
Il10rb 10.7116513838826 6.23062976637336 5.43280727046573
C3ar1 11.7072754362155 6.56800058197265 5.46895549797152
Fgd2 12.1304825880125 6.39299899121876 6.13850622405993
Rela 11.8428094359349 8.31238319281745 7.4521250211699
Ccl3 13.4953964323281 5.36328673605381 4.60845107638815
Ms4a6d 11.3799791784438 4.7940331154796 4.45936917717086
Ier3 13.4963591841383 8.36859730809389 6.76348469494133
Nupr1 9.93831898336817 6.04567707025216 4.90460801627274
Camp 12.113738407204 6.22467871941796 5.57078954358396
Chil3 11.1159878878753 4.54338999408499 4.09892908781288
Arap3 9.86775374576886 4.43360637855562 3.9612281124002
Tlr7 11.2112407400947 5.49703282478909 5.03958640982083
Trim25 10.8969751411857 6.46455033689982 5.4948912213486
Hpgd 12.0107499612859 4.91064334231072 4.48322263516997
Mcm3 8.92535440058905 4.98316199226218 4.90065847525401
Morc3 9.98783898123944 6.62412347615876 4.78888270876601
Slc11a1 11.4154854568916 7.00196622367854 5.7851867193678
Ccl2 9.49866288250659 5.59562848581274 5.32643981105472
Cd86 11.6419705628058 5.22724323973063 5.05368187192216
Sat1 12.159300186165 6.52063091388662 4.9596789339041
Prkd3 9.70383275414416 5.79117324713062 4.92053618955114
Gpr84 11.5935377294956 6.20126639312345 5.50690516806087
Vamp8 11.9027573726861 7.38395440420131 5.99952559779769
Tcirg1 11.3257053795282 6.79887581178131 6.42718276485538
Sqrdl 11.0518617676912 7.4771551869479 5.51760141440274
Trim12a 8.5835260320544 4.21058864457158 3.98684137575027
Zfhx3 11.2942984484453 5.71757645769726 4.34730665060009
Slc15a3 11.5219827541908 5.53359252856518 5.43065755829948
Rel 9.30153835661437 5.72566076176051 5.11719518269989
Tsc22d3 11.4721491337919 5.84243063806306 5.39547116563812
Sla 12.3378861062474 7.5724379412808 5.65039614819248
Tgfbr1 13.4953964323281 8.97702593294647 5.03566162572633
Snap23 8.47917138557207 4.46068392824475 4.06297060071235
Asph 11.1131392793095 6.8498651276972 4.88709734046181
Ivns1abp 12.7182126498181 9.02953461092494 8.1343533373955
Adcy7 11.9646243532397 6.45104752192631 5.24000698708436
Rbm39 10.4094928984617 6.12796328938933 4.67434817006867
Vamp3 10.8638436564196 7.0066222564417 6.01368135878878
Bmp2k 11.3162621163235 6.24272094117186 4.9089625492516
Gpr56 11.0473777353108 7.48543115296826 6.95910462033141
Lgals9 9.80576100376818 6.01474886717824 5.49673407795768
Trem2 11.528689695107 7.221523463898 6.41069630486621
Gna15 8.93153578094543 5.54453340417647 5.22084510637194
Birc3 10.7521481640029 6.46503950640891 5.6866477830509
Igsf6 8.68495551282954 4.45021649624812 4.10459746613633
Samsn1 8.95535277925432 4.62736984153162 4.41326881372996
Il1a 10.5450729398403 4.76743878348476 4.20985873125172
Hpgds 9.14123713383759 5.60798558936037 4.95464993428281
Naip5 11.1347547074536 4.573609941699 4.22403665349478
Ccl4 12.7516225784521 7.5599272636216 6.06224423681959
Itpr2 10.8613975316724 6.08116771512264 5.62384104068613
Stat6 10.5031698578152 5.85262447334432 4.81711063307556
Tapbp 11.4240903434095 7.3026250884013 6.84458220557764
Msn 10.7217422633417 6.18967895905432 5.98286682723342
Abca1 12.0785728549459 8.65127122267156 6.99574244860941
Adam17 10.581995677351 6.46595284219644 5.67474976547788
Dapp1 10.626591308075 5.1752432042445 5.01363065655213
Clec4a2 10.1190075949126 5.25840474115696 4.88092593224115
Fli1 10.0832277034328 3.8564653863032 3.75797315013537
Ets1 9.75745818736726 6.06425297618308 3.75528099532908
Ptprc 12.4215732421658 5.55337518236882 4.30842754893292
Fosb 11.9818678393755 6.2346530102712 5.10674167811115
Ccr5 11.7087776692335 5.31315792320622 4.35632520321673
Il6ra 12.6405285425734 6.38758084894546 5.41388525078822
Tgif1 8.50458243562559 4.80353346616779 4.7658467242106
Pla2g15 12.3512186582331 7.98589446820187 6.90322635334391
Itga6 11.5906633280243 7.48858435554714 5.8982102693851
Ifi30 11.4062018650154 6.14917607295461 5.85047527733165
Cables1 10.7158993683559 6.33410707285793 5.85950744501024
H2-DMa 11.3395300052483 7.37770241287534 6.67766054597251
Zfp36l1 12.7019764996359 7.13928023950784 4.8334251670294
Gpr34 12.142699851518 4.50969115017875 3.95914759420623
Rrad 10.0026571297703 5.46349980016245 5.28507882860244
Cr1l 11.6955153199688 8.28713951522231 7.39859670980213
Rnase4 13.0771643703574 5.88444806974552 5.29849010080769
Hk2 12.3164140648536 7.62970619453399 5.78165580063101
Map4k4 8.81854047498591 5.18889253022464 4.20465785069395
Fam111a 8.33832002390926 4.85367722627847 4.3911987996293
Hfe 11.3196450739578 6.54125957748376 5.81788212249695
Pmepa1 11.4586918603674 7.83776330841314 5.88389802164749
Pik3cg 10.1537853547168 5.70589595387966 5.32422554131314
Tlr3 9.63659550839082 5.56019831063401 4.77716417831104
Prkcd 11.3607793398998 6.81240861108983 6.57410182335308
Mertk 13.0985151577591 6.7101820227941 5.47005574537594
Cd84 9.96224237530016 4.61710433536593 4.52521904198472
Ly86 13.8305038298173 7.74062720201327 6.23627475752904
Vav1 10.4997459843954 4.21501143353048 3.88026957176115
Stt3a 9.80513059719094 6.04647426541641 4.64670447345278
Ube2d3 9.21870316023409 5.64053162470583 5.19486904352666
Cfh 10.8438396260437 3.88155788204792 3.50807225507513
Tnfrsf13b 9.66545251361214 5.31532083160146 4.55063889187281
Hhex 10.060418644213 5.7382236191004 5.5585326384574
Entpd1 9.58873000960094 4.4143952544304 4.30782389077022
Ptgs1 12.1626150793908 5.75144610199053 4.55421999769358
Adrb1 10.5218876655346 7.13546439428364 4.81351179289299
Stk17b 9.80355004387352 5.65385980298863 5.11067394134132
Frrs1 10.6966078261321 5.44442944181807 5.22403441815162
Lyz2 12.5660138290276 7.04501726114232 6.60086130343218
Ssfa2 10.4026641404164 6.62387148143925 5.8047347131939
Galnt4 9.11869231898454 4.9955290144733 4.55073576854451
Ctc1 11.7422487728519 7.76313738112566 7.17319436173987
Unc93b1 11.3066168079527 7.17468727601823 6.71817331084476
Mob1a 11.6304802850351 7.55679880388045 6.25412629728674
Cmtm6 12.2803328178186 8.93472920654157 4.73603170607577
Wls 8.21516176510327 4.73890146898106 4.48064602771295
Tmem63a 11.3727165126659 8.01947278392059 7.07006193797789
Tmem176a 10.8465428280293 7.08641706012378 6.68455308685602
Tspan14 11.2007785813707 7.52686490587631 6.39828996346859
Lpcat3 11.4786154330381 7.65908146805577 7.12350303335442
Hvcn1 10.2856187487951 6.0455228819117 5.38769329057753
Edem1 10.5644676490564 4.6343259201698 4.57624994238973
Icam1 12.144222640413 5.32165247298545 4.69063358921124
Rbl1 8.51194870241016 5.05553055699979 4.40746847684026
Rcsd1 12.3223507478265 7.23947117548347 6.62479581373922
Npl 10.119227368812 5.6387900550964 4.9559432393361
Tmem140 8.46080936763924 4.55679171124353 4.36449495243592
0610040J01Rik 10.8106638816197 5.35802354130122 5.17838385888269
Tm6sf1 11.273380881778 7.45301804658619 3.90915775812657
Cklf 11.3324839569912 6.10855178831635 5.42494154076252
Casp8 9.83591177234681 5.02423474152168 4.76187604492126
Tmed5 10.4601759587631 6.06369936117676 5.2484259518701
F11r 12.1638127271072 6.26820730428638 6.0677633524514
Eva1a 8.63294613398656 4.63211427216202 4.36771262679188
Tor4a 10.4213155961976 6.80284382249616 5.81993358989084
Ptbp1 9.02225932629817 5.42442916502677 5.05783273642016
Plxdc1 10.9642741564864 7.41592431591092 5.95740930549628
Lpxn 10.730982217212 5.26181967625233 4.72136024406742
Siglec5 8.337886172674 4.02711358486613 3.83933272126149
P2ry6 11.5909433501351 4.99786459205187 4.57753564580914
H2-K1 12.7949568117272 8.47412381473096 6.65037187700853
Tgfbr2 12.4312251246194 6.79654125548486 5.22943215224779
H2-Ab1 8.4512011309411 4.9591505207452 4.8149700609914
Ceacam1 8.73427463823456 4.88208534867444 4.52629877849932
Mlph 9.52478746573067 6.14436813215472 5.23543275647083
Ncf1 9.01873662127703 5.53302811100674 5.50193923837088
Il13ra1 9.69650941211153 4.65212881299508 4.26652942685659
Adap2 10.4876327911899 6.00209440531767 5.07103297254518
Lrba 12.293139019726 8.96742393911113 7.91573821500875
Nmi 8.7449893077744 5.16164590356826 4.9126048003602
Pld1 10.7880824610021 7.11014297774578 6.17824493439745
Pon2 9.26937417743214 4.37774892131237 3.95951551468259
Gem 8.28009388336886 4.05693317619508 3.75879458934732
Rrbp1 12.1135184174842 8.5669841777548 6.09393896897316
Vwa5a 10.3690918760756 5.99335925100628 5.26048169967594
Glul 11.9439234863599 6.8366501830504 5.12594295930468
Arrb2 11.5161791808491 6.58684795685349 6.16815228840066
Pros1 11.4244912078995 5.65596727537395 4.52307808297086
Ifih1 8.66416697609045 5.28306793408334 4.96903331570201
Rin2 10.1302854085197 6.21157175467127 5.12341920145492
Arhgdib 10.7800288131728 7.42664656036346 6.23313761333089
Tifa 10.6649959627868 6.93021764421075 6.1863873139323
Arhgap17 11.0358082941061 7.30230161750401 4.59797956258496
Slc46a1 9.39593470371558 5.86593450691197 5.08239079372753
Armc5 10.592420015339 7.23983846920669 6.995056702341
Parp12 9.52345845288495 5.16044449659817 4.78250928263872
Trim47 10.122871565472 5.82262266391337 5.38548498769473
Fmnl3 8.92058913443164 5.58137343226108 5.43949706008426
Arsg 8.21968836256545 4.36296218307431 3.98971660057947
Sash3 11.2528818012755 6.95234142730855 5.97020565616223
Themis2 9.94919523666928 5.33189749600765 5.06868561227705
Mpeg1 13.5339312443488 6.94215703049133 6.64441847321242
Cd48 9.99176185857167 4.76482689899998 4.51111002514298
Akna 10.5978331936346 4.84765614043224 4.49572338823292
Sult1a1 9.92143049281146 6.05359906544912 5.80368018504375
Fes 10.5840546362038 6.90503497143323 6.58311810508287
Cep152 9.68353142517718 6.19879162291215 5.76899468712961
B2m 13.2088860971046 9.10235078086152 8.37513525076622
Egr2 11.2144151601674 6.25103021610655 4.07820530471568
Ccrl2 11.4107831106411 6.46138373609205 6.0120892896071
Lcn2 11.7182561949748 4.64644824376128 4.37230972279148
Hbb-b2 7.86146929235822 4.08283368120141 4.05176853924503
AF251705 12.0057126252299 7.5705460652586 7.15782187125991
Hmha1 10.4487011332694 6.30458620063133 5.70226073927241
Chn2 8.31244073196833 4.67412154906011 4.28039016244414
Gmip 10.2055870255081 6.6883127322489 6.21549904942164
Nckap1l 11.1526856630168 6.37572912535714 5.81644417071588
Abcc3 9.7509259850256 6.23473900266153 5.62763833050607
Rnf130 12.3284705937932 8.70695431788968 7.59004408989215
Rhoh 10.7637079698635 5.58945925764593 4.99561945025903
1700017B05Rik 11.7522974287947 6.30599808001232 5.35430682109527
Gusb 11.4803411718158 5.13544741577991 4.72772954051051
Lair1 10.6612900224916 5.2759819002295 4.9161965309348
P2ry12 12.4385715566921 5.31643123563904 4.67271096127669
Rnf19b 9.65744414029616 5.0893035248878 4.83505365553176
Epb4.1l2 12.5432840929574 7.90754080520207 6.35243657767945
Pld4 12.1700437011819 5.90114477549957 5.56682108097318
D15Ertd621e 10.0624486421296 5.14788253653056 4.07510137962906
Lrrfip1 10.7224886700699 6.16143518303912 4.87871703284056
AU020206 9.79768698851007 5.99679590258843 5.30333620782155
Fermt3 11.4207362066657 4.35982672273433 3.91317811191633
Plk3 11.036823711972 7.0061879101096 6.20225020136687
Ankrd44 11.5679366187782 6.07988967041647 4.61251089386313
H2-Aa 11.2644036954394 5.36867998463525 4.56479248430112
Fam105a 11.8820924454901 8.06730930660022 6.84675444371262
Rap1b 10.5897063292161 6.0528194889902 4.86817698152741
Herpud1 12.5116726598182 8.31087609977208 7.80104881979086
Cd300a 10.0530239896872 5.5725554958079 5.12173149660268
Wipf1 10.3652831365882 6.54479169176878 5.67711118870738
Tmem179b 9.57494076147868 5.69573686267903 5.22135509161563
Lyz1 12.2502412289951 6.27258570578869 4.34322990251328
Clcf1 8.68466038510135 3.88086970420602 3.76683428591144
Adrb2 8.29734945321406 4.24806127638471 4.2459820849437
Lrrk1 9.1635528470806 5.0091445709685 4.64902006224173
Zfp36l2 12.4004422821899 6.67582711291367 6.15669187450527
Il10ra 11.9867649941734 5.22252725837961 4.74382141561522
Hexb 13.9214339669789 9.84799269880268 6.1039863054536
D530037H12Rik 10.4018822600769 6.86455134403461 4.71737972784002
Rab20 9.64744268247702 4.09142469149196 3.80510834341291
Grn 13.6303783372944 8.0838425950128 7.30202743156184
2510039O18Rik 8.62794223880257 5.17957216966941 4.97951600189248
Mavs 9.23385264584594 4.86089155555833 3.55813240510376
Fam46c 12.2421510197398 4.57798243372014 4.50126509387246
Pald1 11.0128320429645 7.00184049209318 6.51449042895738
Ifngr1 12.016051864462 7.60468189223755 7.06034717504691
Tcn2 12.1195930224409 7.6637490994989 6.72081949334667
Anxa1 9.64055143138413 4.95640258473627 4.5896238768522
Cmtm3 10.0110497819572 5.60281018105797 5.36579091324123
Ppp1r15a 12.6593601245383 8.4429216666433 7.24735933818403
Slc15a4 11.356384012252 6.96885507196268 6.86578363124554
Dhrs3 10.8328899765314 6.64326854244323 6.50512770955069
Lrmp 8.89491220593798 4.70514772018749 4.21679098531082
Olfml3 13.5644607358692 7.08949004249719 6.38078078579755
Pla2g4a 9.55730250855793 5.08160376548042 4.64799367554351
Ncf2 11.109264808914 6.15269448205905 5.69267197106875
Ctss 14.1223387589978 9.99193419848201 5.32500142022487
Cd53 12.6270729328698 5.62701555587544 5.39256635471459
Fcgr3 13.3874319809845 6.08306013947456 5.29126468300512
S100a9 12.2965410503709 5.59048874295689 5.08766368255589
Dusp1 14.1813580097059 9.76780983908795 7.25643067775274
Klf2 12.9915058739807 5.6840824477896 5.44528793756485
Fcrls 13.5200887013828 6.80007235192297 6.20778326663399
Tlr1 9.55990391864875 4.25255786064714 4.02397373573664
Zfp90 9.89278120178404 6.21783346645223 5.54506514694923
Selplg 13.492313873689 7.89100784648983 7.32320352039036
Cd68 12.2825968841945 5.99545885280097 4.91337416916118
Gpr65 7.85611733273235 4.05732884067186 3.84131217643831
Csf2rb2 9.46516272602394 5.02474897845605 4.56306994142482
Atf3 13.3007390383143 5.63336289189142 5.39301023259423
C1qc 13.5695399365939 6.37978890277665 5.55111457511254
Chst7 11.0545300964632 7.08776302015616 6.05245927644665
Hck 11.7192724128215 5.63280223254348 4.95221292889799
Gcnt1 7.89240442650036 4.37840403493291 4.13447810624192
Casp4 9.17977855891737 4.99042550919614 3.9758010305085
Per1 12.1580724735259 8.51585693606112 7.91342569385717
Ehd4 10.2769858985773 6.39695276640184 5.18661358522128
Ly96 8.98885773803667 4.82870657665953 4.38226896031328
Lag3 9.94342037341401 6.29014031760186 5.81066624351037
Cxcl2 10.9236295592129 4.52123375254257 4.06816735003719
Ltf 11.9771261319803 7.62661791955868 6.57382630595911
Cx3cr1 12.8322911670036 5.95346036518928 5.74915752160839
H2-D1 12.6856010965553 8.626333728435 5.87522674563363
Stab1 10.7835801182221 5.44078127879535 5.22816560724017
Evi2a 12.5801879760248 5.32124812456421 4.90280025295056
Il6 8.3523884587654 3.95617529720762 3.87615536279355
Mrc1 8.47267687587698 4.90659302247411 4.38795794491491
Itgb2 11.8281947861841 5.12512911514182 4.81463179495745
Psmb9 9.49408509768935 5.88414600163906 5.51191210035329
Adamts1 11.3973807177838 7.95073461052904 5.13438884276292
Ang 8.67340897437916 4.28470460439801 4.06893499775986
Sh2b2 9.32069277757714 5.38620616021135 4.44786103191035
Tyrobp 12.9035612805634 7.45947177371781 6.17702920665612
Crot 9.71542778628793 5.93805392713051 5.55673143769837
Slc29a3 11.6835560124248 7.51770996095502 6.43025910651114
Vasp 10.5290974508756 6.72812673424123 6.3554482592713
Pbxip1 10.3716503756831 6.98083261609742 6.44662049374761
Emr1 12.777781853873 6.52976927503448 5.8422214626163
Nrros 12.3519497751025 6.33094017437624 5.95038938884261
Tmem119 13.699678559052 7.06617539777006 6.23181334790555
Pnpla7 10.5843197435089 5.95510141905605 5.39129004106047
Parp14 9.10437062254361 5.32509436982093 5.27378566283854
Ttr 13.1109777518357 9.29007567345045 3.85778364821379
Havcr2 10.710530075929 4.35696638184926 4.29304663380887
Alas2 9.97256535353661 5.46871387790753 5.07781530814202
Cmtm7 10.4036329494645 5.71082076199375 4.99531208121817
Mafb 10.9849900615298 7.61130616135477 5.4292943309668
Blnk 11.8079240962002 6.63495128961432 5.71470136881426
Tmcc3 9.16895367720384 5.15891337163487 4.78993015310496
Vrk2 8.87003271247097 5.00560098938769 4.48450771467586
Alox5ap 12.5749967599795 7.15987924102004 5.93383308976098
Fyb 11.7159427823204 6.40509902917701 5.93665309514645
Sepp1 13.725757445204 10.0056671632995 6.15407209909417
Ostf1 9.88695792996933 5.5219270536822 4.61325012875764
Rnf135 8.8595666153783 5.48362139716085 4.97678365263954
Ctla2b 9.94438247489242 4.29750156909387 4.22668737147292
Hspa1a 11.9245276178108 8.40286468570963 6.31339258060741
Ccdc86 9.53354211585671 5.8683696500246 5.16491393300381
Zfp36 13.4960506681509 7.46425218152071 6.318694051111
Abhd15 9.92497435981129 5.48683902296285 5.20991867422414
Lmo2 12.1717394598769 8.57645367342774 6.4905952446922
Cyba 11.7749627835735 5.34383155206146 5.04087833523046
Wasf2 12.4660305697947 7.48331596382168 6.61416185249544
Scarb2 11.7293389223241 7.35987699498068 6.61835163683637
Ptpn6 11.3292345329635 7.61470549253264 6.90494848231412
Tec 10.1967601761071 6.65199300149239 5.82757800699177
Cd52 8.83934325002235 4.79040022987649 4.69724520766508
Irf5 10.4417221455899 6.41001236459071 5.87669803608783
Naip2 10.8151812852359 4.49554929933494 4.39533848131938
Anxa3 12.9131833282778 5.88779404104763 5.06627077729923
