Golm1 13.1792932323564 6.82083407333461 6.3466652326571
Dusp6 12.1118170992931 8.46219581548019 5.21177446747008
Sgpl1 9.58944930363067 6.06727616009273 5.38261262204524
Junb 11.5499826198348 6.32678456415308 5.55896323559451
Marcksl1 12.1668078078091 8.4948019671066 8.18068192154521
Mpo 8.64472480371545 5.09668460571496 4.79816640404549
Lcp1 11.9186828085383 6.23554627987506 4.57126291959647
Txnip 13.6926905825169 6.16474937138229 6.05796722614255
Cd9 11.7908634776503 6.21675630987403 5.98713678911511
Cd34 10.4821943254353 7.15145195570775 5.01066541764177
Tpst2 11.1108919206009 7.72051702987601 7.69467653808907
Cd83 13.2161047162533 8.26293172966363 5.85199577053823
Mmp2 8.7280447113755 5.25400699724924 5.17931118419218
Sipa1 11.028832104782 6.68880620157327 6.53129042981861
Coro1a 12.5292545103329 9.04594513270746 8.58640353935132
Btg2 11.3906424677534 5.93288714019003 5.8776717456707
Tnfaip2 9.07410944533167 4.3767504644206 4.35930575174188
Litaf 12.5687309938788 6.9795388771466 6.78249122222256
Cyfip1 12.6115291742802 8.25888939640269 7.08200904718223
Lamp2 11.5544716379291 7.63592796120228 6.20953610141221
Snx18 11.8255448234537 8.3209843362611 7.89043939396988
Ctsc 12.6108642775907 4.54970815065798 4.50034870996282
Cd82 9.23153634995101 5.69205897637996 5.50138527845111
Tubb6 9.94746027053954 5.76623535069204 5.62240225017518
Ier2 13.4029366730924 7.35348384456859 5.94465098569099
Nr4a1 12.1194322490947 8.24048074242393 7.52802949169972
Pnp 12.8799287012372 8.70277519789855 7.62575271714429
Nfe2l2 11.356253934114 5.98179616730237 5.71917685447227
Socs3 12.8477426387797 4.24166630354945 4.0259763907386
Sparc 11.7443656880018 6.11063411004828 5.41205937184749
Scamp2 12.1490850674193 6.64765758178891 6.57306095813625
Acss1 9.50387495272519 6.12596941415478 5.20042787541222
4632428N05Rik 12.9633024758073 5.09897419392654 4.86801568709293
Slc2a5 10.6169587052025 6.4991838139948 6.30948519362702
Afp 8.35050803873215 5.01879308964706 3.88829262635544
Clic1 11.3122330580261 6.44512826405692 5.55825311047347
Plxnb2 11.1496648391028 6.61007630072065 5.86475202805494
Irf8 12.5462653592052 6.30665172539157 5.42940518739141
Mical1 8.77305668351709 5.18132399369686 4.9923575356777
Tbxas1 9.68864876043037 6.12049776310112 5.89824116103858
Slc39a8 8.14296708004609 4.28670976889754 3.89950410443047
Parvg 10.4281853264487 5.88209279316432 5.55152986807598
Mcl1 12.2077605709068 7.49726998500028 7.01371687013673
Rps6ka1 12.3511118887686 7.33000520283056 6.68571208469924
Parp9 9.69879112347596 5.41341606085061 5.16879297725772
Tnfaip8 10.106166018297 5.52771236744181 5.09155388716898
Mfng 10.2459357618163 5.71368731958517 5.58836220342659
Slc40a1 11.6873175794834 5.85335324932443 4.9917524783643
C1qb 13.3809165744448 4.59192218636387 4.09539130835721
Cyp4v3 11.0156233140278 5.81553273722174 5.23605540356777
Qk 12.4657276661435 8.76625448183168 8.65939865869136
Syngr2 11.5324666076936 5.18126778911455 5.002880747168
Pmp22 12.2434056339285 7.769833659766 6.44964507192635
Igtp 10.573481340332 7.21252215207357 6.13270080118135
Ccl6 10.4831140019336 4.57975115488038 4.50578976686803
Cd14 13.3794861542207 6.15061962351291 5.86530778394847
Tnfrsf1a 11.349722903685 7.09741683032238 6.91909029222457
Tob2 11.2863217891244 7.44861245025987 6.88819665664692
Pycard 11.7530559991681 5.91826230299194 5.56932289500657
C1qa 13.1874316054276 6.45481869634257 5.81099997914029
Il16 10.5676116874908 5.39424139399991 5.35744187211974
Slc7a7 10.9326702827516 5.29904520466139 5.23557635396939
Klf4 12.8356975471887 5.12381136646505 4.9883595940614
Jun 13.1513958362792 7.26205540927386 5.86734685249994
Srgn 13.2795222117037 6.07138474405814 5.09871713172338
Myh9 12.5447914497017 7.96133355454774 6.77926388834916
Nfkbiz 12.6921044506167 4.98480082779054 4.50506095834337
Tgm2 11.6702792723547 6.30646337614471 5.99042916555147
Plek 13.0385446953369 7.88951086898572 7.34319830381337
Itgb5 13.3122301859398 5.0002839730334 4.8584005096173
Elf1 9.08464008124719 5.01778526520168 4.61387247141578
Cln3 9.83088294827292 6.20894122120758 6.05696770650208
Slc15a2 8.91777964521841 5.50054961810168 5.21909794285141
Rgs1 11.3590498478886 4.45596098414311 4.36652174422205
Tmem37 9.84921340109981 6.33349947682941 6.09666446516548
Rac2 9.85175366603671 6.09223583868422 5.913010464137
Nfatc1 10.0088645121847 6.25116765245018 6.12315893119988
Snx5 12.5419589726741 9.03669435915899 8.30727795873233
Elk3 10.4319956263106 4.78422939738573 4.76835056025643
Soat1 9.01103606914302 5.39064122668657 5.37017205664415
Laptm5 13.25292607905 5.68228860473728 5.60772827614347
Ptgr1 9.95096043750722 5.47401406756769 5.15863444439515
Ctsz 12.9968566741552 8.69442438115541 8.05860248314611
Fcgr1 12.2955371160684 5.09494635977747 4.78163515966162
Slc16a6 11.5647594820405 7.24528917523216 7.15548871327413
Pdlim4 9.51167808110339 4.83801277766428 4.51290001698082
Ccl9 11.4677327663853 4.94362552139615 4.85725910928087
Trim30a 9.81298833801394 5.28850387743567 5.12075222679308
B4galt1 11.1336165305587 6.16620370812023 5.93423456192475
Nrp1 10.6812295061732 6.73866627103029 5.30428957231388
Tnfrsf1b 11.7452188608572 5.99662522677877 5.76157495184425
Inpp5d 12.4577394438636 6.7112359493555 6.30679456872715
Tlr4 9.57555684780965 4.52177188459572 4.34231741673526
Pmaip1 7.97566326054479 4.34924415505959 4.05444402465411
Aif1 11.8214348072249 6.6567272109699 5.82213816087959
Il15 7.64022998784039 4.30747780666388 4.08513965481296
Lims1 11.3701224038562 7.5622270248707 7.39984792108448
Syk 11.3160084368777 5.84496415640638 5.74701581805027
Klf6 12.2250639567383 8.07505876299209 6.23220784711792
Crybb1 12.2648088011919 6.52686833947357 6.27835579225673
Fcer1g 12.6718396223893 5.92149799908312 5.79289678585894
Ctsh 12.87251521366 5.34462645701799 5.25986316073181
Gpsm3 9.55595780536678 5.36177682868254 5.2822982547014
Ncf4 10.7292352869563 5.0606679332998 4.97684228781962
Ggta1 10.3002208247185 4.24348683751102 4.11479975753538
Calcrl 7.78386106503694 4.45023754384322 3.7733158566328
Lcp2 10.4089431447829 5.09155983051587 4.83844181762639
Ngp 12.7574775005176 5.33597650175177 5.22324548610411
Spi1 10.4190424481911 5.95076528958509 5.84431253025753
Atp7a 10.2141459779396 6.08385066858616 5.89687864602796
Csf3r 10.4683520496493 5.19896145931345 5.17745715721276
Irgm1 9.75785220128619 6.33028953403326 6.1468888918865
Ms4a6b 11.2554621340409 4.84867442987921 4.69080347470701
Hcls1 8.70906636115833 4.94839140158258 4.68163822108209
Pabpc1 11.1781404360411 4.26462725102573 4.07785064060786
Cebpb 11.5932508063623 7.53570887659698 7.32098692530634
Plxdc2 12.0745716973584 6.54610379229369 6.27724146734015
Cxcl10 9.72683118350032 5.29107478168936 5.1913947348576
Maff 10.2074887860116 6.29894289239861 5.82340935080617
Cysltr1 9.25437959121948 3.96480487499903 3.88283432807245
Cebpa 9.84230025530157 6.09647978816591 5.42973587015132
Cttnbp2nl 11.6991350325633 6.87954059676131 5.60590752432817
Lyl1 9.96552235514374 4.97926709769891 4.91181363639631
Ptpn18 10.3344380846283 6.32546803542576 5.95286202549247
Tlr2 11.9276981137555 5.55750928462155 5.38137424711549
Serpine1 9.65311808101758 5.18778394560621 4.83952045605029
Mlxipl 10.5385226388773 4.84344334836916 4.83395286185297
Cd37 10.9003612304416 5.60552376417881 5.41079307822716
Map3k8 10.2772018482877 4.80813238300608 4.76346511503156
Myd88 10.6605178444686 5.97375832232533 5.48258727624597
Ccl12 10.6391731596107 4.77371039015854 4.47391867064398
Jam2 8.93482451958042 5.28758224155405 5.15796234145403
Arhgap4 9.32893709991249 5.3818854027599 5.17636385836442
H2-Oa 8.62773488286702 5.10924868030953 4.81213744381273
Pon3 9.25424963832735 4.2085776103885 4.18878237058478
Slamf9 11.1460693903532 6.2629301582611 6.17159549591696
S100a8 13.1710031765985 4.89168006643797 4.85653828766583
Il10rb 10.5493104181091 6.77565667566108 5.28714514575033
C3ar1 11.7048817822179 5.45664222730615 5.36365674134963
Ripk1 10.2351943744533 5.56476789394551 5.28097282388471
Fgd2 12.0963667807367 5.89104763679684 5.84716265185858
Rela 11.8418378886618 7.16513564115448 7.0910667745971
Ccl3 13.5359936909524 4.61354800104508 4.58569351132079
Ttc28 8.96750239347399 5.59565632736807 5.19506861109718
Ms4a6d 11.4841310922632 4.77343799208012 4.52480635813549
Tnf 9.93397669508449 6.38626487098673 6.14578351094066
Was 8.02197322990764 4.52386653460466 4.28299573724971
Ier3 13.5124048716238 9.94367814777843 7.4422437399511
Myo1c 9.73318457178588 6.40031841215256 6.31924710454693
Nupr1 9.91190169343546 5.84104136515577 5.67550803780692
Camp 12.4507582747533 5.46798927214326 5.43313691544527
Ltc4s 9.72815138352943 6.12574253330119 6.03955049539788
Klk8 10.1827990465209 5.76766975740357 5.54381357036349
Chil3 11.4871946767607 4.00870080105524 3.95537319304912
Arap3 9.99309938625579 5.08290831584535 4.27210311627873
Tlr7 11.1537008662761 4.94539952760937 4.75388351768261
Csf1r 14.0292728577336 7.04093007528054 6.98708394624469
Trim25 10.6548242070809 7.22274945291898 5.56799007836858
Hpgd 11.9738918982247 6.76979488263324 5.3830782141784
Rab3il1 10.3829864041852 6.89611306808428 6.17085840664918
Mcm3 9.01275163949269 5.17016835480373 4.82459957950675
Nfkbia 13.5863871767458 10.0840607288026 9.70318246219789
Gdap10 8.59879464478789 4.5184904378624 4.31975773967268
Slc11a1 11.3948658681908 5.51495232900529 5.26506378883682
Hnrnpa2b1 10.1857595588016 6.72658824654998 5.76311933582948
Ccl2 9.3887194295731 5.38638752420619 5.06704043775693
Cd86 11.6527693006629 5.26527999733531 4.86073102865173
Prkd3 9.77821211859841 5.99885960836547 5.14686016727592
Gpr84 11.5263505075912 5.53104771589673 5.39457569803753
Vamp8 11.7850542682879 6.5441648880784 5.97585739199728
Tcirg1 11.2860007996333 6.8721797416179 6.45198703625694
Sqrdl 11.1213981292751 7.30606649982643 5.98851834605969
Trim12a 8.39694276788024 4.26045104548999 4.23207686209394
Slc15a3 11.3995649353571 5.55015626692095 5.3323207685692
Clec7a 9.25038759656192 5.00223470633854 4.71534692899252
Rel 9.43208070521036 5.01528884146016 4.94074526861301
Tsc22d3 11.5894187043498 7.54232441942005 6.24416764174122
Sla 12.4329217789332 6.07647476175296 5.21826896651867
Tgfbr1 13.5090583473981 6.87317702369105 6.17119386804409
Snap23 8.48388126836494 4.87941121043049 4.32805260236864
St6gal1 11.5442181234637 7.62987125199498 7.35839413857032
Asph 11.0774007157198 7.04133393555932 6.41809995497528
Adcy7 11.9949098164077 7.02109213543566 5.36919274821984
Rbm39 10.2573002722239 6.65479105049744 5.67714116877462
Rsad2 9.7910425144954 6.18729210176562 5.76541893822895
Gpr56 11.1033359990947 7.12446997326047 6.95690195823988
Lgals9 9.69958847858634 5.40403208465729 5.3032402021989
Bco2 8.889124080815 5.43170168838654 5.28424285549063
Trem2 11.303795824757 6.47124118867746 6.31012674064943
Gna15 8.99367862824198 5.36639252558397 5.31721642432369
Myo7a 9.50521719944788 5.96890471520219 5.65534021984435
Birc3 10.6915102166933 6.49990587512765 6.07946111607017
Igsf6 8.83394697282607 4.47706411667037 4.38606419572464
Samsn1 8.81738530496463 5.19660868302048 4.52437114855409
Il1a 10.5376640185961 4.15764219893371 4.0443799879094
Hpgds 9.22775583355141 5.29938851059888 5.15232704432655
Naip5 11.0978070538461 4.46016190615928 4.32028727620219
Ccl4 12.6588721873418 5.81298704341891 5.77744416681806
Itpr2 10.8475742428576 5.84656457012712 5.53262415408807
Stat6 10.468465477124 6.29616492504119 5.93281873767225
Phxr1 9.60693645820777 5.75069030030151 5.6753234192658
Tapbp 11.4198825404039 8.0936437713538 7.13751509678011
Msn 10.8303816272 6.00782053755825 5.85056862258481
Abca1 12.0542577742267 6.61910164648696 6.0492696081666
Adam17 10.5495689245511 6.11188195516245 5.68441109282993
Dapp1 10.6129812986097 5.21942192070398 4.99686771215499
Clec4a2 10.1399334143348 4.82486578834136 4.63555796384319
Fli1 10.1221580891138 4.0325881963892 3.97907830184367
Ets1 9.52298260959165 4.38926979286716 4.18471421417363
Ptprc 12.4924457080349 4.68987291135017 4.45844263367228
Fosb 12.0153263432166 6.49253513794346 4.62894776574224
Ccr5 11.6775104276773 4.66191186746572 4.63607440668612
Il6ra 12.6762370901779 5.80790748391344 5.77934190661566
Phxr4 8.85549062606335 5.46298034148418 5.44224197799989
Tgif1 8.32241012578398 4.6198064832301 4.2907424025391
Pla2g15 12.3402771280608 7.99840807375199 7.14283422112182
Itga6 11.5191682655928 6.1475187997891 5.98976132723678
Ifi30 11.3741036101554 7.04703493674902 5.47268794473638
Zfp36l1 12.768092682973 6.27262201534674 5.66313796229518
Id2 12.1967220814378 8.47734617068408 7.51967957998585
Gpr34 12.0465417111213 4.00457299352894 3.68344199384434
Rrad 10.0218987777276 5.62046062465762 5.22414582214458
Cr1l 11.6700570684498 8.01457428492397 7.82489101529493
Ndel1 9.33926152391583 4.25720952472167 4.25219504157185
Rhog 11.1977184303104 7.00238773205133 6.79746899902536
Rnase4 13.0645450224258 5.80870468173254 5.01185273807854
Hk2 12.2311857728962 6.03496230248095 6.01164319992444
Fam111a 8.38937991141375 4.83656745314012 4.35898059583915
Hfe 11.261965590755 6.808951282324 4.96952367341385
Naalad2 9.57573482021452 5.53744590082977 5.36253236788104
Pik3cg 10.1391450667911 5.20069712845314 5.12881031203441
Zeb2 11.448770010793 6.48050189786513 5.35050804539504
Btk 9.59129305907372 5.60543790231143 5.30563370290693
Tlr3 9.57440918362698 5.59312404772452 5.1983233120049
Dock2 8.82632728691093 5.33019505211768 5.0246192352098
Prkcd 11.3269526908875 7.90697959190541 6.45798110128593
Mertk 13.1492058693859 5.67359893096801 5.52844521422269
Cd84 9.79853579725004 4.82737868534598 4.80679485846617
Ly86 13.8484382572477 5.99362203510426 5.45583972879226
Vav1 10.4988780096262 4.40472051125735 4.31892872123407
Pag1 12.681394781079 8.01985640921553 7.67110699348544
Fos 13.9214281458166 8.51696757625784 7.50986359257718
Cfh 10.9189995251726 4.1615082335914 3.61376048383894
Tnfrsf13b 9.55249902249023 4.51991975464316 4.40230787339025
Cebpd 10.5727375378467 5.36843176835272 4.58201942501999
Luc7l2 10.5406316174713 5.50736075094532 5.26363778361607
Smim3 9.36289130684882 5.90602876318774 5.5922723720872
Hhex 10.0129558927535 5.26904185836103 4.9976809428877
Entpd1 9.36332417160173 5.34563022452512 4.48025805657973
Ptgs1 12.1460566579667 5.2348318724357 5.12706560318877
Stk17b 9.82516171443988 5.47832922145204 5.44793082447255
Frrs1 10.5118954880326 4.94368201407102 4.88055174839173
Lyz2 12.6255399097117 6.20455114127633 5.9612678121667
Ssfa2 10.3963514628908 6.76882995966525 6.04621376858812
Ccnl1 12.9467381083197 7.77026462385362 7.27090515700385
Galnt4 9.17182977737832 4.86636906363046 4.66425855122441
Ctc1 11.7381009275171 7.43766068978747 7.26567141569917
Unc93b1 11.2638153754962 6.26935637366512 6.15750019255151
Mob1a 11.6524237224905 7.61767927039256 7.33577962635446
Cmtm6 12.3249537931389 6.55692862843191 6.37708628997562
Sfpq 11.5941111598284 5.54738543813192 5.25176651918758
Tmem63a 11.3673624046704 7.24641940616615 6.8346006675453
Tspan14 11.1135085123949 6.96788234689542 6.92014731298488
Lpcat3 11.4010483293012 7.02470645332112 6.81302335592052
Pxn 11.7931446549569 6.75921474957376 6.19292914487071
Hvcn1 10.3744362140918 6.48664080922513 5.33911720633044
Srsf7 12.2454124184616 8.74209394985321 8.57614926920267
Edem1 10.5468048765477 6.27719797754765 4.86257236758663
Icam1 12.0835121128031 4.95057700632715 4.72633295729645
Ptbp3 11.2821230739434 7.88862300805979 6.50944380098425
Prkab1 10.8294129270605 6.99078565310577 6.85890393918364
Rbl1 8.60653858129746 4.59525171089645 4.48389764412
Rcsd1 12.3327371826167 6.79165883579555 6.52914983716104
Tmem140 8.37653073680301 4.66345400742956 4.53698240331393
0610040J01Rik 10.8216796982396 5.64746942059851 5.53380498754818
Cklf 11.4118605648373 6.19146552530761 5.48380207041
Cd177 8.34962699286364 4.2372547134877 4.12649818730949
Casp8 9.75678338176791 5.00720146319034 4.72528430573655
Tmed5 10.5709139699701 7.09709796690024 5.96967644556005
F11r 12.1396861374846 6.33824178863187 5.7730975370397
Eva1a 8.74419904985229 4.68224749837352 4.60168559064731
Mfap3 11.424323136373 7.91228756049743 7.42000681042716
Reep3 10.8117416298317 6.4938202979357 5.46594980112777
Tor4a 10.2205590701386 5.47249995683216 5.32264965261447
Trim34a 8.51637667451946 5.12333106261576 4.9466197959813
Trib1 10.0283426085731 6.49063656595223 6.1825402964613
Lpxn 10.7275528959061 4.53891723871325 4.37004007553379
Siglec5 8.28941632201165 3.88127665263841 3.88043659136841
Mylip 12.3911493278824 7.50743897548069 7.28412855500398
Fcrl1 9.22764356004362 5.28682234968302 5.21526650802151
Lifr 10.8658507374762 7.36188658696398 7.27361736836775
Csf1 9.86949876759856 6.12045947271334 6.11908310176107
P2ry6 11.5574667748729 4.43666079754615 4.39406512060989
Wsb1 12.1255060427543 7.85760109469849 6.33199145670756
H2-K1 12.7949568117272 8.94429480960807 6.60611973045004
Slc3a2 12.5974908597412 9.26802233870504 8.05254183241792
Tgfbr2 12.4393744689228 5.78705177828463 5.27225550507932
Prpf4b 10.0168384764663 6.61259715656678 6.18530333573053
Ceacam1 8.80282175058088 4.38972800630281 4.15014331796174
Mlph 9.57489838859243 5.24355786415199 5.19743310223236
Ncf1 8.88584686160739 5.38663347665794 5.21076059234335
Il13ra1 9.84239214017086 5.7591394114112 4.96354124566348
Adap2 10.5722797031115 5.30129893239085 5.22513299937073
Akr1b10 8.12473567494519 4.42741946887965 4.42715003423418
Lrba 12.2631508876539 8.75311625951385 7.09317411881536
Pld1 10.8239587790307 5.76466368710359 5.51317899791189
Pon2 9.33868555313833 5.25327203533769 4.78309562271531
Capn3 10.3369957490321 4.77042198826009 4.55971220095716
Gem 8.28519304309807 4.67109077303656 4.0971725085425
ND5 11.9277080301183 7.89702458640003 7.83435314323411
Rrbp1 12.1135184174842 8.01803649954095 6.63389141337677
Clk1 11.9522343163908 7.6671141701476 7.66683169907478
Vwa5a 10.3106484906387 6.6959364509727 5.12977793966604
Glul 11.9280143428985 7.44148758841644 6.86401871769097
Arrb2 11.4983554070217 7.87939719439341 7.12171300175651
Pros1 11.4603712254362 5.46098707919811 5.17555093935106
Ifih1 8.92117937270675 5.37403229450208 5.01777554132894
Rin2 10.1168098461982 5.93297379634425 5.7819579022738
Tifa 10.8074268423842 6.05582498263255 6.00698211024644
Arhgap17 10.9767981793134 5.24313553049213 5.17521936826869
Phgdh 11.0749094502032 7.4099428312292 6.89476193994569
Parp12 9.49139397984138 5.0092298641644 4.81746023405384
Trim47 10.0791566495733 5.30731616972501 5.00197029820926
Lgals3 9.11302237976578 4.71421870837915 4.67595772971599
Ddx26b 12.2044872770196 7.9368848827296 7.76784105363835
Slc25a45 10.8173200145939 6.34775104949066 6.05794271813676
Plcg2 11.1549584884923 7.01431330691323 6.63602255352466
Ccdc93 11.5481832070344 8.06199644050023 8.04119187085379
Mlxip 11.0084570885722 7.28413003109453 6.72445466840849
Sash3 11.249005723635 5.97463444498639 5.29392525394675
Themis2 9.99513496121799 5.27669134787257 5.03670607174043
Smo 8.93859914159649 5.20062780086278 5.07057388365886
Mpeg1 13.5931395335038 5.90020092450693 5.80290939275168
Hspa1b 12.7002530870076 7.41368940273927 6.63930839833815
Xist 12.7596727744674 4.20323635555346 4.15724556138799
Cd48 9.95999221182058 4.73389849731809 4.55770490210932
Akna 10.7072692564892 5.00365349924962 4.98115487110721
2810474O19Rik 10.3199763689726 6.91195953411702 5.74361927706989
Sult1a1 9.98708391284936 4.9986139858361 4.93028539311761
Fes 10.5551239260507 6.1491909146011 5.90335292863871
Cep152 9.74520694836984 5.56673877454057 5.49954198643069
B2m 13.1894322739796 9.67246839800683 7.51476727780513
Egr2 11.2484829324693 7.84195746900217 5.3174879605869
Ccrl2 11.3826980615646 5.71859123918318 5.36435366933851
Lcn2 12.0118513639671 4.42113677697854 4.3904008798363
Hbb-b2 7.88283645776123 4.13536231862981 4.08536624078046
Gimap6 8.28531118681062 4.65129385386587 4.46503401422767
Myo1g 9.24155609377298 5.07166132353496 4.9869222466009
Tmem173 11.0989726590541 6.0449788977491 5.90391568711474
BC028528 8.76172624772281 4.86734835660261 4.75719486474101
AF251705 11.9378287827213 6.77672181930464 6.35724653521613
Hmha1 10.4292840746509 5.667096222229 5.64080160962133
Rreb1 9.67685838321431 5.73792452380952 5.28091340113044
Gmip 10.0312950363764 5.99216590718845 5.68830436568838
Nckap1l 11.1514517971807 6.61738972077254 5.50194701649096
Abcc3 9.68880748830503 5.09603922692001 4.97881948015088
Rnf130 12.3746152428166 9.03435565773071 7.81501465987928
Rhoh 10.6886747062572 5.09488361539841 5.00568128373705
1700017B05Rik 11.7630363477309 5.84067583728518 5.51215575623174
Srgap2 11.7876768649285 8.40636675985558 8.28045047792912
2810043O03Rik 8.26904649519335 4.25686169845392 4.17177810574981
Gusb 11.4166507135997 6.53504504991854 5.08776599320357
Lair1 10.6341607739461 4.88537927507481 4.77613876096725
P2ry12 12.3417720061336 4.78007139140142 4.68974903595878
Apoe 11.813606877339 7.83661978512787 7.54778738318837
Epb4.1l2 12.5141878325852 7.23136647621642 6.6787525558197
Pld4 12.0162068213804 5.57264919166389 5.25457854777082
Lrrfip1 10.7165591037594 5.57889824223478 5.42442235523918
AU020206 9.7250304187546 5.80721629111539 5.26406675034004
Fermt3 11.255187597153 4.83128631756824 4.80832796607887
AW112010 8.13341050571967 4.79170860416165 4.72440301228287
Tgif2 9.91494649369466 6.24165079968668 6.04863628446915
Kctd12 12.2024123826132 8.4972794007056 6.85247413501922
H2-Aa 10.95884712019 4.75519541828672 4.56699934695919
Fam105a 11.8141138102905 8.42342271554903 7.78762536713497
Cpne3 9.53740558386254 6.17894919301134 5.74612562897208
Herpud1 12.561534184029 8.52900936356808 7.48461128076637
Cd300a 9.78331319123392 5.14469009886031 4.85861040858581
Tmem71 7.74769305584135 4.22631935692937 4.20500424314502
Lyz1 12.291433368859 4.55525656472556 4.44499350792974
Zfp110 10.6328144276245 6.81685068330322 6.43872695236961
Clcf1 8.66818372368241 4.31965351038885 3.83615899697739
Adrb2 8.06163788196254 4.45247926076517 4.21155296203815
Hmgb2 9.11494801820282 5.5800765818966 5.55998073117831
Lrrk1 9.00233842375518 4.86276207398431 4.80767711781913
Zfp36l2 12.4844215051541 7.07770085529244 5.91147975701143
Il10ra 11.9204835825207 5.32292063374716 4.64703060419274
Hexb 13.9682695694516 10.5121441130211 7.48921221422582
D530037H12Rik 10.2863068988974 4.23095656497768 4.03653082788802
Rab20 9.47961105235741 4.14952351234995 4.14630364073405
Slc9a3r1 10.4708123572034 6.89533992185342 6.50948369075494
Vim 8.23795736569226 4.51590881775734 4.23741118514585
Grn 13.5694893497197 8.75491724295059 7.40809953686869
Mavs 9.31586109517846 5.49994611597857 4.29683506015037
Bach1 11.8359025049111 7.86773046073515 7.15540823504794
Ifitm6 9.52062006754197 6.16781368898372 5.4439403702397
D9Ertd306e 8.17933645172779 4.01079225317342 3.94452170123685
C79242 8.37764848139916 4.53105173802438 4.44242365777905
Fam46c 12.3008656779841 6.91851489964408 4.7249819435377
Ctsa 12.9368651417016 9.27338467581028 8.61788140054605
Pald1 10.8157904216058 5.93547210362433 5.80080640672362
Ifngr1 12.0120817823602 7.28391958742153 7.24264851282845
Ucp2 10.9174179061083 6.81301746830391 6.76480083206548
Tcn2 12.1131223131962 6.57184352658983 5.9809432795333
Anxa1 10.0891907764378 4.70238118403968 4.60606521218124
Cmtm3 9.80544069396922 5.67626036656407 5.63814054138618
Ppp1r15a 12.6842681011032 8.04336262767916 7.27863415546436
Slc15a4 11.4134041549916 7.86469621927823 7.40087861062536
Dhrs3 10.8664384075394 7.05654336828886 5.88524253103598
Lrmp 8.72621364395205 4.60094377964269 4.58064884303129
Olfml3 13.5589885962411 6.21708244652209 6.17830626783315
Pla2g4a 9.54677550171969 5.04457874739778 4.80490799624179
Ncf2 10.9678841319022 5.74021589604641 5.58232504632285
Il7r 9.09542824054331 5.06136252237007 4.88582986275257
Ctss 14.0972400899769 7.56551808470001 7.12394684413709
Cd53 12.647448770815 5.41117889699496 5.2278081304917
Fcgr3 13.39521832835 5.89535597619138 5.87206282985415
Hps4 12.4456398299555 7.96285838155898 7.66741522203944
S100a9 12.5433488948648 4.79214834733615 4.78214417033892
Dusp1 14.1600590685473 9.57720676151809 9.25852477619498
Traf5 8.9887948057126 5.61048126693335 5.42285729230172
Hp 9.14524736055938 5.63694688727579 5.3718089824913
Lgmn 13.3423749152836 9.72919108605881 6.83860680190042
Klf2 13.0114488593516 5.34856211825257 5.05219898505761
Fcrls 13.5094801235154 5.72973244074837 5.70078576017587
Trip6 9.25539301100816 5.50445677349511 4.92977371483726
Tlr1 9.47210882993985 4.15469669436714 4.15136502644102
St3gal6 9.53416252798134 6.05761732032986 5.49950881423359
Selplg 13.4608296010201 6.67850956767766 6.53492001464631
Cd68 12.242490069775 7.40387693272959 4.74146647139708
Gpr65 7.84688309866013 3.98534217801466 3.9525435642741
Ebi3 9.21311913542791 5.8239494219938 5.4997978853124
Csf2rb2 9.41716750216967 4.52921044292645 4.30604958889205
Atf3 13.3007390383143 4.95243522987152 4.86478558805734
C1qc 13.5863871767458 5.62586472989656 5.32412048305496
Chst7 10.9028652320415 5.99197380453422 5.64692931684139
Hck 11.677853867497 5.52900498788213 4.78747114165211
Gcnt1 8.17673933531389 4.35759845161623 4.33464579237075
Casp4 9.24666718666705 4.19594275494123 4.06281996043958
Ly96 9.04291773410898 5.07926575674101 4.14986262389736
Lag3 9.95212609690159 5.68464192153959 5.65105735610348
Cxcl2 11.1862547067567 4.22543176860491 4.18337107583374
Ltf 12.2109361391241 7.5685042296524 6.22175181014603
Cx3cr1 12.8661645891936 5.58463512318501 5.44645269324591
H2-D1 12.6018887958776 8.92758258823207 6.50663402934744
Stab1 10.8319181809469 5.3508163744139 5.29149280708567
Evi2a 12.5292457386737 6.27398719730598 6.06362624437157
Il6 8.39447282799593 3.99307062923541 3.86488263054647
Pdgfb 10.784427213788 6.4567319688637 6.15076183144404
Mrc1 8.63837955832117 4.34090579617919 4.12737298073251
Cd33 8.8986929970054 5.25921680736703 5.0629785665655
Itgb2 11.8272052895604 4.71216127706075 4.62672800264636
Rgl2 11.1123727065015 7.36483847280117 6.89732186111611
Psmb9 9.34845122497028 5.91691038294812 5.78211268379433
Adamts1 11.3594540869076 5.66030008213168 5.44684735705507
Ang 8.39410428367088 4.10389720159693 4.04839213902791
Sh2b2 9.22244603896785 4.59766619419605 4.53854964925951
Tyrobp 12.8882077765556 5.90557027684362 5.46045925102219
Ptplad2 9.53045279911964 5.49181192266983 5.36207929667255
Slc29a3 11.671269772336 5.8916273870331 5.46319220603082
Pbxip1 10.4089275516797 6.44360552000746 6.3360804031209
Emr1 12.7324162108168 5.57938594932611 5.44327187240064
Nrros 12.2035612900789 6.05267995101029 5.66653503720104
Tmem119 13.7062504747088 6.05953027591523 5.98162402782734
Pnpla7 10.5567704595249 5.98587887771075 5.33499748759272
1810011O10Rik 8.23549028637786 4.43427885385985 4.38115722446191
Slc46a3 9.78161930361504 6.18554670342377 6.09807438540642
Parp14 9.29651035265735 5.3237848177542 5.07495899485196
Havcr2 10.6395343238155 4.53487994693599 4.20522459244613
Alas2 10.1192139258561 4.99172270235645 4.70688881122907
Cmtm7 10.2158890607314 5.1727016420924 5.03796512695335
Mafb 10.9468667556878 5.75040873326941 5.00433267127677
Apobec1 9.55069814656581 5.59559720830264 5.37512992516561
Blnk 11.7867853033936 6.02855153030724 5.61923319520762
Tmcc3 9.49652683269657 5.36485481558436 4.82983585076174
Hdc 8.38106110642383 5.03541502783439 4.88791675916515
Notch2 11.0904077018543 6.63635878933383 5.8775359552139
Alox5ap 12.5576931349978 7.68014064756897 6.10017563569407
Fyb 11.7070682335866 6.06196414734019 6.01281480156896
Sepp1 13.7057662789234 8.76413263538153 8.10389962093504
Ctla2b 9.98817720392032 4.22203911079088 4.11843434530638
Hspa1a 11.8296568285311 6.34992986514302 5.64266165665201
Slc37a2 8.63564598464605 5.23311311086796 5.22072604722972
Zfp36 13.4710413836478 6.28007686693731 5.88073625530197
Abhd15 10.2572440975652 4.97080145980773 4.8472740770307
Cyba 11.7795222099381 5.70262682536163 5.1266864822109
Wasf2 12.354976901621 7.46533505491474 6.67911357235717
Ptpn6 11.5568573976642 6.6273354942508 6.55571393134217
4833441D16Rik 9.111877090883 4.73406459977262 4.57990770474543
Tec 10.1464631671626 5.56782947569836 5.29573497374214
Cd52 8.87459768254704 5.27256465396993 4.68504823232156
Irf5 10.4986359523617 5.80361555978247 5.79197371644877
Wdr81 11.497830880817 7.87138023117034 7.55693767972455
Naip2 10.6906973938164 4.6128770783681 4.49701954869508
Anxa3 12.8939144704404 5.43184326428479 5.36104666740848
