Ceacam10 8.58805950444034 4.78030655881883 4.04504608934255
Ccdc109b 8.86707072407506 5.48194245547816 4.68003025537381
Gdnf 8.85973243742801 5.13044329457424 4.64639744416845
Sgcg 9.68134655970576 4.71318930333629 3.64305219003809
Klk1b27 8.07978719807353 4.47644977211922 4.27813552870855
Elavl2 11.7824507170826 8.25625288496281 3.96490990519268
Serpinb1b 11.4438098699387 5.68564380545521 4.76534613781618
Lypd1 11.6953602688917 8.24939360104558 5.89502223431979
Lrrtm1 10.9232150703372 6.97732437575841 4.62985166849414
Cacng3 9.47140635253197 6.08938474977689 5.54749417683272
