Slc6a4 13.2439176433155 6.67660135550224 5.88833623219925
Trh 9.9505634731337 5.38223583303277 5.33198928707741
Necab2 11.1618207798751 7.57257133168516 6.03339887322109
Slc22a3 10.5815262018998 5.20183474545952 4.75856284503044
Gch1 10.6514643986064 5.73687104257883 5.39212393738899
Sln 8.73516949057601 5.29091833830019 4.8379831048261
Cplx2 11.3461134679917 7.09282486179336 5.98171763387043
Klk1b27 8.95894684812547 5.13801750168102 4.37624404186058
Htr5b 8.31337438893098 4.46309066926597 4.45721710694042
Fev 10.7145072979201 5.18121929343159 4.80077671304442
Ddc 13.2894668626704 9.23666777875852 5.06104972913014
Htr1a 9.68308416016309 6.2938464429029 6.27566392143541
Ctla2a 7.95913381262081 4.6054514211619 4.5639506916646
Cited1 9.04523865893519 5.15181888892374 5.13082553590551
