Golm1 13.1709345745481 7.10613381872863 6.39936634817777
Sgpl1 9.54910293773426 5.86262817767666 5.26953664255436
Junb 11.5780026398467 6.88348556976072 5.5333616911587
Marcksl1 12.1999211654877 8.78939295691868 8.63651207321569
Creg1 11.4502595824185 8.03065391105497 7.52859748498814
Lcp1 11.8463632704423 5.95649625444264 4.55101811326188
Txnip 13.6993914736524 6.4337452059478 6.41307018114394
Cd9 11.8962881279299 6.45703788115297 6.15902739836155
Cd34 10.5911587485583 7.09110381916947 5.08922073807046
Tpst2 11.1246231388186 7.78525886141636 7.66936655753243
Cd83 13.2264749464343 8.65697776894191 5.99267411530608
Mmp2 8.84546583079709 5.13277992304861 4.64162155890348
Sipa1 11.1257432146877 6.78894609337688 6.53865659523691
Coro1a 12.6004028717715 9.1617660188547 8.38954809400662
Btg2 11.4968904593275 6.10848689542553 5.85432144577624
Tnfaip2 9.08145533726492 4.43829491325933 4.17691460580453
Litaf 12.5127367018525 7.20601563905153 7.04449851659198
Cyfip1 12.6066769077138 8.73051712237156 7.15429855928162
Lamp2 11.6172171151883 7.49382036731873 6.59592001600501
Snx18 11.9105809619856 8.40990744007022 7.93892442176733
Ctsc 12.6065842886925 4.72335165956202 4.70477201822859
Cd82 9.38715719713112 5.85632633585526 5.7714378624701
Tubb6 9.94309885815544 5.72303134260195 5.53975960595875
Ier2 13.4150634942812 7.39642646287056 5.90365242347238
Pnp 12.8627608953087 8.73833333842009 8.11746441050411
Nfe2l2 11.3735710823378 5.90432502630436 5.87706931447959
Socs3 12.8363611039744 4.26549848538013 4.19962322054011
Sparc 11.723215805215 6.37823657828772 5.12112256212621
Scamp2 12.0782300087712 6.82807524370646 6.20388172401226
4632428N05Rik 12.9592128362635 5.46763955018669 5.07466549563616
Spint1 10.3415667614487 7.01159851033269 5.17869966251498
Slc2a5 10.7506339487812 6.51910621550442 6.34770916931462
Afp 8.20241684612463 4.58878773369262 3.76165847843607
Clic1 11.3846871257571 6.54499807938742 5.43056520266957
Plxnb2 11.1751053377305 6.97900703900961 6.19309709622986
Tspo 8.96653892538565 5.58598038333842 4.40135475139605
Irf8 12.5606886061131 6.44940728623915 5.53429034821917
Dnajb1 11.4072973894197 8.07911462437454 6.95130509247513
Mical1 8.88736256308852 5.08043391508854 4.6731767222678
Tbxas1 9.77227819439976 6.20530589515296 5.93499366364123
Slc39a8 8.3702572354114 4.1861940962085 3.91182786271407
Parvg 10.3224146114506 5.77951524573944 5.60231833240459
Mcl1 12.1472433486191 7.41357471578508 6.85971386444078
Rps6ka1 12.439882687873 7.55263416373873 6.92133026003065
Parp9 9.82908871348782 5.32462298946907 5.17315274432685
Tnfaip8 9.91373565516323 5.22356995952904 5.0969501871669
Fcgrt 9.65042068842126 6.31155041778638 5.87900969602949
Mfng 10.1100884876208 5.82330185249667 5.62867450642975
Slc40a1 11.6365802495677 5.74841441195551 4.78926388250285
C1qb 13.3846079047961 4.35978509888893 4.07117668215332
Cyp4v3 11.0721852303594 5.71410951030057 5.4311836196374
Qk 12.3621647632087 8.98053850590482 8.75347783273319
Syngr2 11.4559121689701 5.17782123415796 4.89224381191928
Pmp22 12.2653168767854 7.98849862724027 6.55046346152173
Igtp 10.5169764277721 6.88725156975836 6.29508221075734
Ccl6 10.223717633042 4.46327874222891 4.27055403784127
Cd14 13.3052539164274 6.25524551082045 6.06701454097604
Tnfrsf1a 11.3244537624855 7.3393583744308 7.03059419886976
Tob2 11.2284375997777 7.74544600242306 7.09830564635003
Pycard 11.8185468367102 6.00975913708872 5.45078818881406
C1qa 13.2380236204344 6.56831797908196 5.84709274485112
Il16 10.7022595486227 5.67991372484136 5.56296500747511
Slc7a7 11.052383619296 5.05108360583926 4.88267085561171
Klf4 12.698526861476 5.09946586240975 4.96935179821266
Jun 13.1567215574815 6.9554754670893 6.20634835226686
Srgn 13.2509970787582 6.15296763643325 5.21093295964677
Myh9 12.5865032254667 7.5195303123228 6.94577160786943
Nfkbiz 12.6860754101133 4.92203584178096 4.17948694841247
Tgm2 11.7718766956168 6.23547543712499 5.79756450577541
Plek 13.0669588958399 7.64847859089115 7.60345747568757
Itgb5 13.3318370523038 5.11772581434824 4.73969464317855
Elf1 9.08676867890006 4.79961142480547 4.6026727939993
Cln3 9.94836220653156 6.34869784135284 6.20703015660122
Rgs1 11.2541972267774 4.48290346961463 4.4439492679164
Rac2 9.75239695917386 6.15094635183652 6.1163640767608
Nfatc1 10.1057640630075 6.40149831454042 6.16414461775527
Cd79b 8.31573716498709 4.99125532310828 4.67910993830413
Snx5 12.5628056055199 8.95798434094179 7.96905353630126
Elk3 10.4901390004177 4.87061653255011 4.65972290130535
Soat1 9.02708526356189 5.09898815818148 4.9902284711661
Laptm5 13.2497958585741 6.18195155542921 5.29885408821456
Ptgr1 10.0953671914278 5.57318056255279 5.30010815329272
Dok1 9.09517514267858 5.76768553259606 5.6615319985794
Serinc3 10.8737843005988 6.98291130961749 6.37681014966049
D17H6S56E-5 9.99291673904863 6.55474371393562 6.29998031283194
Ctsz 13.0341451754765 8.78024689196179 8.3406540120803
Fcgr1 12.3056772228307 5.55860161784767 4.66690589464827
Slc16a6 11.601886645942 7.31030182543362 7.29144112588309
Pdlim4 9.4700059993897 4.84419737717418 4.75755670734662
Ccl9 11.5606702750711 5.25909075687331 4.95627900955468
Trim30a 9.82440837349698 5.45063391307085 5.07470121054515
B4galt1 11.050190662426 6.12674963970792 5.89618065799977
Nrp1 10.4416176811946 6.84385312924838 5.44566996283572
Tnfrsf1b 11.5849644137814 6.11610120635418 5.88092034943105
Inpp5d 12.5199395399242 7.22569872593693 6.434772896668
Tlr4 9.52419084436795 4.58605310913152 4.20081499473158
Pmaip1 7.94812896443572 4.24698211146567 4.11324986295504
Aif1 11.8782125697407 7.11754425255632 5.67227470094609
Il15 7.4967535230896 4.16345335585427 4.0836428013308
Lims1 11.3895886323577 7.47733199337218 7.06514652698092
Syk 11.2305153374971 6.00706194169322 5.91923281436612
Klf6 12.1614928848338 7.83030205325309 5.97685948452243
Crybb1 12.3010895138039 6.53445665002354 6.44158733362837
Fcer1g 12.6409109862305 5.96925782639356 5.95050694741001
Ctsh 12.8519091129382 5.41157190694585 5.32538252717235
Gpsm3 9.66649074936397 5.47720352621822 5.30844942411914
Ncf4 10.7081144474155 5.11499534493778 4.92075676506679
Ggta1 10.3145780373454 4.18936695408371 4.1303259707218
Calcrl 7.84138491604448 4.46369411374828 3.81429328471681
Lcp2 10.3889718130272 4.94700326419491 4.93360846343327
Ngp 12.4329204009581 5.57969665950725 5.24404695091347
Spi1 10.2850028049619 6.03632917919315 5.83008618461786
Atp7a 10.1404314445784 5.98402061819423 5.5603571673275
Csf3r 10.4703586336665 5.42518437969959 4.9183408815315
Ms4a6b 11.1222234312687 4.78049552234074 4.75373748043519
Hcls1 8.83239317939796 4.84232086717413 4.66306809818744
Abcb1b 8.00305280287427 4.58108534287025 4.52621353948844
Pabpc1 11.1513836653323 4.23610411601827 4.06200779241287
Cebpb 11.6879517821222 7.6536154982603 7.30374465457225
Plxdc2 12.0633823649962 6.35780433958492 6.24545161934024
Cxcl10 9.83264446685726 5.27296580820617 5.20050847555399
Maff 10.2395219098757 6.67795954701452 5.89422192794529
Cysltr1 9.33333349087416 4.01822915064888 3.79213611963154
Cebpa 9.88957255483431 6.18586617973388 5.57963727334987
Cttnbp2nl 11.7204560544011 6.10281594552135 5.51129949968947
Lyl1 9.97533629065994 4.98532186360149 4.76619408525991
Ptpn18 10.4025712369028 6.09232297953062 5.9503111483464
Tlr2 11.9268402473875 5.58693435924566 5.3248182494082
Serpine1 9.52331793271942 5.11819207849126 4.76679190205066
Mlxipl 10.549742788076 5.1072059643946 4.59188327735865
Cd37 10.9048574016166 5.70523443771258 5.43016939157629
Map3k8 10.2849700718244 4.77798273936407 4.42820789177136
Myd88 10.7278217724093 5.94834791232095 5.6168327386922
Ccl12 10.5112043294489 4.83336243876346 4.53069228987359
Jam2 8.80820666224123 5.31936266880404 5.21890785670226
Arhgap4 9.36525554969312 5.49732277451672 5.32556149040272
H2-Oa 8.7917936065526 5.12351929023785 4.75484363071621
Pon3 9.20297150005047 4.27077810332572 4.22845267515869
Slamf9 11.1882832385642 6.63365721869694 6.39927479375599
S100a8 13.0395448654869 4.98022436088918 4.92221709675919
Il10rb 10.7116513838826 6.71702823241668 5.44376909696438
C3ar1 11.7072754362155 5.76079674538268 5.46684513810314
Ripk1 10.1243899929041 5.84491919213557 5.46994645923927
Fgd2 12.1304825880125 5.91683106131366 5.81298792682814
Rela 11.8428094359349 7.4742022536941 7.1538530959298
Ccl3 13.4953964323281 4.66973802538623 4.57834467441812
Ms4a6d 11.3799791784438 4.77752463290269 4.2680135407059
Tnf 10.0055468588953 6.34281939245784 6.28003843173384
Was 8.0303356973264 4.60574246235399 4.48925804392931
Ier3 13.4963591841383 9.78158133395045 7.68136284918288
Nupr1 9.93831898336817 5.65189705062713 5.4450671111581
Camp 12.113738407204 5.5749420997373 5.37363635580306
Ltc4s 9.78168546230716 6.19985383387168 5.91738215514466
Klk8 10.2464469222101 5.59486020773557 5.47142808955413
Chil3 11.1159878878753 4.03642138802529 3.96682449602523
Arap3 9.86775374576886 4.83663064883026 4.65811673862238
Tlr7 11.2112407400947 4.98702922034755 4.86377383848487
Csf1r 14.0460007158016 7.35124283657435 7.33884197931552
Trim25 10.8969751411857 7.39108639132129 5.70530171989775
Hpgd 12.0107499612859 6.86088346723202 5.33515073428525
Rab3il1 10.4710400563943 6.80971078540632 6.42526830242325
Mcm3 8.92535440058905 4.98408845823296 4.92759477530786
Gdap10 8.80480802896476 4.3721291127882 4.340439688094
Slc11a1 11.4154854568916 5.4754359809787 5.35504699167805
Hnrnpa2b1 10.315155226878 6.50732903068669 6.05440569349913
Ccl2 9.49866288250659 5.34729998537587 5.29171666233283
Cd86 11.6419705628058 5.00014007695316 4.95292083357236
Prkd3 9.70383275414416 6.22326471151876 5.43916548862237
Gpr84 11.5935377294956 5.61633140293964 5.53824267363354
Vamp8 11.9027573726861 6.60194539231203 6.12420798165239
Tcirg1 11.3257053795282 6.87318195998986 6.53776431800753
Sqrdl 11.0518617676912 7.55395609750441 6.13413248024272
Trim12a 8.5835260320544 4.11445205376962 4.10866708016069
Slc15a3 11.5219827541908 5.4354667631222 5.18606956337888
Clec7a 9.36335652990378 4.93255981463827 4.79711624986859
Rel 9.30153835661437 5.01278075681601 4.65173616010463
Tsc22d3 11.4721491337919 7.62974719159473 6.21225660862591
Sla 12.3378861062474 6.29615830303765 5.57144217092939
Tgfbr1 13.4953964323281 6.83831592836794 6.43145330832226
Snap23 8.47917138557207 4.33544470982384 4.18354450628376
St6gal1 11.5108116293154 7.82401811719384 7.58336032147812
Asph 11.1131392793095 7.03613356462151 6.30704917898116
Adcy7 11.9646243532397 6.46111954833699 5.45929450270056
Rbm39 10.4094928984617 6.20356231033499 5.42629651836906
Rsad2 9.55409990020448 6.06035260055068 5.9967375590424
Vamp3 10.8638436564196 7.44417725707268 7.11919318362165
Gpr56 11.0473777353108 7.29941767761089 7.08691641329383
Lgals9 9.80576100376818 5.26806866674541 5.26126743156743
Bco2 8.88551273021649 5.40925279205026 5.20684173763943
Trem2 11.528689695107 6.50432171647708 6.42548894933065
Gna15 8.93153578094543 5.38861617181495 5.33894119442093
Myo7a 9.61565808015342 6.02238398727008 5.89829123971706
Birc3 10.7521481640029 6.56441208366787 6.1587945181369
Igsf6 8.68495551282954 4.25185956475493 4.24173895114399
Samsn1 8.95535277925432 4.96331772487129 4.61228326220514
Il1a 10.5450729398403 4.23010692471746 4.06651214886252
Hpgds 9.14123713383759 5.46880018554891 5.23061911136153
Naip5 11.1347547074536 4.36274052466241 4.35574215930311
Ccl4 12.7516225784521 6.20673888716327 5.83667593179976
Itpr2 10.8613975316724 5.70097010593898 5.32156503643389
Stat6 10.5031698578152 6.30844092290311 5.79211715018699
Phxr1 9.60550945602768 5.92894746763768 5.71094801869206
Tapbp 11.4240903434095 8.00165617467371 7.11418752573286
Msn 10.7217422633417 6.14793078795596 6.06498136582769
Abca1 12.0785728549459 6.811831175593 6.29453282571492
Adam17 10.581995677351 5.93805406890976 5.34292694747477
Dapp1 10.626591308075 5.32701232562555 5.16072957115048
Clec4a2 10.1190075949126 5.05599886766962 4.96024266316863
Fli1 10.0832277034328 4.31532807241324 3.93208955800557
Ets1 9.75745818736726 4.27646896002553 4.00960432689453
Ptprc 12.4215732421658 4.67859071010749 4.48977872422069
Fosb 11.9818678393755 6.39971938076089 4.89298157611328
Ccr5 11.7087776692335 4.65180577326576 4.47694023521423
Il6ra 12.6405285425734 5.73882115287465 5.53429700937103
Tgif1 8.50458243562559 4.66283016401186 4.29374383897557
Pla2g15 12.3512186582331 7.90257871381053 7.3665009321972
Itga6 11.5906633280243 6.1622837498737 5.62878991462358
Ifi30 11.4062018650154 7.34063137263952 5.45144011708336
Zfp36l1 12.7019764996359 6.20605271897761 5.52833868924723
Gpr34 12.142699851518 4.19879775178541 3.93553198724656
Rrad 10.0026571297703 5.44543314808896 5.14745271067946
Cr1l 11.6955153199688 7.88671741251257 7.66871980156156
Ndel1 9.26249492481989 4.41440779125715 4.3147414245106
Rhog 11.2037880767617 7.16725682897256 7.09926613579914
Rnase4 13.0771643703574 5.35215868295527 5.32347789183559
Hk2 12.3164140648536 6.06300072479437 6.0483122921774
Fam111a 8.33832002390926 4.95187056651744 4.50518595794432
Hfe 11.3196450739578 6.91630195263907 5.05536566220768
Naalad2 9.64837692903074 5.55510846877711 5.43365102717568
Pik3cg 10.1537853547168 5.35584472325033 5.20217996071182
Zeb2 11.4350095719432 6.04925629920061 5.73602621857984
Btk 9.58917222158551 5.70154743065807 5.51508305784004
Tlr3 9.63659550839082 5.47124108342318 5.01719030281181
Dock2 8.86389566600281 5.29501063177548 5.2780517438386
Prkcd 11.3607793398998 7.92147821079484 6.6553441342114
Mertk 13.0985151577591 5.70204926976905 5.57447477649306
Cd84 9.96224237530016 5.04185648753049 4.75415369578393
Ly86 13.8305038298173 5.91282443264873 5.56785064489705
Vav1 10.4997459843954 4.60746711273579 4.22758388474673
Pag1 12.6736213180298 8.35337841120981 7.39560304430638
Fos 13.9327205870223 8.84747179158335 8.42073346619449
Cfh 10.8438396260437 4.37278574359003 3.59545089338461
Tnfrsf13b 9.66545251361214 4.46608561110224 4.354788983484
Cebpd 10.5744174492867 5.55455578505901 4.49188695762427
Luc7l2 10.6746402351895 5.54163779952257 5.48736416788353
Smim3 9.32886126195367 5.87934050654305 5.83698644902579
Hhex 10.060418644213 5.37301954156466 5.08482230512191
Entpd1 9.58873000960094 5.07349527308996 4.3507415642842
Ptgs1 12.1626150793908 5.52339409195818 5.26766511062724
Stk17b 9.80355004387352 5.62216971826385 5.4708030706531
Frrs1 10.6966078261321 4.97511374983949 4.68868119703136
Lyz2 12.5660138290276 6.38420948159142 6.24929291460165
Ssfa2 10.4026641404164 6.51127434312395 6.2476820532975
Ccnl1 12.9368942943523 7.69405793727804 7.29911695428656
Galnt4 9.11869231898454 4.93835573086202 4.93469031922089
Ctc1 11.7422487728519 7.53057380254396 7.51974988500421
Unc93b1 11.3066168079527 6.54155756308888 6.07168656801242
Mob1a 11.6304802850351 7.81628618970283 7.535500762456
Cmtm6 12.2803328178186 6.96793885293286 6.66755658199469
Sfpq 11.5708095722532 5.60576477979211 5.39560887388151
Wls 8.21516176510327 4.63358328456568 4.46539985669014
Tmem63a 11.3727165126659 7.0423100628623 7.02400883416522
Tspan14 11.2007785813707 7.32688463401181 7.14302996564246
Lpcat3 11.4786154330381 7.19103436495152 7.14506436229941
Pxn 11.8612215849744 6.95555818666607 6.3206763171738
Hvcn1 10.2856187487951 6.37590062776694 5.51285934401634
Srsf7 12.1714156611169 8.74524098487167 8.10162667026343
Edem1 10.5644676490564 6.03628603739045 4.55094145075794
Icam1 12.144222640413 4.68203613676917 4.68098216139364
Ptbp3 11.2952745829932 7.79657907458717 6.60878977853061
Prkab1 10.8728158992286 7.166702430934 6.96454834391398
Rbl1 8.51194870241016 4.80334422026325 4.66411844841939
Rcsd1 12.3223507478265 7.15666602700154 6.57830221710632
Tmem140 8.46080936763924 4.61526678879514 4.36139782775164
0610040J01Rik 10.8106638816197 5.91803274432161 5.43048898174194
Cklf 11.3324839569912 6.45555443473044 5.4760089496819
Cd177 8.01898297885642 4.23319570388986 4.13124310015175
Casp8 9.83591177234681 4.86206262539147 4.45430437818185
Tmed5 10.4601759587631 7.02645593684684 6.20754033707871
F11r 12.1638127271072 6.5055215841932 5.90700467099553
Eva1a 8.63294613398656 4.770511540392 4.47339380611297
Reep3 10.7593284719606 6.83043879762727 5.31354555696177
Tor4a 10.4213155961976 5.69836871052807 5.1706583089886
Trim34a 8.69868770830196 5.22401653318923 5.1260866902648
Ptbp1 9.02225932629817 5.48814732553404 5.07296508769156
Lpxn 10.730982217212 4.82859689974967 4.39782407815765
Siglec5 8.337886172674 3.87168554866685 3.80892572099944
Mylip 12.3804927223987 8.03585172398317 7.22262351672432
Fcrl1 9.27554865404005 5.34653421279946 5.17135145054316
Lifr 10.914871574386 7.48728841664227 7.42711506971993
Csf1 9.80595405056766 6.23049084937172 5.85104779599824
P2ry6 11.5909433501351 4.39576416507781 4.27924517704145
Wsb1 12.1955534450875 7.64812684733319 6.61545213102342
H2-K1 12.7949568117272 8.77232937773806 6.7835100220754
Slc3a2 12.5439222171533 9.14502088704551 8.22282343840333
Tgfbr2 12.4312251246194 6.16797501585021 5.88826805778935
H2-Ab1 8.4512011309411 4.9749623075815 4.55198152435683
Prpf4b 10.2022154854581 6.58008701267715 5.9548678544577
Ceacam1 8.73427463823456 4.32096056558256 4.23677128298486
Mlph 9.52478746573067 5.28210597280876 4.98255534694809
Ncf1 9.01873662127703 5.28879341210443 5.26169720325109
Il13ra1 9.69650941211153 5.88072580625978 5.05399304717623
Adap2 10.4876327911899 5.32152584704866 5.29008170438464
Akr1b10 8.35430474274704 4.60963641699142 4.50176973872264
Pld1 10.7880824610021 5.94150770111655 5.68075515164859
Pon2 9.26937417743214 5.54123395006285 4.49085334257982
Capn3 10.437566906065 4.97429178472873 4.67731710244332
Gem 8.28009388336886 4.35370203500407 4.06409750756539
Tor1aip1 9.84392113236668 6.46129671434364 6.00939527285414
ND5 11.9712888648361 8.44209444654741 7.41356990054171
Rrbp1 12.1135184174842 8.09956127880634 6.58397670547418
Clk1 11.9971319270739 7.62157021907811 7.56692084943603
Vwa5a 10.3690918760756 6.60699653030125 5.12420658769773
Glul 11.9439234863599 7.09759987107735 7.05586892613232
Arrb2 11.5161791808491 8.07074215900206 6.96718125285586
Pros1 11.4244912078995 5.17928993328148 5.12115550950852
Ifih1 8.66416697609045 5.30022758539145 4.75074622844939
Rin2 10.1302854085197 6.10152166931531 5.87844584542727
Tifa 10.6649959627868 6.1663642635895 5.88927259674649
Arhgap17 11.0358082941061 5.32464738066356 5.26298770784472
Phgdh 11.0663668828628 7.62468126419823 6.97931301985542
Parp12 9.52345845288495 4.8685662264874 4.73131769227719
Trim47 10.122871565472 5.17189973705744 5.04047064226652
Lgals3 8.71732817427299 4.79076475568059 4.67371310918781
Ddx26b 12.2655895521916 7.97597532970089 7.66373344634895
Slc25a45 10.8783954265567 6.53353747577159 6.15494112057501
Plcg2 11.2395812321787 7.08835293762927 7.01255973041462
Mlxip 11.0131464704826 7.24359330718239 6.80433760329407
Sash3 11.2528818012755 5.90219235731348 5.51702306882243
Themis2 9.94919523666928 5.21608506540285 5.13578465299303
Mpeg1 13.5339312443488 6.2468272049101 6.07141879593395
Hspa1b 12.7328150924375 7.71355080380494 7.45118251663882
Xist 12.7732517233129 4.40482813019372 4.23667995961646
Cd48 9.99176185857167 5.17652226301172 4.58329410961204
Akna 10.5978331936346 4.89709752443173 4.8229473016811
Sult1a1 9.92143049281146 5.16495162403612 4.8610152004125
Fes 10.5840546362038 6.10302526041648 5.96485892760851
Cep152 9.68353142517718 5.56807556816069 5.19215670398014
B2m 13.2088860971046 9.47311643573335 7.24054235937608
Ccrl2 11.4107831106411 5.7452795150091 5.44433580031347
Lcn2 11.7182561949748 4.61194719265171 4.33439493515271
Hbb-b2 7.86146929235822 4.16251252287788 3.99442118165546
Gimap6 8.28896486111756 4.68274397482253 4.57800828715989
Myo1g 9.04216166021584 5.05449424726294 4.94741344904013
Tmem173 11.1696407087511 6.38118823630863 6.20537941907
BC028528 9.01173787915138 5.05271611619744 4.9947261341581
AF251705 12.0057126252299 6.78102246482787 6.68350496009235
Hmha1 10.4487011332694 5.67055938423121 5.61526895271082
Rreb1 9.66195512280759 5.60545178082257 5.07923475671254
Gmip 10.2055870255081 6.23845962495123 5.83770691611858
Nckap1l 11.1526856630168 6.68214270133305 5.27352289451486
Abcc3 9.7509259850256 5.30159338226048 4.93325955749753
Rhoh 10.7637079698635 5.02122197539777 4.82800571769643
1700017B05Rik 11.7522974287947 5.74698412645523 5.59261075863016
Srgap2 11.7585843286276 8.30830491269418 8.29433194014197
2810043O03Rik 8.32709215618797 4.15931819608053 4.06031692435651
Gusb 11.4803411718158 6.4640928651905 4.95725253070727
Lair1 10.6612900224916 4.80909977829143 4.67594041724215
P2ry12 12.4385715566921 4.81972760880354 4.53093388213913
Apoe 11.7960795852016 8.10797935939921 7.95642858121517
Epb4.1l2 12.5432840929574 7.35022540245906 6.26443910196871
Pld4 12.1700437011819 5.31040769149089 5.29972431637625
Lrrfip1 10.7224886700699 5.7019743480901 5.44749447558064
AU020206 9.79768698851007 5.6068451944357 5.26509106268452
Fermt3 11.4207362066657 4.64126329926845 4.61004335838504
AW112010 8.11044475989335 4.78438086691339 4.70354204385306
Tgif2 9.9426138283241 6.32412944152584 5.92370483050951
Ankrd44 11.5679366187782 8.2281315732028 5.59278279459038
H2-Aa 11.2644036954394 4.69025320867924 4.59701415868494
Fam105a 11.8820924454901 8.41422134617183 7.5227794011251
Cpne3 9.50290347799534 6.04094314267562 5.86989581233757
Herpud1 12.5116726598182 8.49718878290943 7.83847915317566
2610528A11Rik 7.85521558302243 4.44167030806646 4.35527629786593
Cd300a 10.0530239896872 4.94747345651551 4.8750516336154
Tmem71 7.83337212150143 4.27705085116769 4.18603672841565
Lyz1 12.2502412289951 4.92543651114493 4.36903572807078
Zfp110 10.6738601357144 7.16496299054656 7.0133253978011
Clcf1 8.68466038510135 4.0629973272331 3.7903749788638
Adrb2 8.29734945321406 4.36009905123235 4.21244756629579
Hmgb2 9.04290768492065 5.57254925348293 5.5725441007294
Lrrk1 9.1635528470806 4.87673515620832 4.64663509097824
Zfp36l2 12.4004422821899 6.93118354100416 6.39844289758476
Il10ra 11.9867649941734 5.29470543884763 5.05113786066152
D530037H12Rik 10.4018822600769 4.05609619978917 3.93304652546954
Rbm5 8.25606928937062 4.36096096608683 4.02506664371819
Rab20 9.64744268247702 4.08044596591186 4.06324575921604
Slc9a3r1 10.5341792603602 7.10890280606627 6.62225433722358
Vim 8.20604281286246 4.27921342150835 3.84714550097579
Grn 13.6303783372944 8.80105462185825 7.25972482308174
Mavs 9.23385264584594 5.50227090496176 4.30435776970093
Bach1 11.7684659473826 8.18528506593232 7.168980161311
D9Ertd306e 8.20712585253381 4.11256755060657 3.99819151140574
C79242 8.41316050528701 4.58485392349868 4.54405860228955
Fam46c 12.2421510197398 6.95311697172751 4.70296785392649
Ctsa 12.9644748360344 9.31425805952449 8.66975408459805
Pald1 11.0128320429645 6.16815686517609 6.07289874192926
Ifngr1 12.016051864462 7.53039198781627 7.44646747600892
Ucp2 10.8156159051053 7.05912406966841 6.92707067614623
Tcn2 12.1195930224409 6.73785821991309 6.25912469986757
Anxa1 9.64055143138413 4.64369874083213 4.17132002209727
Cmtm3 10.0110497819572 5.67416273459828 5.6559769176328
Ppp1r15a 12.6593601245383 8.15206580599965 7.32668905004513
Slc15a4 11.356384012252 7.77550926921524 7.61915536776226
Dhrs3 10.8328899765314 7.13427584192165 6.37230255664362
Lrmp 8.89491220593798 4.59508564756989 4.37365377335814
Olfml3 13.5644607358692 6.38343559296631 6.20358856781323
Pla2g4a 9.55730250855793 5.2733446211056 5.02769316669434
Ncf2 11.109264808914 5.70409924026422 5.6325881837374
Il7r 9.22711297999003 5.11749867325111 5.01863510813424
Ctss 14.1223387589978 7.62368916302958 7.59686761553845
Cd53 12.6270729328698 5.35911330338704 5.2725161497535
Fcgr3 13.3874319809845 6.21418817456446 5.83614459641827
Hps4 12.4456398299555 7.92308190108645 7.83397446646611
S100a9 12.2965410503709 4.82827865056954 4.66915971603076
Dusp1 14.1813580097059 9.97597242746812 9.20634814636501
Traf5 9.0214474215703 5.53695246883959 5.49347453329887
Lgmn 13.4068999504885 9.84140315460244 7.2238673322704
Klf2 12.9915058739807 5.36539424772791 5.0661348236034
Fcrls 13.5200887013828 5.87674578547735 5.62952283976569
Trip6 9.31751803635675 5.58898036329602 5.34419379886472
Tlr1 9.55990391864875 4.16302541053668 4.15464067481882
Selplg 13.492313873689 6.73951672522676 6.70855238488862
Cd68 12.2825968841945 6.99299616938323 5.03019989216659
Gpr65 7.85611733273235 4.2226236460722 3.9220025930365
Ebi3 9.38512048892932 5.87676123809196 5.58682841516597
Csf2rb2 9.46516272602394 4.53162597772128 4.34955915896484
Atf3 13.3007390383143 5.06142851408555 4.78383149046562
Il1b 8.75804374629313 5.30240211825566 5.26124320630075
C1qc 13.5695399365939 6.05087122080544 5.2397357461479
Chst7 11.0545300964632 6.17542337889662 5.83788176954142
Hck 11.7192724128215 5.60163067607922 4.85889245208225
Gcnt1 7.89240442650036 4.35794987504556 4.15175864980678
Casp4 9.17977855891737 4.19410806250217 4.08738980584145
Lag3 9.94342037341401 5.6607742314757 5.58885580618239
Cxcl2 10.9236295592129 4.21555117705384 4.17897295331183
Ltf 11.9771261319803 7.52627884863529 6.33798893996329
Cx3cr1 12.8322911670036 5.73633048907046 5.58135761402048
H2-D1 12.6856010965553 8.90839238256519 6.64757167903656
Stab1 10.7835801182221 5.64410422802314 5.21803538026516
Evi2a 12.5801879760248 6.5594916574067 6.37662873668003
Il6 8.3523884587654 3.91843381979311 3.83415941451881
Pdgfb 10.6620659529342 6.35783181881343 6.3094188784502
Mrc1 8.47267687587698 4.21435236046321 4.1515519624734
Cd33 8.91751905662005 5.32107937545575 4.91341398229877
Itgb2 11.8281947861841 4.8277097297417 4.77635533202876
Rgl2 11.0627483576315 7.34641784441846 7.33644670568432
Psmb9 9.49408509768935 5.93931120039728 5.68314006019112
Adamts1 11.3973807177838 5.50045674893512 5.39656696841517
Ang 8.67340897437916 4.14175725931129 4.02301359750899
Sh2b2 9.32069277757714 4.66039551385462 4.54314662749503
Tyrobp 12.9035612805634 5.87287383801564 5.79205510127397
Ptplad2 9.63817330010533 5.47996610713217 5.3267900330807
Slc29a3 11.6835560124248 5.7291834483039 5.67632055443024
Pbxip1 10.3716503756831 6.35671893739825 6.33958669176956
Emr1 12.777781853873 5.68129320650989 5.57597583034498
Nrros 12.3519497751025 6.17185531498807 5.50280916508752
Tmem119 13.699678559052 6.19027156680473 6.09665383080002
Pnpla7 10.5843197435089 5.86677236526525 5.45486996439449
1810011O10Rik 8.37120216738482 4.38962222451184 4.30457819784213
Slc46a3 9.85031592896195 6.49529527053022 6.19329741024182
Parp14 9.10437062254361 5.15073509521494 5.10990852397934
Havcr2 10.710530075929 4.41782902464667 4.40991258999489
Alas2 9.97256535353661 5.0147130619017 5.01172788744299
Cmtm7 10.4036329494645 5.26635632854873 5.11754094805258
Mafb 10.9849900615298 5.75149029076308 4.992263409774
Apobec1 9.7227717478305 5.64134512778679 5.33382978543849
Blnk 11.8079240962002 5.71051098697458 5.65734488378914
Tmcc3 9.16895367720384 5.20890759158914 4.90780034388425
Notch2 11.035203297165 6.40411222243564 5.87169738722543
Vrk2 8.87003271247097 5.48455450872521 5.27029725749838
Alox5ap 12.5749967599795 7.62863099689419 6.31751877490476
Fyb 11.7159427823204 6.1218869458422 6.04873985945374
Sepp1 13.725757445204 9.058259663794 8.3343388541077
Ctla2b 9.94438247489242 4.48485223551046 4.1839649536522
Hspa1a 11.9245276178108 6.05116161370001 5.83739376920558
Slc37a2 8.79282849614854 5.4206456395589 5.25594597907129
Zfp36 13.4960506681509 6.18775269631375 5.70493904129854
Abhd15 9.92497435981129 4.889551409213 4.83350385947504
Cyba 11.7749627835735 5.34775544880762 5.17878951905067
Wasf2 12.4660305697947 7.57562064380751 6.61512950588974
Ptpn6 11.3292345329635 6.67755159899206 6.64079654294238
4833441D16Rik 9.33372525445037 5.07456672963114 4.78898609457397
Tec 10.1967601761071 5.77433480235972 5.0248127834072
Cd52 8.83934325002235 5.21682140984132 4.69041488631186
Irf5 10.4417221455899 6.17941770644529 5.90179662218141
Wdr81 11.507769957771 8.10589629719635 7.90399413272221
Klrd1 7.52307482814316 4.16727789165652 4.04445371565049
Naip2 10.8151812852359 4.58114592682762 4.48428645678822
Anxa3 12.9131833282778 5.47217766824842 5.46180447948949
