Nr2f2 11.0517232357351 7.36324275859205 6.36350676469986
Meis2 11.6093862191474 7.11204206158316 4.71966209044129
Pcbp3 10.7559827931493 7.35820136352574 4.43579580888539
Slc4a10 12.9565189433735 8.98089394611419 6.42470546509276
Amy1 9.82819437827845 5.76872904191723 4.73542950202961
Dpysl4 10.4352826451971 6.63731929247965 5.09928023568317
Cdhr1 11.9187310657978 6.93267414100414 4.97729099663009
Lmo1 12.8378434113725 8.04150470116458 5.84690647701353
Zfpm2 10.0937545840645 5.70777327307843 4.74574800262945
Vstm2b 11.496033196918 7.98946605245628 5.81928680879918
Sptbn1 12.6338911628644 8.46209788941569 7.43734728126587
Pclo 10.8795096502982 6.93139007831403 4.49171238455711
St6galnac5 11.2345294324925 7.41997566696733 4.95389976850056
Igf1 12.0024449945954 6.51858490522656 6.31081428236578
Uncx 8.63283836297849 5.081585385765 4.25165481195586
C78859 7.91486407670019 4.39988135613078 4.25563751221206
Pcdhb21 8.78198855997394 4.79230094586314 4.73083821620209
Gabrr2 10.5595802271787 5.30905231330573 5.15354610036355
Hs6st2 12.2752575123785 8.31489553478852 5.19369056073346
Ptprt 10.8306609098842 6.47655119694526 5.14026182325592
Syne1 11.3788141259095 6.62440374481853 5.61775579304668
Lhx1 8.56592571182609 4.45250943675351 4.14451681989627
Gad2 10.0458952924003 6.24940542702407 5.9410461746866
Slc32a1 12.8514514744727 9.33698541015428 5.06690288872955
Cntnap2 12.6400715643303 8.91065227286258 4.08612145771767
Kcnc1 12.1577806610807 8.12813378805157 6.74335033987083
Spon1 12.0161265788778 8.03387694862879 6.62064911705529
Cplx3 12.0811422982789 6.085548639237 5.63523217337539
Pcdh20 11.4637206666833 7.71911595440933 5.08998187832188
Ptprd 11.7343339644713 8.2961483589486 5.08892794554598
Otx2 11.7187052203036 5.45991854810469 4.69973862268684
Ntm 11.1918707218308 7.78837960933421 5.25525845522721
Meg3 12.9131673694511 8.85250778666437 7.24259809391319
Ryr3 10.3335085651811 6.48819350367551 5.76610270427863
Arhgap20 10.7621757172063 7.31866763171486 5.30049317071127
Rian 9.82756531182442 4.60648127277677 4.50623290876602
Sptan1 12.4204651695152 9.0496376335457 9.0011502237386
Fmn2 11.4233976398808 6.43133133662287 5.70347865895474
Snhg11 12.4390489930922 8.85838917030422 5.40322949564199
Frmd5 11.9360953657325 8.48959041136344 5.88874287915674
Gata3 8.73640599741753 4.75009025749955 4.49906351445502
Reln 13.485287623864 7.69079570830732 5.84157656088717
Ssbp2 11.27735028231 7.6175101170036 6.55982311756438
Ppargc1b 10.4384773729382 6.89392673193002 6.14091774748897
Chrna6 11.2687258867279 5.83684982092873 5.30768641218028
Cacna2d2 12.8844444445554 8.00764228372202 6.29168425274532
Chrna3 8.65468584831926 5.00204717998761 4.89310369258852
Slc6a1 12.4061889876405 8.97073472647075 4.99123488209565
Ablim1 11.2652021516163 7.86778494059326 7.80898553471587
