Gja1 9.71188510526436 5.70995139444461 4.76804881958743
Syt4 9.26478000368132 4.53588058690996 3.63485288889433
Olig1 10.5126581952446 5.03241179218911 4.45571251673816
Pdyn 9.62913917857137 4.95936054833338 4.5274943066733
Cryab 10.4605130795179 5.98178316621349 4.80124025575974
Thbs3 9.85257946397071 5.54986756143574 5.30505553127977
Tppp3 11.7652330582645 6.41597571707694 6.05188372446234
S100a10 11.5157473603106 7.37920687746477 5.44759834505605
Sox2 8.20056571409047 4.76176481865446 3.90474274861021
Mal 10.5145626386945 6.55012347748784 4.95760345148929
Dmd 7.59174815964142 4.10554032193402 4.02971559073028
Crip2 11.3857738103073 7.83056405461244 6.96781978274726
Dkk3 9.19116972988827 5.84782782173964 5.51303752827403
Fxyd6 10.5759763919047 6.36620256840059 4.99726832207823
Calb1 12.2964807783209 4.67871936313774 4.60993467235458
Cyb561 11.4870767740322 7.34315674891203 6.37893396497334
Kcna5 9.50116635839839 4.62824119941462 4.48555011534656
Cidea 9.54300482069718 5.40151710290719 5.26497331101893
Ngb 12.0851588169206 7.41442170917443 6.09694205458789
Lhx2 8.96700120088432 4.52517720686414 4.46972851436558
Foxg1 8.45490994496033 4.5078372292254 4.05083116686446
Tpd52l1 9.98709160144052 6.41839804832382 6.26409781453896
Avpr1a 9.5787608618662 4.67040204321443 4.54410037046675
Slc17a6 10.1925620095517 4.86629467726489 4.67799739691097
Ccdc109b 9.49812417464773 5.48194245547816 4.59542842127751
Ugt8a 8.78649431469981 4.49775525768811 4.28212134295299
Cacna2d3 10.0967905031027 5.95061863569514 5.37545566889236
Lhx9 9.74773083200294 4.49900482791435 4.21298870009105
Mbp 11.7697458482918 6.71381807963564 5.92080705562529
Lor 9.26720818033836 5.43585824604675 5.25285807012532
Hcrt 14.0751276071672 6.86569508982189 6.32617431199587
Epha5 9.13584387840691 4.9744495137663 4.59300273185213
Mt3 12.0070389164818 7.56549237032601 7.14360435121843
Nptx2 10.3951231462849 5.57767957471287 4.46076987503009
Mobp 9.21900833403577 5.0284657324767 5.00560385847125
Nkx2-2 8.92089259749875 4.74711158748076 4.53710415592198
Cckar 9.7984010574424 4.41061376596909 4.08965293982878
Sh3rf1 8.56148435078273 5.19531731626007 4.46665746531342
Cend1 9.38866374746383 5.81644938088128 4.50738061229579
Pcsk1 10.4554470721903 6.72626007052341 5.25242821658728
2010204K13Rik 13.5207529025275 7.13326094263754 6.16402588034291
Rit2 11.8894026405936 6.69783396660795 5.76085122839262
Elavl2 10.8772785367457 4.84456191095475 3.96490990519268
Oprl1 9.85065913775448 6.45886774498567 4.93044429529452
Rprm 8.82479834873368 4.81948710406589 4.60013210565644
Nts 9.33924874847161 5.81618920407096 5.08174592298915
Igfbp3 8.65903024907778 4.47878755941661 4.38178781496626
Id4 10.184538938888 5.69121483437073 5.19574794365202
Cbln1 12.4666460868579 4.44823340880057 4.2960114191757
Timp4 8.51049202781127 5.04055256512091 4.49537514727376
Nnat 12.1047011743214 5.8887567730584 5.31247118866322
Zwint 10.9378339071479 6.14194782224546 5.8850205430862
Ptgds 9.8828837530185 6.01571134796179 5.2090944703664
Agap3 9.12529355811104 5.73544670606582 5.64562317864322
Tspan17 10.0419242766437 6.71432498574118 5.04258466820477
Mmd2 10.3469908027181 5.59165052592536 5.17782099194192
Tspan2 9.2242412871799 5.32817151668864 4.98636577100943
Cdh22 10.553257079302 6.48483611725005 5.77162362495849
BC022687 7.91938787863867 4.38951613533314 4.21743425949158
Car8 8.8659980968685 4.74823886923681 4.73512015065282
Neto1 10.4248645005173 6.53116421816157 4.27921209180641
Plp1 11.424316282482 6.24825944861692 4.54914819025144
Tsc22d1 12.186779192695 8.7002662262906 8.48384089920897
Rab40b 8.98585421235244 5.08424416077809 4.55347271326116
Hmx2 8.13491538369428 4.29506341156164 4.21496259497672
Ddc 9.88133540000554 5.13898006844343 4.96148479983701
Mal2 9.5486731386957 4.70978011217282 3.99793190726517
Tmem158 10.402085563953 5.93220091263789 5.39302467905623
Tdrp 9.53961307785823 5.91571014272943 5.67259220913076
Rhpn2 7.48455915400062 3.87429334739899 3.86789349513386
Mela 10.044685842476 4.3437115127413 4.14296489140409
Spint2 9.99615308625868 5.722159209024 5.47016193753088
Mog 7.58600518871211 4.22895818578005 4.06738128597943
Gpx3 13.2412502868861 8.1962648502128 6.64670614960687
Cdkl2 9.6466787462518 6.11129477472612 4.34104803764499
Rspo1 8.89642928029499 5.09091131447845 4.54397089722258
Trhr 9.90261189351333 5.00195512389184 4.05990402972886
2010005H15Rik 9.20212944641955 4.91918681149363 4.80240220447198
Dlk1 11.0250088274927 7.04892183619392 5.69653759709951
Fabp7 8.87185076546762 5.21372209712263 5.03872485921626
Calb2 12.0822492067333 7.95955195838315 6.4500255925184
