Meis2 9.30465722732374 5.89136831097892 4.83412851336556
Dkk3 11.5544347527442 7.61482747817235 5.48692428547499
Fezf2 10.4449998091769 6.24444003497524 4.67881123154299
Ndrg1 11.2859607696717 7.53776570550454 4.98726564000318
Ldb2 12.0472865602491 8.32738084081659 5.36074150526851
Grp 12.3612810384536 7.43982551814485 5.15144283608629
Sorcs3 10.2773629523514 6.88999041769805 5.81654052258339
Tyro3 8.60759600297959 5.1856310261554 3.70848493927812
Nov 13.0920894852042 6.24230497962868 4.61534582085877
Npr3 7.91901817853702 4.40387337664652 4.10576843996316
Pde1a 11.6913226498101 7.22706139769162 4.42375882677847
Dcn 13.6147851663269 6.44232258685656 5.83079061301508
Nr4a2 10.0379034895891 6.000340757865 5.43395134478101
