Uhrf1 9.53427432476441 5.46509444230221 4.3224249031462
Dpysl3 12.8837712643463 8.21529910176917 5.24325104588276
Nasp 11.6288470631536 7.855516291184 6.33861338507992
Rrm2 11.6111642006541 7.24716332524497 4.47577452512313
Nusap1 10.6922193016853 6.24889635756563 5.09441760159531
Rnd3 11.147304665057 7.62479296500038 4.4693849041801
Ccna2 11.2214637710139 7.08836003220332 5.4135737396657
Dcx 12.9992884069284 7.79826713133429 4.70752870156946
Zcchc14 11.1644737928983 7.81970058458674 5.24707289157904
2810417H13Rik 11.482242210821 7.31318401500269 5.19596660946412
Igfbpl1 9.97989734602987 6.17763005491859 4.98904642221219
Tmem2 11.2640536076435 7.47994957627176 5.00787339931857
Mki67 12.2894855558827 7.21304274578223 5.15590836102977
Cenpf 10.1337691740404 5.65654235358344 4.69607275730034
Smc4 10.5176275690196 7.06430899958915 4.48280009542867
Top2a 11.6433083587303 6.77039484369236 4.52172896050867
Cdca7 11.4007435849176 6.25399246088448 4.89121359231743
Trip13 10.4075548492614 6.65182194686925 5.20698407271388
Kif2c 8.54458335727805 5.08118893017803 4.13222860306069
Zbtb12 9.46654178096821 6.02302915431662 4.96342024000166
Sox11 12.1901352007152 5.6563286674584 4.03383674063326
Cenpe 8.34767451096559 4.15079039699656 3.71504109871941
Pbk 10.9766873691486 6.98691866681554 4.77874063550106
Dlx2 10.9362088035108 6.68839824007432 4.98053487686724
Dlx1 13.2290397628289 8.43113280716166 4.23845640656334
Cep55 9.32947005437654 5.85336095572315 4.46503394992294
Ube2c 9.80516240401687 6.27142149185295 4.5545693562477
