Slc6a4 13.2687666804024 6.67660135550224 5.89951939786371
Trh 10.0993436894653 5.33198928707741 5.24163495441614
Necab2 11.1184378573953 7.57257133168516 5.91838273061366
Slc22a3 10.4316004838709 5.20183474545952 4.6796342182836
Gch1 10.4723205451581 5.81163478374615 5.39212393738899
Klk1b27 8.73392053773961 5.13801750168102 4.27813552870855
Htr5b 8.06702694164881 4.45721710694042 4.37184644612505
Asb4 9.04410063559089 5.62243531715741 4.61974556759468
Fev 10.7744246565637 5.1509218563019 4.80077671304442
Ddc 13.5601399134208 9.23666777875852 5.13898006844343
Ctla2a 8.82355876215085 4.61194387345766 4.6054514211619
Cited1 9.1785020692238 5.15181888892374 5.0146932103569
