Cd24a 12.5458662117456 8.69696189885278 8.63220033720758
Mcam 9.53912455956763 5.9007209328684 5.40784266908399
Htra1 12.5140891481256 8.85573921468958 5.65377828975095
Irx3 10.6326071251486 6.00104247685067 5.32693160149163
Anxa2 11.5827567937333 7.6469811863803 7.50901452470278
Lgals1 13.1305637286044 9.30155054610169 7.60948756052155
Prph 11.2089871923909 7.86690159190804 4.90399010655995
Prss12 10.9481523248929 7.27884054263773 6.23194305079786
Uts2 9.33538515540026 4.76907491755446 4.71230042882788
Slc18a3 11.7242772360489 4.93612963905253 4.76913686055883
Calcb 12.7755651633284 5.87419743739873 4.50269073093548
Sh3bgr 11.6135241023085 6.64732136107478 5.02159050073998
Isl1 10.4878708482135 5.25222571464925 4.55972424085707
Nts 9.97696443008931 6.45431249421912 5.22980444525922
Medag 8.99292071085815 5.392475439969 4.26246198643472
Calca 12.0361303971269 7.69097334514037 4.30468449826624
Trhr 8.4298099344482 4.64045610693459 4.14068727600425
Kcnj14 10.5368065360167 5.40713746056493 4.68682849731733
Rspo2 9.9251651473209 5.296763749582 4.79043079395724
