Tnfrsf19 12.9468649736235 8.10852833263749 5.72897846104991
Fkbp10 9.23809487823485 5.68771860400593 4.95013041254554
Vcam1 12.4905064931973 8.36494692944489 4.16823326783542
Cyr61 11.2219398189934 6.21397216510652 5.2541544199682
Gldc 10.7079755259347 6.91177542952071 4.85477389018007
Glud1 13.0922984788764 9.50892810556668 8.75541026961789
Elovl2 10.4971364704757 6.11198591707067 4.3893355447652
Aldh1a1 12.4566077444824 8.79035279191164 4.96722119083433
Ppic 8.89327303717949 5.4554744411402 4.65865398399193
Smpdl3a 12.241810630879 8.82293156422377 6.31698942245461
Lcat 11.0410026946585 6.72648128211108 5.45023975634583
Ntsr2 13.5479959753493 9.2660119651929 5.56500787484286
F3 12.170861291235 7.67754195304586 4.6517383603649
Fmo1 11.2230012977506 7.33991213804593 5.72289401621614
Slc12a4 11.0217723548564 7.46512183604043 6.00851879005106
Tspan7 12.4300135912677 8.38065103789221 6.83060263830521
Slc15a2 12.9209288584813 8.91777964521841 5.80934468137756
Prodh 11.9191654669986 7.72524946512431 6.24544450450688
Wwtr1 11.144159451558 7.01829274199606 5.19299156364022
Gpld1 11.9669661261077 8.26542644811856 5.33498349293433
Entpd2 11.8338785997951 7.39464134864605 6.09752845670165
Lhx2 11.3608732744881 7.78302593328008 4.40376222490221
Fzd2 11.9103842892574 7.1702694195698 5.47842224711448
Ptprz1 12.4344860817074 8.45137502125564 5.73126917461125
Slc38a3 12.5689053714982 7.71528977625522 6.67226390586531
Dio2 13.6972078979736 8.89362325189946 5.72043126055286
Fads2 11.5512721777708 7.67100584822516 5.67784047550967
Cyp2d22 10.7300049309132 6.53902075825844 5.3857100450584
Timp3 10.4181162414404 7.01023707898653 5.85732288608748
Cyp4f14 10.6790595583826 5.93657709836605 4.61421228265763
Tmem47 10.523084290564 6.33313517926745 4.89450680336095
Vegfa 11.0039831260924 7.55480648604868 6.08844817436524
Cyp7b1 11.1706739164099 7.53473916696872 4.44257250925284
Slc7a10 12.5925975152025 7.1100693688871 5.98961096429871
Chrdl1 9.01341114730262 4.88008731830057 4.53179290183631
Fxyd1 11.9085593541225 8.26999420476654 6.83363431029703
Hapln1 8.79106852020775 4.91264588706716 3.82101385326474
Fgfr3 13.2051960746302 8.58967706740724 6.42378885597686
Papss2 9.72814242150944 6.11947838599414 4.70845122717725
Atp1b2 13.6069616596162 10.2563125828544 6.5026020108858
Phkg1 9.15832369838292 5.16033910386103 4.14211939374993
Acsbg1 12.2564662982543 7.63053358337577 5.64993959521133
Tgfb2 9.73919027688644 6.08297066891797 4.73497243193855
Slco1c1 12.8787965984781 6.87881069826513 5.18542239838443
S1pr1 13.1580874993649 8.43058729358018 7.08700760704512
Axl 10.8014214349533 6.00279646405688 5.355760923259
Cbs 11.1144722339394 7.00260915658835 5.8089860183041
Gdf10 10.1244190266984 6.4191784724628 4.84544323961398
Ccdc80 12.3443186835103 7.9405343489527 6.55153804943283
Oplah 10.7875743274621 7.31222219990359 5.87922503382269
Adhfe1 10.8567818663259 7.10700540343365 4.45697260051677
Aldh1l1 12.3448151337453 7.8558797400483 4.97106226767951
Lmcd1 9.92407559020043 6.55265514609582 4.82568334606934
Emp2 11.9447390671465 6.97565170467197 6.18974379975279
Aqp4 13.2600202904851 9.06741559097566 4.60776637273504
Col4a5 8.14520466671327 4.20662797931709 3.8168681176218
Cldn10 11.7672802277779 6.92271973111912 5.45984800100011
Cth 10.7458830325434 6.29662527716855 4.65987068656235
Slc1a3 12.9120572557712 7.90300901226663 4.62378146506885
Tlcd1 12.0026388358752 7.85000948909864 5.70984912719953
Srebf1 12.055108784428 8.7325141156363 8.02426498375618
Scara3 11.9517215321744 8.36982504941552 4.7017860061865
Gabrg1 11.6686086206442 8.0371308248944 4.71014275174121
Ttpa 10.2547945328337 6.05324372584544 4.66742947168909
Atp1a2 12.860642113609 9.21834585546994 4.63967309253329
Slc14a1 9.56091240653294 5.19544135486553 4.32800240476338
Btbd17 9.69967409301057 5.60094630583461 4.61239782711354
Tril 12.6940200578731 8.81728295316327 5.15419601791275
Itih5 11.3303487273976 7.71833948971334 5.84005377138964
Pla2g7 13.2486813035544 7.9062077333253 5.66288324799143
Cd38 10.5532551831293 6.14210411521935 5.17219656156214
Lrig1 10.7364940784037 6.92061341618008 4.38391197098855
AI464131 11.3261733254919 5.94397022922032 4.07684547452923
Mlc1 12.7808291767584 7.61418418264131 4.29754513582169
Gjb6 12.2629359260794 7.6708071876843 4.77703050752791
Grin2c 11.9001062473218 6.4778885027186 5.28910569312816
Cyp4f15 11.6068320821582 6.05780975496235 5.25516394066952
Slc1a2 12.2329919079947 6.72307924698581 5.49811479575361
Igfbp2 11.8692974634775 7.3418053885111 5.43629393157019
Slc41a1 12.3606815817952 8.77469169222467 8.01918629261288
