Uhrf1 10.386684234343 5.91487509425577 1.61068209179606
Dpysl3 13.9345956392802 9.87881032503078 5.06713950889698
Rrm2 12.9634031331029 9.06027111412805 2.82615221189896
Shcbp1 10.6184135123768 7.280000125716 3.24136629384532
Bub1b 9.74677766018317 5.51816481740635 1.73936590159068
Zfp704 12.5944702025786 8.80067156039308 4.89039305293499
Sgol1 10.4293897616319 6.05633867949345 2.54524737841737
Ect2 10.6052127905965 6.73959597487606 2.81971345126534
Igfbpl1 10.702439539696 7.01073668691978 2.7561232482957
Ska1 7.73387798823829 4.39976873697856 0.99286205386775
Mki67 12.7094554794273 8.15861982234557 2.7613467389646
Top2a 12.5076915003704 7.80112281099549 3.27424649587903
Cdca7 12.1507226149423 7.62659639182045 1.60180351487945
Tpx2 9.33334927146231 5.91870373376714 3.0312953761771
Kif2c 10.941852872351 6.51304880457588 3.39177571735088
Sox11 13.2176577332235 7.82919799025715 0.646265849666983
Cenpe 10.1423464410496 5.68336364859634 1.71454813395251
Pbk 12.0102232202334 7.99733053696844 4.87454660741385
Pole 10.0179486705905 6.49681766501102 1.49421642803443
Dlx1 13.693982648136 9.68496250758852 1.11139613259284
AI594671 8.21162318451587 4.87191974588452 -0.257685831805241
Ube2c 11.281950366668 6.88370168729004 3.35764117301758
