Cyr61 9.93682167865186 6.09465337851672 5.72189222723585
F3 11.7277157052597 7.26283404503554 5.43938707545897
Cyp4f14 9.47143169472397 5.92589358945061 4.7666083235535
Slc7a10 12.0082796489695 7.07257268050315 6.09253505858954
Acsbg1 11.9825695013646 7.88952777095633 5.8987236102263
S1pr1 12.1506812466013 8.36887451676841 7.40734990681681
Aqp4 12.7949308571617 8.1713425899477 4.61829132416174
Cldn10 10.717178895912 6.94109927285469 5.59276042549255
Slc1a3 12.142456319575 7.92694350888291 7.03677242394557
Tlcd1 11.6234959491504 7.81800298447077 5.7827147139831
Gabrg1 11.1181097074073 7.15621126854225 4.73422066633621
Slc14a1 9.23149361143258 5.39051786106811 4.77425126718296
Tril 12.5902436977717 8.75502178010897 5.12106369110657
Pla2g7 12.4372974303603 7.65098885220739 6.34414137470944
Cd38 10.5524516644774 6.11968072189591 5.63274896978569
Lrig1 10.9454604765597 6.90756366395695 4.48934860530793
AI464131 10.3444233494014 6.39668020616195 4.11140538459428
Mlc1 12.2496379715212 8.33414437582061 4.44412034185019
Gjb6 11.8769269675198 7.74872546069535 4.72648312468978
Hsd11b1 11.8939307356257 7.81814717974376 7.20149718576736
Grin2c 10.3149877620821 6.154665134388 5.28553664664995
Slc1a2 11.0483562027887 6.96994804058476 5.49008593111366
