Dpysl3 12.5837186289549 7.38683171985805 5.20371754819898
Nusap1 10.2685748795528 6.14543967328277 5.63383589115484
Cdc20 11.5424958402806 7.86010975527324 5.95883231187611
Zfp704 12.135570673145 8.36604765618819 5.82892590654753
Dcx 12.609510647711 7.78194808748313 4.85263920223557
Dlx1as 10.2758594428098 5.40331769720431 3.92875198028086
St8sia2 10.2282809393728 6.38262389898248 5.18061511833734
Arx 11.7168628079674 7.79434908932167 4.05428800374628
Gad2 10.2674203244901 5.9518357388706 5.89719689416709
Aspm 9.31800240727106 5.68067591060863 5.30328083018073
Tiam2 11.9054090112396 6.66116524446515 5.1893758173314
Igfbpl1 9.35215818708553 5.22309237580385 5.10329267981545
Celsr3 10.12553192861 6.36253619857948 6.09845372748529
Cacng5 11.2021982479223 7.3219370055027 5.82969210575745
Mki67 12.0777285949891 7.31586040089747 6.29314465139765
Cenpf 9.86451651458643 5.25350845661754 5.14246203662898
Sox11 11.7615194694088 5.2604666856642 4.06052784997859
Cenpe 8.35187777991941 3.98963811560442 3.92342167086705
Dlx2 10.5546814264519 5.76873883877555 5.38044201924885
Dlx1 12.6004830041744 6.05384251788965 4.7196107263875
Gdpd3 12.8194152917917 7.49852630885695 7.22459556067201
Bcl11b 11.1984073697756 6.88410212479682 5.16708403999037
Ube2c 9.9942419786172 6.11645884594233 4.93656350097627
