Cldn11 11.0333116573232 6.69103985771335 4.43531525239321
Grb14 11.7354078186067 6.88919582345849 5.41525750256157
Ppp1r14a 11.6405367658227 6.15434418036275 4.72592636011934
Tmeff2 12.6509160916466 8.11907040003572 5.68816623910504
Pdlim2 11.9647897976777 8.35063845868121 7.05316732599285
Tspan2 12.5087015291588 6.98196762734133 4.97323762470667
Sox10 12.3265749596543 8.15620553411375 6.87147653557957
Ddc 10.4812808031188 6.71633333950965 5.11262319966291
Fa2h 11.5929014798992 7.36712180696849 6.11594448183465
Mog 11.3090214317393 6.13977927179957 4.26837492908997
Pllp 11.1074676774523 7.42612165385212 6.48597753234155
Josd2 11.2107808796679 7.61998531832893 6.49665905442286
