Golm1 13.1709345745481 7.58815972041858 7.55062992667984
Cdc42 12.2436389401093 8.28511210663875 7.06271025381448
Ncl 8.57878843561137 5.21290798195652 4.68789139328396
Srsf2 9.40037755656191 6.03449113209751 5.59780084392542
Lbr 9.44263213579448 5.59933319709607 5.40286523599685
Tgfbi 10.1729708775644 4.8575330090862 4.4225773885517
Sgpl1 9.54910293773426 4.77516126858018 4.650497066063
Mgst1 8.2714639401547 4.80438977325412 4.79311013158692
Junb 11.5780026398467 7.28856372726496 6.7359645127378
Creg1 11.4502595824185 8.10061670252395 7.12892606307701
Marcks 10.25492957013 5.92296854962924 5.2566784129373
Lcp1 11.8463632704423 4.54701773973827 4.31644970880552
Vcam1 8.18118631825557 4.1807368872866 3.99267052314295
Txnip 13.6993914736524 6.84358952281707 6.71493848039404
Cd24a 8.93508939538895 5.26515260897545 4.63372812128802
Sgk1 13.2007291352408 7.23465178491795 7.15142137799968
Flii 10.5065121486884 6.78504575564072 5.90444642549468
Fuca2 9.96271289402937 6.61506253801009 6.1228658126216
Cd9 11.8962881279299 5.4281099170633 5.29906629927031
Ifrd1 11.3040305700896 7.9203765268556 6.12890151398319
Cd34 10.5911587485583 5.85576289377758 5.824409522779
Zfand5 13.0724898086973 9.61119036212078 9.55352021538427
Hist1h1c 11.8476499855546 6.90169233116128 5.11377888026277
Ywhaz 9.99123940936416 6.31365815592222 6.27023145499253
Cd83 13.2264749464343 8.31418917442285 5.93422239372808
Mmp2 8.84546583079709 5.36830480755546 5.33717016631035
Serpinf1 9.41188678958694 4.67165694219381 4.63481356563414
Rdx 10.7244040179248 7.09265614015317 5.77854249743784
Pnrc2 11.0423202308249 7.32465995997817 6.47045773458687
Sipa1 11.1257432146877 6.46948200297961 6.45309250696538
Btg2 11.4968904593275 6.19689663691688 6.09026966014213
Tnfaip2 9.08145533726492 3.92467473600357 3.8859324606821
Plod1 9.23012146683775 5.8281110109945 5.69172098561025
Litaf 12.5127367018525 7.80176580443204 7.77339375339194
Lamp2 11.6172171151883 6.66777538491329 5.71786939290182
Snx18 11.9105809619856 7.72895866472353 7.23844411494886
Ctsc 12.6065842886925 4.7270679244629 4.25565279211581
Rcbtb2 9.51693799161507 5.11603970553197 4.6511833414526
Cd82 9.38715719713112 6.03279962779352 5.61866163717438
Tubb6 9.94309885815544 5.73211496929212 5.32395427596042
Pfkfb3 9.98570488271776 5.10376908246639 5.10172506270792
Cd164 13.2504873032464 9.48277197836049 8.50529691235582
Ier2 13.4150634942812 6.32853344958725 6.26935049697594
Rab32 7.60118101811754 3.87167837754159 3.79794428697885
Pnp 12.8627608953087 7.18840014623053 7.04754489331274
Nfe2l2 11.3735710823378 4.70676714385379 4.68603232893355
Slc13a3 8.06868956027001 4.48396006274841 4.1331388497798
Socs3 12.8363611039744 4.7324778323068 4.01999396258516
Sparc 11.723215805215 4.70636412045904 4.33790075904683
Scamp2 12.0782300087712 8.00501127359265 7.66488148700783
Acss1 9.58139552895345 5.11312854547248 5.07357799314854
4632428N05Rik 12.9592128362635 5.29962197525412 4.95245576183331
Spint1 10.3415667614487 6.26980886039769 5.85901470436333
Smpdl3a 8.89619561075724 5.243324263159 4.74027349585729
Afp 8.20241684612463 4.43237148790418 3.81214715140745
Stxbp3a 9.18980767526913 4.50779390697518 4.25969854637299
Clic1 11.3846871257571 5.79719346735223 5.48899552737796
Serpine2 12.4306055788881 8.69045549551816 7.81651571556194
Plxnb2 11.1751053377305 7.64921511689244 7.16422665484117
Tspo 8.96653892538565 4.59167334519991 4.45015764291474
Irf8 12.5606886061131 5.48065889787716 5.44168914197015
Dnajb1 11.4072973894197 7.49742857556309 7.49632556442752
Mical1 8.88736256308852 4.28587468745016 4.20879510132299
Fkbp7 9.58447874704344 5.53376423332744 5.27527983061649
Tbxas1 9.77227819439976 6.21407800073258 6.09853586880671
Slc39a8 8.3702572354114 4.12536487441991 4.05364889326455
Parvg 10.3224146114506 6.72590069180533 6.00461645566941
Mcl1 12.1472433486191 7.0207332739323 6.75162189775678
Fam107b 10.6475155947746 6.4510323024499 5.42975387357061
Rps6ka1 12.439882687873 7.89111804497452 6.9614871300226
Npc2 12.9151308001633 8.70002135827362 8.4604659511328
Trp53inp1 9.74512065236671 5.64280261544801 5.10991452398482
Erap1 8.15112431133349 4.59020038566852 4.47730107409674
Tnfaip8 9.91373565516323 4.3441358742065 4.30192212307571
Fcgrt 9.65042068842126 6.01777908699949 5.49707700653905
Mfng 10.1100884876208 6.26475104435524 6.0600562823758
Tmem206 10.2057688234462 5.93702620464717 5.58573219192186
Slc40a1 11.6365802495677 5.91794777624847 5.89081331970606
C1qb 13.3846079047961 3.94230828114398 3.80475735007392
Cyp4v3 11.0721852303594 6.10074277612399 6.06532061570859
Qk 12.3621647632087 4.98454341354326 4.479285311134
Syngr2 11.4559121689701 5.00133116532094 4.5034930897606
Plekho1 10.6038456884602 5.84308404720104 5.71309977130857
Pmp22 12.2653168767854 5.33657096220752 5.1741668024123
Nfxl1 9.14413100841336 5.69257963398123 5.57534961520493
Tmbim1 10.1081327824941 6.76809059253982 6.13758931695811
Tmem123 9.14930394547842 3.9221260018 3.69817829945918
Ccl6 10.223717633042 4.77982506277977 4.53377194701461
Cd14 13.3052539164274 7.03017986021057 6.9707784034932
Tob2 11.2284375997777 4.89384414884005 4.73066108559659
Pycard 11.8185468367102 5.5612385716065 5.49722278754352
C1qa 13.2380236204344 6.0290597730669 5.78014527366294
Il16 10.7022595486227 5.89396655418562 5.81721293391892
Slc7a7 11.052383619296 5.52234113286876 5.43026467321427
Klf4 12.698526861476 4.98706635348039 4.62620490989836
Jun 13.1567215574815 9.3377259349931 8.20211145223552
Srgn 13.2509970787582 6.12338776850597 5.55160662280614
Cks2 9.81957354136534 5.91476311968843 5.49959609519537
Myh9 12.5865032254667 8.98423845178677 8.65458846204325
Nfkbiz 12.6860754101133 4.5093443419685 4.31861681916202
Tgm2 11.7718766956168 5.61687557091633 5.56486174304935
Plek 13.0669588958399 5.63360826072545 5.37284997401153
Itgb5 13.3318370523038 3.95904842227068 3.74272354622669
Elf1 9.08676867890006 4.11035538347915 4.09030845586417
Zfp68 9.42067994106581 6.057711165982 5.62508802249423
Rgs1 11.2541972267774 4.75004667051984 4.49786692736163
Ier5 13.0591463203827 8.85057181719715 7.24733277391721
Slc12a2 9.27545350413279 5.50101761535139 5.18278623119788
Mknk1 10.6885605319743 7.33262025237222 7.04250171801094
Cd79b 8.31573716498709 4.77668028990202 4.36655822429965
Snx5 12.5628056055199 6.17892613473803 6.06074247397795
Elk3 10.4901390004177 4.60205008239718 4.31028765267452
Gab1 9.65193276191746 5.517032271257 5.11847012069395
Soat1 9.02708526356189 5.033471858627 4.83532820869174
Naglu 9.26626288253695 5.94358193011717 5.58154678059839
Laptm5 13.2497958585741 4.01049140228682 3.88252054660989
Ube2j1 8.69405240386572 5.23220972576279 5.04761701510028
Ptgr1 10.0953671914278 5.399592063123 5.38455414802458
Rgs19 10.139947557409 6.09784453314231 5.57081658953116
Dok1 9.09517514267858 5.34870596582187 5.3402888547647
Serinc3 10.8737843005988 6.58498410297369 6.51723465305284
Ctsz 13.0341451754765 4.1909348626754 4.06488404644316
Fcgr1 12.3056772228307 4.62952186617825 4.6117336141802
Slc16a6 11.601886645942 6.29207585130642 5.27484571935326
Pdlim4 9.4700059993897 4.68809339010264 4.5934689842424
Ccl9 11.5606702750711 5.12512842347988 4.90813951918124
Tmem176b 13.0401808488191 7.87461650756283 7.5800721867431
Sh3glb1 11.8746829636542 8.4619266501767 8.36712259475966
St6galnac4 9.99597436944815 6.35793375298773 6.24212236856711
Tnfrsf1b 11.5849644137814 6.56455955871188 6.28959222099756
Inpp5d 12.5199395399242 7.46685773482491 7.03188178713795
Tor1aip2 7.23703840489046 3.90697318100086 3.73522681791244
Aff1 10.5286978143419 6.17309075931655 5.44253458470435
Tlr4 9.52419084436795 4.72572390213347 4.38395215300812
Pmaip1 7.94812896443572 4.20933975045815 4.06215229517976
Aif1 11.8782125697407 5.96775361057474 5.31964164410664
Lims1 11.3895886323577 7.5684667109889 6.38511183072702
Syk 11.2305153374971 7.42252228731303 6.75305409096839
Klf6 12.1614928848338 6.6339276114207 6.07375991985701
Crybb1 12.3010895138039 6.29849242930339 6.25013017702043
Fcer1g 12.6409109862305 6.62174800289442 6.25965189943504
Ctsh 12.8519091129382 5.60913552050649 5.5590337248906
Gbp3 8.5913202656342 4.68089691382167 4.56839000227527
Gpsm3 9.66649074936397 5.35723820388133 5.31881979524709
Ncf4 10.7081144474155 5.07084337085077 4.98300380716418
Ggta1 10.3145780373454 4.34337018877272 4.1910407459441
Calcrl 7.84138491604448 4.02649569349246 3.73775486957239
Lcp2 10.3889718130272 5.10427970184664 4.71855355838192
Fech 9.4374346620204 5.92646015317079 4.99022936100407
Ngp 12.4329204009581 6.56986524900368 6.410749428655
Spi1 10.2850028049619 5.98148708196029 5.82971787395963
Atp7a 10.1404314445784 5.39576955975321 5.35198822229481
Csf3r 10.4703586336665 7.07589171484745 6.31838805471125
Ms4a6b 11.1222234312687 5.37949196840839 5.31865100511336
Hcls1 8.83239317939796 4.86308862161532 4.57128572338767
Abcb1b 8.00305280287427 4.60892682312373 4.25741235811923
Pabpc1 11.1513836653323 4.69213593799959 4.62215180687596
Cebpb 11.6879517821222 6.99561756386403 5.86151708484223
Plxdc2 12.0633823649962 7.69516536480703 7.45393752148183
Cxcl10 9.83264446685726 5.0855798640727 4.99403899221471
Maff 10.2395219098757 6.70536352504405 6.40220465582053
Cysltr1 9.33333349087416 4.62987675705103 4.3061228425792
Bcl10 11.3928955143517 7.26411444159564 6.83530005195997
Cttnbp2nl 11.7204560544011 6.02102968277368 5.90864683530851
Gltp 10.7931375238269 7.2316716826221 7.2310622266091
Lyl1 9.97533629065994 5.69768686687837 5.16702711126306
Ptpn18 10.4025712369028 6.50562528633877 6.35834939123587
Tlr2 11.9268402473875 5.88013787897993 5.75025243356448
Cd163 7.66769719158114 4.13064294508633 4.06948506862077
Serpine1 9.52331793271942 5.32146940818908 4.93644389561869
Sox4 9.95630765129675 5.50535171212274 5.44173115685548
Mlxipl 10.549742788076 6.83652804769363 6.47484211543125
Cd37 10.9048574016166 6.57702728292737 6.11036773496526
Map3k8 10.2849700718244 4.95258475413421 4.86371852507146
Myd88 10.7278217724093 6.77723524319567 6.47268690240787
Ccl12 10.5112043294489 4.62232963468766 4.4490491026714
Pon3 9.20297150005047 4.2584090306157 4.25300635515638
Ss18 11.2969679127442 7.95750370893676 7.85443450844742
S100a8 13.0395448654869 4.84261786445813 4.53966581902866
Il10rb 10.7116513838826 5.49331164846378 5.45526895000112
C3ar1 11.7072754362155 6.49542623320928 6.39355426335479
Fgd2 12.1304825880125 6.23780064911075 6.18438830240529
Rela 11.8428094359349 8.09352516827569 7.4056120677667
Ccl3 13.4953964323281 5.09937683918471 5.08123987729281
Ms4a6d 11.3799791784438 4.49996891854363 4.42977505567774
Ier3 13.4963591841383 8.22258669419234 7.75849166665392
Nupr1 9.93831898336817 5.02604124968315 4.77039805659559
Camp 12.113738407204 6.02221161345163 5.65070116118192
Chil3 11.1159878878753 4.56323335168325 4.31157390997113
Arap3 9.86775374576886 4.08716891381404 4.07567280329454
Tlr7 11.2112407400947 5.38116397347514 5.32449313978803
Tnpo1 10.0306104853679 5.80474396031719 5.71285899677775
Csf1r 14.0460007158016 8.19952760302167 7.59993536494946
Trim25 10.8969751411857 5.45858018500869 5.38202397160086
Hpgd 12.0107499612859 5.65138668980285 4.52300080895326
Nfatc3 8.87143809052763 4.39401197254946 4.31854183461374
Mcm3 8.92535440058905 5.12074672845914 4.96283872691981
Morc3 9.98783898123944 6.07390931615268 4.83501791664001
Pttg1ip 11.4910938890536 7.96742464277255 7.30694122154218
Slc11a1 11.4154854568916 6.40189968531124 6.22716795181846
Ccl2 9.49866288250659 5.58520044735604 5.1947093610498
Cd86 11.6419705628058 5.52657778174848 5.00333554508902
Sat1 12.159300186165 6.06042323720253 4.67817072246338
Prkd3 9.70383275414416 5.55483304712187 5.05715004474323
Gpr84 11.5935377294956 6.33869992199052 6.07831970692714
Anp32e 9.87054100376129 6.16651537923791 6.10031379217287
Ptp4a2 12.4237248998575 7.59507603417757 6.95596161624189
Vamp8 11.9027573726861 6.26419442408234 6.17874353379128
Tcirg1 11.3257053795282 6.56507460148891 6.23254500784969
Sqrdl 11.0518617676912 6.73965947316372 6.40390313038241
Trim12a 8.5835260320544 4.03624009623556 3.93748888242819
Zfhx3 11.2942984484453 4.96958068632775 4.64866368812018
Slc15a3 11.5219827541908 5.39851156507575 5.29367688660808
Tsc22d3 11.4721491337919 5.49133267742399 5.20840088276173
Sla 12.3378861062474 7.72967770031403 6.25721164113403
Myl12a 11.9122596630422 7.10623792876672 6.89523792850414
Sgpp1 7.73906578784567 4.06109632281641 3.80017887871497
Tgfbr1 13.4953964323281 6.7213780891205 6.61868072739283
Snap23 8.47917138557207 4.12810108849033 4.07803786877752
Cd2ap 10.1956964097835 6.01019708502736 5.92525184534204
Asph 11.1131392793095 4.93922224320254 4.78137848291212
Ivns1abp 12.7182126498181 7.43118050949757 6.22017741378975
Adcy7 11.9646243532397 6.62034683660207 4.87324578069743
Rbm39 10.4094928984617 5.06791206741555 4.70140227891978
Mrc2 8.85958477054983 5.50412218233419 5.35079410455763
Vamp3 10.8638436564196 6.53351739420608 6.39581443759545
Bmp2k 11.3162621163235 5.68315114332067 5.62107974260848
Gpr56 11.0473777353108 7.50962319253538 7.50343367331507
Tial1 9.4359355915161 5.3435389644818 5.00773785060793
Lgals9 9.80576100376818 5.62025155999229 5.56166159232301
Trem2 11.528689695107 7.02971544420346 6.85706019748138
Cited2 11.544533489924 7.56154682688141 7.31299520349432
Gna15 8.93153578094543 5.48951408098695 5.38008470892703
H2-M3 10.536790243709 7.00741425698156 6.76938171895956
Birc3 10.7521481640029 6.40096145004998 6.06429151993482
Igsf6 8.68495551282954 4.12269590710149 4.09067989753833
Npnt 8.06075026556426 4.51527197885084 3.81802250746957
Samsn1 8.95535277925432 4.69004481843475 4.5708994742134
Il1a 10.5450729398403 4.54236628121212 4.3409863911651
Hpgds 9.14123713383759 5.35868142503354 5.13304443377689
Naip5 11.1347547074536 4.76463703705885 4.36631934458538
Ccl4 12.7516225784521 7.47514911247145 7.16088928433675
Itpr2 10.8613975316724 5.67238857430151 5.62566382766609
Stat6 10.5031698578152 5.57248331276516 5.5578397502514
Tapbp 11.4240903434095 6.83027719997069 6.60850232952513
Msn 10.7217422633417 6.60924149880582 5.75548472100336
Bcl6 9.97529153752311 5.32854498857391 5.23083567249783
Abca1 12.0785728549459 6.21679606259559 5.82519636661817
Adam17 10.581995677351 5.7880343468054 5.63391120751557
Dapp1 10.626591308075 5.15404978568311 4.97753108560097
Eif4e2 10.4408061867562 5.90814480650587 5.58273346213763
Igfbp4 8.34195517657038 4.74065802053025 4.60137409066935
Clec4a2 10.1190075949126 5.29692437741548 4.86768116984187
Fli1 10.0832277034328 3.73964082700457 3.66684573182196
Mitf 10.3277193773821 5.66954620216171 5.61145964649731
Ets1 9.75745818736726 3.83852689120282 3.81924594629498
Fosb 11.9818678393755 6.19435541367974 5.78156343613782
Ccr5 11.7087776692335 4.43979190892767 4.36663270203298
Il6ra 12.6405285425734 5.52247560748686 5.2938611280529
Tgif1 8.50458243562559 4.97947837413356 4.69498921378595
Pla2g15 12.3512186582331 8.14479915235397 8.07876238985338
Itga6 11.5906633280243 6.18102058864313 6.02636900355856
Ifi30 11.4062018650154 6.42088813135586 5.79789264859639
Cables1 10.7158993683559 6.38573089061632 6.29556124460179
Zfp36l1 12.7019764996359 5.03227877012783 4.81775359963287
Gpr34 12.142699851518 4.38737013614573 4.0367935946943
Gna13 11.3045173258673 7.77110313787143 7.51010009723187
Rrad 10.0026571297703 5.48561978785997 5.28314997059483
Cr1l 11.6955153199688 7.75282819156391 7.58791643054941
Ndel1 9.26249492481989 5.89750616563026 5.6216711312167
Rhog 11.2037880767617 7.77390695150963 7.48261193360263
Rnase4 13.0771643703574 5.91309666370321 5.44639412081059
Hk2 12.3164140648536 6.71453899413931 6.49123777586717
Map4k4 8.81854047498591 4.55168383783238 4.32254893579904
Hfe 11.3196450739578 6.50965402042686 6.05549317229709
Lgals8 10.4212717683181 6.89485896176432 6.75351400735654
Pmepa1 11.4586918603674 7.31616962167324 6.16790032169477
Pik3cg 10.1537853547168 5.83609191097098 5.70728850295752
Tlr3 9.63659550839082 5.02073505207413 4.87140863766666
Prkcd 11.3607793398998 7.06457850419838 6.88150464869186
Mertk 13.0985151577591 5.59660103917682 5.49325498765933
Cd84 9.96224237530016 4.49937652586304 4.36501040466521
Ly86 13.8305038298173 6.54771840494617 6.317076803472
Vav1 10.4997459843954 4.14325456775653 4.00395872189585
Pag1 12.6736213180298 7.19970716874104 5.74132836650669
Stt3a 9.80513059719094 5.33065961440369 5.15960385279342
Ube2d3 9.21870316023409 5.18307878527459 4.91655377764413
Gtpbp4 9.99149792789418 6.26682469697973 6.02663811588079
Cfh 10.8438396260437 3.48272499145848 3.47929584892715
Tnfrsf13b 9.66545251361214 5.37878707775448 5.00898756890467
Arhgap5 9.66667158377136 4.98524118443135 4.43359357537856
Cebpd 10.5744174492867 4.46818581835248 4.22170107029008
Smim3 9.32886126195367 5.93107986002539 5.86481861468753
Hhex 10.060418644213 6.19337231621815 5.49377271521115
Entpd1 9.58873000960094 4.23196620308534 4.20217244071382
Chtop 9.2893607361788 5.7303844315881 4.70006616925189
Ptgs1 12.1626150793908 4.55358349166049 4.38406152232196
Adrb1 10.5218876655346 6.63185141500538 6.58181479629755
Stk17b 9.80355004387352 6.0545440258746 5.34865666588504
Frrs1 10.6966078261321 5.95567935535638 5.13347912144709
Lyz2 12.5660138290276 7.0939246837923 6.4866117336086
Ssfa2 10.4026641404164 6.12024622323827 5.82319023558853
Galnt4 9.11869231898454 4.78746145509967 4.71872261315401
Ctc1 11.7422487728519 7.93866651189373 7.81301956340323
Unc93b1 11.3066168079527 7.36056925453934 7.13558956239874
Mob1a 11.6304802850351 7.08639170226616 5.99307703406065
Cmtm6 12.2803328178186 6.49577954838126 5.76287936853802
Sfpq 11.5708095722532 7.75017236619224 7.25459067735297
Tmem168 7.87593937989302 3.99827289723213 3.61524526314731
Tmem63a 11.3727165126659 7.93237729728076 7.6984862474774
Tmem176a 10.8465428280293 7.48177761169422 6.89118018291699
Lpcat3 11.4786154330381 7.98647195748083 7.44674176011473
Gatad2a 8.37574485244743 4.84083901913892 4.48665706955089
Hvcn1 10.2856187487951 5.57395510626431 5.22869875032833
Edem1 10.5644676490564 4.82176090640701 4.49753476903891
Icam1 12.144222640413 5.35578921360688 5.0130152027243
Ptbp3 11.2952745829932 7.64366943223919 6.76190998369434
Epb4.1 9.13203469587656 5.70784767601551 5.56917895900473
Rbl1 8.51194870241016 4.46818259698798 4.4118529698463
Rcsd1 12.3223507478265 7.54518664386506 7.27619934983236
Papola 9.7983668125658 6.37322452901785 5.51824572952687
Npl 10.119227368812 5.28469888834009 5.1325390956081
Smox 10.9458769613614 7.31255685347135 7.08369641100334
Adipor1 9.22327154317841 5.82904854732207 5.7139533283119
Tmem140 8.46080936763924 4.30908718441115 4.19961333499094
Nupl1 10.5642751187147 7.10699191600692 6.39319278923397
0610040J01Rik 10.8106638816197 5.21690832917496 5.18633949791089
Tmem189 8.95256705982007 5.16481373701805 4.76580853224172
Ino80e 7.717960769018 4.36648687366729 4.12213338798555
Leprot 11.7196070074919 7.83149793527483 7.39759409999907
Tm6sf1 11.273380881778 4.07704349258109 3.85208096404807
Cklf 11.3324839569912 6.21572731471494 5.40235305803921
Casp8 9.83591177234681 5.08381983590177 4.98098319877573
Tmed5 10.4601759587631 5.44493236751082 4.98142465093516
F11r 12.1638127271072 6.65775546418912 6.09179964527884
Sumf1 8.58546051764774 4.84961442909239 4.27797901068704
Ifi35 9.02633293785675 5.49200056522069 5.45642529777655
Eva1a 8.63294613398656 4.39048701331523 4.23948386619304
Zbtb1 9.31186634548201 5.97591008758952 5.64208588069101
Reep3 10.7593284719606 4.67071628913792 4.61520693744628
Tor4a 10.4213155961976 6.72357057350214 6.65480774898601
Ptbp1 9.02225932629817 5.33025657225681 5.25326814009613
Lpxn 10.730982217212 5.249144294239 4.87193079448729
Siglec5 8.337886172674 3.88615804235303 3.85678455178549
Fcrl1 9.27554865404005 5.79689547844996 5.68779584591149
Sppl2a 11.1847931951435 6.59382931204713 6.25571638339726
Clcc1 8.84964031540294 5.07435410758692 4.36496994301736
P2ry6 11.5909433501351 4.59061623105447 4.5249700098181
Ighm 11.6041085325057 7.62747174333429 6.34442863348997
H2-K1 12.7949568117272 7.48491757134772 7.25498333785165
Tgfbr2 12.4312251246194 5.56730285777122 5.49113989863007
H2-Ab1 8.4512011309411 4.93746339164159 4.78977992761967
Zfp62 8.82946491221294 4.48491095146358 4.35801674250671
Ceacam1 8.73427463823456 4.62238449428976 4.57174736784581
Mlph 9.52478746573067 5.93105809701914 5.67891206875483
Ncf1 9.01873662127703 5.40219851324346 5.16717585040346
Il13ra1 9.69650941211153 4.24891784133115 4.23252066608678
Adap2 10.4876327911899 5.09963853813175 5.0894824151789
Lrba 12.293139019726 8.72703898705658 8.31325841602288
Nmi 8.7449893077744 4.8344328978073 4.76543861790369
Pld1 10.7880824610021 6.59921280525482 6.39470053091041
Pon2 9.26937417743214 4.01149644170544 3.88281900484457
Ggnbp2 8.88683207954564 5.54217132174374 5.39376157960567
Capn3 10.437566906065 4.66006178794138 4.62421344116701
Casp7 8.22612436421626 4.88237968043875 4.84235446614151
Gem 8.28009388336886 4.02544872322564 3.95820910633363
Btg1 12.8272407508816 5.69771355527141 5.35891013899869
Rrbp1 12.1135184174842 7.89045694513548 7.7614211690518
Vwa5a 10.3690918760756 5.05393273081035 5.04989890951563
Glul 11.9439234863599 5.31204698849433 5.21199444749613
Arrb2 11.5161791808491 6.97107596486488 6.11779112462257
Pros1 11.4244912078995 4.86882862092586 4.59267440220279
Snx20 9.44398648759649 6.05141669655825 5.68345384924521
Frmd4b 12.1297792575394 4.20193858453614 3.94625879927839
Slc1a3 7.88743489253179 4.54331039181382 4.46667230128022
Rin2 10.1302854085197 5.34746893322171 5.03481391233329
Tifa 10.6649959627868 6.65818817903108 6.34057743306338
Scpep1 11.1953957844899 7.00445500798152 6.85192622386931
Arhgap17 11.0358082941061 5.25077064517309 4.97405098600711
Phgdh 11.0663668828628 5.38852765169067 4.97705389913473
Slc46a1 9.39593470371558 5.95921329054268 5.32324481554802
Tiparp 8.62149168113237 4.8561662615743 4.46429798488972
Gspt1 9.71364664625164 6.03404422325485 5.03931387448246
Armc5 10.592420015339 6.86428611765773 6.53682808324016
Parp12 9.52345845288495 4.75983161441379 4.5722536096165
Trim47 10.122871565472 5.40987806463242 5.3799369939788
Lgals3 8.71732817427299 4.82162283084593 4.76399951840334
Fmnl3 8.92058913443164 5.52547485340862 5.45778454054801
Ythdc1 10.2538614977374 6.33201247681097 5.45754374894239
Cln5 10.8301910413553 6.46215308341608 6.1472921475283
Jmjd1c 12.7042728123964 9.20550495792064 9.13210902018389
Plcg2 11.2395812321787 7.69741585407212 7.40566788503576
Arsg 8.21968836256545 4.09774500227423 4.05186717307701
Sash3 11.2528818012755 7.09591643348269 6.75441169183343
Themis2 9.94919523666928 5.18740765154935 5.17268519282184
Mpeg1 13.5339312443488 7.0999001941455 6.70219033737766
Hspa1b 12.7328150924375 9.39263307153153 9.38573028079039
Xist 12.7732517233129 4.42249523651518 4.29465848110096
Cd48 9.99176185857167 4.84961069932178 4.68574754227872
Akna 10.5978331936346 4.85899112957813 4.47660348214659
2810474O19Rik 10.2420219780856 6.76769377852862 6.53032699396829
Sult1a1 9.92143049281146 5.86906101907687 5.61485145040519
Fes 10.5840546362038 7.16724772309763 6.95121150721879
Taf4a 7.35704864280282 4.03420648996291 3.68362513405213
Cep152 9.68353142517718 5.8854054431796 5.76637319228871
B2m 13.2088860971046 9.65378084248043 8.0233687229181
Egr2 11.2144151601674 6.52906212211517 4.37551687224679
Ccrl2 11.4107831106411 6.35853091825921 6.21716359434862
Lcn2 11.7182561949748 4.34806070176234 4.31859582670919
Hbb-b2 7.86146929235822 4.19138858276016 3.96898502522941
Dnttip2 9.86861476867215 6.46438106760887 5.61717217618735
Tmem173 11.1696407087511 7.7165822004313 7.42624295729044
Erbb2ip 10.9250560248273 4.79182995763118 4.33303521753593
AF251705 12.0057126252299 7.48971290996815 7.24287626070238
Hmha1 10.4487011332694 5.91331740642429 5.47809395900007
Ebf3 7.92178463883767 4.36803232335735 4.31225291510902
3110043O21Rik 10.5711912767164 6.98311551315881 5.3067376591192
Chn2 8.31244073196833 4.3001620502349 4.23847489204993
Gmip 10.2055870255081 6.50288999803608 6.47615756164786
Nckap1l 11.1526856630168 6.82819578875419 6.44344100053785
Abcc3 9.7509259850256 5.72201261479088 5.71708276653179
Rnf130 12.3284705937932 8.35389693546115 8.21315092882966
Rhoh 10.7637079698635 5.4725684030851 5.31008116979839
Zfp869 8.96011949792631 5.05774950652098 4.94460318854946
1700017B05Rik 11.7522974287947 6.19592990270705 5.83109627124285
Gusb 11.4803411718158 4.86209057295956 4.71485069053687
Lair1 10.6612900224916 5.05842499770264 5.04621790618812
Twf2 10.9336973935694 7.13303243890843 5.98321919764426
P2ry12 12.4385715566921 5.14275021142921 4.83319640696531
Rffl 9.95681769336364 4.9298060604664 4.49201969536051
As3mt 8.44174997882226 4.941866062251 4.80657146897271
Apoe 11.7960795852016 5.8207366869425 4.91397882436108
Rnf19b 9.65744414029616 5.30583753802394 4.84550133018132
Epb4.1l2 12.5432840929574 8.20846738291914 6.99986791100303
Pnrc1 12.5803727657434 8.33924660545668 8.33792886495064
Wnk1 11.4737635469995 7.63392576949751 6.18052562617343
Pld4 12.1700437011819 5.784132676087 5.60182788966011
Sesn1 11.2277121133864 7.84578473098385 7.39179989012121
D15Ertd621e 10.0624486421296 4.57815101511355 4.53326298294587
Lrrfip1 10.7224886700699 5.23431739830978 4.91491664261387
AU020206 9.79768698851007 5.29862482144572 5.09954304072853
Fermt3 11.4207362066657 4.08148589589396 3.73138871401849
Znrf2 10.0659626701785 5.61301518004481 5.26930084697377
Cerk 10.9762350049572 6.28410475473605 6.02508996799313
Tgif2 9.9426138283241 6.38613912628457 6.21805531519114
Plk3 11.036823711972 6.40642905515337 5.96937828705337
Dennd4c 8.61600910461238 4.99754731525265 4.98817106457044
Ankrd44 11.5679366187782 5.4281902610435 4.96832572393993
Kctd12 12.099676793357 6.29308303001276 4.96904607663127
Derl2 10.680099364936 6.67367950835206 5.41546191345589
H2-Aa 11.2644036954394 5.36608537062951 5.08351966246705
Herpud1 12.5116726598182 9.06194152390793 7.44914159526691
Cd300a 10.0530239896872 5.62390115394632 5.44284587307828
Osbpl11 9.8672262594844 5.52507859868295 5.21759596218316
Tmem243 7.86982402649837 4.51008709903665 4.36750559716297
Ppp1r14b 10.60262239368 7.00585337406108 6.62366611581784
Wipf1 10.3652831365882 6.99858701839032 5.72446067407294
Lyz1 12.2502412289951 4.43734579149661 4.37292219120535
Zfp110 10.6738601357144 4.97918040372907 4.55856249525996
Clcf1 8.68466038510135 3.92648592537168 3.71143169931519
Adrb2 8.29734945321406 4.34180482005566 4.21807861403774
Hmgb2 9.04290768492065 3.84971622905208 3.81634634871017
Lrrk1 9.1635528470806 5.02659460910921 4.6796003379115
Zfp36l2 12.4004422821899 6.30297086938877 6.14483776627783
Il10ra 11.9867649941734 5.30060575635559 5.17599569071156
Hexb 13.9214339669789 4.65896933696224 4.37517429325889
D530037H12Rik 10.4018822600769 5.03839319137539 4.71933383220196
Rab20 9.64744268247702 4.0789032295121 3.89364244481914
Slc9a3r1 10.5341792603602 6.42235758551324 6.19013385877864
Vim 8.20604281286246 3.53381727408271 3.50345145336305
Grn 13.6303783372944 9.30124874691609 8.26693563421029
2510039O18Rik 8.62794223880257 4.95502020745435 4.56404453201342
Mavs 9.23385264584594 4.383561742317 3.69234182760008
Capza1 12.1559600269588 6.97802801569427 6.80690142715545
Bach1 11.7684659473826 5.62318222665727 5.61454897235341
D9Ertd306e 8.20712585253381 4.5145229353056 4.32917630304184
Usp24 8.70392300506957 4.92791003653232 4.82761730696733
Fam46c 12.2421510197398 4.64110927622573 4.52405791189287
Ctsa 12.9644748360344 9.48365350449598 9.43386036691501
Pald1 11.0128320429645 6.60040720924656 6.4994700363898
Ifngr1 12.016051864462 7.4548627175239 7.33466586492501
Tcn2 12.1195930224409 7.36263286987129 7.08725166450875
Anxa1 9.64055143138413 4.87079446948423 4.54791003109841
Cmtm3 10.0110497819572 5.65599658801294 5.37550979096246
Ppp1r15a 12.6593601245383 7.45807567319646 7.2531300056047
Slc15a4 11.356384012252 7.42006185513026 7.33103711790455
Dhrs3 10.8328899765314 6.51079908700287 6.47011116566916
Lrmp 8.89491220593798 4.54789997196545 4.50881030892087
Olfml3 13.5644607358692 7.36504059193667 6.18211471098249
Pla2g4a 9.55730250855793 4.90737948801013 4.74360795714444
Ncf2 11.109264808914 5.58209943467631 5.2575735280323
Ctss 14.1223387589978 5.77164027429129 5.15166367508703
Cd53 12.6270729328698 5.57506280108696 5.20475034234997
Fcgr3 13.3874319809845 5.56888467603124 5.38598278494917
Eed 10.9617675756505 7.20436175162245 6.19876884669579
S100a9 12.2965410503709 5.57491795177732 5.09796911040005
Dusp1 14.1813580097059 9.60737151420054 8.86692067597494
Lgmn 13.4068999504885 9.17039230369599 7.48106942536313
Klf2 12.9915058739807 5.7974209397054 5.4752074592402
Fcrls 13.5200887013828 6.4792932390293 6.30719868646829
Cd302 10.5380268757257 5.68142360501603 5.63531821029687
Tlr1 9.55990391864875 4.26088085435279 4.08391077422487
St3gal6 9.54566709615045 5.12025868262889 4.97035578430162
Selplg 13.492313873689 8.09399079837679 7.76962759426817
Cd1d1 7.73376427805144 4.24831176257672 4.14157831063338
Cd68 12.2825968841945 6.22044047669918 5.33584461891576
Gpr65 7.85611733273235 3.96696791328574 3.94712702871756
Casp1 8.72506021576845 5.22636109272488 4.68083693564039
Csf2rb2 9.46516272602394 5.28002002822587 5.15688848911071
Atf3 13.3007390383143 5.39673835654806 5.22954241237636
C1qc 13.5695399365939 5.58635013475288 5.51354022193192
Hck 11.7192724128215 5.52907817916449 5.32277618177857
Tmem100 8.25603072192118 4.69519788239423 4.54385006002866
Casp4 9.17977855891737 4.81203404712896 4.47899105295962
Ly96 8.98885773803667 4.64014894523117 4.5016268469847
Lag3 9.94342037341401 6.46432756514976 6.00163047253459
Cxcl2 10.9236295592129 4.67390358452944 4.38606079795492
Ltf 11.9771261319803 7.59814562661757 7.45413651369175
Cx3cr1 12.8322911670036 5.9119307627298 5.86406549515217
H2-D1 12.6856010965553 7.3430400326183 6.39892402009477
Stab1 10.7835801182221 5.36813972431581 5.1083877873852
Evi2a 12.5801879760248 5.08318885348956 4.76862052607992
Il6 8.3523884587654 4.07127223943462 3.87011121129003
Mrc1 8.47267687587698 4.64973538953345 4.54162986086658
Hps3 10.6281605531013 7.24902796331877 6.57784034190455
Itgb2 11.8281947861841 5.52078457591058 4.9055706101783
Psmb9 9.49408509768935 5.62324619788645 5.27580184866208
Selenbp1 8.46209954721546 4.42407357492202 4.40928659756001
Adamts1 11.3973807177838 5.4108805776905 5.24488506085639
Ang 8.67340897437916 4.0532872073006 4.01741050586634
Sh2b2 9.32069277757714 4.87021919831037 4.71186069681563
Tyrobp 12.9035612805634 6.73823255874649 6.41408948522385
Crot 9.71542778628793 5.50761367491272 5.2661598407056
Slc29a3 11.6835560124248 6.85063191227518 6.10218865248611
Vasp 10.5290974508756 6.64663941911637 6.4685856828129
Pbxip1 10.3716503756831 6.25856950892044 5.91584765431497
Emr1 12.777781853873 6.91289128973107 6.17888595813734
Nrros 12.3519497751025 7.64490737236325 6.81020312262097
Tmem119 13.699678559052 6.98383665300285 6.54149646540797
Pnpla7 10.5843197435089 5.85621159089259 5.57182980449149
1810011O10Rik 8.37120216738482 4.3221035782724 4.25097126458089
Parp14 9.10437062254361 5.6304948545772 5.21758614056994
Ttr 13.1109777518357 4.11398575752855 4.04030207146355
Havcr2 10.710530075929 4.43800830117439 4.27444042370413
Alas2 9.97256535353661 5.38369298071343 4.91249824066719
Cmtm7 10.4036329494645 5.73003315929705 5.69392547829875
Mafb 10.9849900615298 5.47994236900744 5.37609773327977
Blnk 11.8079240962002 6.87664250478329 5.92221361965653
Tmcc3 9.16895367720384 4.92852715931767 4.92014389683783
Notch2 11.035203297165 5.23144043113423 5.22752774905363
Vrk2 8.87003271247097 4.60184203875152 4.31392483923914
Daglb 9.94097644340737 6.11472766453296 5.73949620595335
Alox5ap 12.5749967599795 7.14519893828549 6.41674828955832
Fyb 11.7159427823204 6.33673224439573 5.86060987512944
Sepp1 13.725757445204 6.5707376110934 6.18125778566628
Nup153 10.6766538500239 7.22477266263804 6.66087747781688
Kdm2b 11.0048236173497 7.56405425858719 7.45974856236719
Ostf1 9.88695792996933 4.93598079431779 4.62741591601153
Mtmr10 9.73315768157179 6.40668042230853 6.34380272210207
Ctla2b 9.94438247489242 4.39238729515588 4.16320623759171
Hspa1a 11.9245276178108 7.9499951324093 7.51676251925445
Ccdc86 9.53354211585671 5.73859159314529 4.8635788036943
Zfp36 13.4960506681509 7.32453738009831 7.07588868863215
A130040M12Rik 11.8363253924045 6.87063055725504 6.76000200709255
Abhd15 9.92497435981129 5.3765113700258 5.03377967058836
Lmo2 12.1717394598769 7.45322326785926 6.98064703345596
Cyba 11.7749627835735 5.04821841399596 4.78859457420208
Spata13 11.8360921296241 6.00919931658555 4.9788728798882
Wasf2 12.4660305697947 7.79220504602986 7.27566520919341
Scarb2 11.7293389223241 7.7162270475236 7.34068352550585
Foxn2 8.74176920330284 5.13912833631549 4.97201582145659
Ptpn6 11.3292345329635 7.61794468496086 7.57939139261805
4833441D16Rik 9.33372525445037 5.90306262695245 5.62677785148021
Tec 10.1967601761071 6.39650844035896 6.36903567472599
Cd52 8.83934325002235 4.94511516939389 4.69397965411404
Irf5 10.4417221455899 6.88987516702564 6.30484380114101
Naip2 10.8151812852359 4.52099330067627 4.40816500313375
Anxa3 12.9131833282778 5.31041951853818 5.13629760928881
Crlf3 9.91526820013791 4.90148800051067 4.50457990334808
