Golm1 13.1709345745481 7.10613381872863 6.33690237134266
Dusp6 12.2043335698759 8.51573478182111 5.36839364658763
Sgpl1 9.54910293773426 5.86262817767666 5.33292882665682
Junb 11.5780026398467 6.34784205686173 5.5333616911587
Marcksl1 12.1999211654877 8.63651207321569 8.08453001136641
Creg1 11.4502595824185 8.03065391105497 7.30903603794595
Lcp1 11.8463632704423 5.95649625444264 4.44168109782569
Txnip 13.6993914736524 6.41307018114394 6.22216927070585
Cd9 11.8962881279299 6.45703788115297 5.89256444819971
Cd34 10.5911587485583 7.09110381916947 5.02511002224664
Tpst2 11.1246231388186 7.66936655753243 7.60828876083694
Cd83 13.2264749464343 8.65697776894191 5.82977326873709
Mmp2 8.84546583079709 5.23277194349037 4.64162155890348
Sipa1 11.1257432146877 6.78894609337688 6.53183985066572
Coro1a 12.6004028717715 9.1617660188547 8.69033440477776
Btg2 11.4968904593275 5.98537755642522 5.85432144577624
Tnfaip2 9.08145533726492 4.43829491325933 4.36874564171789
Litaf 12.5127367018525 7.04449851659198 6.88506544123843
Cyfip1 12.6066769077138 8.29291321991833 7.15429855928162
Lamp2 11.6172171151883 7.49382036731873 6.16884076566645
Snx18 11.9105809619856 8.40990744007022 7.90370082831493
Ctsc 12.6065842886925 4.70477201822859 4.58192062797241
Cd82 9.38715719713112 5.85632633585526 5.4496097504645
Tubb6 9.94309885815544 5.72303134260195 5.61535469412238
Ier2 13.4150634942812 7.39642646287056 5.88149106645998
Nr4a1 12.1604408921049 8.4498198625775 7.9818301769571
Pnp 12.8627608953087 8.73833333842009 7.62761267694754
Nfe2l2 11.3735710823378 5.90432502630436 5.68729619858194
Socs3 12.8363611039744 4.24425514737901 4.19962322054011
Sparc 11.723215805215 6.37823657828772 5.49655992603508
Scamp2 12.0782300087712 6.59942423379944 6.20388172401226
Acss1 9.58139552895345 6.10057781420742 5.25425313182788
4632428N05Rik 12.9592128362635 5.13712239395204 5.07466549563616
Slc2a5 10.7506339487812 6.34770916931462 6.31364045120053
Clic1 11.3846871257571 6.54499807938742 5.51440368647952
Plxnb2 11.1751053377305 6.62029799667443 6.19309709622986
Tspo 8.96653892538565 5.58598038333842 4.39157666596907
Irf8 12.5606886061131 6.38852076332459 5.53429034821917
Dnajb1 11.4072973894197 8.07911462437454 6.80981496495917
Mical1 8.88736256308852 5.13198767947486 4.6731767222678
Tbxas1 9.77227819439976 6.20530589515296 5.90479919943561
Slc39a8 8.3702572354114 4.33895765667051 3.91182786271407
Parvg 10.3224146114506 5.60231833240459 5.58259324321937
Mcl1 12.1472433486191 7.53777475527696 6.85971386444078
Rps6ka1 12.439882687873 7.55263416373873 6.65822203937693
Parp9 9.82908871348782 5.17315274432685 5.1565272221341
Tnfaip8 9.91373565516323 5.22356995952904 4.98092639068452
Fcgrt 9.65042068842126 6.31155041778638 5.88226908323383
Mfng 10.1100884876208 5.82330185249667 5.56422805273906
Slc40a1 11.6365802495677 5.85123315267574 4.78926388250285
C1qb 13.3846079047961 4.39873281245408 4.35978509888893
Cyp4v3 11.0721852303594 5.71410951030057 5.24990375216513
Qk 12.3621647632087 8.98053850590482 8.7813364420699
Syngr2 11.4559121689701 5.17782123415796 5.03146182840335
Pmp22 12.2653168767854 7.98849862724027 6.38997210389844
Igtp 10.5169764277721 6.88725156975836 6.09079737547723
Ccl6 10.223717633042 4.46443956081931 4.27055403784127
Cd14 13.3052539164274 6.25524551082045 5.89322206964951
Tnfrsf1a 11.3244537624855 7.11250165254327 7.03059419886976
Tob2 11.2284375997777 7.53290305751594 7.09830564635003
Pycard 11.8185468367102 6.00975913708872 5.55455241757352
C1qa 13.2380236204344 6.56831797908196 5.85845729295018
Il16 10.7022595486227 5.67991372484136 5.43872360883266
Slc7a7 11.052383619296 5.26148341303331 4.88267085561171
Klf4 12.698526861476 5.11799844046506 4.96935179821266
Jun 13.1567215574815 7.22866273379005 6.20634835226686
Srgn 13.2509970787582 6.15296763643325 5.10590211361979
Myh9 12.5865032254667 8.07967322978541 6.94577160786943
Nfkbiz 12.6860754101133 5.00572869261798 4.17948694841247
Tgm2 11.7718766956168 6.23547543712499 6.036615666159
Plek 13.0669588958399 7.60345747568757 7.35114119971322
Itgb5 13.3318370523038 5.11772581434824 4.82923437683006
Elf1 9.08676867890006 4.79961142480547 4.64932350153337
Cln3 9.94836220653156 6.34869784135284 6.04926404899999
Rgs1 11.2541972267774 4.50585140845535 4.4439492679164
Rac2 9.75239695917386 6.1163640767608 5.90252813434227
Nfatc1 10.1057640630075 6.2469769848139 6.16414461775527
Cd79b 8.31573716498709 4.99125532310828 4.73568000325305
Snx5 12.5628056055199 8.95798434094179 8.35165460429801
Elk3 10.4901390004177 4.87061653255011 4.73270321842697
Soat1 9.02708526356189 5.3583575887918 4.9902284711661
Laptm5 13.2497958585741 6.18195155542921 5.59809560903639
Ptgr1 10.0953671914278 5.47667972576019 5.30010815329272
Dok1 9.09517514267858 5.76768553259606 5.64856417933035
D17H6S56E-5 9.99291673904863 6.55474371393562 6.09886403983233
Ctsz 13.0341451754765 8.78024689196179 8.04675854698465
Fcgr1 12.3056772228307 5.55860161784767 4.68263314704275
Slc16a6 11.601886645942 7.31030182543362 7.18723416716191
Pdlim4 9.4700059993897 4.84419737717418 4.80089889737321
Ccl9 11.5606702750711 5.25909075687331 4.87873461231137
Trim30a 9.82440837349698 5.15202321047517 5.07470121054515
B4galt1 11.050190662426 5.90381597057525 5.89618065799977
Nrp1 10.4416176811946 6.76014687771925 5.44566996283572
Tnfrsf1b 11.5849644137814 5.99789679207965 5.88092034943105
Inpp5d 12.5199395399242 6.75857836435006 6.434772896668
Tlr4 9.52419084436795 4.58605310913152 4.35355645688737
Pmaip1 7.94812896443572 4.24698211146567 4.02518542355935
Aif1 11.8782125697407 7.11754425255632 5.79328067811236
Il15 7.4967535230896 4.16345335585427 4.06948932003936
Lims1 11.3895886323577 7.47733199337218 7.34269634268519
Syk 11.2305153374971 5.91923281436612 5.80300724454537
Klf6 12.1614928848338 7.83030205325309 6.1917504373412
Crybb1 12.3010895138039 6.53445665002354 6.31685936070139
Fcer1g 12.6409109862305 5.96925782639356 5.89807224862126
Ctsh 12.8519091129382 5.32880040502681 5.32538252717235
Gpsm3 9.66649074936397 5.47720352621822 5.43888964101424
Ncf4 10.7081144474155 5.04534078629034 4.92075676506679
Ggta1 10.3145780373454 4.23216503632601 4.18936695408371
Calcrl 7.84138491604448 4.39514197956733 3.81429328471681
Lcp2 10.3889718130272 5.06117360680915 4.94700326419491
Ngp 12.4329204009581 5.39545697557579 5.24404695091347
Spi1 10.2850028049619 5.96571105163775 5.83008618461786
Atp7a 10.1404314445784 6.11314799324297 5.5603571673275
Csf3r 10.4703586336665 5.21684002351258 4.9183408815315
Irgm1 9.78478714225044 6.22600152636364 6.15838276131235
Ms4a6b 11.1222234312687 4.75373748043519 4.71266149787842
Hcls1 8.83239317939796 4.84232086717413 4.64136657496514
Abcb1b 8.00305280287427 4.63052580823014 4.58108534287025
Pabpc1 11.1513836653323 4.29496044326123 4.06200779241287
Cebpb 11.6879517821222 7.6536154982603 7.17302147955078
Plxdc2 12.0633823649962 6.58717314067425 6.24545161934024
Cxcl10 9.83264446685726 5.27296580820617 5.23792219747125
Maff 10.2395219098757 6.67795954701452 5.82299760430357
Cysltr1 9.33333349087416 4.03791192519026 3.79213611963154
Cebpa 9.88957255483431 6.2135978104229 5.57963727334987
Cttnbp2nl 11.7204560544011 6.93189865723858 5.51129949968947
Lyl1 9.97533629065994 4.90087338277053 4.76619408525991
Ptpn18 10.4025712369028 6.09232297953062 5.9357242099887
Tlr2 11.9268402473875 5.57901813504533 5.3248182494082
Serpine1 9.52331793271942 5.16357313069317 4.76679190205066
Mlxipl 10.549742788076 4.8535753791075 4.59188327735865
Cd37 10.9048574016166 5.60417516850596 5.43016939157629
Map3k8 10.2849700718244 4.74947599239368 4.42820789177136
Myd88 10.7278217724093 5.94834791232095 5.47359324763477
Ccl12 10.5112043294489 4.83336243876346 4.55560893435189
Jam2 8.80820666224123 5.36472535811555 5.31936266880404
Arhgap4 9.36525554969312 5.49732277451672 5.41919516671845
H2-Oa 8.7917936065526 5.14359637835964 4.75484363071621
Pon3 9.20297150005047 4.25142179181513 4.22845267515869
Slamf9 11.1882832385642 6.63365721869694 6.15185214888284
S100a8 13.0395448654869 4.92345615878265 4.92221709675919
Il10rb 10.7116513838826 6.71702823241668 5.28659398901645
C3ar1 11.7072754362155 5.76079674538268 5.39789092873708
Ripk1 10.1243899929041 5.84491919213557 5.28347390248537
Fgd2 12.1304825880125 5.91683106131366 5.81826977525229
Rela 11.8428094359349 7.1538530959298 7.10080982727709
Ccl3 13.4953964323281 4.60067191044038 4.57834467441812
Ms4a6d 11.3799791784438 4.75879878395207 4.2680135407059
Tnf 10.0055468588953 6.28003843173384 6.14880650616137
Was 8.0303356973264 4.55060538629778 4.48925804392931
Ier3 13.4963591841383 9.78158133395045 7.51922186355219
Nupr1 9.93831898336817 5.73689405890817 5.65189705062713
Camp 12.113738407204 5.5749420997373 5.42608964345267
Ltc4s 9.78168546230716 6.1022881939596 5.91738215514466
Klk8 10.2464469222101 5.55171230487946 5.47142808955413
Chil3 11.1159878878753 4.03642138802529 4.01294386954732
Arap3 9.86775374576886 5.06370374914999 4.65811673862238
Tlr7 11.2112407400947 4.98702922034755 4.70815225883179
Csf1r 14.0460007158016 7.33884197931552 6.89515745774413
Trim25 10.8969751411857 7.36876390339493 5.70530171989775
Hpgd 12.0107499612859 6.86088346723202 5.33333964209099
Rab3il1 10.4710400563943 6.80971078540632 6.18771359865395
Mcm3 8.92535440058905 5.22963468136199 4.98408845823296
Nfkbia 13.5863871767458 10.1232599356185 9.55315179439384
Gdap10 8.80480802896476 4.43162399646521 4.3721291127882
Slc11a1 11.4154854568916 5.44514960484723 5.35504699167805
Hnrnpa2b1 10.315155226878 6.79024424942019 6.05440569349913
Ccl2 9.49866288250659 5.38408059129869 5.29171666233283
Cd86 11.6419705628058 4.95292083357236 4.87665864885037
Prkd3 9.70383275414416 6.02649027853504 5.43916548862237
Gpr84 11.5935377294956 5.61633140293964 5.33996957713366
Vamp8 11.9027573726861 6.60194539231203 5.97724927876406
Tcirg1 11.3257053795282 6.87318195998986 6.5268941045009
Sqrdl 11.0518617676912 7.55395609750441 5.98098938207762
Trim12a 8.5835260320544 4.23162317531308 4.10866708016069
Slc15a3 11.5219827541908 5.52925332752413 5.18606956337888
Clec7a 9.36335652990378 4.79711624986859 4.6783737222004
Rel 9.30153835661437 4.96582041786557 4.65173616010463
Tsc22d3 11.4721491337919 7.62974719159473 6.18943591455504
Sla 12.3378861062474 6.10575352452193 5.57144217092939
Tgfbr1 13.4953964323281 6.83831592836794 6.22173529963117
Snap23 8.47917138557207 4.94869516976974 4.33544470982384
St6gal1 11.5108116293154 7.82401811719384 7.34605366449684
Asph 11.1131392793095 7.03613356462151 6.35966299887176
Adcy7 11.9646243532397 6.46111954833699 5.2592913857164
Rbm39 10.4094928984617 6.57334562374986 6.20356231033499
Rsad2 9.55409990020448 5.9967375590424 5.72762207735904
Gpr56 11.0473777353108 7.29941767761089 6.94029706594941
Lgals9 9.80576100376818 5.27525608742908 5.26806866674541
Bco2 8.88551273021649 5.42828832195029 5.20684173763943
Trem2 11.528689695107 6.50432171647708 6.29257476493597
Gna15 8.93153578094543 5.38861617181495 5.38138218384996
Myo7a 9.61565808015342 6.08765954349246 6.02238398727008
Birc3 10.7521481640029 6.56441208366787 6.09158778262856
Igsf6 8.68495551282954 4.45663098928603 4.25185956475493
Samsn1 8.95535277925432 4.96331772487129 4.56856786835202
Il1a 10.5450729398403 4.15420155726761 4.06651214886252
Hpgds 9.14123713383759 5.46880018554891 5.21588346816224
Naip5 11.1347547074536 4.36274052466241 4.35414674093657
Ccl4 12.7516225784521 5.83667593179976 5.75000764255954
Itpr2 10.8613975316724 5.83831305024315 5.32156503643389
Stat6 10.5031698578152 6.23987760845346 5.79211715018699
Phxr1 9.60550945602768 5.71094801869206 5.69557251381362
Tapbp 11.4240903434095 8.00165617467371 7.17537248059085
Msn 10.7217422633417 6.14793078795596 5.87463239672918
Abca1 12.0785728549459 6.48453061157541 6.29453282571492
Adam17 10.581995677351 6.09451429290487 5.34292694747477
Dapp1 10.626591308075 5.3088886592747 5.16072957115048
Clec4a2 10.1190075949126 5.05599886766962 4.94331077318271
Fli1 10.0832277034328 4.31532807241324 3.96945943939101
Ets1 9.75745818736726 4.20357881618349 4.00960432689453
Ptprc 12.4215732421658 4.67859071010749 4.41151255227158
Fosb 11.9818678393755 6.60021035330803 4.89298157611328
Ccr5 11.7087776692335 4.59362463462501 4.47694023521423
Il6ra 12.6405285425734 5.8188997496508 5.53429700937103
Tgif1 8.50458243562559 4.63982719350133 4.29374383897557
Pla2g15 12.3512186582331 7.90257871381053 7.13792263040045
Itga6 11.5906633280243 6.1441829399763 5.62878991462358
Ifi30 11.4062018650154 7.34063137263952 5.51814522728411
Zfp36l1 12.7019764996359 6.30406384256282 5.52833868924723
Id2 12.1636087237592 8.38792881225071 7.79729892937346
Gpr34 12.142699851518 4.19879775178541 4.03292944053334
Rrad 10.0026571297703 5.44543314808896 5.24666757238077
Cr1l 11.6955153199688 8.04091543497044 7.66871980156156
Ndel1 9.26249492481989 4.41440779125715 4.35197410907805
Rhog 11.2037880767617 7.09926613579914 6.82625613194134
Rnase4 13.0771643703574 5.35215868295527 5.00475016140075
Hk2 12.3164140648536 6.07160212761528 6.0483122921774
Fam111a 8.33832002390926 4.95187056651744 4.43294272361184
Hfe 11.3196450739578 6.91630195263907 4.96036604466482
Naalad2 9.64837692903074 5.50163936973433 5.43365102717568
Pik3cg 10.1537853547168 5.2615324531727 5.20217996071182
Zeb2 11.4350095719432 6.51737260650883 5.73602621857984
Btk 9.58917222158551 5.70154743065807 5.30998455649298
Tlr3 9.63659550839082 5.47124108342318 5.17617761868312
Dock2 8.86389566600281 5.29501063177548 5.04610860359232
Prkcd 11.3607793398998 7.92147821079484 6.31057406137514
Mertk 13.0985151577591 5.69657864354428 5.57447477649306
Cd84 9.96224237530016 5.04185648753049 4.7953327847903
Ly86 13.8305038298173 5.91282443264873 5.45695051216084
Vav1 10.4997459843954 4.60746711273579 4.36061168510652
Pag1 12.6736213180298 8.00885073216367 7.39560304430638
Fos 13.9327205870223 8.84747179158335 7.72629719315649
Cfh 10.8438396260437 4.37278574359003 3.62950006257009
Tnfrsf13b 9.66545251361214 4.47752151595023 4.354788983484
Cebpd 10.5744174492867 5.55455578505901 4.58364705823442
Luc7l2 10.6746402351895 5.64547104523163 5.48736416788353
Smim3 9.32886126195367 5.93467971270337 5.83698644902579
Hhex 10.060418644213 5.27169855147184 5.08482230512191
Entpd1 9.58873000960094 5.44697025048984 4.3507415642842
Ptgs1 12.1626150793908 5.52339409195818 5.2433339710199
Stk17b 9.80355004387352 5.4708030706531 5.38971862002637
Frrs1 10.6966078261321 4.95757085175373 4.68868119703136
Lyz2 12.5660138290276 6.38420948159142 6.21860211696849
Ssfa2 10.4026641404164 6.51127434312395 5.98442202822361
Ccnl1 12.9368942943523 7.76750455262684 7.29911695428656
Galnt4 9.11869231898454 4.93835573086202 4.89168492240564
Ctc1 11.7422487728519 7.51974988500421 7.18341769026654
Unc93b1 11.3066168079527 6.1330017523024 6.07168656801242
Mob1a 11.6304802850351 7.81628618970283 7.3918500604566
Cmtm6 12.2803328178186 6.66755658199469 6.44650577087361
Sfpq 11.5708095722532 5.60576477979211 5.51074839691561
Wls 8.21516176510327 4.66297495417407 4.46539985669014
Tmem63a 11.3727165126659 7.20091900865258 7.02400883416522
Tspan14 11.2007785813707 7.32688463401181 6.92891256876209
Lpcat3 11.4786154330381 7.14506436229941 6.80527352827707
Pxn 11.8612215849744 6.76365967580394 6.3206763171738
Hvcn1 10.2856187487951 6.41374694874502 5.51285934401634
Srsf7 12.1714156611169 8.74524098487167 8.60523442223707
Edem1 10.5644676490564 6.03628603739045 4.8136056672777
Icam1 12.144222640413 4.9479132037502 4.68098216139364
Ptbp3 11.2952745829932 7.90703013226063 6.60878977853061
Prkab1 10.8728158992286 6.96454834391398 6.86887852944012
Rbl1 8.51194870241016 4.80334422026325 4.57223298934785
Rcsd1 12.3223507478265 6.75244866508075 6.57830221710632
Tmem140 8.46080936763924 4.61526678879514 4.53211944255834
0610040J01Rik 10.8106638816197 5.91803274432161 5.48127680522613
Cklf 11.3324839569912 6.45555443473044 5.46305632710246
Cd177 8.01898297885642 4.24678238600589 4.13124310015175
Casp8 9.83591177234681 4.96510846390921 4.45430437818185
Tmed5 10.4601759587631 7.02645593684684 6.01694881540907
F11r 12.1638127271072 6.5055215841932 5.79528477226236
Eva1a 8.63294613398656 4.770511540392 4.53336105746676
Mfap3 11.4258563297422 7.89390890876351 7.60001803283179
Reep3 10.7593284719606 6.45773183200677 5.31354555696177
Tor4a 10.4213155961976 5.48537016127946 5.1706583089886
Trim34a 8.69868770830196 5.1260866902648 5.09390786695435
Trib1 9.86334646135101 6.54087286505008 6.30254570639615
Lpxn 10.730982217212 4.82859689974967 4.32836978416068
Siglec5 8.337886172674 3.88593122056979 3.87168554866685
Mylip 12.3804927223987 7.51572814141978 7.22262351672432
Cflar 9.90032647661365 6.45042490334183 5.9537799719577
Fcrl1 9.27554865404005 5.26418930331596 5.17135145054316
Lifr 10.914871574386 7.48728841664227 7.2400063822719
Csf1 9.80595405056766 6.06206787576981 5.85104779599824
P2ry6 11.5909433501351 4.43662978396408 4.27924517704145
Wsb1 12.1955534450875 7.85940723938097 6.61545213102342
H2-K1 12.7949568117272 8.77232937773806 6.51109642756128
Slc3a2 12.5439222171533 9.14502088704551 8.08272851379174
Tgfbr2 12.4312251246194 5.88826805778935 5.80426915724026
H2-Ab1 8.4512011309411 4.9749623075815 4.43643208864617
Prpf4b 10.2022154854581 6.62691951732435 5.9548678544577
Ceacam1 8.73427463823456 4.37357317486691 4.23677128298486
Mlph 9.52478746573067 5.29751809789873 4.98255534694809
Ncf1 9.01873662127703 5.28879341210443 5.19675065905907
Il13ra1 9.69650941211153 5.88072580625978 4.96981780087607
Adap2 10.4876327911899 5.36733029909969 5.29008170438464
Akr1b10 8.35430474274704 4.60963641699142 4.46858227413549
Lrba 12.293139019726 8.84815728670881 6.86336726165218
Pld1 10.7880824610021 5.83279637918565 5.68075515164859
Pon2 9.26937417743214 5.54123395006285 4.81019436188775
Capn3 10.437566906065 4.97429178472873 4.75917429641947
Gem 8.28009388336886 4.35370203500407 4.08298946142022
Tor1aip1 9.84392113236668 6.46129671434364 6.06457299919268
ND5 11.9712888648361 8.44209444654741 8.06975898559002
Rrbp1 12.1135184174842 8.09956127880634 6.64694557863043
Clk1 11.9971319270739 7.63331627786629 7.62157021907811
Vwa5a 10.3690918760756 6.60699653030125 5.04511714419429
Glul 11.9439234863599 7.330703757723 7.09759987107735
Arrb2 11.5161791808491 8.07074215900206 7.26282184080083
Pros1 11.4244912078995 5.17928993328148 5.16634235079691
Ifih1 8.66416697609045 5.32742435600849 4.75074622844939
Rin2 10.1302854085197 6.10152166931531 5.86722629114163
Tifa 10.6649959627868 5.96627984936455 5.88927259674649
Arhgap17 11.0358082941061 5.28386530257159 5.26298770784472
Phgdh 11.0663668828628 7.62468126419823 6.84630744534656
Parp12 9.52345845288495 4.8685662264874 4.75990065920669
Trim47 10.122871565472 5.17189973705744 5.0046258594717
Lgals3 8.71732817427299 4.79076475568059 4.74840725604331
Ddx26b 12.2655895521916 7.9809647642152 7.66373344634895
Slc25a45 10.8783954265567 6.15494112057501 6.11498261471318
Plcg2 11.2395812321787 7.08835293762927 6.64953884256482
Ccdc93 11.589408707358 8.0610534047571 7.98048616508472
Mlxip 11.0131464704826 7.25283948196658 6.80433760329407
Sash3 11.2528818012755 5.90219235731348 5.29701504039425
Themis2 9.94919523666928 5.21608506540285 4.98866390949637
Smo 8.91822177549275 5.2460056008122 5.16889042763953
Stard8 9.02643397069546 5.64392319703685 5.04037962202499
Mpeg1 13.5339312443488 6.2468272049101 5.80084603620334
Hspa1b 12.7328150924375 7.71355080380494 6.63394331620829
Xist 12.7732517233129 4.40482813019372 4.22465804807644
Cd48 9.99176185857167 5.17652226301172 4.58880998969562
Akna 10.5978331936346 4.97472643553437 4.89709752443173
Sult1a1 9.92143049281146 5.00360147371774 4.8610152004125
Fes 10.5840546362038 5.96485892760851 5.91006327274962
Cep152 9.68353142517718 5.52475289978268 5.19215670398014
B2m 13.2088860971046 9.47311643573335 7.3974835923453
Gsap 7.5615053421719 4.17888596785912 3.9541963669546
Ccrl2 11.4107831106411 5.7452795150091 5.34158214113838
Lcn2 11.7182561949748 4.61194719265171 4.39913858794301
Hbb-b2 7.86146929235822 4.16251252287788 4.1075416770784
Gimap6 8.28896486111756 4.66105892035905 4.57800828715989
Myo1g 9.04216166021584 5.05912507136784 4.94741344904013
Tmem173 11.1696407087511 6.20537941907 5.89084561535894
BC028528 9.01173787915138 5.01440490961819 4.9947261341581
AF251705 12.0057126252299 6.78102246482787 6.39423215574449
Arap1 9.17388595229217 5.79313791923823 5.18434493394564
Hmha1 10.4487011332694 5.67055938423121 5.6529219971505
Rreb1 9.66195512280759 5.73881137450817 5.07923475671254
Gmip 10.2055870255081 6.23845962495123 5.67341675664339
Nckap1l 11.1526856630168 6.58522369706996 5.27352289451486
Abcc3 9.7509259850256 5.30159338226048 4.94468583166067
Rhoh 10.7637079698635 5.11678784049471 4.82800571769643
1700017B05Rik 11.7522974287947 5.74698412645523 5.42968005154704
Srgap2 11.7585843286276 8.31539188820328 8.30830491269418
2810043O03Rik 8.32709215618797 4.19465879149804 4.06031692435651
Gusb 11.4803411718158 6.4640928651905 5.03297693971368
Lair1 10.6612900224916 4.77652030884275 4.67594041724215
P2ry12 12.4385715566921 4.81972760880354 4.69601855081186
Apoe 11.7960795852016 8.10797935939921 7.4778998417375
Epb4.1l2 12.5432840929574 7.25189848720927 6.26443910196871
Pld4 12.1700437011819 5.3141711900646 5.31040769149089
Lrrfip1 10.7224886700699 5.50519741936662 5.44749447558064
AU020206 9.79768698851007 5.6068451944357 5.28260413490124
Fermt3 11.4207362066657 4.85794837384571 4.61004335838504
Tgif2 9.9426138283241 6.23817399530362 5.92370483050951
Ankrd44 11.5679366187782 8.2281315732028 5.61473201103867
Kctd12 12.099676793357 8.52497725007283 6.60485560280939
H2-Aa 11.2644036954394 4.69025320867924 4.54934943499818
Fam105a 11.8820924454901 8.37650480739232 7.5227794011251
Cpne3 9.50290347799534 5.86989581233757 5.74259251725625
Herpud1 12.5116726598182 8.49718878290943 7.53979892724336
Cd300a 10.0530239896872 4.94747345651551 4.84100926754991
Tmem71 7.83337212150143 4.24122007960758 4.18603672841565
Lyz1 12.2502412289951 4.92543651114493 4.47826303995307
Zfp110 10.6738601357144 7.0133253978011 6.54260424836681
Clcf1 8.68466038510135 4.0629973272331 3.85077312312168
Adrb2 8.29734945321406 4.42871663208621 4.36009905123235
Hmgb2 9.04290768492065 5.66404009093473 5.57254925348293
Lrrk1 9.1635528470806 4.831925893797 4.64663509097824
Zfp36l2 12.4004422821899 6.99389371446414 6.39844289758476
Il10ra 11.9867649941734 5.28036166528034 5.05113786066152
D530037H12Rik 10.4018822600769 4.22867070932709 3.93304652546954
Rab20 9.64744268247702 4.19759904608458 4.08044596591186
Slc9a3r1 10.5341792603602 6.89698538655117 6.62225433722358
Vim 8.20604281286246 4.6118891292685 4.27921342150835
Grn 13.6303783372944 8.80105462185825 7.45091057920168
Mavs 9.23385264584594 5.50227090496176 4.28935582897611
Bach1 11.7684659473826 7.81617018880197 7.168980161311
D9Ertd306e 8.20712585253381 4.11256755060657 3.95717021166798
C79242 8.41316050528701 4.58485392349868 4.44495572072976
Fam46c 12.2421510197398 6.95311697172751 4.70154132064
Ctsa 12.9644748360344 9.31425805952449 8.56956789475516
Pald1 11.0128320429645 6.07289874192926 5.92647465483786
Ifngr1 12.016051864462 7.44646747600892 7.21703766537134
Ucp2 10.8156159051053 6.92707067614623 6.83604052143175
Tcn2 12.1195930224409 6.73785821991309 6.07716847363481
Anxa1 9.64055143138413 4.53591047444231 4.17132002209727
Cmtm3 10.0110497819572 5.70888838302881 5.67416273459828
Ppp1r15a 12.6593601245383 8.15206580599965 7.31933468005042
Slc15a4 11.356384012252 7.77550926921524 7.41289438345867
Dhrs3 10.8328899765314 7.10282170209401 6.37230255664362
Lrmp 8.89491220593798 4.63795821051397 4.37365377335814
Olfml3 13.5644607358692 6.24657022316547 6.20358856781323
Pla2g4a 9.55730250855793 5.2733446211056 5.04279756804692
Ncf2 11.109264808914 5.6806759871572 5.6325881837374
Il7r 9.22711297999003 5.01863510813424 4.90155648582819
Ctss 14.1223387589978 7.62368916302958 7.22466588297622
Cd53 12.6270729328698 5.4414928107284 5.35911330338704
Fcgr3 13.3874319809845 6.21418817456446 5.94606537838927
Hps4 12.4456398299555 7.83397446646611 7.7485770899505
S100a9 12.2965410503709 4.82827865056954 4.75998597756006
Dusp1 14.1813580097059 9.57889281986269 9.20634814636501
Traf5 9.0214474215703 5.59935015928836 5.49347453329887
Lgmn 13.4068999504885 9.84140315460244 6.8873297294961
Klf2 12.9915058739807 5.33760834625683 5.0661348236034
Fcrls 13.5200887013828 5.87674578547735 5.67190607789251
Trip6 9.31751803635675 5.5761210287492 5.34419379886472
Tlr1 9.55990391864875 4.16302541053668 4.12619187412382
Selplg 13.492313873689 6.73951672522676 6.50235787122733
Cd68 12.2825968841945 7.38195029831067 5.03019989216659
Gpr65 7.85611733273235 4.2226236460722 3.91707650939178
Ebi3 9.38512048892932 5.87676123809196 5.6266345082899
Csf2rb2 9.46516272602394 4.51288940821601 4.34955915896484
Atf3 13.3007390383143 4.93955321179709 4.78383149046562
Il1b 8.75804374629313 5.33720356671334 5.26124320630075
C1qc 13.5695399365939 6.05087122080544 5.39902086271222
Chst7 11.0545300964632 6.17542337889662 5.66351150353807
Hck 11.7192724128215 5.60163067607922 4.7600759551202
Gcnt1 7.89240442650036 4.35794987504556 4.33515875219309
Casp4 9.17977855891737 4.19410806250217 4.04750413483457
Lag3 9.94342037341401 5.66502568709547 5.6607742314757
Cxcl2 10.9236295592129 4.20052516524722 4.17897295331183
Ltf 11.9771261319803 7.52627884863529 6.26143762251368
Cx3cr1 12.8322911670036 5.73633048907046 5.58230616254031
H2-D1 12.6856010965553 8.90839238256519 6.43158646776561
Stab1 10.7835801182221 5.64410422802314 5.25852006701725
Evi2a 12.5801879760248 6.5594916574067 6.25483755379339
Il6 8.3523884587654 3.91843381979311 3.8261634580169
Pdgfb 10.6620659529342 6.3094188784502 6.15839874624224
Mrc1 8.47267687587698 4.21435236046321 4.10952786754855
Cd33 8.91751905662005 5.09247174229268 4.91341398229877
Itgb2 11.8281947861841 4.8277097297417 4.65242920374372
Rgl2 11.0627483576315 7.33644670568432 6.92539942043716
Psmb9 9.49408509768935 5.93931120039728 5.74925158649063
Adamts1 11.3973807177838 5.60915587626962 5.39656696841517
Ang 8.67340897437916 4.15375149948925 4.14175725931129
Sh2b2 9.32069277757714 4.66039551385462 4.57836390089144
Tyrobp 12.9035612805634 5.87781576860725 5.87287383801564
Ptplad2 9.63817330010533 5.49612097253234 5.47996610713217
Slc29a3 11.6835560124248 5.67632055443024 5.49422468022402
Pbxip1 10.3716503756831 6.38017441892185 6.35671893739825
Emr1 12.777781853873 5.57597583034498 5.45467366479134
Nrros 12.3519497751025 6.09733802591528 5.50280916508752
Tmem119 13.699678559052 6.09665383080002 6.0573270910344
Pnpla7 10.5843197435089 5.86677236526525 5.3166651268216
1810011O10Rik 8.37120216738482 4.42749194209519 4.30457819784213
Slc46a3 9.85031592896195 6.49529527053022 5.94680417613892
Parp14 9.10437062254361 5.15073509521494 5.09645000227779
Havcr2 10.710530075929 4.52707772719702 4.40991258999489
Alas2 9.97256535353661 5.03429576504127 5.01172788744299
Cmtm7 10.4036329494645 5.1801515524138 5.11754094805258
Mafb 10.9849900615298 5.74476788980999 4.992263409774
Apobec1 9.7227717478305 5.3401308900251 5.33382978543849
Blnk 11.8079240962002 5.65734488378914 5.53512835988346
Tmcc3 9.16895367720384 5.35234088868889 4.90780034388425
Notch2 11.035203297165 6.67761076554664 5.87169738722543
Alox5ap 12.5749967599795 7.62863099689419 6.13356892717151
Fyb 11.7159427823204 6.04873985945374 6.03946652901374
Sepp1 13.725757445204 9.058259663794 8.13677779245192
Ctla2b 9.94438247489242 4.48485223551046 4.20523613701616
Hspa1a 11.9245276178108 6.05116161370001 5.51335585872956
Slc37a2 8.79282849614854 5.4206456395589 5.18470072069381
Zfp36 13.4960506681509 6.27171715543143 5.70493904129854
Abhd15 9.92497435981129 4.83770658630727 4.83350385947504
Cyba 11.7749627835735 5.34775544880762 5.16944170930714
Wasf2 12.4660305697947 7.43407476649303 6.61512950588974
Ptpn6 11.3292345329635 6.65649734390891 6.64079654294238
4833441D16Rik 9.33372525445037 5.07456672963114 4.61176416284674
Tec 10.1967601761071 5.59102361387278 5.0248127834072
Cd52 8.83934325002235 5.21682140984132 4.71147241039738
Irf5 10.4417221455899 6.17941770644529 5.78069553783182
Wdr81 11.507769957771 7.90399413272221 7.51920254456341
Klrd1 7.52307482814316 4.08687401737503 4.04445371565049
Naip2 10.8151812852359 4.57821828182098 4.48428645678822
Anxa3 12.9131833282778 5.47217766824842 5.35976688165168
