Nr2f2 11.0517232357351 7.36324275859205 6.43182014390126
Meis2 11.6093862191474 7.11204206158316 4.90336072283527
Pcbp3 10.7559827931493 7.35820136352574 4.66493041095197
Slc4a10 12.9565189433735 8.98089394611419 6.73929852353296
Amy1 9.82819437827845 5.76872904191723 4.88236554501494
Dpysl4 10.4352826451971 6.63731929247965 5.03906782646128
Cdhr1 11.9187310657978 6.93267414100414 5.17559589999576
Lmo1 12.8378434113725 8.04150470116458 6.06404122551877
Zfpm2 10.0937545840645 5.70777327307843 4.67804891405062
Vstm2b 11.496033196918 7.98946605245628 5.61109666532929
Sptbn1 12.6338911628644 8.46209788941569 7.31601998314536
Pclo 10.8795096502982 6.93139007831403 4.25784235011152
St6galnac5 11.2345294324925 7.41997566696733 5.11703912770248
Igf1 12.0024449945954 6.51858490522656 5.98952440734474
Uncx 8.63283836297849 5.081585385765 4.12121415487858
C78859 7.91486407670019 4.39988135613078 4.25228378509869
Pcdhb21 8.78198855997394 5.21591545132909 4.73083821620209
Gabrr2 10.5595802271787 5.47337468493573 5.15354610036355
Hs6st2 12.2752575123785 8.31489553478852 5.01777070948594
Ptprt 10.8306609098842 6.47655119694526 5.26644054111732
Syne1 11.3788141259095 6.62440374481853 5.60402553972163
Lhx1 8.56592571182609 4.45250943675351 4.07636210562144
Gad2 10.0458952924003 6.24940542702407 5.97708095792235
Slc32a1 12.8514514744727 9.33698541015428 4.96149129217817
Cntnap2 12.6400715643303 8.91065227286258 4.26958832351212
Kcnc1 12.1577806610807 8.12813378805157 6.8460635414177
Spon1 12.0161265788778 8.03387694862879 6.55813748586868
Cplx3 12.0811422982789 6.085548639237 5.66109169862279
Pcdh20 11.4637206666833 7.71911595440933 5.10710900067104
Ptprd 11.7343339644713 8.2961483589486 5.19564409411151
Otx2 11.7187052203036 5.45991854810469 4.84315272851511
Ntm 11.1918707218308 7.78837960933421 5.19949902805342
Meg3 12.9131673694511 8.85250778666437 7.46489972085518
Rell1 10.398485096309 6.79950430318788 6.15438532147529
Ryr3 10.3335085651811 6.48819350367551 5.68079453371508
Arhgap20 10.7621757172063 7.31866763171486 5.0950009619593
Rian 9.82756531182442 4.50623290876602 4.30957362484583
Sptan1 12.4204651695152 9.0496376335457 8.84665370594437
Fmn2 11.4233976398808 6.43133133662287 5.41869859201754
Snhg11 12.4390489930922 8.85838917030422 5.50353999834229
Frmd5 11.9360953657325 8.48959041136344 5.75337237451649
Gata3 8.73640599741753 4.75009025749955 4.50719649146379
Reln 13.485287623864 7.69079570830732 5.59065428789919
Ssbp2 11.27735028231 7.6175101170036 6.64697946234268
Ppargc1b 10.4384773729382 6.65455865750698 6.14091774748897
Chrna6 11.2687258867279 5.83684982092873 5.24604931684203
Cacna2d2 12.8844444445554 8.00764228372202 6.03704981597976
Chrna3 8.65468584831926 4.98793022646068 4.89310369258852
Slc6a1 12.4061889876405 8.97073472647075 4.53115881623332
Ablim1 11.2652021516163 7.86778494059326 7.67575503221913
