Meis2 11.9052698271153 7.6141954120736 4.90336072283527
Itpr1 10.7288954058484 6.65409233390183 6.26048513293171
Rasgrp2 9.50042706052028 6.0109741711496 5.30068618414206
Arpp21 11.6954845857968 7.40065826834102 4.66603585648562
Pde10a 9.61007887674102 5.35011293220956 5.03226185551392
Slc4a4 9.49031310769177 5.91260787699243 4.93339072695636
Pde7b 8.99448316340772 5.13769362862201 4.39883466540357
Pou3f1 10.7177881305011 6.33016660293534 4.46245402583878
Gpr88 11.168103295858 7.36979170150546 3.86391299062708
Tpbg 7.92899444372849 4.51908614886434 3.93669500973178
Camkv 11.8897477466214 8.11089309111057 6.39016323771618
Lamp5 10.6466973535713 7.12912512267011 5.3324863435299
Itpka 11.0273087037577 7.37087272841683 4.99018545515739
Ccsap 10.7817854583682 7.38070720463912 6.26520705653244
Baiap2 10.5681682807726 6.87981421318515 5.78829403287813
Hpca 11.6784898513069 7.72660409967373 5.25536051995384
Ppp3ca 12.6901722163492 9.10996041947347 8.78015278274471
Plk2 11.6964894722074 7.95205194616896 7.12194515247949
Kalrn 12.4637480318149 8.34032842221952 4.33931881962303
Kcnab1 11.9084507834357 8.53774782013716 5.8362349034482
Ngef 12.2676048628932 8.61193020848142 5.90468195967958
Ppp1r1b 12.4340431837656 8.51698322727595 6.75428946843146
Rarb 10.0093599071888 6.27207909519625 4.69857391851575
