Ppp1r14a 11.6051825431611 7.33676780938714 4.22637400403842
Mobp 12.6480573713948 8.95876652081895 4.70994976448284
Gamt 10.8589469469221 7.4631542840734 5.91504996863939
Pdlim2 11.9958238516097 8.11773858156122 5.63155696021234
Lims2 10.9483812942151 7.57376913670452 6.7780441470529
Tspan2 12.4558849596478 8.32978697078047 4.84390924016187
Ddc 10.5079021910474 6.37071169179949 5.02668147617275
Nkx6-2 9.37387566822839 5.58647233736743 5.01510736617473
Mog 11.1705687125947 6.60716845831558 4.05632999264306
Josd2 11.0975283409255 7.57259207597277 6.29290008063458
S1pr5 10.6270554258257 7.04628420050611 4.39486071876747
