Golm1 13.2088860971046 7.55062992667984 7.52773520859601
Cdc42 12.2814271639464 8.51632655008829 7.06271025381448
Ncl 8.89803829102399 5.45441380951383 4.68789139328396
Srsf2 9.43322429080775 5.88648558660314 5.59780084392542
Lbr 9.26026700746368 5.59933319709607 5.56705767046357
Tgfbi 10.1405547174483 4.8575330090862 4.60058591673906
Sgpl1 9.65202662527855 4.68371731403118 4.650497066063
Mgst1 8.23811789844394 4.79311013158692 4.7125199738513
Junb 11.5348729987463 7.01029312115251 6.7359645127378
Creg1 11.431942679031 8.10061670252395 6.5743146704006
Marcks 10.1821516513047 5.92296854962924 5.52821220392749
Lcp1 11.8379992138945 4.54701773973827 4.34166339677852
Vcam1 7.97356793401619 4.1807368872866 3.98860927745854
Txnip 13.6791294028158 6.72499889089612 6.71493848039404
Cd24a 8.63220033720758 5.26515260897545 4.55653574337988
Sgk1 13.2260804623238 7.56774149621889 7.15142137799968
Flii 10.3803104347031 7.02251497304468 5.90444642549468
Cd9 11.7732224133317 5.29906629927031 5.25883731020997
Cd34 10.3774455408259 5.824409522779 5.75272728626657
Zfand5 13.0724898086973 9.61119036212078 9.42315034558669
Hist1h1c 11.890888490012 6.64958586306386 5.11377888026277
Cd83 13.1517119399809 8.31418917442285 6.07012901214769
Mmp2 8.7922296541492 5.41240134234369 5.33717016631035
Serpinf1 9.39104855160023 4.64866310473487 4.63481356563414
Rdx 10.6914720152126 7.34107646140645 5.77854249743784
Pnrc2 11.1206908571715 7.32465995997817 6.45206110197259
Sipa1 11.0491157826369 6.50037859213498 6.45309250696538
Btg2 11.4551013031419 6.51904884885209 6.09026966014213
Tnfaip2 9.10265124910753 3.90122178396587 3.8859324606821
Litaf 12.4983539473891 7.80176580443204 7.71018202670967
Lamp2 11.6194145923605 6.90925451189307 5.71786939290182
Snx18 11.9053155899221 7.74615818672596 7.72895866472353
Ctsc 12.6316085285889 4.68703253511362 4.25565279211581
Rcbtb2 9.72307900109777 4.93555189808647 4.6511833414526
Cat 10.1585476558835 6.49468692085124 5.79900284095075
Tubb6 9.85242182153089 5.73211496929212 5.36220052637056
Pfkfb3 9.94583213370668 5.40067313879885 5.10376908246639
Cd164 13.2978034137987 9.44490637699207 8.50529691235582
Ier2 13.4110457696294 6.32853344958725 5.90139421200434
Rab32 7.66476517985337 3.87167837754159 3.77410280910717
Pnp 12.8858417164647 7.24282295269513 7.04754489331274
Nfe2l2 11.3582431578503 4.68603232893355 4.67570686125167
Slc13a3 8.13492293346365 4.29215329557401 4.1331388497798
Socs3 12.872389729541 4.7324778323068 4.12110970218129
Sparc 11.7641395212327 4.5881730936793 4.33790075904683
Scamp2 12.177112436192 8.00501127359265 7.42902897036313
Acss1 9.88171693983298 5.11312854547248 5.04395417907581
4632428N05Rik 13.023417651154 5.29962197525412 4.87438061839895
Spint1 10.3486258835977 6.34296973706783 5.85901470436333
Smpdl3a 8.70716951484021 5.34131172657741 4.74027349585729
Afp 8.25927872186671 4.43237148790418 3.84273715563929
Stxbp3a 9.14589985302713 4.50779390697518 4.18453901109705
Clic1 11.3149596683149 5.64755254280773 5.48899552737796
Serpine2 12.4292988458714 8.69045549551816 8.10064514301363
Plxnb2 11.1948611499116 7.64921511689244 6.9972599654312
Tspo 8.76782882569728 4.60410172313441 4.45015764291474
Irf8 12.5830920544812 5.65818189934508 5.44168914197015
Mical1 8.6259861168379 4.22152312322888 4.20879510132299
Fkbp7 9.43023161113024 5.53376423332744 5.39286058988389
Tbxas1 9.82110086955256 6.21407800073258 6.05204437775667
Slc39a8 8.53981315614105 4.14831789232053 4.12536487441991
Parvg 10.3515058485033 6.72590069180533 5.95448049134682
Mcl1 12.2087835671601 7.15500403993893 7.0207332739323
Fam107b 10.6551081084502 6.84331994930881 5.42975387357061
Rps6ka1 12.4350911117328 7.89111804497452 7.13011845125481
Npc2 12.90173282109 8.70002135827362 8.47658158195052
Trp53inp1 9.67167265057964 5.64280261544801 5.50898799152452
Erap1 8.29621561532572 4.59020038566852 4.58713442499861
Tnfaip8 10.0379616559435 4.38266936681232 4.30192212307571
Fcgrt 9.44504578763108 5.9019493385391 5.49707700653905
Mfng 10.0773132550699 6.26475104435524 5.986277329596
Tmem206 10.0929242148177 5.99234978990158 5.58573219192186
Slc40a1 11.6104164701375 5.91794777624847 5.91368306698744
C1qb 13.334449855087 3.94383010300484 3.80475735007392
Cyp4v3 11.0641916928349 6.10074277612399 5.93739393784833
Qk 12.3204870335934 4.98454341354326 4.14193175658821
Syngr2 11.4772980236412 5.00133116532094 4.49761521737618
Plekho1 10.5586272766999 5.9718691963287 5.84308404720104
Pmp22 12.2561794765965 5.36947757743432 5.1741668024123
Tmbim1 10.2174211647131 6.46893664483788 6.13758931695811
Tmem123 9.29418178130993 3.78704805928489 3.69817829945918
Ccl6 10.2968696260595 4.77982506277977 4.6985545638857
Cd14 13.2858211222074 7.03017986021057 6.91225714964943
Tob2 11.2110342965434 4.96941828018115 4.73066108559659
Pycard 11.7476509071618 5.5612385716065 5.40704257011686
C1qa 13.2023340640432 5.98441021847714 5.78014527366294
Il16 10.5721616851226 5.89396655418562 5.87454863024882
Slc7a7 10.8083190565862 5.52234113286876 5.34688351530983
Klf4 12.6915189251281 4.98706635348039 4.69374514252197
Jun 13.1617299805308 9.3377259349931 8.40731967614949
Srgn 13.2068622416084 6.12338776850597 5.64512395416812
Cks2 10.0756669607178 5.91476311968843 5.44172097578604
Nfkbiz 12.6004495355117 4.57172859416588 4.31861681916202
Tgm2 11.642946111078 5.56486174304935 5.39688346525184
Plek 13.0477422121131 5.66039355747484 5.37284997401153
Itgb5 13.2913066952736 3.91153152694339 3.74272354622669
Elf1 9.02649072365098 4.10708126994139 4.09030845586417
Rgs1 11.0898478208524 4.71285391057445 4.49786692736163
Ier5 13.0763760033494 9.22848778101875 7.24733277391721
Slc12a2 9.38731313205308 5.57047748321126 5.50101761535139
Mknk1 10.800314167277 7.33262025237222 6.77107542280508
Snx5 12.5389716579728 6.84133923502732 6.06074247397795
Elk3 10.437348137504 4.60205008239718 4.3215898269894
Gab1 9.69245744866565 5.40219749742162 5.11847012069395
Soat1 8.97247350232105 5.13364158291341 4.83532820869174
Laptm5 13.2497958585741 4.01049140228682 3.88921623013449
Ube2j1 8.59303200131881 5.23220972576279 4.89950076279094
Slc25a37 10.7966850520022 6.63495821082581 6.22329701608156
Ptgr1 9.97812873947007 5.49196771480829 5.399592063123
Rgs19 10.1981713053925 6.21350803985399 5.57081658953116
Dok1 9.05115009345003 5.34870596582187 5.26935281667763
Serinc3 10.9280820038238 6.58498410297369 6.58458771133163
Ctsz 13.0485403305481 4.27790220613464 4.06488404644316
Fcgr1 12.2838802885119 4.70208874263708 4.62952186617825
Slc16a6 11.5411253999105 6.23264273965749 5.27484571935326
Pdlim4 9.52654344568754 4.614713562118 4.5934689842424
Ccl9 11.3508771596472 5.12512842347988 5.06493539072303
Trim30a 9.8600658104235 6.53569078762944 6.37868907294671
Tmem176b 13.0534256974988 7.87461650756283 7.82031710950628
Sh3glb1 11.8295007064726 8.36712259475966 8.12279485216958
St6galnac4 9.97513933820492 6.49113352996672 6.24212236856711
Tnfrsf1b 11.7294024065306 6.56455955871188 6.43035579811634
Inpp5d 12.4783900860876 7.46685773482491 7.19057735075982
Tor1aip2 7.30973551380507 3.82340293950848 3.73522681791244
Aff1 10.469356712438 6.17309075931655 5.73152483031938
Tlr4 9.37755048286687 4.72572390213347 4.4287162313173
Pmaip1 7.91264692829158 4.08580554906315 4.06215229517976
Aif1 11.8099905233592 5.92499216605896 5.31964164410664
Lims1 11.3950265345756 7.1315016495618 6.38511183072702
Syk 11.1736838971837 7.42252228731303 6.7194921244388
Klf6 12.1197284009329 6.98501856425955 6.07375991985701
Crybb1 12.2532048432707 6.29849242930339 6.28137128977311
Fcer1g 12.6825054501545 6.62174800289442 6.14505363732501
Ctsh 12.8742742032151 5.60913552050649 5.53931297898653
Gbp3 8.5116214988133 4.68089691382167 4.66736662730277
Gpsm3 9.5878408034758 5.35723820388133 5.33447601317845
Dusp16 10.6289677446979 7.10825102683781 5.67379025592983
Ncf4 10.7305401881173 5.15136626028761 4.98300380716418
Ggta1 10.3021085784473 4.34337018877272 4.1361465295578
Calcrl 7.87647545215041 4.02649569349246 3.72929447318272
Lcp2 10.4299333406719 5.10427970184664 4.73539669075618
Fech 9.52037975834441 5.55507941616494 4.99022936100407
Ngp 12.2995043542679 6.56986524900368 6.25067110313544
Spi1 10.3859436109085 5.90524799385356 5.82971787395963
Atp7a 10.1676606708827 5.35198822229481 5.23322421004171
Csf3r 10.5303261448833 7.07589171484745 6.28104569025093
Ms4a6b 11.2757685053458 5.52895886719099 5.31865100511336
Hcls1 8.63630419546985 4.86308862161532 4.80004863771963
Abcb1b 7.97869555224804 4.53847951648395 4.25741235811923
Pabpc1 11.2298634617249 4.69213593799959 4.61863863184843
Cebpb 11.6743509032076 6.93649247288374 5.86151708484223
Plxdc2 12.0529683323577 8.10558580664231 7.69516536480703
Cxcl10 9.7662958946731 5.0855798640727 5.04050662571986
Maff 10.1052633096456 6.70536352504405 6.45038019181289
Cysltr1 9.23363767777187 4.62987675705103 4.3888357466123
Bcl10 11.3909679958387 6.99616834538663 6.83530005195997
Cttnbp2nl 11.7692220388043 5.90864683530851 5.69340002271244
Gltp 10.8120849891235 7.2316716826221 7.00539349316215
Lyl1 10.013448973115 5.69768686687837 5.27199383536821
Ptpn18 10.350655093353 6.48242254767016 6.35834939123587
Tlr2 11.864186632689 5.88013787897993 5.75204197758588
Cd163 7.48039184356858 4.11636626060205 4.06948506862077
Serpine1 9.57269546409715 5.32146940818908 5.05213215919377
Sox4 10.0789976366356 5.50535171212274 5.26256030545667
Mlxipl 10.5927739153422 6.83652804769363 6.33134469104603
Cd37 10.9462016903761 6.57702728292737 6.13089241604666
Map3k8 10.1917146557049 4.95258475413421 4.90310970149359
Myd88 10.7885966963584 6.77723524319567 6.19975764651937
Ccl12 10.4751595691536 4.62232963468766 4.47164980771243
Pon3 9.10935515291671 4.2584090306157 4.21300577147015
S100a8 12.9638824039872 4.86786422310622 4.53966581902866
Il10rb 10.594105170653 5.57154627687814 5.45526895000112
C3ar1 11.6182149621142 6.49542623320928 6.38506639978946
Fgd2 12.1293203269256 6.30414401934758 6.18438830240529
Rela 11.9778670098948 8.09352516827569 7.39545321567492
Ccl3 13.5496556060224 5.09937683918471 4.93130448283608
Ms4a6d 11.498084859003 4.5015248800092 4.49996891854363
Ier3 13.5855914649438 8.22258669419234 8.08356305350643
Nupr1 9.98636391280088 4.99871114558631 4.77039805659559
Camp 11.8351935968853 6.02221161345163 5.66020371809578
Chil3 10.6986949112657 4.56323335168325 4.3294106129207
Arap3 10.0084235335535 4.08716891381404 4.00486001054011
Tlr7 11.1690114771889 5.36003203542038 5.32449313978803
Tnpo1 10.129800738575 5.71285899677775 5.41205154472835
Csf1r 14.0292728577336 8.19952760302167 7.58280992661929
Trim25 10.7654788423984 5.45858018500869 5.44566456977703
Hpgd 11.9284845304822 5.65138668980285 4.6165596304742
Nfatc3 8.96048800585521 4.33860405457394 4.31854183461374
Mcm3 8.86157244294894 5.12074672845914 4.91064510718661
Morc3 9.96930687302898 6.1886573933354 4.83501791664001
Pttg1ip 11.4936932253989 7.96742464277255 7.69631141545626
Spsb1 10.0841355871722 6.15462049461457 5.37208400708522
Slc11a1 11.348119903574 6.42887134529047 6.40189968531124
Ccl2 9.39365889899599 5.58520044735604 5.1026949985685
Cd86 11.7078926817195 5.52657778174848 5.01244754032969
Sat1 12.105173512767 6.09270798987135 4.67817072246338
Prkd3 9.75622982659752 5.55483304712187 5.05920217902657
Gpr84 11.5922078227709 6.33869992199052 6.07708943767996
Anp32e 9.88544943935723 6.20289660422402 6.16651537923791
Ptp4a2 12.5129862945892 7.59507603417757 7.50048229327427
Vamp8 11.7887532870376 6.43213688480818 6.26419442408234
Tcirg1 11.327613036728 6.50442882849257 6.23254500784969
Sqrdl 11.0525062877998 6.78287032722324 6.40390313038241
Trim12a 8.60607054794922 3.99596008103162 3.93748888242819
Zfhx3 11.2458196415341 4.98131112837827 4.64866368812018
Slc15a3 11.5031029092383 5.39851156507575 5.31776083693684
Rel 9.37584581713377 6.02868066963245 5.68906660023448
Tsc22d3 11.4805096636109 5.49133267742399 5.40509176618797
Sla 12.412369723073 7.72967770031403 6.4206812731893
Myl12a 11.9132205321416 7.08646510112296 6.89523792850414
Sgpp1 7.83989095395222 3.98289392931581 3.80017887871497
Tgfbr1 13.4953964323281 6.61868072739283 6.22577203802228
Snap23 8.30473877019984 4.07803786877752 4.06559219365313
Cd2ap 10.226899555298 6.01019708502736 5.60997011506975
Asph 11.1601915655921 4.93922224320254 4.82763155329561
Ivns1abp 12.7570757853562 7.39157359878543 6.22017741378975
Adcy7 12.0401852065097 6.62034683660207 4.86102496486925
Rbm39 10.3141735206265 5.06362019935084 4.70140227891978
Vamp3 10.8922604019769 6.50769056891246 6.39581443759545
Bmp2k 11.469593488735 5.62107974260848 5.37868712303272
Gpr56 11.1072648016331 7.51669344154915 7.50962319253538
Tial1 9.50604186427466 5.11935005675426 5.00773785060793
Lgals9 9.7144470271434 5.62726408854556 5.56166159232301
Trem2 11.3744113100813 7.02971544420346 6.8878241280799
Cited2 11.5583308062985 7.56154682688141 6.90654731653955
Gna15 8.98838653928669 5.48951408098695 5.46494354508819
H2-M3 10.4949717598892 7.00741425698156 6.66348768270363
Birc3 10.6680989517335 6.40096145004998 6.20957657957227
Igsf6 8.76352354526292 4.11329614867528 4.09067989753833
Npnt 8.13299376102998 4.51527197885084 3.88955764377175
Samsn1 9.02117009275432 4.69004481843475 4.55384635635095
Il1a 10.5627537042988 4.54236628121212 4.38368856156677
Hpgds 9.22555193578103 5.42238829594926 5.13304443377689
Naip5 11.1748062850229 4.76463703705885 4.37115623313623
Ccl4 12.655502757357 7.47514911247145 7.16572621555355
Itpr2 10.9235418495534 5.62566382766609 5.45037732212386
Stat6 10.5002673668222 5.56608707137806 5.5578397502514
Tapbp 11.453866406777 6.83027719997069 6.64379894843202
Msn 10.934809568914 6.60924149880582 6.08957902228391
Bcl6 10.0980717450428 5.33667067916267 5.23083567249783
Abca1 12.0522527378122 5.9826925865982 5.82519636661817
Adam17 10.5698610751329 5.63391120751557 5.60169983773912
Dapp1 10.6616079104408 5.03047894245024 4.97753108560097
Eif4e2 10.3641596283947 5.87804840915991 5.58273346213763
Igfbp4 8.23482853972127 4.74065802053025 4.62670394656134
Clec4a2 10.2600474435221 5.29692437741548 4.81448872855488
Fli1 10.0941254445629 3.73964082700457 3.67597546228188
Mitf 10.3401241655234 5.61145964649731 5.43904202410416
Ets1 9.55277010530181 3.86099497852185 3.83852689120282
Itgam 7.72351039802672 4.23689932981282 4.21627560550268
Fosb 11.9510983205342 6.04633495877954 5.78156343613782
Ccr5 11.7396919362898 4.43979190892767 4.28795340732795
Il6ra 12.6715970650916 5.77752260803091 5.2938611280529
Tgif1 8.50945088524124 4.97947837413356 4.76202235666522
Pla2g15 12.3259450180791 8.27789205639846 8.14479915235397
Itga6 11.5653613108728 6.18102058864313 5.97496386470513
Ifi30 11.3781163789488 6.31735816428552 5.79789264859639
Cables1 10.7196378104376 6.7834724667064 6.38573089061632
Zfp36l1 12.7051334383384 5.03227877012783 4.88243262870484
Gpr34 12.096128861767 4.38737013614573 4.14047099486928
Gna13 11.481510389828 7.81506267287003 7.51010009723187
Rrad 10.1172735062529 5.56070069177839 5.28314997059483
Cr1l 11.7633356155962 7.64833220676982 7.58791643054941
Ndel1 9.39722597598048 5.89750616563026 5.57939313112569
Rhog 11.2153941245626 7.77390695150963 7.47419346051077
Rnase4 13.1184612117893 5.91309666370321 5.3791457984269
Hk2 12.3862706589026 6.49123777586717 6.46342636297851
Map4k4 8.8663962769023 4.59531741304274 4.32254893579904
Fam111a 8.63296054191287 4.93153192622269 4.93127366872255
Hfe 11.337741662807 6.45765154012734 6.05549317229709
Lgals8 10.3810714762131 6.80377240792832 6.75351400735654
Naalad2 9.76797067590899 6.42222945538519 5.6886865755846
Pmepa1 11.4552214136716 7.31616962167324 6.32031289707588
Pik3cg 10.1956130518895 5.70728850295752 5.60164618770525
Btk 9.78197374603171 6.43485023050414 6.29701527343929
Tlr3 9.64446847867037 5.02073505207413 4.99120403927415
Zfp191 9.55157979874929 5.88266387400378 5.84428850973393
Prkcd 11.3204144141644 7.06457850419838 6.84939408530542
Mertk 13.1217916703296 5.59660103917682 5.53670083849206
Cd84 9.78822716908046 4.4662583056063 4.36501040466521
Ly86 13.8305038298173 6.54771840494617 6.36430117273376
Vav1 10.4293295887311 4.15319420984314 4.00395872189585
Thrsp 10.536790243709 7.13867404047673 6.93668260337203
Pag1 12.7340021971061 7.19970716874104 5.84673383649094
Stt3a 9.80262646618402 5.28527742738689 5.15960385279342
Ube2d3 9.29230383554821 5.37390378491008 4.91655377764413
Gtpbp4 10.1858078068625 6.26682469697973 6.25365737840144
Cfh 11.031443374587 3.52998991976722 3.47929584892715
Tnfrsf13b 9.62154101704082 5.37878707775448 4.96867956864701
Arhgap5 9.78794387400341 4.75612924783829 4.43359357537856
Cebpd 10.4638830746908 4.32234152480635 4.22170107029008
Tm9sf2 7.79220504602986 4.45078557437496 4.14476050463587
Hhex 10.1791275378831 6.19337231621815 5.56465476184339
Entpd1 9.37032387449548 4.21396263822263 4.20217244071382
Chtop 9.26510017353808 5.55186695974771 4.70006616925189
Ptgs1 12.2066936221392 4.55960589248505 4.55358349166049
Adrb1 10.605744756129 7.11523687152214 6.58181479629755
Pdia3 10.4661601990395 7.00461654439439 6.1084770940326
Stk17b 9.76929078464475 6.0545440258746 5.31481309940466
Frrs1 10.4433587610755 5.95567935535638 5.15150531995555
Lyz2 12.4203041170638 7.0939246837923 6.3563580239181
Ssfa2 10.5053173268952 6.35599519317407 5.82319023558853
Galnt4 9.34294526677315 4.71872261315401 4.69726332654775
Ctc1 11.684666568769 7.81301956340323 7.69845175686602
Unc93b1 11.4209147437175 7.36056925453934 7.16361600832527
Mob1a 11.6102028819568 7.10986801718169 5.99307703406065
Cmtm6 12.3089984078596 6.49577954838126 5.82122237544282
Sfpq 11.5973070285364 7.74086586089398 7.25459067735297
Tmem168 8.13685388688724 4.13359785892797 3.61524526314731
Tmem63a 11.3090792003542 7.93237729728076 7.54567343007722
Tmem176a 10.8884133112011 7.48177761169422 6.57533520599977
Tspan14 11.1207155751017 7.46112740326475 6.58871299774017
Lpcat3 11.5785330904885 7.98647195748083 7.2804180471105
Gatad2a 8.23230662502892 4.77310386968074 4.48665706955089
Hvcn1 10.2816397991105 5.49917625423297 5.22869875032833
Edem1 10.6216568370496 4.82176090640701 4.49296513424541
Icam1 12.0685839298591 5.35578921360688 5.02090045760686
Ptbp3 11.2472405918636 7.64366943223919 7.04929868301052
Epb4.1 9.11131329188766 5.70784767601551 5.33652784009468
Rbl1 8.55134046564386 4.60416437282153 4.4118529698463
Rcsd1 12.2491457547791 7.54518664386506 7.11626499743014
Papola 9.80129792798867 6.04639667227247 5.51824572952687
Npl 10.001127646462 5.28469888834009 5.20661014773413
Smox 10.8326565486745 7.31255685347135 6.96031971108556
Adipor1 9.16719188771629 5.82904854732207 5.69865604398831
Tmem140 8.43942036859799 4.30573077121674 4.19961333499094
Nupl1 10.5454412195573 7.10699191600692 6.06436848283115
0610040J01Rik 10.7636422265407 5.25168524760427 5.21690832917496
Tmem189 8.74546689873294 5.2402838121465 4.76580853224172
Ino80e 7.83690580830022 4.35061022816268 4.12213338798555
Leprot 11.7722372620618 8.00483287269947 7.39759409999907
Tm6sf1 11.2609540254992 4.07704349258109 3.97611136902918
Cklf 11.3887159381797 6.21572731471494 5.36318177327566
Casp8 9.83466998065678 5.08381983590177 5.00045267535243
Tmed5 10.6438973211329 5.22663837810805 4.98142465093516
F11r 12.1660086110926 6.65775546418912 6.11334129500431
Sumf1 8.51142190086792 4.78628761244013 4.27797901068704
Ifi35 9.19995898169176 5.53088335616217 5.45642529777655
Eva1a 8.59272796994992 4.39048701331523 4.25247812472255
Reep3 10.7838089345004 4.67071628913792 4.48508767908641
Tor4a 10.3275630348071 6.72357057350214 6.51888118570404
Ptbp1 9.13537300639005 5.25326814009613 5.14509397028394
Lpxn 10.7589192457976 5.249144294239 4.88491676937366
Siglec5 8.37803746411404 3.88454109187631 3.85678455178549
Fcrl1 9.2345619860761 5.79689547844996 5.66508934082573
Snx6 8.78338560963754 5.45297355188566 5.30244117349383
Sppl2a 11.2656068290913 6.25571638339726 5.89004889437706
Clcc1 8.84342686585932 5.07435410758692 4.69548256089833
P2ry6 11.5687601975602 4.60423058320912 4.5249700098181
Wsb1 12.2689369964062 8.90927262763554 8.79950581540903
Ighm 11.7506088279992 8.11399249899284 6.34442863348997
H2-K1 12.8220187202518 7.48491757134772 7.20241534554328
Tgfbr2 12.4852370462276 5.56730285777122 5.56384816199138
Zfp62 8.95853031890982 4.40055934593508 4.35801674250671
Ceacam1 8.89348245863094 4.62238449428976 4.58552146686015
Tmem33 11.3431825736583 7.81014816101663 7.58493565486108
Mlph 9.42445206203504 5.93105809701914 5.78871299942869
Ncf1 8.82497080443061 5.40219851324346 5.12642866864972
Il13ra1 9.86451620775328 4.2513149156747 4.23252066608678
Adap2 10.5685173068896 5.16210281029676 5.0894824151789
Lrba 12.2919124748407 8.72703898705658 8.23476367577006
Nmi 8.81250636103391 4.80238471202295 4.76543861790369
Pld1 10.7972506121956 6.59921280525482 6.52010622769799
Pon2 9.31355681171094 4.01149644170544 3.86162021641013
Ggnbp2 9.14383515526131 5.54217132174374 5.20153937247504
Capn3 10.5561819143241 4.85852140018152 4.66006178794138
Gem 8.23875211178378 4.02544872322564 3.97356717163802
Btg1 12.8116682446636 6.01613718296313 5.35891013899869
Rrbp1 12.1145818395139 7.88200681422845 7.7614211690518
Vwa5a 10.3889653824051 5.06974558271926 5.04989890951563
Glul 11.7849610224289 5.30579969939225 5.21199444749613
Arrb2 11.4717203569511 7.21923850084448 6.11779112462257
Pros1 11.415313090188 4.87870711137914 4.59267440220279
Ifih1 8.88841546660143 5.36096516375884 5.27144590577963
Snx20 9.32248887538029 5.9505952238851 5.68345384924521
Frmd4b 12.1904726516763 4.20193858453614 3.9339499769864
Slc1a3 8.02153579215394 4.50759602246604 4.46667230128022
Rin2 10.0137972126995 5.34746893322171 5.09965012718717
Tifa 10.6723597482397 6.65818817903108 6.45671117169709
Scpep1 11.2203442179537 6.85192622386931 6.59069636771348
Arhgap17 11.1079285558079 5.17325389769604 4.97405098600711
Phgdh 10.9712292951051 5.09011028663611 4.97705389913473
Slc46a1 9.38086842286645 5.82621019150673 5.32324481554802
Gspt1 9.78823247357284 6.1550214786676 5.03931387448246
Armc5 10.410015621735 6.53682808324016 6.52025171240339
Parp12 9.33903499881959 4.75983161441379 4.68073226792075
Trim47 10.0914805439239 5.40987806463242 5.35427508779624
Lgals3 8.39129093689733 4.82930168530978 4.76399951840334
Fmnl3 8.97083461756612 5.5908360574297 5.45778454054801
Ythdc1 10.2304254911229 5.85607863652718 5.45754374894239
Cln5 10.9138121274813 6.46215308341608 6.13210763837326
Jmjd1c 12.6964155907754 9.13210902018389 8.93197083533386
Plcg2 11.1456382313506 7.69741585407212 7.32710658478996
Arsg 8.085063848132 4.09774500227423 4.09757390713829
Sash3 11.2827116875116 7.09591643348269 6.64757098193269
Themis2 10.0072343518523 5.26760114102732 5.17268519282184
Mpeg1 13.5781184656323 7.0999001941455 6.62901541085925
Xist 12.7814738520482 4.42249523651518 4.32748636028021
Cd48 10.0036336466823 4.80518094777207 4.68574754227872
Akna 10.6519382313125 4.71014586332759 4.47660348214659
Sult1a1 9.83315975441973 5.86906101907687 5.64530418271621
Fes 10.6453727108248 7.16724772309763 6.73249038526511
Taf4a 7.4109192282884 3.81245224049557 3.68362513405213
Cep152 9.46016705782019 5.8854054431796 5.7789746170845
B2m 13.1977909317878 9.34129893965566 8.0233687229181
Egr2 11.2779367742076 6.52906212211517 4.92113858663351
Ccrl2 11.412796081801 6.35853091825921 6.22723762508748
Lcn2 11.5003470873269 4.37117015153251 4.34806070176234
Hbb-b2 7.85273730267384 4.19138858276016 3.95961204874776
Dnttip2 9.96811375208304 6.53661591254916 5.61717217618735
Erbb2ip 11.0004376177812 4.79182995763118 4.31750806421485
AF251705 12.004730998868 7.48971290996815 7.34231943594838
Hmha1 10.4033953674837 5.93113738942847 5.47809395900007
Ebf3 7.88209472710919 4.36803232335735 4.23062341056165
3110043O21Rik 10.5659330761561 5.91120084331133 5.3067376591192
Chn2 8.39980303418484 4.2912541182234 4.23847489204993
Nckap1l 11.1568327951404 6.90274058033197 6.82819578875419
Abcc3 9.76277744586897 5.72201261479088 5.67470988998064
Rnf130 12.3494664534299 8.35389693546115 8.29503893542622
Rhoh 10.549623104043 5.4725684030851 5.17173539438337
Zfp869 8.83435777516986 5.10571109445188 4.94460318854946
1700017B05Rik 11.7692217223209 6.19592990270705 5.94267599927944
Gusb 11.5188785741544 4.7970440333987 4.71485069053687
Lair1 10.6130187631943 5.04621790618812 5.04388886218509
Twf2 10.8208380782391 7.48871611862113 5.98321919764426
P2ry12 12.4746819840061 5.14275021142921 4.98488164383211
Rffl 9.92583231085204 4.9298060604664 4.47117502457536
As3mt 8.63724807205561 4.8834566283205 4.80657146897271
Apoe 11.4022383248619 5.59537570362566 4.91397882436108
Rnf19b 9.48505322764021 4.93770278731918 4.84550133018132
Epb4.1l2 12.5141878325852 8.20846738291914 6.74127476274898
Pnrc1 12.6029928470577 8.33792886495064 8.10018056776132
Pld4 12.0206051656766 5.73269835308963 5.60182788966011
Sesn1 11.2974237827995 7.84578473098385 7.19409766913786
D15Ertd621e 10.1076206667302 4.57815101511355 4.27243696573206
Lrrfip1 10.9400431244598 5.11003525458281 4.91491664261387
AU020206 9.79188957346073 5.29862482144572 5.13293399349428
Fermt3 11.3312647513459 3.96164480603272 3.73138871401849
Znrf2 10.0243020233081 5.61301518004481 4.97254049183732
Cerk 10.9145809916775 6.28410475473605 6.19988443574665
Tgif2 9.99623865035626 6.44536167479851 6.21805531519114
Plk3 11.1217064828555 6.65325740851321 5.96937828705337
Dennd4c 8.60705417353 5.04784100221833 4.99754731525265
Ankrd44 11.6744535697079 5.4281902610435 4.88387847595273
Kctd12 12.185543532286 6.29308303001276 5.21418224129027
Derl2 10.6054091624256 7.12551200965773 5.41546191345589
H2-Aa 10.7894269702174 5.23828860588494 5.08351966246705
Cd300a 9.88309640091064 5.62390115394632 5.56891906538907
Osbpl11 9.85663628268376 5.42205641527847 5.21759596218316
Ppp1r14b 10.5315474704465 7.00585337406108 6.77405351836411
Wipf1 10.4629969820139 6.99858701839032 5.87635461588238
Lyz1 12.1662559978148 4.58005387597975 4.37292219120535
Zfp110 10.6629985029049 4.97918040372907 4.5804199265725
Clcf1 8.65510766759181 3.92648592537168 3.72469455006452
Adrb2 8.04029829865073 4.34180482005566 4.23416945222312
Hmgb2 8.93163848816194 3.99182961318187 3.81634634871017
Lrrk1 9.2169215889832 5.02659460910921 4.6080722072617
Zfp36l2 12.439882687873 6.30297086938877 6.18124162770962
Il10ra 11.9839212283458 5.30060575635559 5.02644045710486
Hexb 13.9346832426844 4.37517429325889 4.03096453766356
D530037H12Rik 10.2564249540948 5.29191924986426 4.71933383220196
Rab20 9.52042754395053 4.00790773558131 3.89364244481914
Slc9a3r1 10.4599610051368 6.21925463933286 6.19013385877864
Vim 7.9306019252528 3.50345145336305 3.4458457328748
Grn 13.5521140781199 9.08485236979382 8.26693563421029
2510039O18Rik 8.53971117421306 4.88485335895001 4.56404453201342
Mavs 9.49021897689434 4.383561742317 3.59966159617236
Capza1 12.0531141886993 7.30973215882834 6.97802801569427
Bach1 11.8613788138478 5.62293694963846 5.61454897235341
D9Ertd306e 8.19945017537725 4.5145229353056 4.42218196778968
Usp24 8.50734791051459 4.96066316107816 4.92791003653232
Fam46c 12.3550028613422 4.64110927622573 4.49628871400822
Ctsa 12.9509349108417 9.48365350449598 9.31511954740428
Pald1 10.9785325599872 6.53011537951476 6.4994700363898
Ifngr1 12.0357079893049 7.4548627175239 7.35130989031258
Tcn2 12.2009774284341 7.43137951051637 7.08725166450875
Anxa1 9.44951730885527 4.87079446948423 4.60986796501193
Cmtm3 9.86902934165744 5.68648473157421 5.37550979096246
Ppp1r15a 12.6949179793628 7.67327837677391 7.2531300056047
Slc15a4 11.2945119129819 7.91962152533187 7.33103711790455
Dhrs3 10.9504578835445 6.80124544508753 6.51079908700287
Lrmp 8.81165282774176 4.54789997196545 4.44061863277365
Olfml3 13.5847807250187 7.36504059193667 6.18578605215531
Pla2g4a 9.53408946100642 4.90737948801013 4.86515379160458
Ncf2 10.9263417405773 5.58046815094628 5.2575735280323
Ctss 14.1436377001564 5.77164027429129 5.2339957265491
Cd53 12.7058528961117 5.57506280108696 5.20348464176896
Fcgr3 13.3678397073662 5.54542959821385 5.38598278494917
Eed 10.8829455966791 7.34503506882515 6.19876884669579
S100a9 12.1512954978643 5.41607450236561 5.09796911040005
Dusp1 14.0972400899769 9.46512383455912 8.86692067597494
Lgmn 13.3819300248455 9.37435787045724 7.48106942536313
Klf2 12.9546948291203 5.64102411931561 5.4752074592402
Fcrls 13.538343734353 6.66207985696346 6.30719868646829
Cd302 10.5286231266122 5.63531821029687 5.37186836491415
Tlr1 9.60520010506197 4.26088085435279 4.04046933945544
St3gal6 9.57804078151655 5.18818481325752 4.97035578430162
Selplg 13.5701528797604 8.09399079837679 7.73999923159469
Cd68 12.2655547644002 6.19550531855495 5.33584461891576
Gpr65 7.70886230022633 3.96696791328574 3.91572049490902
Casp1 8.69693600519687 4.73169105976049 4.68083693564039
Csf2rb2 9.47900201616068 5.28002002822587 4.99260655490047
Atf3 13.284073086988 5.31518388326614 5.22954241237636
C1qc 13.5961558255427 5.77723585684564 5.51354022193192
Hck 11.7859620796645 5.43315590920893 5.32277618177857
Tmem100 8.41986387792518 4.69519788239423 4.56264881354192
Casp4 9.26315299804554 4.81203404712896 4.59825021985317
Ehd4 10.3117326305577 6.81620977153778 6.41696416621244
Ly96 8.91937274322914 4.64014894523117 4.43417595978642
Lag3 9.80016274610109 6.46432756514976 6.04971275376381
Cxcl2 10.7266031675695 4.67390358452944 4.30835575663902
Ltf 11.851175722853 7.59814562661757 7.41100158759112
Cx3cr1 12.8730629616277 5.86406549515217 5.64478539510949
H2-D1 12.6327304628196 7.3430400326183 6.37425033077627
Stab1 10.7605924600716 5.33586634421492 5.1083877873852
Evi2a 12.5942263303086 5.18865182674755 4.76862052607992
Il6 8.13911235858362 4.07127223943462 3.87221621103377
Hps3 10.8090339030534 7.14958509142216 6.57784034190455
Itgb2 11.9243168449721 5.52078457591058 4.87559304461685
Psmb9 9.4278289264293 5.89366896673868 5.27580184866208
Selenbp1 8.40165955058789 4.40928659756001 4.37002982521956
Adamts1 11.4689263478583 5.71552360723075 5.24488506085639
Ang 8.34675454689537 4.09191535281917 4.01741050586634
Sh2b2 9.2750055292418 4.91392797061999 4.87021919831037
Tyrobp 12.872201384089 6.73823255874649 6.23943724666137
Crot 9.82234601786947 5.28245932925041 5.2661598407056
Slc29a3 11.7903703089593 6.44880939235038 6.10218865248611
Vasp 10.5536942779316 6.64663941911637 6.45992401341547
Pbxip1 10.4609020888979 6.41809421796736 5.91584765431497
Emr1 12.7903721087621 6.91289128973107 6.0322882993773
Nrros 12.3097176638707 7.50190480791713 6.81020312262097
Tmem119 13.7335005220805 6.98383665300285 6.48104207862861
Pnpla7 10.5591266313939 5.85621159089259 5.75410640359054
1810011O10Rik 8.45121368033437 4.30593726240607 4.25097126458089
Arhgap12 10.0809196205637 5.83685942453793 5.25734732963912
Parp14 9.22364341007536 5.6304948545772 5.26409072100311
Ttr 13.2899892726514 4.11398575752855 3.97420820495126
Havcr2 10.538253418377 4.43800830117439 4.24137032348618
Alas2 10.1462688588052 5.38369298071343 5.06023078188785
Cmtm7 10.4128713125775 5.69392547829875 5.52644060994689
Mafb 11.0489700121364 5.47994236900744 5.41798569499804
Blnk 11.8256575206264 6.5547276804814 5.92221361965653
Tmcc3 9.18215566840257 4.92852715931767 4.92375286564252
Notch2 10.9771741155417 5.22752774905363 5.09251367307971
Vrk2 8.89925651350072 4.63951092892363 4.31392483923914
Daglb 9.97127658837575 6.11472766453296 5.81671362796374
Alox5ap 12.5974435879102 7.14519893828549 6.38542897021956
Fyb 11.6377216118874 6.33673224439573 6.06248411200477
Sepp1 13.7329438196343 6.20522985159957 6.18125778566628
Nup153 10.7524576815046 6.87529785580334 6.66087747781688
Kdm2b 11.0002280230869 7.56405425858719 7.26118063355092
Ostf1 9.94784613426571 4.8987074445612 4.62741591601153
Sos2 8.50526333330813 5.14031116233827 5.08691018085515
Ctla2b 9.67840248028284 4.39238729515588 4.17608868384031
Sall3 9.65254474009787 6.30797650195523 6.15426270399886
Hspa1a 11.8173372899826 7.92512943656112 7.51676251925445
Ccdc86 9.43169065303666 5.86458509477715 4.8635788036943
Zfp36 13.4481818753213 7.32453738009831 7.23572936608118
A130040M12Rik 11.7571872755883 6.84639749775718 6.76000200709255
Abhd15 9.85244350316464 5.3765113700258 5.07139378207873
Lmo2 12.173746157097 7.45322326785926 6.85325522837851
Cyba 11.683487063587 5.2056448611556 4.78859457420208
Spata13 11.8423721764084 6.00919931658555 5.20909750773447
Wasf2 12.4099034178626 7.79220504602986 7.30076237313503
Scarb2 11.7967322153137 7.7162270475236 7.25047960698445
Foxn2 8.71930843751168 5.00021472732684 4.97201582145659
Ptpn6 11.3447432428118 7.57939139261805 7.38731840089416
4833441D16Rik 9.44333514879099 5.90306262695245 5.48883293728778
Tec 10.193963488774 6.39650844035896 6.19396151665948
Cd52 8.77120540091781 4.94511516939389 4.59425716749739
Irf5 10.3658986193304 6.88987516702564 6.11263122827035
Naip2 10.6301514409205 4.52099330067627 4.43835979452889
Anxa3 12.8961234593997 5.31041951853818 5.10475703448605
Crlf3 9.77133207895773 4.72376205333067 4.50457990334808
