Golm1 13.1709345745481 9.06634633287333 7.05838719753197
Tgfbi 10.1729708775644 6.48136766522571 4.39929254810101
Lcp1 11.8463632704423 6.54253089613295 4.31052940456101
Cd83 13.2264749464343 7.33253601054776 5.92897960530656
Sipa1 11.1257432146877 7.04452567330283 6.19874481900487
Tnfaip2 9.08145533726492 5.41171946985969 3.97075071326982
Ier2 13.4150634942812 9.69468367704587 7.27932220090765
Socs3 12.8363611039744 8.56541291856443 4.16129295258687
4632428N05Rik 12.9592128362635 8.5415323116162 5.03911417360253
Spint1 10.3415667614487 6.04454743322073 5.24550868690377
Afp 8.20241684612463 4.00295844663226 3.7021406021631
Clic1 11.3846871257571 7.82834679197473 5.66216259254371
Irf8 12.5606886061131 5.94515220863291 5.26456347095361
Dnajb1 11.4072973894197 7.89888848247663 7.07576045320494
Tbxas1 9.77227819439976 6.21593592891925 5.61812587571318
Parvg 10.3224146114506 6.64966980808574 5.37422725470616
Rgs10 13.3912666623373 9.00716823518346 6.0824796248386
Rps6ka1 12.439882687873 8.30947374137381 7.34958880677563
Mfng 10.1100884876208 6.06786078905429 5.61423577031906
Slc40a1 11.6365802495677 6.71490542019539 5.81792351442002
C1qb 13.3846079047961 6.48948139073212 3.84433116785714
Ccl6 10.223717633042 4.7983627257379 4.03552154616294
Cd14 13.3052539164274 7.02438657715012 6.21023750281762
Pycard 11.8185468367102 6.46349510642077 5.45063911133386
C1qa 13.2380236204344 7.07031031498665 5.33609111025791
Il16 10.7022595486227 6.06855560588513 5.41265998594255
Slc7a7 11.052383619296 5.54161063737955 5.03663127912715
Srgn 13.2509970787582 6.75198326928208 5.48012991032731
Nfkbiz 12.6860754101133 9.01509674025659 5.09318990283767
Tgm2 11.7718766956168 7.38557728405946 5.8192335039962
Plek 13.0669588958399 6.75421882469653 5.7257101053411
Rgs1 11.2541972267774 4.81476930652975 4.57752173316292
Cd79b 8.31573716498709 4.65059574777053 4.4934322580607
Snx5 12.5628056055199 8.74322301829395 6.93587472715214
Elk3 10.4901390004177 5.94285367156471 4.7456123096106
Laptm5 13.2497958585741 7.78077151125238 4.02284836062345
Serinc3 10.8737843005988 7.12954683826985 6.53398878872034
Fcgr1 12.3056772228307 5.19916937473759 4.30330119549108
Slc16a6 11.601886645942 6.96693882087942 5.56189755709091
Ccl9 11.5606702750711 5.21920568657441 4.76518007473604
Trim30a 9.82440837349698 6.49166461152126 5.40183422074916
B4galt1 11.050190662426 7.22331340928818 5.88045000984756
Tnfrsf1b 11.5849644137814 6.84785748336508 5.86931841419234
Inpp5d 12.5199395399242 7.55016802207374 6.37902170466278
Tlr4 9.52419084436795 5.39631702931634 4.40311583489909
Aif1 11.8782125697407 5.355272977548 4.96103052050593
Syk 11.2305153374971 6.74084129410891 6.25840045633185
Klf6 12.1614928848338 8.07623800420153 6.42580700148364
Crybb1 12.3010895138039 7.08209731650036 6.38551485185564
Fcer1g 12.6409109862305 6.67435735459552 5.75976797852344
Ctsh 12.8519091129382 6.15077847447325 5.35175875337255
Gpsm3 9.66649074936397 5.48154352275321 4.7364446976166
Ncf4 10.7081144474155 5.19101904639527 4.96773122541505
Lcp2 10.3889718130272 4.88993601869943 4.585449791962
Ngp 12.4329204009581 6.26997685043968 5.36261460038037
Spi1 10.2850028049619 6.18045858373353 5.83943335254545
Csf3r 10.4703586336665 6.61394475612639 5.28496346950008
Ms4a6b 11.1222234312687 5.21983011264694 4.80464936892423
Hcls1 8.83239317939796 4.90978422817752 4.71448281818865
Pabpc1 11.1513836653323 6.5625055496324 4.43518063287224
Cebpb 11.6879517821222 7.77197094511532 6.16645080014814
Plxdc2 12.0633823649962 8.11552730176005 6.57961950552149
Cxcl10 9.83264446685726 5.71770609381287 5.16700575587342
Cysltr1 9.33333349087416 4.39785464869797 3.97498158043732
Cebpa 9.88957255483431 6.33528596935101 5.38380156966058
Cttnbp2nl 11.7204560544011 7.29045965740083 5.88078154874533
Lyl1 9.97533629065994 5.51322214245878 5.00808319290835
Ptpn18 10.4025712369028 6.56122018328248 5.84206858091136
Tlr2 11.9268402473875 5.9592601292917 5.61223153227021
Cd163 7.66769719158114 4.2863446988853 4.00698240595656
Serpine1 9.52331793271942 5.27319819840722 4.55096264931616
Mlxipl 10.549742788076 6.49275943239466 4.96087724430701
Cd37 10.9048574016166 6.38778636459445 5.23937524342889
Map3k8 10.2849700718244 4.9862782575433 4.72712359836643
Myd88 10.7278217724093 6.79202525661221 5.70414426972033
Ccl12 10.5112043294489 4.62968838426337 4.43847026182792
Arhgap4 9.36525554969312 5.39951714023679 5.26737891351923
H2-Oa 8.7917936065526 5.41025992352914 5.01772311839975
Pon3 9.20297150005047 4.58228717393754 4.22420504045962
Slamf9 11.1882832385642 7.74135040758183 6.23418305717221
S100a8 13.0395448654869 4.8053216055652 4.60898675919384
Il10rb 10.7116513838826 6.75002384829767 5.27040976548433
C3ar1 11.7072754362155 6.35804866174825 5.49524619496107
Fgd2 12.1304825880125 6.76986426828248 5.88744492652777
Ccl3 13.4953964323281 5.10250177120308 4.35898614505466
Ms4a6d 11.3799791784438 5.30245771741373 4.43444782975352
Ier3 13.4963591841383 8.01782153086218 7.31257395881137
Camp 12.113738407204 5.75771688538101 5.39397535754377
Klk8 10.2464469222101 5.90072722625541 5.50169482201406
Chil3 11.1159878878753 4.50313902644273 3.8904363306835
Arap3 9.86775374576886 4.42608114333626 4.01739032131696
Tlr7 11.2112407400947 5.31857790031417 4.80203492618888
Csf1r 14.0460007158016 10.2115700835624 6.89135482270313
Hpgd 12.0107499612859 6.25017782263228 4.30672256522839
Slc11a1 11.4154854568916 6.50173223897585 5.37932362073853
Ccl2 9.49866288250659 5.31550704578853 5.11127025020561
Cd86 11.6419705628058 5.19739969050416 4.80822690633596
Gpr84 11.5935377294956 6.10819329572699 5.42186730903971
Tcirg1 11.3257053795282 7.94586123887293 6.71584591658251
Trim12a 8.5835260320544 4.57036745669591 3.99816787808339
Zfhx3 11.2942984484453 6.06309084238521 4.48107351793389
Slc15a3 11.5219827541908 5.53195622967356 5.28244903405803
Clec7a 9.36335652990378 5.95963873711446 4.79536037402359
Rel 9.30153835661437 5.6368811432948 5.08136325894172
Sla 12.3378861062474 7.75726401804837 5.65911024478971
Tgfbr1 13.4953964323281 7.84282290994256 5.87872488910997
Adcy7 11.9646243532397 7.36545251742657 4.98400411261117
Lgals9 9.80576100376818 5.81592546391912 5.21064613634544
Trem2 11.528689695107 6.69991398071298 6.22259236630116
Gna15 8.93153578094543 5.36138482570237 4.8528060028926
Birc3 10.7521481640029 6.48324365153174 5.99541735217754
Igsf6 8.68495551282954 4.31382207867886 4.13465662770627
Samsn1 8.95535277925432 4.65569232262954 4.48098893073957
Il1a 10.5450729398403 4.45823731587338 4.28144067286583
Hpgds 9.14123713383759 5.31574988710686 4.93699994581231
Naip5 11.1347547074536 4.57267917440005 4.0778907317531
Ccl4 12.7516225784521 7.29898032532348 5.92481410603678
Stat6 10.5031698578152 6.18385335351802 4.82797719168827
Clec4a2 10.1190075949126 5.15130389167072 4.72501873341744
Fli1 10.0832277034328 4.11929721140346 3.82798624194254
Ets1 9.75745818736726 5.0276773928573 4.51415369141224
Ptprc 12.4215732421658 4.7897725618233 4.33589723960516
Fosb 11.9818678393755 8.33189288307672 5.76251495332309
Ccr5 11.7087776692335 5.31478800490302 4.39910053357316
Il6ra 12.6405285425734 6.19400394712194 5.5492386777976
Tgif1 8.50458243562559 5.02396479604009 4.54548962452585
Pla2g15 12.3512186582331 7.94020803237153 6.55015811800935
Ifi30 11.4062018650154 6.98085934471776 5.75383606612909
H2-DMa 11.3395300052483 7.39778381898045 6.26767533018356
Gpr34 12.142699851518 4.24735620779817 3.77984796070272
Rrad 10.0026571297703 5.99869172859247 5.19873522999624
Rnase4 13.0771643703574 6.30387655049888 5.29820679475776
Hk2 12.3164140648536 7.54330354130325 6.2214975435188
Hfe 11.3196450739578 6.82843899035436 5.65269832445921
Naalad2 9.64837692903074 6.30428934616746 5.31884447594111
Pik3cg 10.1537853547168 5.70989200055936 5.04232302703857
Cd84 9.96224237530016 4.64715020809375 4.48343207632817
Ly86 13.8305038298173 7.19906850027676 5.4125605820803
Vav1 10.4997459843954 4.23704153586091 4.00542803212677
Cfh 10.8438396260437 4.18272233770709 3.52168911499159
Tnfrsf13b 9.66545251361214 4.89105884607286 4.26560507136761
Hhex 10.060418644213 5.98873075303376 5.19664241324966
Entpd1 9.58873000960094 5.41836694407512 4.16740772497038
Ptgs1 12.1626150793908 7.65338581598753 4.8917408270187
Lyz2 12.5660138290276 7.0950032330871 6.15336786408876
Ctc1 11.7422487728519 7.78684691385381 7.14006369871045
Unc93b1 11.3066168079527 7.12583283806211 6.4439312129138
Sfpq 11.5708095722532 8.14175398823458 6.35577307571238
Hvcn1 10.2856187487951 5.69539126016849 5.48854057638522
Edem1 10.5644676490564 6.67364714877859 4.61915222840929
Icam1 12.144222640413 5.62932186249002 4.72759869796304
Ptbp3 11.2952745829932 7.89696536692812 6.4348076921829
Rcsd1 12.3223507478265 7.61492864417104 6.51795523050755
Tmem140 8.46080936763924 4.61974106533785 4.4000060420071
Tm6sf1 11.273380881778 7.41708815786782 4.4501189362809
Cd177 8.01898297885642 4.45999205699505 4.13994955020151
Casp8 9.83591177234681 5.25584278208953 4.97885777830728
F11r 12.1638127271072 6.36199134768644 5.55242820437481
Ifi35 9.02633293785675 5.67806258934872 5.24534536773196
Tor4a 10.4213155961976 6.65853093798046 5.26000853575061
Glipr1 8.88148604367629 5.55614286421234 4.94967877093909
Lpxn 10.730982217212 5.16854539244607 4.44530829280474
Siglec5 8.337886172674 4.04082630550018 3.77036134033044
Fcrl1 9.27554865404005 5.62852882994968 5.19502226226958
P2ry6 11.5909433501351 4.69790410296226 4.06920057390885
H2-K1 12.7949568117272 7.84392353533192 7.41907064685338
Tgfbr2 12.4312251246194 7.03610748969487 6.06482523414012
Ceacam1 8.73427463823456 4.81908051699912 4.5123349405543
Mlph 9.52478746573067 5.82638350739033 5.16100243561962
Ncf1 9.01873662127703 5.55915955159665 4.99976349762357
Il13ra1 9.69650941211153 6.27255433273293 4.29074163367294
Adap2 10.4876327911899 5.44971889527019 5.11876514945733
Capn3 10.437566906065 5.08526134474293 4.60494150515957
Arrb2 11.5161791808491 6.96318736852052 6.68091764814601
Pros1 11.4244912078995 7.67312248899215 4.79030255993283
Arhgap17 11.0358082941061 7.35632196853585 5.00369405309109
Trim47 10.122871565472 6.20167158262627 5.35645408990528
Plcg2 11.2395812321787 7.62382021264508 7.19335659144685
Mlxip 11.0131464704826 7.58416990758003 7.31946736659163
Sash3 11.2528818012755 6.8443088761891 5.42576770155678
Themis2 9.94919523666928 5.34487792166184 5.05583246860767
Mpeg1 13.5339312443488 7.22796664292013 5.73132712766911
Cd48 9.99176185857167 4.84390494093593 4.40124785415277
Akna 10.5978331936346 6.18136923143859 4.75519776470366
Fes 10.5840546362038 6.71726731472079 5.9118015735218
Cep152 9.68353142517718 5.99908914397236 5.61905872590778
Ccrl2 11.4107831106411 6.3345512694474 5.76670994500818
Lcn2 11.7182561949748 4.44292313777138 4.27487857319136
Hbb-b2 7.86146929235822 4.27537346408065 3.98925016040255
Gimap6 8.28896486111756 4.91619326470107 4.63566980310779
Tmem173 11.1696407087511 7.32475500772373 6.01551354568029
AF251705 12.0057126252299 7.35134463390404 6.44021746092671
Hmha1 10.4487011332694 5.95701052027791 5.26613878264888
Gmip 10.2055870255081 6.15755134351987 5.65682911041975
Nckap1l 11.1526856630168 6.28825316777945 5.013897288144
Abcc3 9.7509259850256 5.5815680140851 4.99791279602097
Rhoh 10.7637079698635 5.31782944930883 4.80755170866794
1700017B05Rik 11.7522974287947 6.77028738944311 5.79577136194379
Lair1 10.6612900224916 5.75142843680148 4.86544243682821
P2ry12 12.4385715566921 5.60181048013121 4.81458611087993
Rnf19b 9.65744414029616 5.62698210025474 4.94507631284533
Pld4 12.1700437011819 5.84846976296774 5.29359135999431
Lrrfip1 10.7224886700699 7.35085739739572 5.45498881854177
AU020206 9.79768698851007 5.54854856713689 5.01218574102918
Fermt3 11.4207362066657 4.56689328831135 3.95313863338061
Ankrd44 11.5679366187782 7.97077543824978 5.37651635649269
Kctd12 12.099676793357 8.29466921773506 6.69742498288345
H2-Aa 11.2644036954394 5.901796407339 4.73004405563209
Fam105a 11.8820924454901 8.41081230383185 5.63000811108723
Cd300a 10.0530239896872 5.42777021664539 4.90438669585356
Lyz1 12.2502412289951 6.25309816923464 4.49781463242789
Clcf1 8.68466038510135 3.98875778685919 3.77261094002187
Adrb2 8.29734945321406 4.39510365946474 4.0770889952778
Lrrk1 9.1635528470806 5.26553322769104 4.60234862885505
Il10ra 11.9867649941734 5.01471376836085 4.74768182739732
Hexb 13.9214339669789 9.42964912127379 8.30200527060018
D530037H12Rik 10.4018822600769 6.79220296500816 4.48938854079583
Rab20 9.64744268247702 5.23563748836109 3.8883044582132
Grn 13.6303783372944 9.71088335257339 8.0864822638328
Ifitm6 9.1396048659572 5.80081248648256 5.55059895034356
D9Ertd306e 8.20712585253381 4.46733646752986 4.27331934675801
Fam46c 12.2421510197398 6.20156969086751 4.76174184949063
Pald1 11.0128320429645 6.87738515647429 6.04177991218809
Ifngr1 12.016051864462 8.16639418263365 7.14002981240136
Anxa1 9.64055143138413 5.69833679255291 4.44159638977647
Lrmp 8.89491220593798 4.59542614810282 4.39188000046562
Olfml3 13.5644607358692 7.00377907435011 6.23052616076697
Ncf2 11.109264808914 6.38251615062032 5.57599532591446
Il7r 9.22711297999003 5.87207280862152 4.91730626805072
Ctss 14.1223387589978 9.23271698787888 5.12408596760499
Cd53 12.6270729328698 6.16432743405644 5.17020025880134
Fcgr3 13.3874319809845 6.54938369772801 5.31503680453601
S100a9 12.2965410503709 5.08378159575049 4.6176665844257
Lgmn 13.4068999504885 9.85670662546285 8.34712526651585
Klf2 12.9915058739807 7.91147782883444 5.61498106096939
Fcrls 13.5200887013828 6.41644343592908 5.7959268764905
Tlr1 9.55990391864875 4.30581299514199 4.05840630415318
Selplg 13.492313873689 7.6967211257056 6.1076395875444
Cd68 12.2825968841945 5.82327143731421 4.76541363919399
Gpr65 7.85611733273235 4.09780286541528 3.82841454336717
Casp1 8.72506021576845 4.99288900497885 4.42551185355208
Csf2rb2 9.46516272602394 4.97544954415118 4.44240426682549
Atf3 13.3007390383143 8.61687276489438 4.94389180462186
C1qc 13.5695399365939 6.46998364377411 5.01544478043098
Hck 11.7192724128215 5.55426523436409 4.92244586620906
Gcnt1 7.89240442650036 4.38060764302673 4.10027975863644
Casp4 9.17977855891737 4.73707756195769 3.95468267410931
Ehd4 10.2769858985773 6.26531505313714 5.2157150321493
Ly96 8.98885773803667 5.3032060596927 4.51191438820989
Lag3 9.94342037341401 6.16283349481784 5.31814986334685
Cxcl2 10.9236295592129 4.60666484487787 4.25809123810906
Ltf 11.9771261319803 7.46167406753087 6.12253769776927
Cx3cr1 12.8322911670036 6.53538895512694 5.23389671959309
H2-D1 12.6856010965553 7.8698527334974 7.30382194234889
Stab1 10.7835801182221 5.60114286153916 5.0852689010367
Il6 8.3523884587654 4.62155026639093 3.81501585194091
Pdgfb 10.6620659529342 7.3220183098575 5.85692280671495
Mrc1 8.47267687587698 4.46136387211508 4.20402352331907
Itgb2 11.8281947861841 5.1079532362647 4.58166773618385
Psmb9 9.49408509768935 5.87814079348022 5.45216836545584
Ang 8.67340897437916 4.07492629910408 4.02274122619453
Sh2b2 9.32069277757714 5.28610899377967 4.56821105394987
Tyrobp 12.9035612805634 6.56334839108599 5.55606918848462
Emr1 12.777781853873 6.96354520883988 5.78900953848703
Nrros 12.3519497751025 8.214887729662 5.89859231375896
Tmem119 13.699678559052 6.97956918481131 5.97764909426802
Parp14 9.10437062254361 5.68321186370573 4.93628201424827
Havcr2 10.710530075929 4.44889610661731 4.20022564243988
Alas2 9.97256535353661 5.3601367715519 4.90859822371161
Cmtm7 10.4036329494645 5.79057491963712 4.90903434803662
Blnk 11.8079240962002 6.93733429424864 5.00969524270058
Alox5ap 12.5749967599795 6.98398520379818 6.17770516689348
Fyb 11.7159427823204 6.33748208877743 5.91902122908462
Ctla2b 9.94438247489242 4.49333047123547 4.11240063819994
Zfp36 13.4960506681509 9.13435481605012 6.38703812397868
Abhd15 9.92497435981129 5.45125319986934 5.0132986077871
Cyba 11.7749627835735 7.2208760537873 5.03614215057363
Spata13 11.8360921296241 8.34533645345595 5.3940042341025
Ptpn6 11.3292345329635 7.56353003219969 6.38976245064492
4833441D16Rik 9.33372525445037 5.62886474042922 4.79934172443645
Tec 10.1967601761071 6.61995183748223 5.50631106776156
Cd52 8.83934325002235 4.80891083207679 4.57876314738366
Irf5 10.4417221455899 6.31802557932938 5.35728346137952
Naip2 10.8151812852359 4.61403799374142 4.31674313585229
Anxa3 12.9131833282778 6.43722969830238 5.17155496456813
