Gsn 12.0947437131818 8.60694960371961 5.2140650199988
Ppp1r14a 11.5234709442082 7.47548200908941 4.18779744741096
Mobp 12.7222118183231 7.99527381223133 5.00560385847125
Gamt 10.8856487958201 7.42216610059653 6.04080737839213
Pdlim2 11.921526337496 8.38313546985625 5.60791155293269
Lims2 10.8366637561544 7.50652593169317 6.79586193965953
Tspan2 12.4704726603147 8.52692976049116 4.98636577100943
Ddc 10.5422259059515 6.45543865250104 5.13135830327791
Nkx6-2 9.4127649839408 5.65240969916088 4.95526510138348
Mog 11.2881149977553 6.50992202917533 4.09685333030574
Pllp 11.0154396231557 7.5680687563706 6.59549525089967
Josd2 11.0152918615086 7.50201513931555 6.72109313779098
S1pr5 10.6327011002434 7.20870771653867 4.18161982504653
