Tnfrsf19 12.9316663576127 8.10852833263749 5.77714302049967
Fkbp10 9.38408735252885 5.61553052729519 5.02838799654429
Vcam1 12.4203979064897 7.97356793401619 4.09617458711278
Cyr61 11.1718116238093 6.21397216510652 5.07882221930455
Gldc 10.5870848527222 6.91177542952071 4.81864523381248
Glud1 13.0810342600315 9.44269785302463 8.68467901830379
Elovl2 10.4608391494272 6.11198591707067 4.37479809150998
Aldh1a1 12.5724831588902 8.79035279191164 4.78395194298387
Ppic 8.96996813184966 5.24076191408437 4.56411631777893
Smpdl3a 12.2671039647979 8.70716951484021 5.5664040907195
Lcat 11.0618806948293 6.69180838624044 5.39619926610336
Ntsr2 13.599958939624 9.30696823744525 5.6046423440907
F3 12.1369909496706 7.67754195304586 4.61304130738063
Slc12a4 10.9180154677984 7.55183962600197 5.74215307749243
Tspan7 12.2875813616713 8.38065103789221 6.76139709994884
Slc15a2 12.9074583154579 8.67656827980375 5.67173727593315
Prodh 11.9154063575108 7.72524946512431 6.14090502839195
Wwtr1 11.1133486658696 7.10298621182859 4.99257434088717
Gpld1 11.9657165379086 8.12291664451349 5.55584994039381
Entpd2 11.8653757844781 7.54901874762116 5.8809410400868
Lhx2 11.159493027446 7.78302593328008 4.48129439287351
Fzd2 11.9402224571275 7.11659774864875 5.60291895561546
Ptprz1 12.3822252002268 8.61332334355898 5.36549932674315
Slc38a3 12.5880726148932 7.66813988987299 6.77804029047535
Dio2 13.7174352851327 8.89362325189946 5.51646922921436
Fads2 11.4666049131864 7.75551667893107 5.65063663086259
Cyp2d22 10.8160164844549 6.53902075825844 5.33196616924745
Cyp4f14 10.6920736137382 5.79693021784331 4.70077295456906
Tmem47 10.553551597282 6.4550002675516 4.61894488212708
Cyp7b1 11.0621209039353 7.53473916696872 4.29029118758351
Slc7a10 12.5695423161159 7.1100693688871 6.06385938274544
Chrdl1 8.90201683564021 4.84431116701002 4.53410501987417
Fxyd1 11.9014463448621 8.26999420476654 6.80589986239062
Hapln1 8.62635946793891 5.01530917457024 3.85524498467993
Fgfr3 13.1504189134853 8.58967706740724 6.4383088826537
Papss2 9.5717574746682 5.92959385193317 4.66817833175603
Phkg1 9.2905102903147 4.9923243129188 4.10122216600292
Acsbg1 12.4535507056825 7.63053358337577 5.5368444677718
Tgfb2 9.54806970967326 6.08297066891797 4.27911471826422
Slco1c1 12.8227275255205 7.02160492740425 5.11391577671376
S1pr1 13.0824074784049 8.24575573386833 6.96279982140693
Axl 10.8165081595725 6.02271302531372 5.355760923259
Cbs 11.2538127682787 7.00260915658835 5.6554690331904
Ccdc80 12.2829247937733 7.9405343489527 6.0837612632417
Oplah 10.8302479164698 7.23374742923142 5.86159478908031
Tmem51 10.8179172203562 7.35302949820956 6.54265250255826
Adhfe1 10.7622929238526 7.05722466183124 4.66938289784833
Aldh1l1 12.2936573464405 7.8558797400483 5.01444793609626
Emp2 11.7939116231806 6.97565170467197 6.14101550574817
Aqp4 13.2366411600089 9.06741559097566 4.59163278046858
Col4a5 8.13283757191121 4.21483636359434 3.78845518029579
Cldn10 11.7768977931377 6.89792424145049 5.30659908830492
Cth 10.7429506764224 6.29662527716855 4.63658073295511
Slc1a3 13.0273450425357 8.02153579215394 4.63641639994343
Tlcd1 12.1189036287076 7.82664952210279 5.8710871704628
Scara3 11.9374653569429 8.36982504941552 4.829893451183
Gabrg1 11.51711963795 8.0371308248944 4.80976699759845
Ttpa 10.2373080733243 6.06958562151529 4.57370814408383
Atp1a2 12.8932034366702 9.21834585546994 4.68140831513734
Slc14a1 9.71860637224536 5.48655263630313 4.22678221784949
Btbd17 9.45460648888435 5.65528059698686 4.62398361706293
Tril 12.7471351391409 8.61909447306936 4.9823880328696
Itih5 11.2481197138036 7.71833948971334 5.88673229018835
Pla2g7 13.1898288289651 7.9062077333253 5.79803847715512
Cd38 10.411884292486 5.8229202103776 5.16903550328795
Lgi4 10.2185624243993 6.56261693791128 6.04667096129058
Lrig1 10.8557857522217 6.79684360007952 4.43384348196135
AI464131 11.250466383527 5.9932998354316 4.0796034767499
Mlc1 12.8215284529148 7.63635864099785 4.43002962309637
Gjb6 12.1978937728598 7.76018791857535 4.57588074090212
Grin2c 11.993764367489 6.4778885027186 5.16237174486628
Cyp4f15 11.5331319947372 6.05780975496235 5.24619529253243
Slc1a2 12.3047731108521 6.7362359299582 5.34082484773998
Igfbp2 11.9297631483947 7.3418053885111 5.37192126995757
Slc41a1 12.392652077683 8.91821909726273 7.97635413310563
