Tgfbi 10.1405547174483 6.47200193348307 4.48189738005768
Lcp1 11.8379992138945 6.48676633948995 4.31401768851255
Cd83 13.1517119399809 7.41352730756259 5.46923746441696
Sipa1 11.0491157826369 7.33719651268202 6.26015852477487
Tnfaip2 9.10265124910753 5.23418580201184 3.89521756010528
Socs3 12.872389729541 8.14102216121594 4.03930129960545
4632428N05Rik 13.023417651154 8.59302290073858 4.94208342438429
Spint1 10.3486258835977 6.04699890757349 5.27644939415078
Afp 8.25927872186671 4.10619393253315 3.65726120407224
Clic1 11.3149596683149 7.6855493010895 5.50578885665874
Irf8 12.5830920544812 5.97023192160954 5.16352676451703
Tbxas1 9.82110086955256 6.31027363472347 5.7471116077309
Parvg 10.3515058485033 6.63847367086579 5.28923906165503
Rps6ka1 12.4350911117328 8.48286219274959 7.48770917256409
Mfng 10.0773132550699 6.10753549493094 5.59349258916627
Slc40a1 11.6104164701375 6.94690912707862 5.75385453496017
C1qb 13.334449855087 7.25719716118041 3.79264041981712
Ccl6 10.2968696260595 4.78432955595173 4.11104894808907
Cd14 13.2858211222074 7.48224289123393 6.20320452526722
Pycard 11.7476509071618 6.47715676723632 5.34300753418517
C1qa 13.2023340640432 7.46973379834006 5.0274187892083
Il16 10.5721616851226 5.84444027623184 5.31012956476627
Slc7a7 10.8083190565862 5.57247113758255 5.0519812083416
Srgn 13.2068622416084 7.04129439474061 5.44976073726765
Nfkbiz 12.6004495355117 8.82304901139205 5.09573478782865
Tgm2 11.642946111078 7.70210295328009 5.4955651801963
Plek 13.0477422121131 6.79127540827066 5.60925583744794
Rgs1 11.0898478208524 4.93402767406109 4.49305185649566
Cd79b 8.0542253469498 4.68467696834044 4.52789893644884
Snx5 12.5389716579728 8.60456938532274 7.04025410012763
Elk3 10.437348137504 6.18732321529403 4.56030313463632
Laptm5 13.2497958585741 8.2984540113582 3.89000180489839
Serinc3 10.9280820038238 7.03537202848599 6.37983703116916
Fcgr1 12.2838802885119 5.20885356612868 4.4484159943018
Slc16a6 11.5411253999105 7.42656536758874 5.56486283159873
Ccl9 11.3508771596472 5.31308005016647 4.7728871510616
Trim30a 9.8600658104235 6.37681856303182 5.45000997812276
B4galt1 10.9185743862039 7.30285356376215 5.90459583779276
Tnfrsf1b 11.7294024065306 6.87709695903148 5.90230327819004
Inpp5d 12.4783900860876 7.48161720557308 6.35880746360682
Tlr4 9.37755048286687 5.04401920765451 4.36384684637807
Aif1 11.8099905233592 5.4155302825646 4.82855401461268
Syk 11.1736838971837 6.8631814449405 6.10749773392305
Klf6 12.1197284009329 8.12195635771206 6.46044209604859
Crybb1 12.2532048432707 7.08613402411575 6.39048459662341
Fcer1g 12.6825054501545 6.7277037897122 5.78452477972654
Ctsh 12.8742742032151 6.53487048845804 5.17268405140618
Gpsm3 9.5878408034758 5.49937139292733 5.08652194206308
Ncf4 10.7305401881173 5.15370370574272 4.88210414752885
Ggta1 10.3021085784473 5.89788919712068 4.0915828818183
Lcp2 10.4299333406719 4.9817863009759 4.57429667145155
Ngp 12.2995043542679 6.28596924079773 5.41703994373735
Spi1 10.3859436109085 6.21473702725658 5.77608282220552
Csf3r 10.5303261448833 6.81464745477341 5.31921574810845
Ms4a6b 11.2757685053458 5.30135794851652 4.74999460916093
Hcls1 8.63630419546985 4.84150308020932 4.68330860081943
Pabpc1 11.2298634617249 6.16508838528943 4.23041358337533
Skap2 12.0094790306754 8.65151263580429 6.57492264959686
Cebpb 11.6743509032076 8.10133582209179 5.98343065547822
Plxdc2 12.0529683323577 7.92881897956617 5.68577986702667
Cxcl10 9.7662958946731 5.65988035610003 5.10837011283074
Cysltr1 9.23363767777187 4.49071644451985 3.95051357379772
Cttnbp2nl 11.7692220388043 7.26733675592572 5.77210792360603
Lyl1 10.013448973115 5.68321864075052 4.97098006986273
Ptpn18 10.350655093353 6.6553440426651 5.53960742663222
Tlr2 11.864186632689 6.02732189001195 5.59041941356967
Serpine1 9.57269546409715 5.27967222673223 4.55510141616957
Mlxipl 10.5927739153422 6.52176834864414 4.95927792917159
Cd37 10.9462016903761 6.4453818989304 5.40985409802239
Map3k8 10.1917146557049 4.94536365797611 4.68573071950202
Myd88 10.7885966963584 6.74454064239971 5.72533183850061
Ccl12 10.4751595691536 4.6435708615595 4.36841660890155
Arhgap4 9.38418443524174 5.48874024978562 5.25094829505189
Pon3 9.10935515291671 4.57765970201478 4.31398652205413
Slamf9 11.2066876411094 7.77759914041627 6.2074894043945
S100a8 12.9638824039872 4.93008563521797 4.55612091170934
Il10rb 10.594105170653 6.64686870534261 5.18853015451559
C3ar1 11.6182149621142 6.56891624780918 5.23946811047501
Fgd2 12.1293203269256 6.35257260925282 5.89169762972086
Ccl3 13.5496556060224 5.17597211744064 4.5931022528572
Ms4a6d 11.498084859003 5.24835326799395 4.34118213470142
Ier3 13.5855914649438 8.26621788663153 7.34172237538343
Camp 11.8351935968853 5.75016559703612 5.39448116368402
Klk8 10.1637978906065 5.96626099342723 5.46481284234908
Chil3 10.6986949112657 4.49554584125986 3.88871825126172
Arap3 10.0084235335535 4.46803151269028 3.97239422189491
Tlr7 11.1690114771889 5.35368777992745 4.81907598806535
Csf1r 14.0292728577336 10.6598184378661 6.86553838412522
Hpgd 11.9284845304822 6.29523256266115 4.22956405893146
Slc11a1 11.348119903574 6.61240928803881 5.48190203038832
Ccl2 9.39365889899599 5.38174115160694 4.93237175242407
Cd86 11.7078926817195 5.29438788972653 4.83925908402142
Gpr84 11.5922078227709 6.22696134096508 5.28803339332288
Trim12a 8.60607054794922 4.53256419392026 3.9593217038569
Zfhx3 11.2458196415341 6.00900354752866 4.42672066160618
Slc15a3 11.5031029092383 5.49497915404735 5.16733063045687
Rel 9.37584581713377 5.86821699136424 5.0561960882021
Sla 12.412369723073 7.69636662707781 5.69537781667972
Tgfbr1 13.4953964323281 7.78699342815004 5.78849305177985
Adcy7 12.0401852065097 7.32406793022406 5.06606832477511
Lgals9 9.7144470271434 5.85462803349828 5.28910085504519
Trem2 11.3744113100813 6.87027081340965 6.21558372846626
Gna15 8.98838653928669 5.51025926881174 4.96534331138279
Birc3 10.6680989517335 6.49816416842079 5.98064161700879
Igsf6 8.76352354526292 4.40866550999599 4.12255696072171
Samsn1 9.02117009275432 4.73428300661074 4.50541291252623
Il1a 10.5627537042988 4.53896824936059 4.36913781021809
Hpgds 9.22555193578103 5.35392952284751 4.97771967629155
Naip5 11.1748062850229 4.90509843820217 4.10697566879855
Ccl4 12.655502757357 7.58147146928776 5.87010272210613
Stat6 10.5002673668222 6.29942336930422 4.78712794486007
Clec4a2 10.2600474435221 5.21505806085749 4.87042851521641
Fli1 10.0941254445629 4.18151103052345 3.81435764402916
Ets1 9.55277010530181 5.11030828135248 4.1554339429588
Itgam 7.72351039802672 4.35783045286001 4.12325405934255
Ptprc 12.5235480291392 4.97169693417949 4.31605914378443
Ccr5 11.7396919362898 4.76389555562315 4.41153430088059
Il6ra 12.6715970650916 6.1687642329799 5.48691023103741
Tgif1 8.50945088524124 4.93942487967321 4.49722723168228
Pla2g15 12.3259450180791 8.21240996750895 6.5931540723959
Ifi30 11.3781163789488 7.27153322758149 5.95843125355782
H2-DMa 11.2573253131557 7.59635684586804 6.39290136837181
Gpr34 12.096128861767 4.29962184343579 3.95958963912181
Rrad 10.1172735062529 5.9678542329061 5.24912827115839
Rnase4 13.1184612117893 6.35620313371813 5.21631976483924
Hk2 12.3862706589026 7.44619101918466 6.05899828768359
Hfe 11.337741662807 6.76083712404458 5.61544493558026
Naalad2 9.76797067590899 6.31912955239063 5.31932537926804
Pik3cg 10.1956130518895 5.66357869966553 5.01614428171456
Cd84 9.78822716908046 4.68956296320025 4.36630922295015
Ly86 13.8305038298173 7.32270857251645 5.38937031060565
Vav1 10.4293295887311 4.21933813306823 4.01784955153563
Cfh 11.031443374587 4.33054823567659 3.46377573209727
Tnfrsf13b 9.62154101704082 5.09157553925822 4.36789949089369
Hhex 10.1791275378831 5.9056764343333 5.23136624816771
Entpd1 9.37032387449548 5.51057056770958 4.13387998909554
Ptgs1 12.2066936221392 8.28759382800008 4.91409509486754
Lyz2 12.4203041170638 7.34005230512117 5.92621328277477
Ctc1 11.684666568769 7.7768888632131 7.28882611152584
Unc93b1 11.4209147437175 7.2767877587732 6.51076478628235
Cmtm6 12.3089984078596 8.87551766708984 4.70195466176607
Hvcn1 10.2816397991105 5.84959826449686 5.39629093933649
Edem1 10.6216568370496 6.83166252408179 4.61528846416201
Icam1 12.0685839298591 6.38229877030171 4.80194769893861
Ptbp3 11.2472405918636 7.92085102969399 6.02934874484515
Rcsd1 12.2491457547791 7.66566250586854 6.37770964869935
Tmem140 8.43942036859799 4.66658718617913 4.4199749860258
Cd177 7.89852531580111 4.51869173221798 4.10074963502635
Casp8 9.83466998065678 5.26473694399732 4.91332852350065
F11r 12.1660086110926 6.48494154337035 5.65823511838874
Ifi35 9.19995898169176 5.62775871581215 5.31780854132074
Tor4a 10.3275630348071 6.93305694578424 5.48546268943577
Lpxn 10.7589192457976 5.19575606366022 4.46206215149213
Siglec5 8.37803746411404 4.16009317322315 3.7744320000997
Fcrl1 9.2345619860761 5.5984163743114 5.29013509023174
P2ry6 11.5687601975602 4.73640836521481 4.24709261115977
H2-K1 12.8220187202518 8.02675812962507 7.27616513053113
Tgfbr2 12.4852370462276 7.76453690800243 5.70751753953128
Ceacam1 8.89348245863094 4.73064369265208 4.53229851154785
Mlph 9.42445206203504 5.81552001469216 5.15149258026683
Ncf1 8.82497080443061 5.47584233252662 5.23619883875431
Il13ra1 9.86451620775328 5.76985243111988 4.28008347895123
Adap2 10.5685173068896 5.33328000421424 5.01083108773758
Capn3 10.5561819143241 5.12614618109959 4.4098823228641
Arrb2 11.4717203569511 7.01517294504746 6.66971929974505
Pros1 11.415313090188 7.55943792501305 4.72114651623016
Arhgap17 11.1079285558079 7.35977947219587 4.91156926559595
Trim47 10.0914805439239 6.50664225786076 5.36734286835999
Plcg2 11.1456382313506 7.80214061530911 7.07507138227104
Sash3 11.2827116875116 6.95768644729717 5.22232578575152
Themis2 10.0072343518523 5.44181229807543 4.92271239199063
Mpeg1 13.5781184656323 7.11843014349565 5.78845684532295
Cd48 10.0036336466823 4.84564715035654 4.27215387998341
Akna 10.6519382313125 6.75264004164427 4.66277231469198
Fes 10.6453727108248 6.77866532359691 5.97153181635407
Ccrl2 11.412796081801 6.49894995453398 5.78784544352084
Lcn2 11.5003470873269 4.49522406454417 4.24555724722955
Hbb-b2 7.85273730267384 4.19242546785221 3.88108334050875
Gimap6 8.35675485784954 4.92256043494785 4.67556169226687
AF251705 12.004730998868 7.41541098150304 6.33443338513461
Hmha1 10.4033953674837 6.00112996213557 5.5061386221392
Gmip 10.1713248884895 6.36591916551952 5.65365504803573
Nckap1l 11.1568327951404 6.3456136737957 4.79994630512669
Abcc3 9.76277744586897 5.73908018327525 4.967021788811
Rhoh 10.549623104043 5.42767762750144 4.83847813443747
1700017B05Rik 11.7692217223209 7.35593863015357 5.64616699010171
Srgap2 11.8017176592162 8.43731710890366 7.92851159848766
Lair1 10.6130187631943 5.74064536788303 4.87446702258803
P2ry12 12.4746819840061 5.62707486580792 4.71294401540815
Rnf19b 9.48505322764021 5.55601997315233 4.75179927540487
Pld4 12.0206051656766 6.0620443351234 5.32705598797131
Lrrfip1 10.9400431244598 7.17750771066272 4.96238076269303
AU020206 9.79188957346073 5.54547489888616 4.96177153541999
Fermt3 11.3312647513459 4.54398656571288 3.86610538018912
Ankrd44 11.6744535697079 7.88578151622451 5.38890972972005
H2-Aa 10.7894269702174 5.95287332769461 4.80196890312477
Fam105a 11.8900076562701 8.30402407400051 5.90234992902726
Herpud1 12.5159313960105 9.0779971299122 8.11490416985848
Cd300a 9.88309640091064 5.50975875975304 4.86260588297482
Lyz1 12.1662559978148 6.41255023840504 4.31853605851279
Clcf1 8.65510766759181 4.00394970882429 3.70136528196445
Adrb2 8.04029829865073 4.38692347137023 4.17249667108642
Lrrk1 9.2169215889832 5.3516143693259 4.59080614116468
Il10ra 11.9839212283458 5.14269460459665 4.80150100768475
Hexb 13.9346832426844 9.48381122879374 7.90804251347407
Rab20 9.52042754395053 5.23070638729086 3.83208313448676
Grn 13.5521140781199 10.2093009695052 8.01082817325982
D9Ertd306e 8.19945017537725 4.83866071901423 4.27743325427693
Fam46c 12.3550028613422 6.18778716583298 4.68209085322861
Pald1 10.9785325599872 6.9306613473926 6.03779987890703
Ifngr1 12.0357079893049 8.35129502303863 7.13689622106574
Lrmp 8.81165282774176 4.65556881162476 4.35092347685091
Olfml3 13.5847807250187 6.91634462900709 6.16917030556389
Ncf2 10.9263417405773 6.35284547103873 5.49634407374161
Il7r 9.24960705759555 5.77688406634583 4.85183494114097
Ctss 14.1436377001564 9.71792937949928 4.93053565297407
Cd53 12.7058528961117 6.420472676637 5.18453376084022
Fcgr3 13.3678397073662 6.81366410186989 5.30649392030599
S100a9 12.1512954978643 5.14800835714284 4.68880269654049
Klf2 12.9546948291203 8.83704373812925 5.5322354844422
Fcrls 13.538343734353 6.54552126611406 5.50551864432611
Tlr1 9.60520010506197 4.38549462203161 4.06184323088739
Selplg 13.5701528797604 7.76743850751483 6.1487780935666
Cd68 12.2655547644002 5.87569016425321 4.91226412627749
Gpr65 7.70886230022633 4.28378804483786 3.79029823532127
Casp1 8.69693600519687 5.0745231196777 4.2892219417575
Csf2rb2 9.47900201616068 5.06753394049971 4.42017704009661
Atf3 13.284073086988 8.52923948329675 4.91980104733251
C1qc 13.5961558255427 7.06792090554154 5.08909137073905
Hck 11.7859620796645 5.51599827238094 4.61169013754589
Gcnt1 7.991253437913 4.40207522953377 4.13936514295071
Casp4 9.26315299804554 4.72153355544879 3.90611837736323
Ehd4 10.3117326305577 6.76066437231921 5.23668758777869
Ly96 8.91937274322914 5.44197800655154 4.55453025074426
Lag3 9.80016274610109 6.14586467120534 5.33271653141784
Cxcl2 10.7266031675695 5.20286035158239 4.26670191861183
Ltf 11.851175722853 7.51082402158627 6.00288625434835
Cx3cr1 12.8730629616277 6.94585569049999 5.13899211999131
H2-D1 12.6327304628196 7.9550210000257 7.21164695970276
Stab1 10.7605924600716 5.64603082309413 5.05274557045946
Il6 8.13911235858362 4.32425445060444 3.80353858095592
Pdgfb 10.7325445782435 7.31144443418813 5.75622431564763
Mrc1 7.99313411604932 4.50851095997069 4.25620369407848
Hps3 10.8090339030534 7.41500388950639 6.78517834731171
Itgb2 11.9243168449721 5.16769978681147 4.59796821555072
Psmb9 9.4278289264293 5.86528628181639 5.38254342325221
Ang 8.34675454689537 4.17566441074993 3.99697564923838
Sh2b2 9.2750055292418 5.31508652593069 4.61802156120755
Tyrobp 12.872201384089 6.54046622545511 5.51854428557174
Emr1 12.7903721087621 6.91718224518301 5.5753635530187
Nrros 12.3097176638707 8.76918484798966 5.85406796194596
Tmem119 13.7335005220805 7.03796886158674 5.57567220428204
Parp14 9.22364341007536 5.6943113474409 4.8815013320211
Ttr 13.2899892726514 8.68486881586701 3.97454022503165
Havcr2 10.538253418377 4.45768918877751 4.21952847382079
Alas2 10.1462688588052 5.44082077385283 4.85426416206667
Cmtm7 10.4128713125775 5.84926638999089 4.84659827893512
Blnk 11.8256575206264 7.00731147537833 5.15642790506826
Alox5ap 12.5974435879102 7.36302849808717 6.01665449826539
Fyb 11.6377216118874 6.70226836889514 5.98980022173741
Ctla2b 9.67840248028284 4.59292728069057 4.07559765862698
Zfp36 13.4481818753213 9.82470715187815 6.32560402240174
Abhd15 9.85244350316464 5.58884537689669 5.01075170943161
Cyba 11.683487063587 7.088115026121 5.09293435258389
Spata13 11.8423721764084 8.37428538271949 5.18135699017376
Ptpn6 11.3447432428118 7.60689819957594 6.474671580651
4833441D16Rik 9.44333514879099 6.02732162041683 4.81703258809956
Tec 10.193963488774 6.77077642012879 5.46234221431193
Cd52 8.77120540091781 4.93833438719972 4.49848186439098
Irf5 10.3658986193304 6.46570345890287 5.41960884272375
Naip2 10.6301514409205 4.66093561975682 4.24288535604549
Anxa3 12.8961234593997 6.37446772221145 5.12692286967449
