Ppp1r14a 11.5005500102704 7.33676780938714 4.12851823854676
Mobp 12.6764341871513 8.95876652081895 4.77584970486148
Pdlim2 11.8920129871191 8.38180192585391 5.6368646041238
Lims2 10.8808742848307 7.4830770565076 6.77363253894043
Tspan2 12.3519083592679 8.32978697078047 4.99449552560038
Ddc 10.4740630420148 6.37071169179949 5.10636371989818
Nkx6-2 9.44277877404187 5.58647233736743 4.97086811092744
Mog 11.2805941904474 6.60716845831558 4.08001346400922
Josd2 11.0200546766172 7.57259207597277 6.34640808239426
S1pr5 10.6247499105414 7.04628420050611 4.30243231281347
