Golm1 14.5043983490498 10.0751301043325 7.49568029425295
Spint1 11.6518891116016 7.29761223996526 4.77864665389286
Slc2a5 11.9974441569728 7.93402656760255 6.20010984316701
Cd14 15.0881277812882 7.83461916887712 5.96866671637514
Rgs1 13.5896768601193 6.68190368110643 4.63974800363264
Tlr4 11.0317574107723 5.22349823456314 2.73931325152686
Crybb1 13.7915412039293 6.5746228873076 3.96735392659988
Plxdc2 13.8996477516206 9.98255946958305 8.97887808313305
Cysltr1 11.0256347725584 4.53525075871597 3.90288381625137
Cttnbp2nl 8.87883912502971 4.92233645914632 1.32534245141461
Pon3 10.7415012043785 5.57787277092613 1.900790659245
C3ar1 12.7204297002934 6.36500637442514 3.40731551945248
Fgd2 12.7508960184864 6.27775167084662 4.80697158859425
Ltc4s 11.0231381962426 5.81165587420219 3.5793300053278
Tlr7 13.2033519216098 4.5659225755398 3.14081237591995
Csf1r 15.2958067018163 7.37435364042607 6.13557825982123
Rab3il1 10.489116073033 5.51408718855533 4.22732628780961
Ccl2 11.6059175361301 7.35121407176405 4.76456486914341
Cd86 11.916029399746 5.37729141978517 3.95436015144093
Tgfbr1 8.38914891653409 4.6388306334251 2.76490807213304
Dst 11.1447280843955 4.46350503770135 3.51590340660922
Il1a 13.7992464133504 4.69756652041899 3.08658687001807
Hpgds 10.7546555828761 6.25815603821366 3.77053525251269
Ccl4 14.1591641440691 8.37061062679859 6.77826091326131
Tgfbr2 14.2113128556156 8.74436099704905 6.41433304614419
Ccr5 13.2200275105007 5.0547113442142 3.07877489754232
Pla2g15 8.89215284369139 5.31808245716043 3.55945783357235
Gpr34 13.7060492140353 4.67505696349494 2.62600385216054
Entpd1 11.338033403695 6.70044751520481 3.73692563964289
Icam1 13.7536817049972 7.32378908836258 3.03732293591356
F11r 13.6135438604943 6.0267788298168 4.3188895879657
P2ry6 13.3953363640041 4.63151888807099 2.70408925594331
Mlph 9.08328810702397 4.14599797377717 1.76288240419319
Adap2 11.7831206630109 6.19452351951792 3.39894235902044
Pros1 12.7760310089422 8.89107675284006 5.79223530655812
Ebf3 8.54968282153806 3.72016028112511 2.48651450286951
Abcc3 11.4286648326461 4.04948385606518 3.49253348895256
Lair1 12.6725347196519 7.60977012120836 5.78984914097138
P2ry12 14.4665870344514 7.27692860906374 5.54948493482765
Kctd12 14.0471029310739 9.45890292452882 7.20856970975665
Il10ra 13.4432896995709 3.6194909822321 2.26308247711541
Hexb 15.2176222803016 11.087168878738 3.12219416406911
Pald1 12.020136834702 7.86515030121751 4.14599186143603
Ppp1r15a 13.8238492141806 10.2946797066638 6.98428283550087
Olfml3 14.6651015303204 6.72925552982514 3.99263847848801
Lgmn 14.9249446664512 11.2905311550075 8.70946910252995
Fcrls 15.1865534569242 6.99238987911621 6.05235072937762
St3gal6 11.4859449005206 7.55679817087025 5.36242035163507
Atf3 15.1055328625467 10.4254058607453 3.72823816388594
Ly96 10.571818950155 6.80942551454613 6.22390752149918
Lag3 10.655916992608 6.31624084468942 3.14725688100922
Cx3cr1 14.4165442072339 6.95758761629193 5.27291296219491
Stab1 12.3964535379575 5.35498630024785 3.62458709237782
Ang 11.1928615295694 5.35284478616245 3.92348707805864
Tmem119 14.833086477742 7.25291292010329 6.7343055991097
Havcr2 12.402013747959 6.2040692837693 4.19669465041643
Mafb 10.5362240192657 4.17586002523408 2.44076793956274
Blnk 13.5246639167472 7.41246070156747 5.44688471675546
