Pvalb 11.686934339121 7.65199714800226 6.04471558165606
Sst 14.2064566787267 7.03577550994576 6.02170290336365
Timp3 10.1926310060006 6.25718029312883 5.85732288608748
Npy 13.3454508642041 7.74007530596092 5.62127269303086
Lgals1 12.2721601262823 7.79538830013949 4.95624971748217
Masp1 8.76425289280116 5.39899764197126 4.60156716817036
Dlx1as 8.90259504179084 5.18346497499075 3.92156258670498
Slc8a1 10.1950343963781 6.30900843203189 4.86182348780632
Arx 10.4072598695743 6.0087849281542 4.01435996826898
Col19a1 10.7576780703524 4.8900608518398 4.12781140812035
Gad2 10.1894812521186 6.71816785093903 5.97708095792235
Igfbp4 11.8971065152113 8.39599613922302 6.36730512528099
Lhx6 10.9293485821738 5.81925157230472 5.36110891432732
Rab3b 11.4455737716884 7.23231434222474 5.58795951561079
Ache 10.4180193965632 6.47566392434564 5.09302770919609
Slc32a1 12.6253178651895 7.48691300287716 4.96149129217817
Socs5 12.2654551442923 8.66704810500997 6.91049075680465
Cdh13 11.7798765224806 8.39868033627364 5.46387026153655
Pnoc 10.8248174031488 5.70884957498526 5.51619933885392
Olfm3 11.8039589714852 8.07916323967458 4.94676408387875
Kcnmb2 10.2238167462415 6.53595277059449 5.27353638226447
Grik1 9.15476661666847 5.21833288344163 3.90152619540613
Rpp25 9.7856099246939 5.03430400684048 4.28866196374953
Reln 13.5398897525198 7.80504434669272 5.59065428789919
Cort 11.9208752264714 8.14376898635736 7.20843004358222
Grpr 10.0510154067124 5.66692269827456 4.91382648115867
Klf5 9.66698150148354 5.57745312051775 5.41086961545006
Rgs8 11.6832234331956 8.26816486599557 4.81672434418672
