Ddr1 11.4422045762566 7.55810552120781 4.84652510515798
Gja1 11.5698314971536 6.73585579481843 4.63534119943753
Ehd1 11.8414795893656 8.23935914384266 7.45729782340343
Olig1 8.1984389714643 4.8543548316679 4.39967919420367
Dmd 9.50954537199152 5.51916784139157 3.91262534764148
Npy2r 8.71724187249548 4.38182696574236 3.77060423629451
Grb14 9.57483871425114 6.14479837286503 5.39617389579478
Cdhr1 9.58924945264338 6.11640890742725 5.17559589999576
Apcdd1 10.9465261184796 6.56177129444066 5.03163761130233
Tdo2 8.44174989981165 4.20148217639765 4.10794378852661
Mbp 12.7953421097778 6.65138402322991 4.21935838372507
Ogn 9.99629414494697 4.24917214700906 4.09168818349094
Mobp 9.11009205636782 4.97667402089854 4.70994976448284
Cyp7b1 9.91340273050541 6.17001438449564 4.44257250925284
Zbtb20 12.6127153189116 8.57181927146559 7.34581549747793
Sema5a 9.94055377999294 4.55983071041518 4.35634565049858
Igfbp5 11.2867041147895 6.3517157903768 5.41258213292384
Timp4 8.2503679251083 4.69920321429876 4.43479048996524
Cald1 10.929624598211 6.27171610845459 5.13243788608362
Plp1 10.1895229038269 5.71823548564169 4.75100419248805
Trib2 9.74788444307802 5.60385834856977 5.01571212807584
Rpgr 9.54181474050453 6.05109230705442 5.15796941619084
Epha7 12.3615734310731 8.32850971925409 4.42736648906993
B3galnt2 9.69342944975633 6.17351172486537 4.24628550292084
Dsp 12.815595873123 5.2538177793023 4.27258502169961
Ccdc71l 11.6420526906911 7.87990229729277 6.47485948728931
Dsg2 8.62180125394231 5.25239746790839 4.68956443917156
Lct 10.6411923973502 5.89209717076004 4.78545361920992
Rai2 7.68390097166071 4.08380037656398 3.71110231084376
Fam131b 8.91832720499619 5.15161577145094 4.62576884850925
