Pabpn1 12.2916304724542 8.95210821641032 6.73966495715337
Aldh1a1 13.4426466882038 8.83639814303718 7.3380080102475
Ptpru 10.0004595224579 6.49793778374479 6.07410243603623
Slc6a3 12.5475064240516 6.66637972106902 5.32069861109172
Amy1 10.0369096412467 5.20085862400021 4.26102482000977
Col11a1 8.28725612291721 4.58638139279341 4.37451331638381
Sptbn1 12.0422929699588 7.78919301171356 7.52524974496975
Pclo 10.2587686272322 6.75282135851453 4.16095266183302
C78859 9.18846588744324 5.09054206943819 4.19264309922194
Th 13.073462098524 6.85230185768718 6.37675181627083
Mobp 12.2735800653649 8.68907225764174 4.77584970486148
Prkcg 9.69451040229923 6.04199599557089 5.82377811672642
Tenm1 10.117483617957 6.52607996201974 5.230349556003
Syne1 10.5930872811991 7.03433376856654 5.41030377973355
Foxa2 9.18057242120638 5.49501596290079 5.09925258989498
Parm1 10.1121751209801 6.69019571274496 4.883784520812
Ptprd 11.9334444677964 8.40004971988617 4.88303478949701
Meg3 13.1466927309847 8.63060579645735 7.43611036887689
Ryr3 10.2053462149062 6.50311864379849 5.58660259534807
Rian 10.5654065414766 4.80740205322926 4.53719789478756
Snhg11 13.2191155570715 8.23844008309405 5.53072100695146
Col6a1 9.36116106061008 5.84239608312941 5.65804820339655
Chrna6 9.67524360462921 5.61369323174211 5.3448075179859
Nr4a2 9.07380260872929 5.74629356483084 5.43395134478101
Cacna2d2 13.0864222284616 8.8180496813127 6.09289363913205
Cadps2 12.8045505305072 8.17523980944911 5.2858427762905
