Tppp3 10.7940547651326 7.04358829671698 6.08051980038777
Hspb8 10.7091786563235 6.23192714208331 6.0208250481719
Shd 9.74302614346563 6.27369344723749 6.16256374489766
Trpc3 11.1003964994168 6.38538022408286 5.56322095844606
Sncg 10.3504767184407 5.16031942905812 4.57738507879294
Resp18 11.4908949806773 6.62280092881036 4.67646062265379
Nrip3 11.8535037531716 8.40694183691805 5.72566633851985
Unc119 11.300606434165 7.06974658054841 6.61144362054135
Cxcl14 10.9392485818273 5.92904300535119 4.52680114628922
Pcbd1 12.0412416278747 7.24930633695792 6.60780225297392
Hebp2 9.89745573051577 6.46988049076432 5.9117265892797
Mt3 12.15679341395 8.41535518258116 7.21445085508407
Sln 9.26648127721676 4.92783534941212 4.7203569986326
Ngfr 9.84547745196339 6.25400008475768 5.82337650571833
Slc5a7 8.3474119889148 4.99482226922717 4.67358194012153
Elavl2 11.653633428532 8.06860701186287 4.10090376611033
Slc18a3 11.756889799387 5.21191919954129 4.76913686055883
Ecel1 11.4517182872967 6.9178171659032 6.14396771046237
Ache 11.6732551009221 6.81955716691127 6.23133633212406
Cartpt 9.46336312584724 5.99821208955391 5.01627617479518
Stmn2 11.2504417263556 7.5154969190076 4.5170715092632
Zic3 8.64177597030412 5.22097006311652 4.54673436721223
Zic1 11.5025038048557 6.65156865264473 4.78259312991831
Dner 11.7810755599757 8.30730279775032 4.60274384232764
Tspan17 10.3807320024579 6.39135829194445 5.14050439860481
Uqcr10 10.2979553371495 6.97493432644889 6.02461097298676
Olfm1 11.4920019161246 8.11783182419523 5.25933869345437
Lhx8 11.9203627402028 6.36495809263957 4.17942884592345
Hopx 10.5357568589324 6.55737837110877 6.07646113612553
Mela 9.99359065743726 4.54070111799493 4.43724692178199
Tacr3 9.31354863939639 5.17064050977837 4.44180621849592
Arhgdig 12.0981036838115 8.70283891708402 5.62409610379546
Gpx3 10.7986483584317 6.52733719416105 6.42671453618366
Fkbp1b 11.8822590838469 7.63423363172266 6.22266460656391
Crabp2 10.4512801955294 5.82740224073207 5.10097789925837
Adcy2 11.6081074353901 8.24525216044764 6.4522230616304
Trap1a 7.38683310570154 4.03055272679832 3.9875556043364
