Golm1 13.2088860971046 7.03893465895834 6.30409377881174
Dusp6 12.1106891877544 8.55442012272708 5.18729524439091
Sgpl1 9.65202662527855 6.01156720121255 5.41717273085299
Junb 11.5348729987463 6.4402582612093 5.47096092051842
Marcksl1 12.2032928390954 8.3844658018933 8.19847516603216
Creg1 11.431942679031 7.89931278463613 7.28785467532428
Lcp1 11.8379992138945 5.89182478055727 4.57033949266238
Txnip 13.6791294028158 6.42713752405511 6.22703936333156
Cd9 11.7732224133317 6.45942202714478 5.984060925007
Tpst2 11.0906169506107 7.6694982905727 7.5069966277961
Cd83 13.1517119399809 8.58953993727103 5.85859115937609
Mmp2 8.7922296541492 5.23775146314642 4.7902566778223
Sipa1 11.0491157826369 6.85855261675438 6.57595002937447
Coro1a 12.5292545103329 9.09338854660817 8.58337823122143
Btg2 11.4551013031419 6.00883938485337 5.98627289892518
Tnfaip2 9.10265124910753 4.35365136279419 4.3298820909117
Litaf 12.4983539473891 7.00006516761753 6.95413984387103
Cyfip1 12.6467245474294 8.29714694994723 7.08139948326488
Lamp2 11.6194145923605 7.44951771706449 6.22729981757812
Snx18 11.9053155899221 8.36451145053565 7.92355250055941
Ctsc 12.6316085285889 4.82976632932048 4.54962720036742
Cd82 9.3157369854898 5.56196554440556 5.48145227310287
Tubb6 9.85242182153089 5.74452693578798 5.65940017620107
Ier2 13.4110457696294 7.14137173523788 5.96155208571521
Nr4a1 12.062949010541 8.36816859224732 7.71071824378083
Rab32 7.66476517985337 4.29364969200387 3.7823202247225
Pnp 12.8858417164647 8.68190611097167 7.56536557171844
Nfe2l2 11.3582431578503 5.92875366800065 5.68481565477749
Socs3 12.872389729541 4.20563322794931 4.08701648731818
Sparc 11.7641395212327 6.17866555946135 5.43366200943499
Scamp2 12.177112436192 6.62807513727377 6.28126578820441
Acss1 9.88171693983298 6.13103564207293 5.39517157460909
4632428N05Rik 13.023417651154 5.14521290324433 4.86529583753842
Slc2a5 10.7420519945533 6.33248104809112 6.32354038877767
Afp 8.25927872186671 4.56014001080267 3.88393847432279
Clic1 11.3149596683149 6.64228355733117 5.62434187706642
Plxnb2 11.1948611499116 6.67920077610211 6.04609358607576
Irf8 12.5830920544812 6.30923947426762 5.54156157738714
Mical1 8.6259861168379 5.13455559529852 4.92153022465356
Tbxas1 9.82110086955256 6.12141516414062 5.87790364710174
Slc39a8 8.53981315614105 4.31376681854119 3.75610529404513
Parvg 10.3515058485033 5.85468922184267 5.58974775117032
Mcl1 12.2087835671601 7.49727522685497 6.73825436372341
Rps6ka1 12.4350911117328 7.40527708766674 6.66599425990928
Parp9 9.59737310164525 5.36121118765173 5.18741321649107
Tnfaip8 10.0379616559435 5.08683550426281 5.05306624590813
Mfng 10.0773132550699 5.70592200802834 5.56327222208446
Slc40a1 11.6104164701375 5.84596916860759 4.99187255017454
C1qb 13.334449855087 4.51261943408825 4.0714609392477
Cyp4v3 11.0641916928349 5.36092106100899 5.22782849512544
Qk 12.3204870335934 8.84159626915619 8.77416550996082
Syngr2 11.4772980236412 5.45013933714421 5.0186107770265
Pmp22 12.2561794765965 7.9815317729298 6.44854846817389
Igtp 10.5922785032095 6.87492883686002 6.14912092435244
Ccl6 10.2968696260595 4.4999563364737 4.36559645549118
Cd14 13.2858211222074 6.00216069104751 5.88551429433938
Tnfrsf1a 11.3648373358369 7.08560791362642 6.97473242610112
Tob2 11.2110342965434 7.52361962727428 6.99143574164372
Pycard 11.7476509071618 6.00045665475129 5.57640295114033
C1qa 13.2023340640432 6.30471651133585 5.87608000717895
Il16 10.5721616851226 5.75914826928101 5.38820030317126
Slc7a7 10.8083190565862 5.22162314678482 4.83966555120798
Klf4 12.6915189251281 5.02126970634735 5.00129571971553
Jun 13.1617299805308 7.31774405837642 5.99888905670498
Srgn 13.2068622416084 5.89015807171308 5.07551120835382
Myh9 12.4734956086251 7.97600172154642 6.93876744848306
Nfkbiz 12.6004495355117 5.03318955015555 4.38197334838297
Tgm2 11.642946111078 6.09014525511166 5.97712713451906
Plek 13.0477422121131 7.6896476417308 7.36780322957397
Itgb5 13.2913066952736 5.15580120419889 4.88103626301705
Elf1 9.02649072365098 5.20441793811826 4.66762596928526
Cln3 9.8253822565093 6.1515121583543 6.05731803722684
Rgs1 11.0898478208524 4.57923808331909 4.46219612804289
Rac2 9.65733636411487 6.21747517045082 5.93185563023335
Nfatc1 9.99637924524422 6.25960657192268 6.13541377733496
Snx5 12.5389716579728 8.97798673488699 8.3106565363631
Elk3 10.437348137504 5.05010105193147 4.75543130166527
Soat1 8.97247350232105 5.41832543420103 5.02194627761638
Laptm5 13.2497958585741 5.77719929811265 5.71797389607312
Ptgr1 9.97812873947007 5.51859655055839 5.25748405541927
D17H6S56E-5 9.82744898579413 6.47732468230867 6.01624690249197
Ctsz 13.0485403305481 8.81297939745918 8.0880383285781
Fcgr1 12.2838802885119 5.16115330624013 4.73250919798092
Slc16a6 11.5411253999105 7.3255503933135 7.14273530759789
Pdlim4 9.52654344568754 4.82632490073222 4.69526211638045
Ccl9 11.3508771596472 5.41501127140394 4.87082312759936
Trim30a 9.8600658104235 5.25668756465427 5.15800952990468
B4galt1 10.9185743862039 6.17764952021503 5.89829244541769
Nrp1 10.5845017423768 6.70114963575858 5.2587195499827
Tnfrsf1b 11.7294024065306 5.97550934161793 5.79734059037314
Inpp5d 12.4783900860876 6.70877455279794 6.3465757729795
Tlr4 9.37755048286687 4.35977997567143 4.28105014309074
Pmaip1 7.91264692829158 4.52674106741617 4.04751853315398
Aif1 11.8099905233592 6.94034524326688 5.8148107521251
Il15 7.680079358248 4.10210404088001 4.09787044185149
Lims1 11.3950265345756 7.36864092728163 7.36529841218951
Syk 11.1736838971837 5.81392848175845 5.75727014490921
Klf6 12.1197284009329 7.72106718518256 6.12670849454652
Crybb1 12.2532048432707 6.48446208380372 6.28804438492302
Fcer1g 12.6825054501545 5.92476890087449 5.8667308997616
Ctsh 12.8742742032151 5.3372504731049 5.29705286588782
Gpsm3 9.5878408034758 5.47244161893756 5.35156185223694
Dusp16 10.6289677446979 7.27782262385439 6.90875868052875
Ncf4 10.7305401881173 4.99853356275755 4.78202309995127
Ggta1 10.3021085784473 4.23998245699457 4.06544563511735
Calcrl 7.87647545215041 4.4338095110211 3.97001090432429
Lcp2 10.4299333406719 5.0889499667775 4.95795541702184
Ngp 12.2995043542679 5.33291630239737 5.28972366878229
Spi1 10.3859436109085 5.93754947673649 5.8405120134841
Atp7a 10.1676606708827 6.06007667096915 5.39444112535113
Csf3r 10.5303261448833 5.14123913138663 4.86895536570706
Ms4a6b 11.2757685053458 4.76777619268664 4.66291231634074
Hcls1 8.63630419546985 4.92485028134647 4.66565545099312
Abcb1b 7.97869555224804 4.63922359345926 4.46030071334022
Pabpc1 11.2298634617249 4.2622331472192 3.90831049027965
Cebpb 11.6743509032076 7.62980847025108 7.30954018606285
Plxdc2 12.0529683323577 6.59352898755365 5.89365452682372
Cxcl10 9.7662958946731 5.29423995219812 5.19366488843676
Maff 10.1052633096456 6.63301220886762 5.8322790322968
Cysltr1 9.23363767777187 3.96720743353496 3.93664906588044
Cebpa 9.78114583046527 6.16752115718369 5.51721463455367
Cttnbp2nl 11.7692220388043 6.9013573404604 5.74495665352952
Lyl1 10.013448973115 4.88944740694108 4.78669381613256
Ptpn18 10.350655093353 6.18879037758092 5.97514849676821
Tlr2 11.864186632689 5.54271243824303 5.36461661505407
Serpine1 9.57269546409715 5.18203130816461 4.6081601589122
Mlxipl 10.5927739153422 4.8406225627441 4.61627966222547
Cd37 10.9462016903761 5.6226972219259 5.53742607625527
Map3k8 10.1917146557049 4.79282972953844 4.49665486501836
Myd88 10.7885966963584 5.99638424913798 5.47040405292524
Ccl12 10.4751595691536 4.52294910618211 4.49853884414142
Jam2 8.91486266868458 5.26264923144703 5.11840159002177
Arhgap4 9.38418443524174 5.47197596206395 5.36606205035436
H2-Oa 8.62773488286702 5.09620426924947 4.68137196486037
Pon3 9.10935515291671 4.33939942614546 4.24103576292179
Slamf9 11.2066876411094 6.41971360370428 6.1431951463012
S100a8 12.9638824039872 4.89220338755639 4.88234518203363
Il10rb 10.594105170653 6.96610612290815 5.2830397881185
C3ar1 11.6182149621142 5.51912712146865 5.38257528981642
Ripk1 10.1083880816926 5.71432209678895 5.2372566355352
Fgd2 12.1293203269256 5.85712176542283 5.82242868112958
Rela 11.9778670098948 7.15859363305501 7.05785288268594
Ccl3 13.5496556060224 4.57301051752403 4.5145229353056
Ttc28 8.89711926518713 5.5566167810311 5.05874851499664
Ms4a6d 11.498084859003 4.73570318517045 4.48548826112252
Tnf 9.85321288324176 6.27929987780005 6.1329867564858
Ier3 13.5855914649438 9.76531285886071 7.46443766867591
Nupr1 9.98636391280088 5.71915968955945 5.659286889878
Camp 11.8351935968853 5.62500259050018 5.43860891995572
Ltc4s 9.75785052472813 6.16766829995881 6.0806105156411
Klk8 10.1637978906065 5.57132264209958 5.53155283820922
Chil3 10.6986949112657 4.32750581539042 4.02305869059436
Arap3 10.0084235335535 5.11727867045591 4.59377903878712
Tlr7 11.1690114771889 5.04163067191303 4.73069664736108
Csf1r 14.0292728577336 7.24620300160681 6.89883874569113
Trim25 10.7654788423984 7.21966210483022 6.10051692080243
Hpgd 11.9284845304822 6.74995157127285 5.30680585430263
Rab3il1 10.4344246472987 6.79260167622488 6.1443587049674
Mcm3 8.86157244294894 5.18759648007534 4.73974424509567
Nfkbia 13.559771287797 10.067880574369 9.62299952443958
Gdap10 8.70005361056442 4.4236916150451 4.21256724378224
Slc11a1 11.348119903574 5.50014552028308 5.29330344217603
Hnrnpa2b1 10.3678589554357 6.69286254134356 6.05191353903648
Ccl2 9.39365889899599 5.38369674402786 5.27055337174595
Cd86 11.7078926817195 5.19869796557502 4.8999193060521
Prkd3 9.75622982659752 5.97629870549697 5.44188126483546
Gpr84 11.5922078227709 5.50043800062681 5.35914778076069
Vamp8 11.7887532870376 6.72417484691436 6.0148746896155
Tcirg1 11.327613036728 6.74996480208176 6.471834700441
Sqrdl 11.0525062877998 7.65485689820845 6.03091501644895
Trim12a 8.60607054794922 4.28097179776084 4.17980912038532
Slc15a3 11.5031029092383 5.51920603012 5.31324267909792
Clec7a 9.10343532556032 4.98249610048595 4.69778242841556
Rel 9.37584581713377 5.0340343376202 4.65418793577816
Tsc22d3 11.4805096636109 7.93115156938408 6.26008875692124
Sla 12.412369723073 6.00918185200583 5.50080279507209
Tgfbr1 13.4953964323281 6.93178351474195 6.22042401749598
Snap23 8.30473877019984 4.89133158547875 4.49384709293845
St6gal1 11.5626489698514 7.58470990871382 7.33474101461131
Asph 11.1601915655921 7.04721654519992 6.40099048672943
Adcy7 12.0401852065097 6.561656013859 5.385670934834
Rbm39 10.3141735206265 6.73538700028999 5.88080697205769
Rsad2 9.60114008128317 6.09503511329433 5.75878363593742
Gpr56 11.1072648016331 7.3991530847188 6.95589595243613
Lgals9 9.7144470271434 5.25461548546029 5.1545154205645
Trem2 11.3744113100813 6.51290212474773 6.28330725213703
Gna15 8.98838653928669 5.32592840641636 5.24872201947956
Myo7a 9.61175632860521 5.95535694180309 5.64458011484646
Birc3 10.6680989517335 6.32629094471252 6.09969536514661
Igsf6 8.76352354526292 4.46666245054728 4.27575736470742
Samsn1 9.02117009275432 5.16972656260348 4.57231935915953
Il1a 10.5627537042988 4.18608324326979 4.16998372013779
Hpgds 9.22555193578103 5.35746389260065 5.15775340158681
Naip5 11.1748062850229 4.34368571751181 4.24422387428064
Ccl4 12.655502757357 5.99414238530605 5.77017837942568
Itpr2 10.9235418495534 5.86587490432462 5.39208699622998
Stat6 10.5002673668222 6.34555988947919 5.58054915341867
Phxr1 9.55428321825257 5.70629929046208 5.574053441795
Tapbp 11.453866406777 8.09347929468764 7.14921959645226
Msn 10.934809568914 6.29466124549451 5.85591288739906
Abca1 12.0522527378122 6.64049129899675 6.38749400142976
Adam17 10.5698610751329 6.12958569315801 5.12469459153471
Dapp1 10.6616079104408 5.21504094212412 5.17385388037573
Clec4a2 10.2600474435221 5.04970167152291 4.84867639986424
Fli1 10.0941254445629 4.38407465554254 3.96004611341804
Ets1 9.55277010530181 4.21289347143137 3.98916165566551
Itgam 7.72351039802672 4.31573761581038 4.31219723643223
Ptprc 12.5235480291392 4.8215079903143 4.44239070147353
Fosb 11.9510983205342 6.4918538924872 4.72290540804826
Ccr5 11.7396919362898 4.65072658417224 4.5883441793886
Il6ra 12.6715970650916 5.84160109141112 5.60944429479669
Phxr4 9.18649240397513 5.50678217354976 5.41879724560118
Tgif1 8.50945088524124 4.58312463359093 4.47747328408161
Pla2g15 12.3259450180791 7.91275920397729 7.14613365774123
Itga6 11.5653613108728 6.09367721121498 5.78356319112767
Ifi30 11.3781163789488 7.22335726229366 5.4263519207649
Zfp36l1 12.7051334383384 6.36201716921433 5.45039650532347
Id2 12.2032928390954 8.42670179964079 7.54771336499088
Gpr34 12.096128861767 4.10617776415483 3.9978535359358
Rrad 10.1172735062529 5.79566000150859 5.21336940562914
Cr1l 11.7633356155962 8.01805671420644 7.64436901181358
Ndel1 9.39722597598048 4.29492262807373 4.28865322243466
Rhog 11.2153941245626 7.17986919078272 6.81522739537984
Rnase4 13.1184612117893 5.33685581766547 5.03810218183625
Hk2 12.3862706589026 6.05955755502805 6.00553803727501
Fam111a 8.63296054191287 5.05127233285161 4.35012516040292
Hfe 11.337741662807 6.96018806660694 4.92045271373593
Naalad2 9.76797067590899 5.5126570473228 5.4078337448229
Pik3cg 10.1956130518895 5.34639286838557 5.23684307130617
Zeb2 11.4200634065622 6.38531233449064 5.20568837968067
Btk 9.78197374603171 5.63260230024968 5.2619291473344
Tlr3 9.64446847867037 5.2351172537582 5.22840048762789
Dock2 8.92972325318732 5.28826705705924 5.05631994656436
Prkcd 11.3204144141644 7.76686510119836 6.34348682763105
Mertk 13.1217916703296 5.65492668847641 5.38949810527599
Cd84 9.78822716908046 5.03386057490861 4.81481589792321
Ly86 13.8305038298173 5.493145402671 5.42726866403253
Vav1 10.4293295887311 4.399166637341 4.35048666633863
Pag1 12.7340021971061 8.0178282426024 7.35141255436564
Fos 13.9437278525404 8.49266605444805 7.59016052880774
Cfh 11.031443374587 4.13036774577888 3.58544027193896
Tnfrsf13b 9.62154101704082 4.49671764723093 4.47706850852637
Cebpd 10.4638830746908 5.54558185894975 4.61164194189347
Luc7l2 10.585512343916 5.58368278279167 5.25162781387765
Hhex 10.1791275378831 5.27043729417309 5.17305820835896
Entpd1 9.37032387449548 5.34853845901187 4.34094514239679
Ptgs1 12.2066936221392 5.46156153778069 5.22630989630082
Stk17b 9.76929078464475 5.44428150490606 5.35597027892979
Frrs1 10.4433587610755 4.96613583857961 4.87099791994934
Lyz2 12.4203041170638 6.39520880474407 6.22610192773658
Ssfa2 10.5053173268952 6.61399722134557 6.04318710587723
Ccnl1 12.9368942943523 7.77554903729744 7.20319938546355
Galnt4 9.34294526677315 4.90541103607118 4.72723795218052
Ctc1 11.684666568769 7.71137186318576 7.24294355471101
Unc93b1 11.4209147437175 6.11631927422651 6.11557865513591
Mob1a 11.6102028819568 7.87781863110786 7.34526872298172
Cmtm6 12.3089984078596 6.69083734873699 6.36160211213411
Sfpq 11.5973070285364 5.51815125274995 5.32527199517399
Wls 8.2518542645957 4.66931136549202 4.64994624595127
Tmem63a 11.3090792003542 7.20652348535036 7.02909491887614
Tspan14 11.1207155751017 7.06676535449867 6.96256225259388
Lpcat3 11.5785330904885 7.09715317962329 6.78720859789801
Pxn 11.8707334790657 6.87490757093698 6.26360448642474
Hvcn1 10.2816397991105 6.43337286676902 5.42055508293202
Srsf7 12.2179384855055 8.80421969906869 8.61436373443507
Edem1 10.6216568370496 6.05596498339094 4.90236778770528
Icam1 12.0685839298591 4.98014947349643 4.55978540368089
Prkab1 10.8355194367992 6.94392898275314 6.87723855074712
Rbl1 8.55134046564386 4.86368311328043 4.55529918680915
Rcsd1 12.2491457547791 6.75912190896828 6.56564765879617
Tmem140 8.43942036859799 4.54198103863096 4.43001677361396
0610040J01Rik 10.7636422265407 5.80922368787322 5.47692454822631
Cklf 11.3887159381797 6.2314355309806 5.40348615659103
Cd177 7.89852531580111 4.2617159125565 4.0234600515294
Casp8 9.83466998065678 4.95433153295408 4.50999360127006
Tmed5 10.6438973211329 6.86432780620335 5.92023121084533
F11r 12.1660086110926 6.01243450646349 5.7819074038204
Eva1a 8.59272796994992 4.73636376005887 4.58828970691387
Mfap3 11.5292136076852 7.95537615274741 7.49885010558038
Reep3 10.7838089345004 6.47865411656638 5.58701448513498
Tor4a 10.3275630348071 5.48938852537436 5.13938004271245
Trib1 9.86087216117656 6.48358111440049 6.20005210183157
Lpxn 10.7589192457976 4.80897171964684 4.29399195763237
Siglec5 8.37803746411404 3.93215737393257 3.87194004303655
Mylip 12.4448215476567 7.45821778473668 7.36363057680379
Fcrl1 9.2345619860761 5.27833566804902 5.25821213215406
Csf1 9.70224927506678 6.02122996171258 5.9738595891356
Gbp7 9.44182987442418 6.02499280548825 6.01226174878309
P2ry6 11.5687601975602 4.45893576101449 4.37680647085991
Wsb1 12.2689369964062 7.85360425279557 6.61530848760495
H2-K1 12.8220187202518 8.77886834977019 6.56138714640193
Slc3a2 12.5499014410621 9.05423611346606 8.0571744553958
Tgfbr2 12.4852370462276 5.89810303284415 5.85417081842627
Prpf4b 10.1625902874336 6.50842655210899 6.08900263023983
Ceacam1 8.89348245863094 4.38948461534633 4.33014690534856
Mlph 9.42445206203504 5.26311060806766 4.93164147404257
Ncf1 8.82497080443061 5.21406273976271 5.1944674611811
Il13ra1 9.86451620775328 5.53393419506404 4.93780982342716
Adap2 10.5685173068896 5.30645663105665 5.16834255762599
Akr1b10 8.35011600348348 4.57454822916086 4.44067777967444
Lrba 12.2919124748407 8.78375495165685 7.13022697732833
Pld1 10.7972506121956 5.8265647713175 5.57692316178268
Pon2 9.31355681171094 5.51331953225089 4.7783643680717
Ggnbp2 9.14383515526131 5.55373086803291 4.6791069002594
Capn3 10.5561819143241 4.80430946349245 4.65300016917328
Gem 8.23875211178378 4.35821360652606 4.13720007458895
ND5 12.0185280894261 8.0412286461257 7.90794595969076
Rrbp1 12.1145818395139 7.85935681515651 6.66578700446303
Clk1 11.9513540021191 7.71175324366039 7.4741078644485
Vwa5a 10.3889653824051 6.44915518824009 5.09778142215544
Glul 11.7849610224289 7.43384555655946 6.87893454994713
Arrb2 11.4717203569511 8.02054020420874 7.25982527101922
Pros1 11.415313090188 5.21720300712568 5.16071429399618
Ifih1 8.88841546660143 5.30819038575575 5.02140950828989
Rin2 10.0137972126995 6.22284997495916 5.89775738164472
Tifa 10.6723597482397 6.02299655519162 5.71635918297763
Arhgap17 11.1079285558079 5.31930183902329 5.25207032705579
Phgdh 10.9712292951051 7.51601731159532 6.85454041951086
Appl2 10.8486048843585 7.33355534704466 7.32872477046259
Parp12 9.33903499881959 4.99981401422992 4.81592231768824
Trim47 10.0914805439239 5.25364230898077 4.98427864044898
Lgals3 8.39129093689733 4.70673703342859 4.67988166723684
Fmnl3 8.97083461756612 5.62746524452079 5.52574339880384
Ddx26b 12.2468247856479 7.99668907398648 7.64071050078662
Slc25a45 10.8446724447982 6.21904495258971 6.00052288197115
Plcg2 11.1456382313506 7.19800470879415 6.63927486256744
Ccdc93 11.6280726820727 8.06773564292727 7.954516583951
Mlxip 10.979316932642 7.2799984803682 6.43003386184636
Sash3 11.2827116875116 6.03379943234135 5.25870909549034
Themis2 10.0072343518523 5.23629603901397 5.01964179601797
Stard8 9.0910710928602 5.62007961920965 5.16043989791737
Mpeg1 13.5781184656323 6.18437202915691 5.75865392724597
Hspa1b 12.6715792604311 7.72191181391677 6.52708479097514
Xist 12.7814738520482 4.44045159776551 4.20849689885725
Cd48 10.0036336466823 4.99675913394029 4.59035382227003
Akna 10.6519382313125 4.99369563452931 4.89823581546065
2810474O19Rik 10.2582255456019 6.87728393065179 6.13922566205937
Sult1a1 9.83315975441973 4.98909778511 4.68196563683638
Fes 10.6453727108248 6.06906683289755 5.87317144508962
Cep152 9.46016705782019 5.53549261390206 5.21298049667039
B2m 13.1977909317878 9.73579358010716 7.48419906673231
Egr2 11.2779367742076 7.94551738303282 4.88847108772775
Ccrl2 11.412796081801 5.59009218019556 5.34428217993254
Lcn2 11.5003470873269 4.4510386181755 4.43258962543815
Hbb-b2 7.85273730267384 4.42457410971555 4.10155438529485
Gimap6 8.35675485784954 4.59981460854323 4.47722340132577
Myo1g 9.16480303343511 5.08375798039114 5.07382506931983
Tmem173 11.0209006256616 6.1161730047233 5.92566820445059
BC028528 8.86286621957845 4.99258129550635 4.75464786217034
AF251705 12.004730998868 6.70922229468536 6.39252481160202
Hmha1 10.4033953674837 5.68882542269637 5.58559165295948
Rreb1 9.70547877386974 5.75841476600564 4.98049354369945
Gmip 10.1713248884895 6.09450582340918 5.66469620339688
Nckap1l 11.1568327951404 6.59276408975651 5.35729756569364
Abcc3 9.76277744586897 5.29785236234742 4.96109210393754
Rhoh 10.549623104043 5.05962484666763 4.92143384141036
1700017B05Rik 11.7692217223209 5.76487543813706 5.55412016173559
Srgap2 11.8017176592162 8.30238231118233 8.19881784824069
2810043O03Rik 8.44135319965957 4.14719880648676 4.02985336659734
Gusb 11.5188785741544 6.59665121124455 5.07431840849353
Lair1 10.6130187631943 4.80681467762377 4.38743430951063
P2ry12 12.4746819840061 4.71598786405965 4.55256172454724
Apoe 11.4022383248619 7.73904057634912 7.55993697834854
Epb4.1l2 12.5141878325852 7.25370749978461 6.38373479167513
Pld4 12.0206051656766 5.55555305492759 5.22406368315875
Lrrfip1 10.9400431244598 5.43023558446238 5.38161117192237
AU020206 9.79188957346073 5.88180218174539 5.27373770055869
Fermt3 11.3312647513459 4.84319183515649 4.47404116581323
AW112010 8.18369323968373 4.81243606869148 4.73762468718811
Tgif2 9.99623865035626 6.26696365099965 5.89229442308194
Ankrd44 11.6744535697079 8.16587847457597 5.70313068525193
Kctd12 12.185543532286 8.54573050759292 6.59690116385926
H2-Aa 10.7894269702174 4.65539986004757 4.56200657361977
Fam105a 11.8900076562701 8.46589737958736 7.55766577928136
Cpne3 9.42163896746908 6.0676568839644 5.74061705200867
Herpud1 12.5159313960105 8.37515129018309 7.49548644216465
Cd300a 9.88309640091064 4.84381658023793 4.83942054083606
Tmem71 7.88522201218847 4.20746839176583 4.10889890788657
Lyz1 12.1662559978148 4.95018248791441 4.45667771876446
Zfp110 10.6629985029049 6.97450697372122 6.49787511611498
Clcf1 8.65510766759181 4.26396923492288 3.85810250308536
Adrb2 8.04029829865073 4.42966408455629 4.32617094469581
Lrrk1 9.2169215889832 4.84678352022631 4.70719994730894
Zfp36l2 12.439882687873 7.104251657771 6.08962934443365
Il10ra 11.9839212283458 5.37152981902296 5.08600087447737
Hexb 13.9346832426844 10.4784948811777 7.53614555693902
D530037H12Rik 10.2564249540948 4.21444221986023 3.97152110123042
Rab20 9.52042754395053 4.15205527471597 4.05994026157957
Slc9a3r1 10.4599610051368 6.93627522075246 6.55728964950037
Grn 13.5521140781199 8.78383024160784 7.41834233611297
Mavs 9.49021897689434 5.49448329793071 4.3006879397027
Bach1 11.8613788138478 7.83724894616517 6.988181864149
D9Ertd306e 8.19945017537725 4.00242784367631 3.96004451177884
C79242 8.62864714756362 4.46202907275362 4.43625229299284
Fam46c 12.3550028613422 7.33014480730021 4.6759220764522
Ctsa 12.9509349108417 9.18330475160487 8.61963161465856
Pald1 10.9785325599872 6.07630237359728 5.94592739029447
Ifngr1 12.0357079893049 7.33883923666164 7.22250208721522
Ucp2 10.7968250077029 6.90355293909786 6.77854803093877
Tcn2 12.2009774284341 6.77129098479459 6.03365413920992
Anxa1 9.44951730885527 4.54941062333577 4.54203688465576
Cmtm3 9.86902934165744 5.69409992955949 5.60149334057146
Ppp1r15a 12.6949179793628 7.99993453568607 7.32057173861118
Slc15a4 11.2945119129819 7.74897413112789 7.4495234731783
Dhrs3 10.9504578835445 7.04624952304026 6.23106745531239
Lrmp 8.81165282774176 4.59478362027454 4.50798753586952
Olfml3 13.5847807250187 6.22431266003029 6.02345443801225
Pla2g4a 9.53408946100642 5.12459997264068 5.01817456544464
Ncf2 10.9263417405773 5.71778458952752 5.58772356184123
Il7r 9.24960705759555 4.93494956106398 4.92019810373291
Ctss 14.1436377001564 7.64544255897854 7.17339783436431
Cd53 12.7058528961117 5.49076301513881 5.42502045770143
Fcgr3 13.3678397073662 6.0396655266117 5.91064905540624
Hps4 12.4032005490264 7.88297983550435 7.68816351370476
S100a9 12.1512954978643 4.87331473641727 4.79032113922639
Dusp1 14.0972400899769 9.62564964974911 9.17404058513155
Traf5 8.95498899555541 5.61879001231807 5.59931239101431
Lgmn 13.3819300248455 9.79756404841762 6.91744657575542
Klf2 12.9546948291203 5.33123642827121 5.05343320988804
Fcrls 13.538343734353 5.69255133343924 5.67112413130136
Trip6 9.13109177292618 5.75066966531527 5.54140898196615
Tlr1 9.60520010506197 4.17171766838214 4.15260610569977
St3gal6 9.57804078151655 6.17913101080923 5.4982318329884
Selplg 13.5701528797604 6.72652355155848 6.53532803028937
Cd68 12.2655547644002 7.3541440701296 5.31250214197696
Gpr65 7.70886230022633 4.2868059845193 3.95562107695786
Ebi3 9.33772747039388 5.87317997869545 5.52110340414247
Csf2rb2 9.47900201616068 4.52931966740514 4.15216241446612
Atf3 13.284073086988 4.87490293402276 4.8634613956869
C1qc 13.5961558255427 5.86168290746827 5.3627689900093
Chst7 10.8148655259312 5.98690015135668 5.64812165779318
Hck 11.7859620796645 5.68873171631606 4.71238235745344
Tmem100 8.41986387792518 5.04522738331227 4.97321287168715
Gcnt1 7.991253437913 4.40178631149205 4.3145364909992
Casp4 9.26315299804554 4.3313728493086 4.04393950341851
Lag3 9.80016274610109 5.65617754244598 5.60377833860915
Cxcl2 10.7266031675695 4.21909679758293 4.21522372326992
Ltf 11.851175722853 7.90573664118435 6.21953293469183
Cx3cr1 12.8730629616277 5.70855841387439 5.610945799468
H2-D1 12.6327304628196 9.08190351477622 6.39757978615214
Stab1 10.7605924600716 5.52601514419263 5.3372273044653
Evi2a 12.5942263303086 6.29780966519053 6.15457960929328
Il6 8.13911235858362 4.09084501438593 3.87528050784109
Pdgfb 10.7325445782435 6.32401068561719 6.15261978525416
Mrc1 7.99313411604932 4.29938946376234 4.17008871837218
Cd33 8.96248766850356 5.03031860559117 4.95332591969353
Itgb2 11.9243168449721 4.99219951032332 4.68073975435288
Rgl2 11.1504283303664 7.20301941562941 6.91658235248864
Psmb9 9.4278289264293 6.08021514848771 5.80505711589579
Adamts1 11.4689263478583 5.65072102774064 5.39781785424659
Ang 8.34675454689537 4.12649507277731 4.06541033021904
Sh2b2 9.2750055292418 4.62923705361348 4.56692024124971
Tyrobp 12.872201384089 5.90072801637107 5.77519446879251
Ptplad2 9.63872914137264 5.41272442676678 5.38102705412913
Slc29a3 11.7903703089593 5.50514707029168 5.49669185116455
Pbxip1 10.4609020888979 6.52730823428331 6.35830147696317
Emr1 12.7903721087621 5.63970253929158 5.36106586516139
Nrros 12.3097176638707 6.0564154196475 5.78028546064021
Tmem119 13.7335005220805 6.06930058234902 6.00890178945786
Pnpla7 10.5591266313939 5.81818732056327 5.32915459073758
1810011O10Rik 8.45121368033437 4.39583134671641 4.32771424453883
Slc46a3 9.89987469037992 6.30381887890665 6.02301006250245
Parp14 9.22364341007536 5.12582900737535 5.08848300792687
Havcr2 10.538253418377 4.55820106103252 4.35793312912391
Alas2 10.1462688588052 5.05750877526294 5.00217649682464
Cmtm7 10.4128713125775 5.17396036533963 5.16049326872902
Mafb 11.0489700121364 5.72715905362851 5.21946423794451
Apobec1 9.60585585332662 5.36310635828757 5.34862387596903
Blnk 11.8256575206264 5.9504942725828 5.55969313543808
Tmcc3 9.18215566840257 5.34181737011594 4.9630687294602
Notch2 10.9771741155417 6.61663451407014 5.58441472359457
Alox5ap 12.5974435879102 7.65791617022246 6.1285291857017
Fyb 11.6377216118874 6.02813314537157 5.91538957094251
Sepp1 13.7329438196343 8.71440742288445 8.16560412431547
Ctla2b 9.67840248028284 4.51530966856923 4.19396121181725
Sall3 9.65254474009787 6.25858193427871 6.13575105747544
Hspa1a 11.8173372899826 6.26249521881082 5.62846542453343
Slc37a2 8.79411898885638 5.37426434053129 5.23222728635402
Zfp36 13.4481818753213 6.323153826355 5.77649638214332
Abhd15 9.85244350316464 4.81768035252521 4.80360806303463
Cyba 11.683487063587 5.45533018614834 5.1772441423754
Wasf2 12.4099034178626 7.44602680535941 6.74581986852188
Scarb2 11.7967322153137 8.40160190746456 6.67638824772439
Ptpn6 11.3447432428118 6.61798747633893 6.59802514068948
4833441D16Rik 9.44333514879099 5.06814891735621 4.6141034390013
Tec 10.193963488774 5.61571213267257 5.08047866732108
Cd52 8.77120540091781 5.19227017109408 4.67243144030027
Irf5 10.3658986193304 5.83961009748346 5.78188246533858
Wdr81 11.5953862047792 7.7090231686231 7.5157050262608
Klrd1 7.50002953623071 4.11397251584191 4.05886155684447
Naip2 10.6301514409205 4.62637174542421 4.33762068591109
Anxa3 12.8961234593997 5.33387045626767 5.15614007453875
