Tgfbi 10.214108505107 6.21494266888995 4.46013589978078
Lcp1 11.9186828085383 6.49050126843961 4.27293477202973
Cd83 13.2161047162533 7.48195987688555 5.51127476384152
Sipa1 11.028832104782 7.40886507731582 6.29803091926835
Tnfaip2 9.07410944533167 5.08804174719091 3.92716130155852
Socs3 12.8477426387797 8.15208093846307 4.00632014330203
4632428N05Rik 12.9633024758073 8.4562148510701 4.85608384651317
Spint1 10.3283172527647 6.06816771026918 5.32485906358393
Afp 8.35050803873215 3.89823768264615 3.65934130831672
Clic1 11.3122330580261 7.85647974180966 5.6030417300323
Irf8 12.5462653592052 5.805223455512 5.14151060014373
Parvg 10.4281853264487 6.54984743481383 5.39128565569759
Rps6ka1 12.3511118887686 8.35725392763225 7.5217639687323
Mfng 10.2459357618163 6.26178448577931 5.62248930279993
Slc40a1 11.6873175794834 6.79878357631009 5.58611452628497
C1qb 13.3809165744448 5.23986871605887 3.79874853023126
Ccl6 10.4831140019336 4.87329457821736 4.09802037367063
Cd14 13.3794861542207 7.41131124507736 6.31045862945199
Pycard 11.7530559991681 6.38296205454989 5.30357953172852
C1qa 13.1874316054276 6.90743209727576 5.09269046789414
Il16 10.5676116874908 5.90597083449711 5.3813251325882
Slc7a7 10.9326702827516 5.46985944555835 5.06608237916396
Srgn 13.2795222117037 6.99421664219884 5.3382006439523
Myh9 12.5447914497017 8.25550119647537 7.21534510048732
Nfkbiz 12.6921044506167 8.76968503487333 5.01553705564105
Tgm2 11.6702792723547 7.49103522167393 5.50617144938673
Plek 13.0385446953369 6.54467891208512 5.66330599060811
Itgb5 13.3122301859398 9.90853628036109 4.39935308370024
Rgs1 11.3590498478886 4.91393704355761 4.55172742531507
Cd79b 8.10777669835161 4.73858484389855 4.61254258561059
Snx5 12.5419589726741 8.60977990045376 6.92847607398659
Elk3 10.4319956263106 6.16620949512316 4.57440993816395
Laptm5 13.25292607905 6.68492157478763 3.90114325441831
Slc25a37 10.7377469263125 7.21030211777844 5.98097221990658
Rgs19 10.0869225771368 6.28293691017618 4.81328472313948
Serinc3 10.7887820532689 7.2710246509894 6.37758173018898
Fcgr1 12.2955371160684 5.23937886962804 4.45119637077209
Slc16a6 11.5647594820405 7.33074688375528 5.50241413600463
Ccl9 11.4677327663853 5.05701314929156 4.81298849003731
Trim30a 9.81298833801394 6.34155256961095 5.39560801844236
B4galt1 11.1336165305587 7.30057328386454 6.00363755606502
Tnfrsf1b 11.7452188608572 6.7840417449065 5.9313589881794
Inpp5d 12.4577394438636 7.0173768587035 6.37648431300754
Tlr4 9.57555684780965 5.02354108037154 4.34027193042142
Pmaip1 7.97566326054479 4.57922272067277 3.97894307808157
Aif1 11.8214348072249 5.34695759116771 4.88798431167295
Syk 11.3160084368777 6.82294351411637 6.15912312657101
Klf6 12.2250639567383 8.17274722909545 6.44872981938814
Crybb1 12.2648088011919 7.17765301770871 6.42867122821917
Fcer1g 12.6718396223893 6.74371816345907 5.80324110402207
Ctsh 12.87251521366 6.3928682309376 5.21200897415078
Gpsm3 9.55595780536678 5.55215921906447 5.18919800891654
Ncf4 10.7292352869563 5.20200957837352 4.85269602783883
Ggta1 10.3002208247185 5.6908661206901 4.15758100703257
Lcp2 10.4089431447829 5.04145958501547 4.59797340214007
Ngp 12.7574775005176 6.32230485671202 5.36232688636811
Spi1 10.4190424481911 6.16535206355318 5.92571556422525
Csf3r 10.4683520496493 6.7175124451682 5.36266029431769
Ms4a6b 11.2554621340409 5.08485150841578 4.75199873390149
Hcls1 8.70906636115833 4.85065771891551 4.68443660046314
Pabpc1 11.1781404360411 6.10610358368073 4.53742390577091
Skap2 12.056136723105 8.55348114135535 6.48405869598887
Cebpb 11.5932508063623 7.83262407527931 6.06980518151277
Plxdc2 12.0745716973584 7.94338289425634 5.66142603049965
Cxcl10 9.72683118350032 5.50928194957338 5.12175801087123
Cysltr1 9.25437959121948 4.37566352810993 3.95900535622561
Cttnbp2nl 11.6991350325633 7.26192466781297 5.69351810527501
Lyl1 9.96552235514374 5.3845190427976 4.99037716690558
Ptpn18 10.3344380846283 6.65259096134124 5.58126482703644
Tlr2 11.9276981137555 5.88558457116237 5.56734581072804
Cd163 7.96377468160987 4.14093222045885 4.00309966673431
Serpine1 9.65311808101758 5.50797600991791 4.5826919988731
Mlxipl 10.5385226388773 6.53133675988428 5.11290816525646
Cd37 10.9003612304416 6.46343532129786 5.34059284776231
Map3k8 10.2772018482877 4.96465019185756 4.73951642423914
Myd88 10.6605178444686 6.67773184071477 5.97835685205414
Ccl12 10.6391731596107 4.66622468030487 4.33744965172619
Arhgap4 9.32893709991249 5.55318099269832 5.27209588618214
Pon3 9.25424963832735 4.66572870631199 4.32484165871722
Slamf9 11.1460693903532 7.71800809349554 6.32115102938893
S100a8 13.1710031765985 4.81758285289018 4.57435725940207
Il10rb 10.5493104181091 6.53599212030897 5.23212821991749
C3ar1 11.7048817822179 6.5487579944128 5.3109121926608
Fgd2 12.0963667807367 6.31211440245624 5.8244914712932
Ccl3 13.5359936909524 5.05888708537629 4.51647656829541
Ms4a6d 11.4841310922632 4.67288105510486 4.49812940292336
Ier3 13.5124048716238 8.44650844901499 7.31253477557589
Camp 12.4507582747533 5.75545182239151 5.37803697892627
Klk8 10.1827990465209 5.96768532627652 5.49328206105201
Chil3 11.4871946767607 4.52252409954419 3.85564531901123
Arap3 9.99309938625579 4.46052854349087 4.01706999858315
Tlr7 11.1537008662761 5.41103730772256 4.8675892561965
Csf1r 14.0292728577336 9.35531199986684 6.8013031906346
Hpgd 11.9738918982247 6.05878269918813 4.14817706528807
Slc11a1 11.3948658681908 6.59278631011839 5.63317032335078
Ccl2 9.3887194295731 5.41196057119858 5.13110637274827
Cd86 11.6527693006629 5.28796006369952 4.81081766854463
Gpr84 11.5263505075912 6.40879673453339 5.32737554038853
Trim12a 8.39694276788024 4.2686426386761 3.95802307674998
Zfhx3 11.2191522315493 5.66413956281835 4.41292341595319
Slc15a3 11.3995649353571 5.44425642850786 5.1538233255358
Rel 9.43208070521036 5.80416495746804 5.07412526766677
Sla 12.4329217789332 7.75891109015877 5.72856306835371
Tgfbr1 13.5090583473981 7.80916984271151 5.46063243841214
Adcy7 11.9949098164077 7.43013184396139 4.93078859559897
Lgals9 9.69958847858634 5.83984136226262 5.21457216801323
Trem2 11.303795824757 6.86199349863984 6.30976893029418
Gna15 8.99367862824198 5.46163838190313 4.89508697444916
Birc3 10.6915102166933 6.35725434192545 5.92938987585731
Igsf6 8.83394697282607 4.44802245741269 4.12817669282167
Samsn1 8.81738530496463 4.83487128284629 4.43821618315275
Il1a 10.5376640185961 4.56117092958459 4.34582226308107
Hpgds 9.22775583355141 5.36114763825262 4.99424672756042
Naip5 11.0978070538461 4.7482481286837 4.18467892611703
Ccl4 12.6588721873418 7.57277391629431 5.86406799427228
Stat6 10.468465477124 6.26844492204579 4.82017685810162
Clec4a2 10.1399334143348 5.16282126801002 4.88038193794205
Fli1 10.1221580891138 4.27751756156978 3.84130317425134
Ets1 9.52298260959165 5.41137843899927 3.98964808252408
Ptprc 12.4924457080349 4.65767680768904 4.30159531149022
Ccr5 11.6775104276773 4.73324370076828 4.38959004289629
Il6ra 12.6762370901779 5.81855045536874 5.53441642687228
Tgif1 8.32241012578398 4.987541517012 4.51265531403328
Pla2g15 12.3402771280608 7.95954510098908 6.51408039501244
Ifi30 11.3741036101554 7.30657712262821 6.12646519768104
H2-DMa 11.302506340632 7.67009779970121 6.38003943657008
Gpr34 12.0465417111213 4.19368149513091 3.98113196935071
Rrad 10.0218987777276 5.91439412995518 5.14973824737587
Rnase4 13.0645450224258 6.29356084099841 5.02852110279954
Hk2 12.2311857728962 7.48676634008317 6.07256261231875
Hfe 11.261965590755 6.72231190854532 5.95662497608571
Pik3cg 10.1391450667911 5.82672593296994 4.99988540699041
Cd84 9.79853579725004 4.69157283023393 4.42510129271219
Ly86 13.8484382572477 6.74950103891525 5.53427473309651
Vav1 10.4988780096262 4.17296134565055 3.95208536756467
Cfh 10.9189995251726 3.89915245757657 3.47408971907995
Tnfrsf13b 9.55249902249023 5.06141385584079 4.35829656765996
Hhex 10.0129558927535 5.84755456905691 5.25884954029982
Entpd1 9.36332417160173 5.53588320326248 4.17629058038797
Ptgs1 12.1460566579667 8.49200622108481 4.91901395540753
Adrb1 10.6329930698674 7.21469080884287 5.54176181822654
Lyz2 12.6255399097117 7.28646041856455 5.94417062454589
Ctc1 11.7381009275171 7.76218397897716 7.27793583984466
Unc93b1 11.2638153754962 7.04727919945064 6.55292031535937
Cmtm6 12.3249537931389 8.84627195492235 4.83455868332823
Hvcn1 10.3744362140918 5.87573324105052 5.27247522877549
Edem1 10.5468048765477 6.8313793796782 4.5579898454256
Icam1 12.0835121128031 6.38216719391081 4.87654944752101
Rcsd1 12.3327371826167 7.67065657412236 6.28890381832693
Tmem140 8.37653073680301 4.61822570513263 4.43277454308695
Cd177 8.34962699286364 4.62823148815291 4.15519629513108
Casp8 9.75678338176791 5.295352003559 4.94504452508874
F11r 12.1396861374846 6.40065513695597 5.63286101815697
Ifi35 9.14048261664104 5.64999053890184 5.3027209556392
Tor4a 10.2205590701386 6.83724743932927 5.75274787903696
Lpxn 10.7275528959061 5.17961553968256 4.52325626184344
Siglec5 8.28941632201165 4.06383179333015 3.78730808301599
Fcrl1 9.22764356004362 5.60165430596045 5.28578111414049
P2ry6 11.5574667748729 4.67299010787858 4.30083792153558
H2-K1 12.7949568117272 7.82372623854466 7.27179767323754
Tgfbr2 12.4393744689228 7.63310568903001 5.95170057655203
Ceacam1 8.80282175058088 4.71595693220253 4.42611851250058
Mlph 9.57489838859243 5.82305376271943 5.13011595474762
Ncf1 8.88584686160739 5.54974611458668 5.18758725321362
Il13ra1 9.84239214017086 5.499798318112 4.2730760187553
Adap2 10.5722797031115 5.26252912846327 4.97485239178243
Capn3 10.3369957490321 5.14033312328984 4.5056273453004
Arrb2 11.4983554070217 7.17382154873996 6.60172852499708
Pros1 11.4603712254362 7.39207433974594 4.65703045520425
Arhgap17 10.9767981793134 7.49664021523232 4.96334687378786
Trim47 10.0791566495733 6.56186250088837 5.27040188419685
Lgals3 9.11302237976578 5.7551226392241 4.69202939961542
Plcg2 11.1549584884923 7.61387345372286 7.15049462112006
Sash3 11.249005723635 6.90148158749175 5.40222391354521
Themis2 9.99513496121799 5.24396986883598 4.99252179096231
Mpeg1 13.5931395335038 7.1014571964481 5.75790353122935
Cd48 9.95999221182058 4.82323723628891 4.2713356711434
Akna 10.7072692564892 6.62663941705133 4.724534153897
Fes 10.5551239260507 6.77030738278368 5.92383968166329
Cep152 9.74520694836984 5.90458059081334 5.59289285086944
Egr2 11.2484829324693 6.59668084702476 4.43360430387743
Ccrl2 11.3826980615646 6.43823465659561 5.70692394501564
Lcn2 12.0118513639671 4.53188202738152 4.21595300928304
Hbb-b2 7.88283645776123 4.2831096134419 3.8611578963522
Tmem173 11.0989726590541 7.6726319574762 6.10271478077122
AF251705 11.9378287827213 7.42817117179712 6.33337302952858
Hmha1 10.4292840746509 6.01833362806498 5.34691068864841
Ebf3 8.03327435115078 4.64371040172195 4.05186445455206
Gmip 10.0312950363764 6.45364965492016 5.69570416963306
Nckap1l 11.1514517971807 6.28871075492528 4.88678426562665
Abcc3 9.68880748830503 5.82411824285216 4.95577516982209
Rhoh 10.6886747062572 5.58275683788078 4.76554004556271
1700017B05Rik 11.7630363477309 7.34141138323772 5.59929376657847
Lair1 10.6341607739461 5.63233562556744 4.87458358941028
P2ry12 12.3417720061336 5.6912053472515 4.61415466113346
Rnf19b 9.59453701735849 5.62710998019069 4.86067012070748
Pld4 12.0162068213804 5.95434626446506 5.35894157618784
Lrrfip1 10.7165591037594 7.02407347037351 4.79367010620965
AU020206 9.7250304187546 5.63567704362884 5.02129756995067
Fermt3 11.255187597153 4.59194921869508 3.90662880312251
Ankrd44 11.6555430067368 7.95315339403316 5.3760305622877
H2-Aa 10.95884712019 5.87095361261917 4.73172832036236
Fam105a 11.8141138102905 8.25354826322348 5.95258786084075
Herpud1 12.561534184029 9.08728671974159 8.27669272259206
Cd300a 9.78331319123392 5.48892497681941 4.84496685891362
Lyz1 12.291433368859 6.27945970188857 4.32479485118687
Clcf1 8.66818372368241 3.98178265885231 3.67169514728419
Adrb2 8.06163788196254 4.38126144349467 4.22715852230455
Lrrk1 9.00233842375518 5.35038770660782 4.60897751704056
Il10ra 11.9204835825207 5.0870006804979 4.74965557517656
Hexb 13.9682695694516 9.08194792232633 7.52852395923451
D530037H12Rik 10.2863068988974 6.903534094856 4.64455358745779
Rab20 9.47961105235741 5.06623043099281 3.90946634873098
Grn 13.5694893497197 10.182142497977 8.05021314654064
Ifitm6 9.52062006754197 5.79717988473705 5.51271455332007
D9Ertd306e 8.17933645172779 4.56860747089937 4.25423696248082
Fam46c 12.3008656779841 6.27699619149465 4.59361532940701
Pald1 10.8157904216058 6.75400541747764 6.09703419945886
Ifngr1 12.0120817823602 8.32450074790656 7.24115559905304
Anxa1 10.0891907764378 5.57325152437925 4.43750003808793
Lrmp 8.72621364395205 4.57628088628533 4.3328009580308
Olfml3 13.5589885962411 6.93052395794342 6.08441178470241
Ncf2 10.9678841319022 6.29355435985156 5.59295161685657
Il7r 9.09542824054331 5.77183334290672 4.86901527874281
Ctss 14.0972400899769 7.93823869144166 4.96702275466653
Cd53 12.647448770815 5.49779603691633 5.17099115957211
Fcgr3 13.39521832835 6.32906334914829 5.30543369843529
S100a9 12.5433488948648 5.1799211072161 4.65511953343684
Klf2 13.0114488593516 8.88662738504177 5.63689835611529
Fcrls 13.5094801235154 6.63765321130607 5.56088216098945
Tlr1 9.47210882993985 4.53361713728255 4.12440904333277
Selplg 13.4608296010201 7.78799776423691 6.21574761531593
Cd68 12.242490069775 5.84004108965046 4.89726340357513
Gpr65 7.84688309866013 3.99765775638852 3.834563087589
Casp1 8.7453943640576 4.58347436926763 4.17620454387694
Csf2rb2 9.41716750216967 5.05133924090268 4.58460571935121
Atf3 13.3007390383143 8.33713056298996 5.29638159178139
C1qc 13.5863871767458 6.34890826919352 5.1230897462742
Hck 11.677853867497 5.54392471357396 4.613580653524
Gcnt1 8.17673933531389 4.34781397282037 4.12396031434698
Casp4 9.24666718666705 4.74610372351752 4.0734771969519
Ehd4 10.2095137657382 6.7125899591605 5.19361318352432
Ly96 9.04291773410898 5.21057877415659 4.57323644442594
Lag3 9.95212609690159 6.24174068099855 5.22836806335992
Cxcl2 11.1862547067567 5.00607635795836 4.27262343230012
Ltf 12.2109361391241 7.72410235303682 6.18254306883166
Cx3cr1 12.8661645891936 6.43839445031707 5.28023427224278
H2-D1 12.6018887958776 7.88014107667119 7.12029964373831
Stab1 10.8319181809469 5.19661904562824 5.05665980904981
Il6 8.39447282799593 4.19177730787933 3.82956662042699
Pdgfb 10.784427213788 7.33180511026873 5.83135531004206
Mrc1 8.63837955832117 4.57821194839986 4.11481343912311
Itgb2 11.8272052895604 5.13509474977174 4.62672852633843
Psmb9 9.34845122497028 5.89476014870749 5.33593352551144
Ang 8.39410428367088 4.22733490338688 4.00401964799365
Sh2b2 9.22244603896785 5.36127001131312 4.68557192744576
Tyrobp 12.8882077765556 6.61209615399955 5.52564246585815
Emr1 12.7324162108168 6.63702452869553 5.51726729187898
Tmem119 13.7062504747088 7.13476014811442 5.49290060916939
Parp14 9.29651035265735 5.65718102696276 5.21981106321421
Ttr 13.2596253146871 7.07505664374136 3.93013649737704
Havcr2 10.6395343238155 4.38158004615621 4.22863087116464
Alas2 10.1192139258561 5.25502976188958 4.76128293610861
Cmtm7 10.2158890607314 5.83076152647714 4.89726773057391
Blnk 11.7867853033936 7.11864082351518 5.15493080528775
Alox5ap 12.5576931349978 6.91280554593403 6.06459773491197
Fyb 11.7070682335866 6.090368366267 6.0060078558136
Ctla2b 9.98817720392032 4.46868136299752 4.07132640336675
Zfp36 13.4710413836478 9.86675409800298 6.98355790454453
Abhd15 10.2572440975652 5.43432038716633 5.00935742252413
Cyba 11.7795222099381 7.2410334102754 5.14129415752682
Spata13 11.8423721764084 8.32203849603513 5.20698160275355
Ptpn6 11.5568573976642 7.73938585789292 6.50557264376891
Tec 10.1464631671626 6.77027772555513 5.72411509586624
Cd52 8.87459768254704 4.86748977924877 4.5684152116115
Irf5 10.4986359523617 6.57743280760752 5.50093789970726
Naip2 10.6906973938164 4.65100435780965 4.26667648395476
Anxa3 12.8939144704404 6.27729254344677 5.05766612964157
