Gsn 12.2614438973556 7.74807500373932 4.86734305957144
Cldn11 10.9871751516784 5.41961432696054 4.18827368940764
Trim59 11.1172432705013 6.08676681946835 5.71525725803115
Apod 11.7384422954899 8.38783917179812 6.40081829473245
Lpar1 10.9872266168526 7.31263959488522 5.85179565910027
Mal 13.7131927242452 6.92920602260842 5.08168169702543
Grb14 11.6431584042926 8.05218638431935 5.39617389579478
Ppp1r14a 11.6051825431611 4.84588425087323 4.22637400403842
Ugt8a 12.4060993769206 6.23840544042552 4.23442880885491
Mbp 14.1651170016555 9.15878583331848 5.67451576469815
Ndrg1 12.5813027340342 8.31691696112194 5.20608195223211
Mobp 12.6480573713948 6.47167647119856 4.70994976448284
Gamt 10.8589469469221 7.4631542840734 5.91504996863939
Ptgds 11.4630040683242 7.02229355381916 5.4536247401554
Pdlim2 11.9958238516097 8.11773858156122 5.63155696021234
Lims2 10.9483812942151 7.57376913670452 6.7780441470529
Tspan2 12.4558849596478 7.87838211709751 4.84390924016187
Slain1 10.64316710463 6.72941310302759 3.83785991001748
Sox10 12.2866233258216 8.68020463030873 6.81036957031292
Plp1 13.4014247787345 9.26763041804406 4.49016887835552
Ddc 10.5079021910474 6.00088697502188 5.02668147617275
Fa2h 11.6245849969769 8.2019727448421 6.1986042973475
Nkx6-2 9.37387566822839 5.11076801046992 5.01510736617473
Anln 10.1820419190245 5.92068369597722 4.84967932018866
Erbb3 9.72734422539848 5.8319133336765 5.34505332846869
Plekhh1 8.38527467029354 4.93317828410093 4.5219607368341
Mog 11.1705687125947 4.38409809697612 4.05632999264306
Josd2 11.0975283409255 7.43503801372735 6.29290008063458
S1pr5 10.6270554258257 5.0533581893264 4.39486071876747
Adamts4 9.61151641303023 6.16417692183144 5.29133783767279
Mag 11.2924924416191 7.46301176076945 5.88395804757991
