Gsn 12.1407497409369 7.9307336910168 4.98912680715409
Cldn11 11.0116199589862 5.43321544998823 4.11745730228687
Lrrn1 11.1751577455624 7.72462600756595 4.62602124459569
Trim59 11.3834671356711 6.20422273432828 5.55410167317322
Apod 11.7687884424129 8.37579237390606 6.40081829473245
Lpar1 10.8388426144503 7.37316883378865 5.85179565910027
Mal 13.7435970095174 7.21151284484316 5.09274312669795
Grb14 11.7380052965558 8.26615506450577 5.39617389579478
Ppp1r14a 11.5255031879705 4.9031214094034 4.20369068055093
Ugt8a 12.4839911762134 6.2846439577589 4.23442880885491
Mbp 14.1839771564303 8.95267917630333 5.28147616687168
Ndrg1 12.6229812410251 8.11521776151541 5.08738556712697
Mobp 12.7314063082963 6.47859600628704 4.70994976448284
Ptgds 11.366996133703 7.01678196497854 5.39154375557048
Pdlim2 12.062336786589 8.11773858156122 5.59862537606953
Lims2 10.8511037743423 7.48441234458749 6.7780441470529
Tspan2 12.5837967756338 7.55003083338216 4.84390924016187
Slain1 10.597563325531 6.88231132955575 3.83785991001748
Sox10 12.2671542711826 8.71292052625124 6.81036957031292
Plp1 13.4236360038941 9.53578624892895 4.49171706756047
Ddc 10.5985441785903 6.05880905638542 5.0278302746475
Fa2h 11.6185489678685 8.23653822491873 6.1986042973475
Nkx6-2 9.32545112286794 5.18459647250331 5.01997927626537
Anln 10.2817667500635 6.00701015001321 4.84967932018866
Erbb3 9.67569711625096 5.8218692917208 5.31921067852337
Plekhh1 8.32833012492119 4.93317828410093 4.55191030726053
Mog 11.2797617723029 4.40668197415383 4.05632999264306
Josd2 11.0724120050391 7.37863877967118 6.26279247979762
S1pr5 10.6483820894207 5.18079077173486 4.45757915319217
Adamts4 9.71370053706312 6.09941845157333 5.29133783767279
Mag 11.220256327435 7.46301176076945 6.14400286590635
