Golm1 13.1792932323564 6.74432430435895 6.65454521272411
Dusp6 12.1118170992931 6.36346257110652 4.75118865034788
Tgfbi 10.214108505107 5.13921909853338 4.47145574091784
Sgpl1 9.58944930363067 5.6169772392092 5.03445531419418
Junb 11.5499826198348 5.67919808437729 5.48769639534713
Lcp1 11.9186828085383 4.8258639896901 4.40345899634537
Txnip 13.6926905825169 6.85940895146646 6.39476488587245
Klf10 10.2647564636486 5.92726526584937 4.54129716426806
Cd9 11.7908634776503 7.1295407773366 5.33037475967055
Ifrd1 11.3900169042777 7.84274551950313 6.52667101561564
Cd34 10.4821943254353 5.02944731004292 4.78089229986247
Cd83 13.2161047162533 8.84162718393048 8.33785063261351
Serpinf1 9.44570354298151 5.93004212003646 4.85346146607425
Sipa1 11.028832104782 6.78137928833815 6.74818955345167
Btg2 11.3906424677534 5.74827090285414 5.3234927735653
Tnfaip2 9.07410944533167 4.45772967292602 3.99412492507305
Litaf 12.5687309938788 7.73213047002042 7.73091099835349
Cyfip1 12.6115291742802 8.26626142630543 7.33688694148769
Lamp2 11.5544716379291 7.67883116258683 5.59904368120053
Snx18 11.8255448234537 7.5103792073628 6.89088698089618
Ctsc 12.6108642775907 5.46792413504252 4.84361434704855
Ier2 13.4029366730924 7.4261525116402 7.3756425651479
Rab32 7.51642002223175 3.84341688725041 3.81254887350059
Nfe2l2 11.356253934114 6.34105576770227 5.03412848526022
Socs3 12.8477426387797 4.71815084389058 4.07834668519486
Sparc 11.7443656880018 7.50951657654138 5.30779422153395
Scamp2 12.1490850674193 8.13450329566195 6.95735446204661
4632428N05Rik 12.9633024758073 5.58786870281323 4.97476926381968
Spint1 10.3283172527647 6.18036757961912 5.71248514959781
Afp 8.35050803873215 4.13193444905157 3.75804031758562
Clic1 11.3122330580261 6.29099829057397 5.36171596970359
Tspo 8.89121618445163 5.35576725030679 4.412340032409
Irf8 12.5462653592052 5.33942139396916 5.32604190683382
Tbxas1 9.68864876043037 6.32750255433199 6.00331289177
Slc39a8 8.14296708004609 4.05505896852643 4.03465436888717
Parvg 10.4281853264487 6.38975412599871 5.80819271319482
Mcl1 12.2077605709068 7.64530231870219 6.62848394215736
Rgs10 13.3720136026536 9.61590967876387 7.13675175364693
Rps6ka1 12.3511118887686 8.58051049821787 7.38143708944099
Parp9 9.69879112347596 5.99955198853406 5.96338621736919
Tnfaip8 10.106166018297 5.53179694332978 4.5032596023589
Mfng 10.2459357618163 5.79416430121085 5.78549232742893
Slc40a1 11.6873175794834 6.07261812654473 5.90255531581239
C1qb 13.3809165744448 5.78044505364434 3.77295035248997
Egr1 14.0292728577336 9.87247475764755 9.23457946392234
Cyp4v3 11.0156233140278 6.43625172255468 5.92241885059019
Syngr2 11.5324666076936 7.23242112191608 4.70219310587863
Man1a 10.4589772827202 6.97104953654483 5.11280117825967
Plekho1 10.5257553521498 7.11487202962351 5.92305650981574
Pmp22 12.2434056339285 7.96299942687346 7.15509428474233
Usp2 11.740363352364 8.02391872558925 6.50313524653648
Ccl6 10.4831140019336 4.75352870020771 4.66218384904441
Cd14 13.3794861542207 7.44380668314819 5.66787665202428
Tob2 11.2863217891244 6.90069663536246 6.51431367401399
Pycard 11.7530559991681 6.3058166534511 4.94390901788671
C1qa 13.1874316054276 7.06863328059186 6.21953764329348
Il16 10.5676116874908 5.86683793532386 5.50484190966306
Slc7a7 10.9326702827516 5.11839813022518 4.91200517681046
Klf4 12.8356975471887 5.714774815508 5.58779533444038
Jun 13.1513958362792 7.40365929270911 6.29582188432002
Srgn 13.2795222117037 6.55811503494126 5.63692260842698
Myh9 12.5447914497017 7.72686291945687 7.00196141080112
Nfkbiz 12.6921044506167 5.15398395789395 4.60635791472755
Tgm2 11.6702792723547 6.73618086543087 6.32915124785044
Plek 13.0385446953369 8.08764483227677 6.284951345552
Itgb5 13.3122301859398 5.75383873024863 3.76926585224014
Elf1 9.08464008124719 4.82428552672636 4.28444116240497
Rgs1 11.3590498478886 4.47511526105641 4.13931028969736
Ier5 13.0447369736646 7.2936818490472 6.08943010787812
Snx5 12.5419589726741 9.17321900248853 6.60117756074002
Laptm5 13.25292607905 6.5068646874863 3.76681691124084
Tjp1 12.026873644078 7.67833702138114 7.47491903051841
Slc25a37 10.7377469263125 7.14491429579319 7.10861925785272
Serinc3 10.7887820532689 6.90420044358268 6.65911607582857
Ctsz 12.9968566741552 8.11284628161323 5.3408269731071
Fcgr1 12.2955371160684 7.08851112797011 4.45014632257166
Slc16a6 11.5647594820405 7.20399259750587 6.24127563644471
Pdlim4 9.51167808110339 5.85837150496053 4.51448514063572
Ccl9 11.4677327663853 5.1118110314604 5.10232533803845
Trim30a 9.81298833801394 6.3455284222786 5.60977324224949
B4galt1 11.1336165305587 7.3074035080655 5.78796886478159
Tnfrsf1b 11.7452188608572 7.08880597487678 5.91803444866622
Inpp5d 12.4577394438636 7.15339506144521 6.48503337632538
Tlr4 9.57555684780965 4.33979478040795 4.28667416102
Pmaip1 7.97566326054479 4.14084233099217 4.11201390163063
Aif1 11.8214348072249 5.10694501276214 4.86387340668621
Il15 7.64022998784039 4.24385701071058 4.21600330883838
Lims1 11.3701224038562 7.72664767147516 6.47152842213376
Syk 11.3160084368777 6.61232505110622 6.10515186130776
Klf6 12.2250639567383 6.95382029203471 4.85816214578708
Crybb1 12.2648088011919 6.51365359586807 6.45251782806374
Fcer1g 12.6718396223893 6.17520335869653 6.02993566183154
Ctsh 12.87251521366 6.00965809746913 5.31328149711351
Gbp3 8.52766426384374 5.08396834590378 4.60400743035439
Gpsm3 9.55595780536678 5.89274047490569 5.45852466237494
Ncf4 10.7292352869563 5.32805354692573 5.09566186413785
Ggta1 10.3002208247185 4.76345195682467 4.49435310078212
Calcrl 7.78386106503694 3.98495993082951 3.93106950002152
Lcp2 10.4089431447829 4.94229654960145 4.91926975095086
Ngp 12.7574775005176 6.5048701620184 5.34551025381084
Spi1 10.4190424481911 5.92271879861129 5.73847227836483
Atp7a 10.2141459779396 6.16684849268269 5.6950493411206
Csf3r 10.4683520496493 6.7951002481538 5.36336670908952
Ms4a6b 11.2554621340409 5.26507619018112 5.1719430517452
Hcls1 8.70906636115833 5.03414656554953 4.89113447253544
Abcb1b 7.92972663366054 4.55356415291769 4.44529485118015
Pabpc1 11.1781404360411 4.56900098798162 4.04543772209525
Skap2 12.056136723105 7.44661147024731 6.99643111487379
Cebpb 11.5932508063623 7.30602516416299 6.79240529546178
Plxdc2 12.0745716973584 8.40593576631892 6.30184372314485
Cxcl10 9.72683118350032 5.51659007145838 5.05855599879951
Cysltr1 9.25437959121948 4.38936940765559 3.96583132803697
Cebpa 9.84230025530157 5.97243441402077 5.2399733358463
Cttnbp2nl 11.6991350325633 6.37142770894431 5.59661816977406
Lyl1 9.96552235514374 5.194580620915 4.92995663577073
Ptpn18 10.3344380846283 6.82925524964404 6.24507544218691
Tlr2 11.9276981137555 6.33302133155799 6.08373172990984
Cd163 7.96377468160987 4.00804277200457 3.95629835738244
Serpine1 9.65311808101758 5.67446225145156 5.36342911645418
Mlxipl 10.5385226388773 6.63925278547469 4.52867168292769
Cd37 10.9003612304416 6.17673230229671 5.66611097281953
Map3k8 10.2772018482877 5.32180009379889 4.62292524688166
Myd88 10.6605178444686 6.25878483727875 6.1672802030073
Ccl12 10.6391731596107 4.94460487642236 4.64485927129258
Arhgap4 9.32893709991249 5.68802872503563 5.16127901506211
H2-Oa 8.62773488286702 5.26560665424124 4.92341242929501
Pon3 9.25424963832735 4.44064420938721 4.29467602191802
Slamf9 11.1460693903532 7.63339823219211 6.38452642313651
S100a8 13.1710031765985 4.8104770194603 4.75779838561225
Il10rb 10.5493104181091 6.98672845270439 5.24205175033473
C3ar1 11.7048817822179 6.95462834414582 5.5804491860214
Ripk1 10.2351943744533 6.53508296467554 5.0883393481998
Fgd2 12.0963667807367 6.20107515625609 6.11694209194405
Rela 11.8418378886618 8.1405489319733 7.88071901540635
Ccl3 13.5359936909524 5.14566000312147 4.76335983065661
Ms4a6d 11.4841310922632 4.74110967435818 4.55486706027685
Ier3 13.5124048716238 7.54756230024799 7.30111335637972
Nupr1 9.91190169343546 6.36074552858229 5.09134306494632
Camp 12.4507582747533 5.63427677621982 5.53576739691444
Klk8 10.1827990465209 5.70721072178583 5.66590602493191
Chil3 11.4871946767607 4.65664211659927 3.89825094924151
Arap3 9.99309938625579 4.70429644845303 4.09466666322108
Tlr7 11.1537008662761 5.54351473286317 4.83232247675334
Csf1r 14.0292728577336 8.55923521871044 7.71069681033013
Hpgd 11.9738918982247 6.19934411564211 4.30905014582743
Mcm3 9.01275163949269 5.1150192635707 4.74643156245029
Slc11a1 11.3948658681908 6.27706749984699 5.80581107502965
Ccl2 9.3887194295731 5.44249955901066 5.20677273221707
Cd86 11.6527693006629 5.17885084302756 5.03575516704151
Prkd3 9.77821211859841 6.2056303531732 6.18543630936741
Gpr84 11.5263505075912 6.19466018044723 5.5501145097757
Vamp8 11.7850542682879 7.07617452746561 5.99741956236631
Tcirg1 11.2860007996333 6.91707355245036 6.35437942640278
Sqrdl 11.1213981292751 7.37772545174852 6.03647737013612
Trim12a 8.39694276788024 4.21933048541652 3.88310046399269
Slc15a3 11.3995649353571 5.59501150593583 5.09650087405191
Rel 9.43208070521036 5.44207081073404 4.67116238155763
Tsc22d3 11.5894187043498 7.28991459022169 5.07807678998821
Sla 12.4329217789332 6.25254325372345 5.57846687189508
Itga9 7.44944104381667 3.91483733703262 3.90044023161863
Tgfbr1 13.5090583473981 7.51690205570303 6.62301352189078
Asph 11.0774007157198 6.88137976855174 5.38524856415216
Adcy7 11.9949098164077 7.06011734640231 6.73916005182373
Rbm39 10.2573002722239 5.36916933892111 5.14798620463975
Mef2c 11.6348296409646 8.26604306843485 8.25930768609649
Bmp2k 11.294755197974 7.61927030901358 5.74493767042921
Itgav 11.4469634886707 7.59012170891442 7.29723687397611
Lgals9 9.69958847858634 5.65517829231116 5.20882408882493
Trem2 11.303795824757 6.90212397351726 6.21077692639727
Gna15 8.99367862824198 5.64665546703499 5.24988651627878
Birc3 10.6915102166933 6.02559551758536 5.78918245242294
Igsf6 8.83394697282607 4.44533358898486 4.24908238108703
Samsn1 8.81738530496463 4.76047822661356 4.39628195584551
Il1a 10.5376640185961 4.60367673702319 4.24872766891511
Hpgds 9.22775583355141 5.16551213110563 4.92638447309185
Naip5 11.0978070538461 4.59160112214206 4.54877002079738
Ccl4 12.6588721873418 7.68376333010604 6.00948663221104
Klf3 8.5494364974985 4.91460107901244 4.79267264084423
Itpr2 10.8475742428576 6.08974327133153 5.9128320363614
Stat6 10.468465477124 5.5044700656322 5.00429218369461
Msn 10.8303816272 7.40588719852147 6.12180243401247
Abca1 12.0542577742267 7.08850778622301 6.27761904405159
Adam17 10.5495689245511 6.02349648675899 5.94737579253189
Dapp1 10.6129812986097 5.00225580633252 4.7449173469659
Clec4a2 10.1399334143348 5.15122976760053 4.77574067722554
Fli1 10.1221580891138 3.89511431928022 3.83353552123245
Mitf 10.359595527133 6.67824190920375 6.51725419326831
Itgam 7.59528570318745 4.26550062222707 4.22686541742208
Ptprc 12.4924457080349 4.90098821088406 4.42933905646668
Fosb 12.0153263432166 5.76060974169202 5.33048322236987
Ccr5 11.6775104276773 4.62645664297294 4.42150020873062
Il6ra 12.6762370901779 5.6890394124099 5.59869014026284
Tgif1 8.32241012578398 4.65573832069014 4.56978499602906
Pla2g15 12.3402771280608 8.26524325710549 7.27716590026208
Itga6 11.5191682655928 6.25369353265217 6.23791024058212
Ifi30 11.3741036101554 7.60320646525832 6.32028312400698
Cables1 10.7296553966912 7.40549455949623 7.3190737249122
H2-DMa 11.302506340632 7.64793696298182 6.17383109990348
Zfp36l1 12.768092682973 6.39056738229984 5.24930033151973
Gpr34 12.0465417111213 4.29875627403057 4.01023184703021
Rnase4 13.0645450224258 6.38337811956423 5.69954339571671
Hfe 11.261965590755 7.49278282445025 6.49516589757659
Pik3cg 10.1391450667911 5.49130402701303 4.97823114529729
Zeb2 11.448770010793 7.60493124616166 6.43007046997266
Tlr3 9.57440918362698 6.03804653798521 4.81485189993663
Mertk 13.1492058693859 5.88149935100772 5.20815521392721
Cd84 9.79853579725004 4.7895770292379 4.64576472846645
Ly86 13.8484382572477 6.236968706916 5.93487481875697
Vav1 10.4988780096262 4.39801745556744 4.02486518055733
Pag1 12.681394781079 7.66210648487717 7.36905620422021
Cfh 10.9189995251726 3.92495166725118 3.61118422815803
Tnfrsf13b 9.55249902249023 4.95203470634291 4.48945788311798
Cebpd 10.5727375378467 6.31478126515244 4.17204514468295
Smim3 9.36289130684882 5.89458828905017 5.83689262606196
Hhex 10.0129558927535 5.87854217800577 5.20405330138431
Entpd1 9.36332417160173 4.64773317299088 4.23405960083029
Ptgs1 12.1460566579667 4.90927675513803 4.62911116410164
Adrb1 10.6329930698674 7.05026003047166 5.09790003842162
Stk17b 9.82516171443988 5.93151271931481 5.52469974420379
Frrs1 10.5118954880326 5.45828563911567 5.23125956840428
Lyz2 12.6255399097117 7.0044378834778 6.38224637874635
Ssfa2 10.3963514628908 7.01842675141082 5.52744159850267
Galnt4 9.17182977737832 4.99733666459436 4.84242347506386
Ctc1 11.7381009275171 7.61449228374286 7.39784982182719
Unc93b1 11.2638153754962 7.3566950624565 6.27307580476327
Mob1a 11.6524237224905 7.7199401635504 6.66897659309052
Cmtm6 12.3249537931389 6.59210813007923 5.14544956771659
Tspan14 11.1135085123949 7.24925017634849 5.9769453942349
Lpcat3 11.4010483293012 7.30763768892061 6.78286487792067
Pxn 11.7931446549569 8.46536354512411 6.87820065532239
Hvcn1 10.3744362140918 5.58429233725142 5.51364228654676
Srsf7 12.2454124184616 8.86076227897474 8.81793401627192
Edem1 10.5468048765477 6.1614669204704 4.38946008833198
Icam1 12.0835121128031 4.87709254471929 4.56334741412225
Ptbp3 11.2821230739434 6.75709679300219 6.41690527127529
Rcsd1 12.3327371826167 7.78286426610337 7.14141599054672
Npl 9.96550349349474 5.41341756208925 4.78340444961583
Tmem140 8.37653073680301 4.63286508257367 4.54335812839088
0610040J01Rik 10.8216796982396 5.6747762267321 5.57502011454994
Tm6sf1 11.2414066824985 7.33233780039985 4.57232339353684
Cklf 11.4118605648373 6.29004476115574 6.07112585382144
Cd177 8.34962699286364 4.51433215626405 4.5077993917799
Casp8 9.75678338176791 5.07872597176215 5.03310359726959
Tmed5 10.5709139699701 6.9835742949165 5.37858384169745
F11r 12.1396861374846 6.66097032747733 6.14919107479451
Eva1a 8.74419904985229 5.31332629388901 4.29683506732125
Zbtb1 9.43873268438121 5.9706643049197 5.92549573429767
Reep3 10.8117416298317 6.12038897673998 5.48620273921546
Tor4a 10.2205590701386 6.56465481333376 5.7343094212421
Ptbp1 9.15244960297567 5.79872054614149 5.62301703372143
Plxdc1 10.9345884722293 7.39183454531454 7.20798932841787
Lpxn 10.7275528959061 5.04089908291563 4.82006179231173
Siglec5 8.28941632201165 4.06081188799913 3.9073208729938
Mylip 12.3911493278824 7.76469235717141 7.73255444631485
Sfswap 7.88789298721274 4.52189778711247 4.45523631120105
Fcrl1 9.22764356004362 5.72281532319793 5.24832397833742
P2ry6 11.5574667748729 5.08722101910995 4.58456148412946
Ighm 11.5555075036114 7.12798624229002 6.75297887765417
H2-K1 12.7949568117272 8.66268703985263 8.56594078382132
Tgfbr2 12.4393744689228 6.63966649240628 5.36917649527724
H2-Ab1 8.19904913228906 4.730230353693 4.48671271930195
Ceacam1 8.80282175058088 4.62503769406912 4.6166567580677
Mlph 9.57489838859243 5.72955643810668 5.32595600403485
Ncf1 8.88584686160739 5.46124528955728 5.27735161246878
Adap2 10.5722797031115 5.43327693574292 5.41515168927321
Pld1 10.8239587790307 6.4961201687981 6.4209596355823
Pon2 9.33868555313833 5.60764987275635 4.0656488206926
Ggnbp2 8.92116224716715 5.55926830449402 4.86056037255928
Capn3 10.3369957490321 5.54915354161042 4.75008389826064
Rrbp1 12.1135184174842 8.28924263365828 8.12819845211622
Glul 11.9280143428985 8.10324078170337 5.05128515759889
Arrb2 11.4983554070217 7.6765811307502 6.72235496621827
Pros1 11.4603712254362 6.32590798935609 4.68831466437556
Ifih1 8.92117937270675 5.18121992943469 5.06064761464038
Rin2 10.1168098461982 5.9044301088899 5.52535439318238
Tifa 10.8074268423842 6.43676061707692 6.32649496767563
Arhgap17 10.9767981793134 5.64055054801124 4.85525794972825
Map3k3 9.28753240420869 5.92972933110756 5.89965832431083
Parp12 9.49139397984138 5.55897165218938 5.31922476638997
Trim47 10.0791566495733 5.28226700218462 4.90091834002335
Jmjd1c 12.718371512436 9.05006492084001 8.13149493318592
Mlxip 11.0084570885722 6.9862885115341 6.5106710439849
Sash3 11.249005723635 7.06439318364007 5.65435073063837
Themis2 9.99513496121799 5.2861257527845 5.24167108445162
Mpeg1 13.5931395335038 6.74339127074883 6.31049173812154
Hspa1b 12.7002530870076 7.52630959348101 7.45670250685167
Xist 12.7596727744674 4.32296323020331 3.94164513044599
Cd48 9.95999221182058 4.69793558777105 4.67146880604758
Akna 10.7072692564892 4.87364628810526 4.71257054248709
Sult1a1 9.98708391284936 6.26010552220496 5.48159964333916
Fes 10.5551239260507 6.9253830709477 6.09091377819063
Cep152 9.74520694836984 6.12308111536013 5.43663834192157
Diap2 10.171367858732 6.65595435097891 6.02316955571404
Egr2 11.2484829324693 4.88361546464919 4.09903381369991
Ccrl2 11.3826980615646 6.61971586383559 5.60365983662148
Lcn2 12.0118513639671 4.51470293462973 4.21883642630764
Tmem173 11.0989726590541 7.55033092544151 5.93088105244777
AF251705 11.9378287827213 7.31193401842424 6.47320218769456
Hmha1 10.4292840746509 5.6589496425968 5.45263683171835
Gmip 10.0312950363764 6.10302697639461 6.01319695007709
Nckap1l 11.1514517971807 5.96715019458358 5.13218405460613
Abcc3 9.68880748830503 5.95844386352915 4.85693785264541
Rhoh 10.6886747062572 5.18472526401331 5.06857793067114
1700017B05Rik 11.7630363477309 7.02971871632224 6.20979789045248
Gusb 11.4166507135997 6.22283907976101 5.5541634111025
Lair1 10.6341607739461 5.03474522805459 4.81878338487638
P2ry12 12.3417720061336 5.01430545728967 4.8863240446656
Epb4.1l2 12.5141878325852 7.15052034389362 6.78741183475506
Pld4 12.0162068213804 5.79983240543362 5.70869467252187
Lrrfip1 10.7165591037594 5.8159406877905 4.79836260649547
AU020206 9.7250304187546 5.96827881909249 5.3041418195365
Fermt3 11.255187597153 4.91853939494656 3.93237082596466
Ankrd44 11.6555430067368 6.66946715300466 5.61201561190619
Kctd12 12.2024123826132 6.66391301109632 5.49040422266825
H2-Aa 10.95884712019 5.60367767658625 5.33825955004153
Fam105a 11.8141138102905 6.79324058493648 6.56730143679237
Cd300a 9.78331319123392 5.2550230002493 4.92383112034745
Wipf1 10.4960069219755 6.63477019774412 5.5708667365845
Lyz1 12.291433368859 5.5331978160686 4.5280028737906
Zfp110 10.6328144276245 6.30493555480721 5.74236247425157
Clcf1 8.66818372368241 3.80839279938772 3.80428977752146
Adrb2 8.06163788196254 4.23141745356855 4.20930750544682
Hmgb2 9.11494801820282 5.77984564113704 4.30023796705856
Lrrk1 9.00233842375518 5.18126613790873 4.50343464874926
Zfp36l2 12.4844215051541 7.05855619298362 6.22247144860119
Il10ra 11.9204835825207 5.22327330853832 5.17811630349663
Hexb 13.9682695694516 9.44956494208206 8.51330373420568
D530037H12Rik 10.2863068988974 4.5310298635495 4.29197193149201
Rab20 9.47961105235741 4.09675714333923 3.8219752919054
Grn 13.5694893497197 9.23417991707522 8.06829784701451
Slc4a7 10.0247753688567 6.68002491165901 6.3364360149114
Bach1 11.8359025049111 7.95274967731414 6.24751692061253
Ifitm6 9.52062006754197 5.74153519103109 5.73258960356998
D9Ertd306e 8.17933645172779 4.23845472690846 3.92000649707199
Fam46c 12.3008656779841 7.21094827562323 4.62559720581348
Pald1 10.8157904216058 6.15073238775792 5.98207256856716
Ifngr1 12.0120817823602 7.39276584107151 7.27607188092482
Tcn2 12.1131223131962 7.45089587616773 7.07447917743247
Anxa1 10.0891907764378 4.97754808687142 4.5424328245132
Cmtm3 9.80544069396922 6.22049368715411 5.47133499593675
Ppp1r15a 12.6842681011032 8.58133213659979 7.99914947441344
Dhrs3 10.8664384075394 7.16841452239255 6.41240832558567
Lrmp 8.72621364395205 4.48989461492275 4.33769763895337
Olfml3 13.5589885962411 6.66387034645405 6.13417391306533
Pla2g4a 9.54677550171969 5.25481286772625 4.85765877320113
Ncf2 10.9678841319022 5.93910366402571 5.72343230296435
Ctss 14.0972400899769 8.42800968905706 4.88126320168988
Cd53 12.647448770815 5.881408222527 5.30842174496216
Fcgr3 13.39521832835 6.39629202689031 5.17204462025525
S100a9 12.5433488948648 5.03587090153498 4.76311612286618
Dusp1 14.1600590685473 9.46660408790874 9.29063990588373
Hp 9.14524736055938 5.70823125696465 5.48342363034177
Lgmn 13.3423749152836 9.51683522271698 9.34691787936961
Klf2 13.0114488593516 5.7919268066252 5.69979756359074
Fcrls 13.5094801235154 6.08313870616602 6.0070405904514
Tlr1 9.47210882993985 4.32672506673239 4.26452517990445
Selplg 13.4608296010201 7.48212247612145 6.73307626769711
Cd68 12.242490069775 5.50389858994393 4.84413194566416
Gpr65 7.84688309866013 3.81881717944202 3.80892455517316
Csf2rb2 9.41716750216967 4.98450211005319 4.35693911844923
Atf3 13.3007390383143 5.55109616164196 5.054206035384
C1qc 13.5863871767458 6.48144137034595 5.53498463523439
Chst7 10.9028652320415 5.93370379540278 5.88918847770305
Hck 11.677853867497 5.8207062717814 5.41291055712462
Gcnt1 8.17673933531389 4.46343041327383 4.35043103636023
Casp4 9.24666718666705 4.57206457080667 4.1520660183416
Lag3 9.95212609690159 6.17869167015757 5.53199007225978
Cxcl2 11.1862547067567 4.8491653723689 4.52952420930706
Ltf 12.2109361391241 7.92380909957847 7.34440692283574
Cx3cr1 12.8661645891936 6.144264818955 6.06316794717584
H2-D1 12.6018887958776 8.8120627062417 8.4603327528773
Stab1 10.8319181809469 5.2336701748775 4.91286289332191
Evi2a 12.5292457386737 7.50406616139125 4.75438159337759
Il6 8.39447282799593 4.12190268871037 4.02311510084251
Ptger3 7.91209741922707 4.3252108818765 4.17446474589449
Mrc1 8.63837955832117 4.56629165074068 4.56007849838657
Hps3 10.5852544761163 7.26247198637379 6.3492225220542
Itgb2 11.8272052895604 4.98236753860574 4.91588309598277
Adamts1 11.3594540869076 5.88761725711564 5.2543423771976
Ang 8.39410428367088 4.26375755134505 4.05988602394861
Sh2b2 9.22244603896785 5.03056710855469 4.83615923841451
Tyrobp 12.8882077765556 6.4225958222245 6.26236175589512
Ptplad2 9.53045279911964 6.00576975226027 5.30914452127664
Slc29a3 11.671269772336 5.88808655869447 5.81364963552826
Emr1 12.7324162108168 6.71979754585765 5.8446654963564
Nrros 12.2035612900789 6.05432689538881 5.38012755137376
Tmem119 13.7062504747088 6.91751186839213 6.30086393891317
Pnpla7 10.5567704595249 6.96058238159414 5.77597900998455
Parp14 9.29651035265735 5.75683629256516 5.3366193831362
Havcr2 10.6395343238155 4.20208689617427 4.02195394036434
Alas2 10.1192139258561 5.40125465423107 4.92460837111065
Cmtm7 10.2158890607314 5.40559115836177 5.06240444832539
Mafb 10.9468667556878 6.02126130513559 5.69286694810022
Blnk 11.7867853033936 6.23613608110598 5.67377755484284
Tmcc3 9.49652683269657 5.22850298094168 4.75766239882894
Notch2 11.0904077018543 5.63141367321595 4.73113301006159
Vrk2 8.70364139558783 5.31726946433645 4.54749913115534
Daglb 9.96152605211251 6.50358098503709 5.78979429204626
Alox5ap 12.5576931349978 7.48118566104653 7.00133559930159
Fyb 11.7070682335866 6.30577087211618 6.20292595484116
Sepp1 13.7057662789234 10.2506648775239 5.96452621961878
Ctla2b 9.98817720392032 5.81770539854296 4.07991138029236
Sall3 9.54179296501841 6.20554941068436 5.73896710984785
Hspa1a 11.8296568285311 7.00425095796937 6.67592868708458
Zfp36 13.4710413836478 7.31342085616409 6.00200595364177
Abhd15 10.2572440975652 5.11148141503013 4.94272585840203
Cyba 11.7795222099381 5.85945024481576 5.31999944500084
Spata13 11.8423721764084 6.12923665154659 4.91392667990579
Wasf2 12.354976901621 7.20616359327447 6.9974739485115
Ptpn6 11.5568573976642 6.77604685476538 6.75131804184332
4833441D16Rik 9.111877090883 5.04638462752501 4.41721484414302
Tec 10.1464631671626 6.6488457718528 5.51519095446442
Cd52 8.87459768254704 5.40681940261572 4.81260645933966
Irf5 10.4986359523617 6.06432617814401 5.92127054469587
Naip2 10.6906973938164 4.69223974490313 4.55344385842248
Anxa3 12.8939144704404 5.71377377488207 4.9312683475276
