Gsn 12.0832246079548 8.09842204745277 4.94019458288203
Cldn11 11.0255473190576 5.28235794283126 4.15099166123177
Trim59 11.3148095479306 6.09686961572292 5.70373046493113
Apod 11.7248896379557 8.23705305680119 6.40081829473245
Cryab 13.7377952388975 10.3366714064891 4.8147869549056
Lpar1 10.9591912605104 7.28069866026425 5.85179565910027
Mal 13.6900186633002 6.70138593292771 5.08785529522085
Grb14 11.6716093678764 8.22266665051795 5.39617389579478
Ppp1r14a 11.4589541491557 4.76545596983532 4.20638955253412
Ugt8a 12.4602399110205 6.3954235856084 4.23442880885491
Mbp 14.2013954444546 8.69526734065404 5.55716329345455
Ndrg1 12.5745137672087 8.35463784480035 5.13038420481562
Mobp 12.719861082997 6.31270451911295 4.70994976448284
Gamt 10.8383996852427 7.29344319589299 5.91217191813288
Ptgds 11.4418621458597 6.94522608725903 5.44107258431076
Pdlim2 11.9391101739944 8.11773858156122 5.59345574305705
Lims2 10.9490022207706 7.41041592064404 6.72028943835412
Tspan2 12.4551748470593 7.70155378553317 4.84390924016187
Slain1 10.6307171957457 6.68016113773106 3.83785991001748
Sox10 12.2639820163377 8.58736351014918 6.81036957031292
Plp1 13.4302951258935 8.84449180622055 4.53303403359687
Ddc 10.4874219269434 6.04613946075561 5.00262171468047
Fa2h 11.6310521517045 8.20680956483022 6.1986042973475
Nkx6-2 9.38673131352265 5.1787725260277 4.98099689180713
Anln 10.3567805357722 6.12099552347265 4.84361581579613
Erbb3 9.65339949209941 5.86311658267556 5.34505332846869
Plekhh1 8.34353441462769 4.93317828410093 4.54681754710255
Mog 11.2678807973218 4.37247952216039 4.05632999264306
Josd2 11.0124877156262 7.25854742693134 6.33081081591317
S1pr5 10.5568521385244 5.08319560889664 4.2232700753421
Adamts4 9.70046542422628 6.28948219783446 5.29133783767279
Mag 11.176412727713 7.46301176076945 5.7154656040216
