Golm1 13.2088860971046 9.18121483125987 7.01418380624069
Tgfbi 10.1405547174483 6.27554489901334 4.51521841027757
Lcp1 11.8379992138945 6.51671259835531 4.38690901896518
Cd83 13.1517119399809 7.42687255723799 6.00397864823604
Sipa1 11.0491157826369 7.0321430054644 6.21765268784322
Tnfaip2 9.10265124910753 5.38208132170733 3.97843551357771
Socs3 12.872389729541 8.16272168396026 4.14297103814452
4632428N05Rik 13.023417651154 8.56237180354389 5.0041406505579
Spint1 10.3486258835977 6.04543972104437 5.20054911727119
Afp 8.25927872186671 3.92451270730085 3.69744174371198
Clic1 11.3149596683149 7.80579589147979 5.63105762126079
Irf8 12.5830920544812 6.06114840167853 5.20820370324152
Tbxas1 9.82110086955256 6.23537761126888 5.72679167079122
Parvg 10.3515058485033 6.57420871470941 5.29695013118546
Rgs10 13.3720136026536 9.09703894343911 6.04704013223379
Rps6ka1 12.4350911117328 8.12500499638299 7.45136615457229
Mfng 10.0773132550699 6.06102182029055 5.57506597211344
Slc40a1 11.6104164701375 6.96521468770619 5.94911820453038
C1qb 13.334449855087 7.32133372103729 3.83371483263064
Ccl6 10.2968696260595 4.81519089224538 4.03687750097553
Cd14 13.2858211222074 6.9849817687188 6.36442470144413
Pycard 11.7476509071618 6.46592066423462 5.35507278256361
C1qa 13.2023340640432 7.55433160655238 5.10418174279125
Il16 10.5721616851226 5.73558270218017 5.28638028486753
Slc7a7 10.8083190565862 5.52886516881578 5.00171769354791
Srgn 13.2068622416084 7.22224592368181 5.51888487599775
Nfkbiz 12.6004495355117 8.86888846888951 5.01148383209887
Tgm2 11.642946111078 7.75242815241739 5.88062799775391
Plek 13.0477422121131 6.62065070616949 5.86516108248736
Rgs1 11.0898478208524 4.8842029587516 4.57179807403361
Snx5 12.5389716579728 8.71755470816787 6.83713943622379
Elk3 10.437348137504 6.27312979878986 4.74234584806265
Laptm5 13.2497958585741 8.411744782315 4.02249723471505
Serinc3 10.9280820038238 7.02836881974453 6.48559372139423
Ctsz 13.0485403305481 9.67333327755644 6.56724379353211
Fcgr1 12.2838802885119 5.12675074454618 4.42783911275859
Slc16a6 11.5411253999105 6.86732661185313 5.46397912997454
Ccl9 11.3508771596472 5.27075137377968 4.78057536385011
Trim30a 9.8600658104235 6.49874253004171 5.342603289877
B4galt1 10.9185743862039 7.21078925658434 5.99671213757539
Tnfrsf1b 11.7294024065306 6.82987499856066 5.89888652813658
Inpp5d 12.4783900860876 7.57251761646494 6.33884239668267
Tlr4 9.37755048286687 5.2180008199392 4.41251745991321
Aif1 11.8099905233592 5.3698984132208 4.94906984245026
Syk 11.1736838971837 6.80044293699866 6.13614819599375
Klf6 12.1197284009329 8.08485822485562 6.33794043619316
Crybb1 12.2532048432707 7.10064215496561 6.40698719412532
Fcer1g 12.6825054501545 6.71375345102109 5.71242321686946
Ctsh 12.8742742032151 6.58640635968129 5.26458180742009
Gpsm3 9.5878408034758 5.53639267906579 5.08392132049835
Ncf4 10.7305401881173 5.20334677460322 4.82858411981678
Ggta1 10.3021085784473 5.82954043308749 4.08016564531484
Lcp2 10.4299333406719 4.90067475656039 4.50715304055113
Ngp 12.2995043542679 6.26249595472782 5.31723376385846
Spi1 10.3859436109085 6.1341907606075 5.88296067564264
Csf3r 10.5303261448833 6.65022514897236 5.2798820609712
Ms4a6b 11.2757685053458 5.40002336225087 4.75637570651165
Hcls1 8.63630419546985 4.90866977380086 4.62624456367784
Pabpc1 11.2298634617249 6.20831952153304 4.45089554118655
Skap2 12.0094790306754 8.63773887847866 6.81614155978143
Cebpb 11.6743509032076 8.16205734383938 6.28181905964085
Plxdc2 12.0529683323577 7.94575224551599 6.54888431593972
Cxcl10 9.7662958946731 5.70383248267113 5.15459332591632
Cysltr1 9.23363767777187 4.34060891757895 3.90434970023548
Cttnbp2nl 11.7692220388043 7.28536509676547 5.8446316628624
Lyl1 10.013448973115 5.36915295614624 4.96684072227089
Ptpn18 10.350655093353 6.50472371919317 5.63920641380079
Tlr2 11.864186632689 5.9481209075717 5.56980052224927
Serpine1 9.57269546409715 5.26262910914167 4.61976981166411
Mlxipl 10.5927739153422 6.53259427392119 4.85363830988824
Cd37 10.9462016903761 6.44606324618932 5.28101546520869
Map3k8 10.1917146557049 5.03980626405729 4.81072854950882
Myd88 10.7885966963584 6.70359730922287 5.71394884777381
Ccl12 10.4751595691536 4.65356051178712 4.42249906469847
Arhgap4 9.38418443524174 5.4784400215568 5.26721320228162
Pon3 9.10935515291671 4.65652122578698 4.23975667527504
Slamf9 11.2066876411094 7.82526714672904 6.2446131597206
S100a8 12.9638824039872 4.95802959676718 4.58337260684716
Il10rb 10.594105170653 6.7348297197201 5.23973181723443
C3ar1 11.6182149621142 6.43043944147515 5.3030378128737
Fgd2 12.1293203269256 6.23494977820797 5.92488446648998
Ccl3 13.5496556060224 5.12348831806369 4.54757032369773
Ms4a6d 11.498084859003 5.24755662566101 4.35778075498731
Ier3 13.5855914649438 7.97685545783765 7.31677713472772
Camp 11.8351935968853 5.75849481843387 5.40525199513831
Klk8 10.1637978906065 5.90827707608889 5.5750478270354
Chil3 10.6986949112657 4.50918328353782 3.72300307903421
Arap3 10.0084235335535 4.45233447567136 4.08300670228534
Tlr7 11.1690114771889 5.33520534699064 4.80647984900378
Hpgd 11.9284845304822 6.18257227921166 4.25140855537939
Slc11a1 11.348119903574 6.53475706010115 5.60203332994288
Ccl2 9.39365889899599 5.34985797395942 4.91296894718064
Cd86 11.7078926817195 5.21459784987861 4.78496689717974
Gpr84 11.5922078227709 6.08122441098344 5.31158009260946
Trim12a 8.60607054794922 4.58727825823659 4.02728059530682
Zfhx3 11.2458196415341 5.94461153408984 4.4758277208038
Slc15a3 11.5031029092383 5.58960589133672 5.24907306225363
Rel 9.37584581713377 5.47680723320317 5.16890259805691
Sla 12.412369723073 7.7404143650492 5.6909169495346
Tgfbr1 13.4953964323281 7.82036535024905 6.00541525678572
Adcy7 12.0401852065097 7.15443496694088 4.82803349892651
Lgals9 9.7144470271434 5.83744929605035 5.20772172971188
Trem2 11.3744113100813 6.7292447498873 6.18595294667372
Gna15 8.98838653928669 5.393136459217 4.94386765775972
Birc3 10.6680989517335 6.66630735813246 5.9507494421121
Igsf6 8.76352354526292 4.35294190848941 4.13709076903972
Samsn1 9.02117009275432 4.62958783074057 4.4482962002668
Il1a 10.5627537042988 4.44950860505455 4.35963795771241
Hpgds 9.22555193578103 5.31129054375175 4.86705892098415
Naip5 11.1748062850229 4.61091863459149 4.14151651239752
Ccl4 12.655502757357 7.35280343748198 5.86367983003298
Stat6 10.5002673668222 6.16114084384665 4.84530748088318
Clec4a2 10.2600474435221 5.23012946253596 4.852275362651
Fli1 10.0941254445629 4.26447283939859 3.85526930281584
Ets1 9.55277010530181 5.17217189008328 4.28043777486501
Itgam 7.72351039802672 4.34402337935477 4.18596927946154
Ptprc 12.5235480291392 4.76354678098565 4.37544776137151
Ccr5 11.7396919362898 5.37455192554375 4.4151826898575
Il6ra 12.6715970650916 6.29481779762438 5.53952980903012
Tgif1 8.50945088524124 4.88578707934347 4.56862434597758
Pla2g15 12.3259450180791 7.78458241478959 6.5210311325469
Ifi30 11.3781163789488 7.30486396747774 5.94076324160292
H2-DMa 11.2573253131557 7.51005704429149 6.45370634878277
Gpr34 12.096128861767 4.32929356736416 4.01560811088773
Rrad 10.1172735062529 6.1178787035511 5.19334086682158
Ndel1 9.39722597598048 6.05705014307472 5.16230153574834
Rnase4 13.1184612117893 6.41790559519726 5.19187577275468
Hk2 12.3862706589026 7.51593430491791 6.13250905581331
Hfe 11.337741662807 6.83781039705067 5.68592459541934
Naalad2 9.76797067590899 6.30706929307207 5.28616281648712
Pik3cg 10.1956130518895 5.66811227744627 4.99519674630448
Cd84 9.78822716908046 4.72249882994243 4.49149620134056
Ly86 13.8305038298173 7.19754266844084 5.32900211888484
Vav1 10.4293295887311 4.19554347332949 3.94055478472808
Cfh 11.031443374587 4.2786525314578 3.51725033103002
Tnfrsf13b 9.62154101704082 4.83338539405694 4.30070984675694
Hhex 10.1791275378831 5.97216864962523 5.21575320046786
Entpd1 9.37032387449548 5.53306965594171 4.19679615532827
Ptgs1 12.2066936221392 7.80636941241469 4.89053437852853
Lyz2 12.4203041170638 7.16003538060747 5.93216975195296
Ctc1 11.684666568769 7.87174831557334 7.23724121761741
Unc93b1 11.4209147437175 7.17793737267539 6.40553815446024
Cmtm6 12.3089984078596 8.75990134546642 5.66812374338887
Hvcn1 10.2816397991105 5.70869020562406 5.32775896168291
Edem1 10.6216568370496 6.88186174512219 4.61532785359496
Icam1 12.0685839298591 6.38301477461085 4.84378985641139
Rcsd1 12.2491457547791 7.65275619172322 6.40058859175205
Tmem140 8.43942036859799 4.71219773537896 4.38956908698773
Tm6sf1 11.2609540254992 7.61925415520278 4.43039345724114
Cd177 7.89852531580111 4.47200961573043 4.12251193741464
Casp8 9.83466998065678 5.30120977942954 4.94859399974361
F11r 12.1660086110926 6.50914970426854 5.6286476025834
Ifi35 9.19995898169176 5.69436782633667 5.32006975081178
Tor4a 10.3275630348071 6.87446565722581 5.47157954605176
Lpxn 10.7589192457976 5.19060057026993 4.39464804917839
Siglec5 8.37803746411404 4.06078128043672 3.80047224459786
Fcrl1 9.2345619860761 5.56202862820911 5.26162360877788
P2ry6 11.5687601975602 4.62011297276586 4.2783367578884
H2-K1 12.8220187202518 7.87326824804179 7.28441150517807
Tgfbr2 12.4852370462276 6.85560587547034 6.10151877965103
Ceacam1 8.89348245863094 4.78773655087705 4.54476519741963
Mlph 9.42445206203504 5.85759812358283 5.17109539752185
Ncf1 8.82497080443061 5.38130446082308 5.25755268223767
Il13ra1 9.86451620775328 5.9173410952909 4.27367506694522
Adap2 10.5685173068896 5.39487736055675 5.06046915333127
Ggnbp2 9.14383515526131 5.58492539872911 4.98882056191957
Capn3 10.5561819143241 5.05615580626105 4.52270618296937
Arrb2 11.4717203569511 7.0714983124148 6.66428111061448
Pros1 11.415313090188 7.51108118467235 4.75524019840118
Arhgap17 11.1079285558079 7.41962913736529 5.00447867131004
Trim47 10.0914805439239 6.57963562655283 5.35441293521665
Plcg2 11.1456382313506 7.6774877682445 7.11207692137967
Sash3 11.2827116875116 6.85142851842745 5.22852786794284
Themis2 10.0072343518523 5.3522950792624 4.89617386396937
Mpeg1 13.5781184656323 7.27107424232484 5.67082582014634
Cd48 10.0036336466823 4.85245907918118 4.29088130731779
Akna 10.6519382313125 6.62715790705715 4.74749259356711
Fes 10.6453727108248 6.73543085183776 5.89785987355583
Cep152 9.46016705782019 6.09700580402894 5.61136353879678
Ccrl2 11.412796081801 6.29239530136585 5.79367300707851
Lcn2 11.5003470873269 4.40913867110104 4.30463426863697
Hbb-b2 7.85273730267384 4.31253959618416 4.0110218441553
Gimap6 8.35675485784954 4.90469622679141 4.58545891267603
Myo1g 9.16480303343511 5.67638048213064 4.84725809190562
Tmem173 11.0209006256616 7.28768223864863 6.08794679158163
AF251705 12.004730998868 7.40522413820227 6.25985769279751
Hmha1 10.4033953674837 5.96448465515194 5.43697346527017
Gmip 10.1713248884895 6.20306496209625 5.72436551578385
Nckap1l 11.1568327951404 6.31573251672748 4.78400743566589
Abcc3 9.76277744586897 5.62622607564598 5.00603477961609
Rhoh 10.549623104043 5.36582011877964 4.77768147458455
1700017B05Rik 11.7692217223209 7.39005125658411 5.78764212478203
Srgap2 11.8017176592162 8.41031759263382 7.89429615868772
Lair1 10.6130187631943 5.87582330977321 4.82382044689604
P2ry12 12.4746819840061 5.75268926553098 4.78307128284865
Rnf19b 9.48505322764021 5.61066470803299 4.91851108420212
Pld4 12.0206051656766 5.81460856653549 5.2508583247579
Lrrfip1 10.9400431244598 7.1562989167078 5.47147414100973
AU020206 9.79188957346073 5.65309089334385 5.13032302864816
Fermt3 11.3312647513459 4.61100573603475 3.99260522217964
Ankrd44 11.6744535697079 8.01370530552017 5.38109050668961
Kctd12 12.185543532286 8.25214506639184 6.67950665029874
H2-Aa 10.7894269702174 5.8875079589704 4.65032206595571
Fam105a 11.8900076562701 8.41176062885862 5.87608127008804
Herpud1 12.5159313960105 9.17787235753808 8.24556720382932
Cd300a 9.88309640091064 5.52546693915558 4.82259360302433
Lyz1 12.1662559978148 6.48953610063915 4.79477757324212
Clcf1 8.65510766759181 4.02083357429262 3.75703391080595
Adrb2 8.04029829865073 4.36777454514816 4.16921044164807
Lrrk1 9.2169215889832 5.280980410434 4.6020725108423
Il10ra 11.9839212283458 5.01063845202115 4.75997558951664
Hexb 13.9346832426844 9.68330932806322 8.05015997535638
Rab20 9.52042754395053 5.13849265767774 3.83360197569304
Grn 13.5521140781199 10.2118452987812 8.00865259971845
D9Ertd306e 8.19945017537725 4.72062399983874 4.25546526646429
Fam46c 12.3550028613422 6.35757985755496 4.67114997537103
Pald1 10.9785325599872 6.86021753820251 6.06294369537575
Ifngr1 12.0357079893049 8.3450908793183 6.98157446980762
Anxa1 9.44951730885527 6.05517041511997 4.41235845023084
Lrmp 8.81165282774176 4.60072363951096 4.33479985034984
Olfml3 13.5847807250187 7.08560353182798 6.10994520588146
Ncf2 10.9263417405773 6.26111799749443 5.64660887129644
Il7r 9.24960705759555 5.90740335799098 4.83395002866428
Ctss 14.1436377001564 9.8077050395043 5.13206225355453
Cd53 12.7058528961117 6.32437836574454 5.09487598446385
Fcgr3 13.3678397073662 6.59297489894958 5.35076373850333
S100a9 12.1512954978643 5.19897735360971 4.65324641105324
Klf2 12.9546948291203 8.86705362190387 5.62949627491832
Fcrls 13.538343734353 6.49555877879044 5.59805338972312
Tlr1 9.60520010506197 4.36156303532421 4.14359681062149
Selplg 13.5701528797604 7.81238117360079 6.07786328413167
Cd68 12.2655547644002 5.83961700069425 4.88250298837011
Gpr65 7.70886230022633 4.31719924832359 3.84343158990726
Casp1 8.69693600519687 4.93527640732262 4.31112604449317
Csf2rb2 9.47900201616068 4.98759540439616 4.32353564663607
Atf3 13.284073086988 8.48492970336031 4.99896095706964
C1qc 13.5961558255427 6.88920604026699 5.0345433139868
Hck 11.7859620796645 5.6034390128068 4.65016759179793
Gcnt1 7.991253437913 4.37935779321481 4.11059118692136
Casp4 9.26315299804554 4.75718738313427 4.04556527015984
Ehd4 10.3117326305577 6.43073994425342 5.34948729056141
Ly96 8.91937274322914 5.14132722820851 4.50592400274451
Lag3 9.80016274610109 6.17574348607869 5.28211778607222
Cxcl2 10.7266031675695 5.08774388927117 4.23473396048749
Ltf 11.851175722853 7.48966828159224 5.94193510553769
Cx3cr1 12.8730629616277 6.95319187471067 5.12986982726401
H2-D1 12.6327304628196 7.85031743637774 7.1230091630312
Stab1 10.7605924600716 5.66074067841759 5.11881869188072
Il6 8.13911235858362 4.43494075574329 3.83047720252525
Pdgfb 10.7325445782435 7.32363526955792 5.75369385532995
Mrc1 7.99313411604932 4.51698630544228 4.1549180158524
Hps3 10.8090339030534 7.40264100973065 6.94217043779764
Itgb2 11.9243168449721 5.1132114415422 4.5147296282456
Psmb9 9.4278289264293 5.88381620737216 5.322558517732
Ang 8.34675454689537 4.18055488956064 4.01678597934466
Sh2b2 9.2750055292418 5.38838947954447 4.55474626890277
Tyrobp 12.872201384089 6.81060324685606 5.49223469140893
Emr1 12.7903721087621 6.9231843415491 5.4635515465977
Nrros 12.3097176638707 8.85678430987708 5.92930453484475
Tmem119 13.7335005220805 7.02435793254848 5.67612219060248
Parp14 9.22364341007536 5.70832523918567 4.94473930096536
Ttr 13.2899892726514 8.60931672067531 3.92299466037852
Havcr2 10.538253418377 4.49948853355009 4.28609967075693
Alas2 10.1462688588052 5.59467791748772 4.84691324872577
Cmtm7 10.4128713125775 5.844044191727 4.84741855605798
Blnk 11.8256575206264 7.03153650330554 5.05352838785839
Alox5ap 12.5974435879102 7.14478604188705 5.88416500246674
Fyb 11.6377216118874 6.70383728152816 5.99839442951449
Ctla2b 9.67840248028284 4.77013369767714 4.10015293495983
Zfp36 13.4481818753213 9.86526870874233 6.38455446166149
Abhd15 9.85244350316464 5.6196811327341 5.00449397297429
Cyba 11.683487063587 7.08802099303639 5.12493740616398
Spata13 11.8423721764084 8.3028851637049 5.4138367677775
Ptpn6 11.3447432428118 7.60604548433436 6.43038378611102
4833441D16Rik 9.44333514879099 6.01358009527528 4.84157538243932
Tec 10.193963488774 6.6528823964066 5.49405484925185
Cd52 8.77120540091781 4.78040997814569 4.5022222167696
Irf5 10.3658986193304 6.34999067299336 5.51731308677421
Naip2 10.6301514409205 4.55916154282032 4.19448377789798
Anxa3 12.8961234593997 6.20474203916472 5.1279284369147
