Ppp1r14a 11.609521932951 7.42916710209161 4.27283008866854
Mobp 12.6747282402793 8.97097262771053 4.77584970486148
Pdlim2 11.9556478934558 8.38180192585391 5.68991876737573
Lims2 10.9163052421147 7.47585674846633 6.77363253894043
Tspan2 12.5341032208377 8.21416700250461 4.99449552560038
Ddc 10.4678631441601 6.23853273051212 5.25880390105492
Nkx6-2 9.37691339101375 5.49438272100893 5.0553764593143
Mog 11.1885578687271 6.39188032606407 4.13206709840614
Pllp 11.0330776792809 7.48417395958028 6.55054381600297
Josd2 11.0592825084111 7.59690380363836 6.62100736795707
S1pr5 10.6376281583484 6.7450541636312 4.30243231281347
Gal3st1 10.1881001867312 6.85724234334604 5.72732717674616
