Ddr1 8.77713242577878 9.6718550931955 3.53610523471519
Syt4 8.96859684732244 9.6718550931955 3.53610523471519
Stmn1 13.6715939252808 9.6718550931955 3.53610523471519
Chgb 10.8224403137764 9.6718550931955 3.53610523471519
Npdc1 10.4664739404121 9.6718550931955 3.53610523471519
Ndn 12.3954468830682 9.6718550931955 3.53610523471519
Atp9a 10.5421698496165 9.6718550931955 3.53610523471519
Tubb3 10.6160299020151 9.6718550931955 3.53610523471519
Sqle 10.3843774328755 9.6718550931955 3.53610523471519
Fabp5 11.4112924252777 9.6718550931955 3.53610523471519
Fabp3 11.6106947421098 9.6718550931955 3.53610523471519
Map4 11.3282119992743 9.6718550931955 3.53610523471519
Syngr3 11.0489465775919 9.6718550931955 3.53610523471519
Nsg2 10.280230581091 9.6718550931955 3.53610523471519
Prnp 12.3571720639362 9.6718550931955 3.53610523471519
Hmgb3 9.73806919661597 9.6718550931955 3.53610523471519
Ptn 10.2152884020566 9.6718550931955 3.53610523471519
Fstl1 8.97741565994613 9.6718550931955 3.53610523471519
Ass1 8.4834457342761 9.6718550931955 3.53610523471519
Klhl13 10.9846372178006 9.6718550931955 3.53610523471519
Ndufc1 11.7607207419523 9.6718550931955 3.53610523471519
Rgs4 9.86000465447031 9.6718550931955 3.53610523471519
Mllt11 13.0589025167049 9.6718550931955 3.53610523471519
Dync1i1 10.0280466487602 9.6718550931955 3.53610523471519
Gabarapl1 11.7648909072794 9.6718550931955 3.53610523471519
Igdcc4 9.42220470779244 9.6718550931955 3.53610523471519
Higd1a 9.11923459448614 9.6718550931955 3.53610523471519
Ttc3 9.99171278361231 9.6718550931955 3.53610523471519
Gad1 10.4693392162495 9.6718550931955 3.53610523471519
Zfp239 9.36833064398141 9.6718550931955 3.53610523471519
Frzb 9.14068452003369 9.6718550931955 3.53610523471519
Coq7 11.551139999214 9.6718550931955 3.53610523471519
Snap91 10.7422142822589 9.6718550931955 3.53610523471519
Tppp3 10.7967249165509 9.6718550931955 3.53610523471519
Prkar1b 13.2582391470505 9.6718550931955 3.53610523471519
S100a10 12.1969837427637 9.6718550931955 3.53610523471519
Pfkm 10.3454289723739 9.6718550931955 3.53610523471519
Mea1 9.52438946163702 9.6718550931955 3.53610523471519
Parva 8.48496580070722 9.6718550931955 3.53610523471519
Snap25 12.6062697795239 9.6718550931955 3.53610523471519
Ndufb2 12.3858500898986 9.6718550931955 3.53610523471519
Abhd8 10.1841971360857 9.6718550931955 3.53610523471519
Tspan6 9.15403580192584 9.6718550931955 3.53610523471519
Pcsk1n 11.8339337378421 9.6718550931955 3.53610523471519
Sdc2 9.46960489374538 9.6718550931955 3.53610523471519
Hspb8 10.4561275688477 9.6718550931955 3.53610523471519
Pfdn1 11.2666736305762 9.6718550931955 3.53610523471519
C1qtnf4 8.78335830779669 9.6718550931955 3.53610523471519
Pcdh8 9.85492914437222 9.6718550931955 3.53610523471519
Ckmt1 9.63072152255907 9.6718550931955 3.53610523471519
Acot7 12.0583328271098 9.6718550931955 3.53610523471519
Arl2bp 9.00917181586711 9.6718550931955 3.53610523471519
Psip1 9.06699276415272 9.6718550931955 3.53610523471519
Lynx1 10.0150790758948 9.6718550931955 3.53610523471519
Dmd 7.27336877549664 9.6718550931955 3.53610523471519
Arl6 10.7791771555881 9.6718550931955 3.53610523471519
Fxyd6 10.1554433511106 9.6718550931955 3.53610523471519
Bex2 11.9152714787542 9.6718550931955 3.53610523471519
Elovl6 8.40656497931874 9.6718550931955 3.53610523471519
Nap1l5 12.9716538448484 9.6718550931955 3.53610523471519
Sept3 9.83161491348478 9.6718550931955 3.53610523471519
Gng3 11.7248838952674 9.6718550931955 3.53610523471519
Calb1 10.9006265258604 9.6718550931955 3.53610523471519
Cyb561 10.7406341698105 9.6718550931955 3.53610523471519
Rab33a 9.37942414057564 9.6718550931955 3.53610523471519
Ncald 11.5083647679498 9.6718550931955 3.53610523471519
Trpc3 9.62857010436415 9.6718550931955 3.53610523471519
Kcna5 7.97452111801402 9.6718550931955 3.53610523471519
Ppp1r14c 9.56190834104046 9.6718550931955 3.53610523471519
Cplx1 12.5035119013428 9.6718550931955 3.53610523471519
Sncg 11.0725509573716 9.6718550931955 3.53610523471519
Chl1 7.71828349527645 9.6718550931955 3.53610523471519
Atp6v1g2 11.414360919935 9.6718550931955 3.53610523471519
Ufsp1 9.34152141509292 9.6718550931955 3.53610523471519
Rab15 11.4687564075711 9.6718550931955 3.53610523471519
Synj2bp 10.7731203294003 9.6718550931955 3.53610523471519
Cep19 11.5600241350741 9.6718550931955 3.53610523471519
Fhl1 11.490085637419 9.6718550931955 3.53610523471519
Mapt 9.93593848697856 9.6718550931955 3.53610523471519
Pdxp 10.1827991598322 9.6718550931955 3.53610523471519
Pak3 9.38927953666534 9.6718550931955 3.53610523471519
Gng4 8.52310061378589 9.6718550931955 3.53610523471519
Cpeb1 8.37772770298113 9.6718550931955 3.53610523471519
Pop5 12.2256540357217 9.6718550931955 3.53610523471519
Resp18 11.6244326326287 9.6718550931955 3.53610523471519
Slco3a1 8.77749497527168 9.6718550931955 3.53610523471519
Nap1l2 10.3338037061381 9.6718550931955 3.53610523471519
Eef1a2 11.9860830395469 9.6718550931955 3.53610523471519
Cfl2 11.9930175803829 9.6718550931955 3.53610523471519
Prkcz 9.77972930079045 9.6718550931955 3.53610523471519
Chd3os 11.2896203202478 9.6718550931955 3.53610523471519
Nrip3 11.7537470633825 9.6718550931955 3.53610523471519
Stmn4 10.5317403159917 9.6718550931955 3.53610523471519
Gspt2 8.67901233840572 9.6718550931955 3.53610523471519
Unc119 11.0234646727639 9.6718550931955 3.53610523471519
Chga 10.4614623404089 9.6718550931955 3.53610523471519
Ina 10.5307802129694 9.6718550931955 3.53610523471519
Pfn2 12.6221461594482 9.6718550931955 3.53610523471519
Omg 9.38669608362264 9.6718550931955 3.53610523471519
Ddx25 9.49280374095305 9.6718550931955 3.53610523471519
Rbfox1 10.5809962346556 9.6718550931955 3.53610523471519
Foxg1 9.26758875800547 9.6718550931955 3.53610523471519
Rnf112 8.42253757147007 9.6718550931955 3.53610523471519
Larp6 8.93236085952952 9.6718550931955 3.53610523471519
Atp1b1 11.4608727311489 9.6718550931955 3.53610523471519
Cxcl14 10.2053976549554 9.6718550931955 3.53610523471519
Smarcd3 10.0353084519728 9.6718550931955 3.53610523471519
Nap1l3 10.0470175387381 9.6718550931955 3.53610523471519
Socs2 8.58312294215595 9.6718550931955 3.53610523471519
Wasf1 9.83026322562218 9.6718550931955 3.53610523471519
Limk2 9.86823310497697 9.6718550931955 3.53610523471519
Nrsn1 11.3188320905566 9.6718550931955 3.53610523471519
Astn1 9.38898721002086 9.6718550931955 3.53610523471519
Lin7b 11.0287443677552 9.6718550931955 3.53610523471519
Pcbd1 11.8065579783339 9.6718550931955 3.53610523471519
Tnnt2 7.99320261606294 9.6718550931955 3.53610523471519
Tesc 12.6012220077482 9.6718550931955 3.53610523471519
Pnkd 8.49207526894863 9.6718550931955 3.53610523471519
Psd3 8.97932246735655 9.6718550931955 3.53610523471519
Ccdc109b 9.62728793617804 9.6718550931955 3.53610523471519
Sh3gl2 11.3102292860258 9.6718550931955 3.53610523471519
Cds2 11.9198349508905 9.6718550931955 3.53610523471519
Cdh2 8.0482255242956 9.6718550931955 3.53610523471519
Eno2 10.9579307055994 9.6718550931955 3.53610523471519
Necab2 10.0473728059081 9.6718550931955 3.53610523471519
Rtn2 8.85999689674473 9.6718550931955 3.53610523471519
Chac2 8.5355470564221 9.6718550931955 3.53610523471519
Gdnf 8.68685949643613 9.6718550931955 3.53610523471519
Cacna2d3 10.1416095917331 9.6718550931955 3.53610523471519
Usp29 8.7368758030972 9.6718550931955 3.53610523471519
Cdk14 10.8653390783398 9.6718550931955 3.53610523471519
Bcl11a 10.3038587682992 9.6718550931955 3.53610523471519
Gng13 9.77774822691911 9.6718550931955 3.53610523471519
Matn2 7.59217517028971 9.6718550931955 3.53610523471519
Fam19a5 9.45198504685019 9.6718550931955 3.53610523471519
Nkain1 10.6397490478712 9.6718550931955 3.53610523471519
Gabrb1 9.82814453736962 9.6718550931955 3.53610523471519
Mark1 9.45509714983181 9.6718550931955 3.53610523471519
Lor 9.40900281472874 9.6718550931955 3.53610523471519
Slc8a1 8.67306551179536 9.6718550931955 3.53610523471519
Gbx2 7.67613303269932 9.6718550931955 3.53610523471519
Chn1 9.33636136357905 9.6718550931955 3.53610523471519
Epha5 9.57390470458775 9.6718550931955 3.53610523471519
Mt3 10.7438209547294 9.6718550931955 3.53610523471519
Dynlt3 9.49017285631774 9.6718550931955 3.53610523471519
Doc2b 10.4260711957701 9.6718550931955 3.53610523471519
Ntsr1 8.31080149115193 9.6718550931955 3.53610523471519
Kcnq2 10.1130211214248 9.6718550931955 3.53610523471519
Vamp2 9.21846488911702 9.6718550931955 3.53610523471519
Ptprf 9.05992023442013 9.6718550931955 3.53610523471519
Gucy1b3 9.32458775627608 9.6718550931955 3.53610523471519
Sln 8.81372846706213 9.6718550931955 3.53610523471519
Arx 8.74494957548558 9.6718550931955 3.53610523471519
Hs6st2 9.09865259904642 9.6718550931955 3.53610523471519
Vsnl1 10.5507303156009 9.6718550931955 3.53610523471519
Clybl 9.00098805019324 9.6718550931955 3.53610523471519
Nrg3 8.19718617868796 9.6718550931955 3.53610523471519
Trpc1 8.72123578794822 9.6718550931955 3.53610523471519
Gnao1 10.7881896251154 9.6718550931955 3.53610523471519
Myt1l 9.54843264105025 9.6718550931955 3.53610523471519
Gabrb3 7.60322036852376 9.6718550931955 3.53610523471519
Sh3rf1 9.14150475620473 9.6718550931955 3.53610523471519
Gabra1 9.69478272087552 9.6718550931955 3.53610523471519
Cttn 11.90680386779 9.6718550931955 3.53610523471519
Cend1 9.82337930793722 9.6718550931955 3.53610523471519
Rcan2 8.37076159233195 9.6718550931955 3.53610523471519
Slc5a7 8.07853808207632 9.6718550931955 3.53610523471519
Cplx2 10.0450486080508 9.6718550931955 3.53610523471519
2010204K13Rik 11.1322544647632 9.6718550931955 3.53610523471519
Sytl2 9.8822294807596 9.6718550931955 3.53610523471519
Fam184b 7.80276544843311 9.6718550931955 3.53610523471519
Sult4a1 9.01864070990519 9.6718550931955 3.53610523471519
Rapgef4 9.3634689750606 9.6718550931955 3.53610523471519
Enah 10.8113196536645 9.6718550931955 3.53610523471519
Rit2 12.2318432413744 9.6718550931955 3.53610523471519
Epdr1 10.7527441730634 9.6718550931955 3.53610523471519
Vamp1 9.53245640732661 9.6718550931955 3.53610523471519
Elavl2 12.2399123415832 9.6718550931955 3.53610523471519
Nedd4 10.3226308679801 9.6718550931955 3.53610523471519
L1cam 9.92797981592327 9.6718550931955 3.53610523471519
Ncam1 10.2601870242427 9.6718550931955 3.53610523471519
Cdh8 7.93128754136898 9.6718550931955 3.53610523471519
Oprl1 8.83465631944841 9.6718550931955 3.53610523471519
Slc18a3 10.4602831742709 9.6718550931955 3.53610523471519
Lhx6 9.49005676724324 9.6718550931955 3.53610523471519
Hras 11.2967071351813 9.6718550931955 3.53610523471519
Glrb 9.4943033229969 9.6718550931955 3.53610523471519
Nefm 8.27008731206465 9.6718550931955 3.53610523471519
Atp5k 13.2589662144685 9.6718550931955 3.53610523471519
Actl6b 8.45934785367857 9.6718550931955 3.53610523471519
Rab3b 10.1554194815132 9.6718550931955 3.53610523471519
Ecel1 10.8530211297216 9.6718550931955 3.53610523471519
Rab3a 11.1388017048434 9.6718550931955 3.53610523471519
Rasgrf1 11.3646543040595 9.6718550931955 3.53610523471519
Arpp19 10.801407516377 9.6718550931955 3.53610523471519
Ly6h 10.1767102061223 9.6718550931955 3.53610523471519
Ache 10.8489733658946 9.6718550931955 3.53610523471519
Pcdhb9 8.55623619652976 9.6718550931955 3.53610523471519
Rnd2 10.5376642712522 9.6718550931955 3.53610523471519
Pnck 9.75913953716972 9.6718550931955 3.53610523471519
Isl1 12.0509605190272 9.6718550931955 3.53610523471519
Slc32a1 8.92892529656305 9.6718550931955 3.53610523471519
Cntnap2 8.84063870416854 9.6718550931955 3.53610523471519
Rims2 8.22412979921606 9.6718550931955 3.53610523471519
Cartpt 9.76012627488553 9.6718550931955 3.53610523471519
Kif5c 8.78810495584079 9.6718550931955 3.53610523471519
Syt17 11.0748612112559 9.6718550931955 3.53610523471519
Nsg1 10.4320203837883 9.6718550931955 3.53610523471519
Avpi1 9.75895669997102 9.6718550931955 3.53610523471519
Thy1 11.7199909156745 9.6718550931955 3.53610523471519
Fgf1 9.10908837189054 9.6718550931955 3.53610523471519
Scg5 10.420836817379 9.6718550931955 3.53610523471519
Napb 10.7684184700883 9.6718550931955 3.53610523471519
Lgi1 9.56355628723821 9.6718550931955 3.53610523471519
Nop10 10.8220844172551 9.6718550931955 3.53610523471519
Cap2 9.05937258373296 9.6718550931955 3.53610523471519
Hdgfrp3 9.4420388541715 9.6718550931955 3.53610523471519
Id4 9.45351288962377 9.6718550931955 3.53610523471519
Ints6 10.9881423871329 9.6718550931955 3.53610523471519
Stmn2 11.2228725319558 9.6718550931955 3.53610523471519
Cbln1 8.68443151873229 9.6718550931955 3.53610523471519
Gdap1 10.2172895378502 9.6718550931955 3.53610523471519
Socs5 10.314571482619 9.6718550931955 3.53610523471519
Sv2a 10.5958664165787 9.6718550931955 3.53610523471519
Gpr83 10.1126265776011 9.6718550931955 3.53610523471519
Zic3 9.01382716219533 9.6718550931955 3.53610523471519
Ptbp2 10.3457011937824 9.6718550931955 3.53610523471519
Zic1 11.8418191546961 9.6718550931955 3.53610523471519
Scn8a 7.64802751903126 9.6718550931955 3.53610523471519
Gap43 12.6890066656754 9.6718550931955 3.53610523471519
Cdh13 9.56647094176132 9.6718550931955 3.53610523471519
Cygb 9.55539669529195 9.6718550931955 3.53610523471519
Dner 12.1004649116763 9.6718550931955 3.53610523471519
Tmem246 10.5806374108336 9.6718550931955 3.53610523471519
Zwint 10.0216232145147 9.6718550931955 3.53610523471519
Vat1 9.24991849121115 9.6718550931955 3.53610523471519
Snap47 12.0322569178397 9.6718550931955 3.53610523471519
Chchd6 11.2460087219698 9.6718550931955 3.53610523471519
Idi1 10.2029528631916 9.6718550931955 3.53610523471519
Apbb1 9.92546358119946 9.6718550931955 3.53610523471519
1110008P14Rik 11.255028634623 9.6718550931955 3.53610523471519
Sez6l2 10.1408785877066 9.6718550931955 3.53610523471519
Tspyl4 11.897223860489 9.6718550931955 3.53610523471519
Tmem242 9.76072815370584 9.6718550931955 3.53610523471519
2010107G23Rik 10.2865802292204 9.6718550931955 3.53610523471519
Nme1 12.7438461925863 9.6718550931955 3.53610523471519
Pmm1 9.43515968027052 9.6718550931955 3.53610523471519
Fam216a 10.1748569181167 9.6718550931955 3.53610523471519
Parm1 8.22892113552246 9.6718550931955 3.53610523471519
Susd4 8.51839378749958 9.6718550931955 3.53610523471519
Elovl4 8.23553432690013 9.6718550931955 3.53610523471519
Tspan17 9.79195081252984 9.6718550931955 3.53610523471519
Ube2e2 11.1479127540888 9.6718550931955 3.53610523471519
Uqcr10 9.80205450623508 9.6718550931955 3.53610523471519
Selm 11.5781959143567 9.6718550931955 3.53610523471519
Rufy3 9.96166899954261 9.6718550931955 3.53610523471519
Arhgef7 9.72074574423496 9.6718550931955 3.53610523471519
Zfp428 9.57046500944718 9.6718550931955 3.53610523471519
Flywch2 10.1946419452038 9.6718550931955 3.53610523471519
Cgref1 10.6362763459445 9.6718550931955 3.53610523471519
Mmd2 9.30971140715559 9.6718550931955 3.53610523471519
2900011O08Rik 11.65151549689 9.6718550931955 3.53610523471519
Cacfd1 9.65668487274555 9.6718550931955 3.53610523471519
Aldoc 10.1600975738618 9.6718550931955 3.53610523471519
Smyd2 11.1062215009555 9.6718550931955 3.53610523471519
Cdh22 9.40032631996576 9.6718550931955 3.53610523471519
Slain1 7.44216395771832 9.6718550931955 3.53610523471519
Atp1a3 7.93361254410505 9.6718550931955 3.53610523471519
Klhdc8a 9.87328155478659 9.6718550931955 3.53610523471519
Gpr85 8.33383898100752 9.6718550931955 3.53610523471519
Rhov 8.64794102886577 9.6718550931955 3.53610523471519
Cdh10 8.56739024994495 9.6718550931955 3.53610523471519
Neto1 9.76509547154287 9.6718550931955 3.53610523471519
Fam81a 10.697902986941 9.6718550931955 3.53610523471519
Zcchc18 9.75436306815165 9.6718550931955 3.53610523471519
Prima1 9.57119223669484 9.6718550931955 3.53610523471519
Slc12a5 10.9714379878885 9.6718550931955 3.53610523471519
Tfr2 8.91185992610469 9.6718550931955 3.53610523471519
Slc1a1 9.2672976985797 9.6718550931955 3.53610523471519
Grb10 9.87263605822919 9.6718550931955 3.53610523471519
Stau2 10.7067774953006 9.6718550931955 3.53610523471519
Edil3 9.73013792785546 9.6718550931955 3.53610523471519
Rab40b 8.6293148988964 9.6718550931955 3.53610523471519
Olfm1 10.8831910228183 9.6718550931955 3.53610523471519
Ccrn4l 10.0968073198385 9.6718550931955 3.53610523471519
Caln1 9.30194568968285 9.6718550931955 3.53610523471519
Dusp26 12.1625907471537 9.6718550931955 3.53610523471519
Olfm3 10.5849378932046 9.6718550931955 3.53610523471519
Nfatc2 10.3828211739478 9.6718550931955 3.53610523471519
Armcx1 10.4088741293748 9.6718550931955 3.53610523471519
Plagl1 8.33540996085313 9.6718550931955 3.53610523471519
Ttc39c 8.78915904675716 9.6718550931955 3.53610523471519
Nefl 9.67444285668507 9.6718550931955 3.53610523471519
Timm17a 12.1807350273624 9.6718550931955 3.53610523471519
Alcam 10.2229958013766 9.6718550931955 3.53610523471519
Serpinb1b 9.76609937278785 9.6718550931955 3.53610523471519
Scn3b 10.3962919211773 9.6718550931955 3.53610523471519
Cacng5 9.40460605904225 9.6718550931955 3.53610523471519
Ddx3y 7.62226758899278 9.6718550931955 3.53610523471519
Gpm6a 10.6819022942618 9.6718550931955 3.53610523471519
Gnaz 9.16818227235407 9.6718550931955 3.53610523471519
Ndrg4 13.1465743768089 9.6718550931955 3.53610523471519
Qpct 8.27305988638827 9.6718550931955 3.53610523471519
Tmeff1 9.72887358672128 9.6718550931955 3.53610523471519
Slc6a15 10.2988443564386 9.6718550931955 3.53610523471519
Cnn3 9.83035014330584 9.6718550931955 3.53610523471519
6330403K07Rik 12.919036292265 9.6718550931955 3.53610523471519
Celf4 11.3798332189603 9.6718550931955 3.53610523471519
Tsr2 10.6992273019141 9.6718550931955 3.53610523471519
Flywch1 9.69533887026138 9.6718550931955 3.53610523471519
Thra 11.9778471609987 9.6718550931955 3.53610523471519
Fbxo2 9.06345734718683 9.6718550931955 3.53610523471519
Mtmr7 9.4652772500861 9.6718550931955 3.53610523471519
Mal2 9.50647288592889 9.6718550931955 3.53610523471519
Amph 11.2613292329786 9.6718550931955 3.53610523471519
Zfp612 9.54138464394217 9.6718550931955 3.53610523471519
Copg2os2 10.2373223138734 9.6718550931955 3.53610523471519
Ccdc85a 7.89696235912693 9.6718550931955 3.53610523471519
Armcx4 8.58667029164203 9.6718550931955 3.53610523471519
Gabrg1 9.94256729204688 9.6718550931955 3.53610523471519
Clip4 7.85468068661721 9.6718550931955 3.53610523471519
Scn2a1 9.36213272510006 9.6718550931955 3.53610523471519
Rbfox3 7.87244720482084 9.6718550931955 3.53610523471519
Lhx8 12.4438590484323 9.6718550931955 3.53610523471519
Rasd2 12.2164429428402 9.6718550931955 3.53610523471519
Arhgap20 9.24798594675062 9.6718550931955 3.53610523471519
Cystm1 11.3044792382304 9.6718550931955 3.53610523471519
Uqcrq 12.2405984163597 9.6718550931955 3.53610523471519
Tceb1 9.06003233044023 9.6718550931955 3.53610523471519
Acyp2 11.4183169595158 9.6718550931955 3.53610523471519
Snrnp25 11.3977195105245 9.6718550931955 3.53610523471519
Tmem158 10.0241616341543 9.6718550931955 3.53610523471519
Bex4 10.5480395296085 9.6718550931955 3.53610523471519
Fundc2 10.0144230801738 9.6718550931955 3.53610523471519
Hcfc1r1 11.1353693748301 9.6718550931955 3.53610523471519
Nkiras1 11.1248538185959 9.6718550931955 3.53610523471519
Lysmd2 10.4524247931465 9.6718550931955 3.53610523471519
Hopx 10.5840158233494 9.6718550931955 3.53610523471519
Ndufaf5 10.4278355962549 9.6718550931955 3.53610523471519
Pacrg 8.89826291608646 9.6718550931955 3.53610523471519
Ngfrap1 12.8976652331415 9.6718550931955 3.53610523471519
Ggct 11.3269647532972 9.6718550931955 3.53610523471519
2610524H06Rik 9.49872955883754 9.6718550931955 3.53610523471519
Spryd7 10.6809790800598 9.6718550931955 3.53610523471519
Rtn1 12.5771320010397 9.6718550931955 3.53610523471519
Bcat1 10.4765106708804 9.6718550931955 3.53610523471519
Tmod2 8.4755554731719 9.6718550931955 3.53610523471519
Lypd1 10.4525678153184 9.6718550931955 3.53610523471519
Timm8b 12.2286422460481 9.6718550931955 3.53610523471519
Sh3gl3 10.7409652860135 9.6718550931955 3.53610523471519
Rab3c 7.89934071249251 9.6718550931955 3.53610523471519
Sec62 10.1361424934919 9.6718550931955 3.53610523471519
Mela 10.0540809683458 9.6718550931955 3.53610523471519
Dos 9.96476220486142 9.6718550931955 3.53610523471519
Reep1 11.7522974287947 9.6718550931955 3.53610523471519
Chchd10 10.9008362470517 9.6718550931955 3.53610523471519
Abat 10.3431565219583 9.6718550931955 3.53610523471519
Clvs1 10.5287087882353 9.6718550931955 3.53610523471519
Asns 10.1698385220469 9.6718550931955 3.53610523471519
Fermt2 9.12969664236909 9.6718550931955 3.53610523471519
Fam174b 9.05267088350012 9.6718550931955 3.53610523471519
Serf1 9.68557609291311 9.6718550931955 3.53610523471519
Coro2b 8.90933105176525 9.6718550931955 3.53610523471519
Rnf157 11.9433918962714 9.6718550931955 3.53610523471519
Atcay 8.12620668903456 9.6718550931955 3.53610523471519
Tmem56 7.48097801323135 9.6718550931955 3.53610523471519
Nrcam 8.23890095622023 9.6718550931955 3.53610523471519
Morn4 10.3469414534074 9.6718550931955 3.53610523471519
Ccl27a 9.7202659349424 9.6718550931955 3.53610523471519
Rnf208 10.3090125328056 9.6718550931955 3.53610523471519
Stmn3 12.420134006006 9.6718550931955 3.53610523471519
Gria1 8.86169534374393 9.6718550931955 3.53610523471519
Kctd17 9.46224690102362 9.6718550931955 3.53610523471519
Fhod3 8.05315702821252 9.6718550931955 3.53610523471519
Fgf14 7.96367009282932 9.6718550931955 3.53610523471519
Tln1 10.7717707734155 9.6718550931955 3.53610523471519
Kalrn 8.11898544780063 9.6718550931955 3.53610523471519
Uqcc2 12.4814135578139 9.6718550931955 3.53610523471519
Cacnb4 9.43398885509515 9.6718550931955 3.53610523471519
Tacr3 9.20339989226568 9.6718550931955 3.53610523471519
Mapk10 10.6896229705265 9.6718550931955 3.53610523471519
Dennd6a 9.26857435311381 9.6718550931955 3.53610523471519
F2r 10.8981321820627 9.6718550931955 3.53610523471519
Lrrtm1 8.0197582631945 9.6718550931955 3.53610523471519
Fdft1 12.0374585677706 9.6718550931955 3.53610523471519
A530058N18Rik 7.38232647473624 9.6718550931955 3.53610523471519
Ahi1 10.2101075804798 9.6718550931955 3.53610523471519
Atp6v0e2 12.2757250598704 9.6718550931955 3.53610523471519
Uchl1 12.6210530658776 9.6718550931955 3.53610523471519
Syp 10.0943003896091 9.6718550931955 3.53610523471519
Crmp1 9.6422127843613 9.6718550931955 3.53610523471519
Uqcr11 12.8899320619778 9.6718550931955 3.53610523471519
Tnk2 10.8276547453866 9.6718550931955 3.53610523471519
Mgst3 9.72207278100978 9.6718550931955 3.53610523471519
Pcsk2 10.1818106930413 9.6718550931955 3.53610523471519
Crabp1 9.11241654223728 9.6718550931955 3.53610523471519
Ykt6 9.85308353455352 9.6718550931955 3.53610523471519
Nipsnap1 10.1838968555835 9.6718550931955 3.53610523471519
Bex1 13.3247495014182 9.6718550931955 3.53610523471519
Scg3 9.56742092764618 9.6718550931955 3.53610523471519
Cacnb3 9.97136800956496 9.6718550931955 3.53610523471519
Arhgdig 11.6880917652905 9.6718550931955 3.53610523471519
Kcnk1 9.76888382814039 9.6718550931955 3.53610523471519
Cd200 9.79649089540434 9.6718550931955 3.53610523471519
Ctnna2 10.1554448894356 9.6718550931955 3.53610523471519
Cadps 10.5530382576094 9.6718550931955 3.53610523471519
Stard10 9.9547955443315 9.6718550931955 3.53610523471519
Gpx3 10.7617232762606 9.6718550931955 3.53610523471519
Kcnk2 9.276244777906 9.6718550931955 3.53610523471519
Cdkl2 9.14578399087818 9.6718550931955 3.53610523471519
Cyfip2 9.29211913332312 9.6718550931955 3.53610523471519
Pde1a 9.07506487104108 9.6718550931955 3.53610523471519
Dbndd1 10.2740778474924 9.6718550931955 3.53610523471519
Ptger2 7.93244251124676 9.6718550931955 3.53610523471519
Pacsin1 8.91974037896927 9.6718550931955 3.53610523471519
Fkbp1b 12.123617244207 9.6718550931955 3.53610523471519
Cntn1 10.9026434368579 9.6718550931955 3.53610523471519
Sh3yl1 8.85864240867224 9.6718550931955 3.53610523471519
Spock3 8.21827995817024 9.6718550931955 3.53610523471519
Scn1a 7.94151890959141 9.6718550931955 3.53610523471519
Kcnip4 7.86384523029133 9.6718550931955 3.53610523471519
Rgs7 11.2235486585454 9.6718550931955 3.53610523471519
Tagln3 11.3760768831321 9.6718550931955 3.53610523471519
Rgs17 10.2761350785295 9.6718550931955 3.53610523471519
Scg2 9.5622790098613 9.6718550931955 3.53610523471519
Kif21a 9.04159681861091 9.6718550931955 3.53610523471519
Cacna2d2 10.1578681677919 9.6718550931955 3.53610523471519
Cdh11 8.21167256188345 9.6718550931955 3.53610523471519
Crabp2 8.93542421640929 9.6718550931955 3.53610523471519
Lrrc3b 8.94149878408611 9.6718550931955 3.53610523471519
Acsl6 8.38769340592513 9.6718550931955 3.53610523471519
Tram1l1 9.46536781951439 9.6718550931955 3.53610523471519
Map1lc3a 11.7181075526716 9.6718550931955 3.53610523471519
Zfp521 9.5010415386314 9.6718550931955 3.53610523471519
Dpp6 9.14484989707973 9.6718550931955 3.53610523471519
Cadps2 10.2964507446374 9.6718550931955 3.53610523471519
Nol3 9.51438833755131 9.6718550931955 3.53610523471519
Fam92a 11.3848527019169 9.6718550931955 3.53610523471519
Fgf12 9.06195147146181 9.6718550931955 3.53610523471519
Vstm2a 8.90464834438617 9.6718550931955 3.53610523471519
Slc6a1 9.41524110625478 9.6718550931955 3.53610523471519
Krt10 9.05271808350417 9.6718550931955 3.53610523471519
Nckap1 12.0881238134663 9.6718550931955 3.53610523471519
Slc41a2 8.02838528827577 9.6718550931955 3.53610523471519
Zdhhc2 9.66729409705508 9.6718550931955 3.53610523471519
Rgs8 8.16518537781904 9.6718550931955 3.53610523471519
Cltb 11.5527945378612 9.6718550931955 3.53610523471519
Fez1 9.23058515352487 9.6718550931955 3.53610523471519
Nlgn2 10.4922044842617 9.6718550931955 3.53610523471519
D430019H16Rik 10.5508257779044 9.6718550931955 3.53610523471519
Adcy2 11.1750627599402 9.6718550931955 3.53610523471519
Mterfd3 8.18796087264353 9.6718550931955 3.53610523471519
Gm1976 9.03751716775653 9.6718550931955 3.53610523471519
Tcfl5 8.04285921458248 9.6718550931955 3.53610523471519
Pcp4 13.8927044090109 9.6718550931955 3.53610523471519
Gal 9.20879620899632 9.6718550931955 3.53610523471519
