Uhrf1 9.53427432476441 5.52616547449125 4.31750815199759
Dpysl3 12.8837712643463 8.12945476212576 5.2018476270825
Nasp 11.6288470631536 7.77370682955278 6.27495592905198
Rrm2 11.6111642006541 7.75700388238176 4.54549017293924
Ccnd2 13.9324354113347 10.6013237627647 5.4915601811607
Nusap1 10.6922193016853 6.06074258914389 5.14580651032836
Ezh2 11.1580666609765 7.83121981987864 4.60350488717003
Rnd3 11.147304665057 7.6711719350141 4.38386572862101
Ccna2 11.2214637710139 7.30367199854483 5.35017806502126
Dcx 12.9992884069284 7.98461385911224 4.81161070594493
2810417H13Rik 11.482242210821 7.3695841427209 5.1806006428634
Pola1 10.2740555126902 6.94414723106739 5.94501806623954
Igfbpl1 9.97989734602987 6.13914281638489 4.86460970112396
Tmem2 11.2640536076435 7.17516063972711 4.83193105841929
Mki67 12.2894855558827 7.26124047908645 5.16273913079127
Cenpf 10.1337691740404 5.62265891805508 4.67160497976621
Smc4 10.5176275690196 7.02781527068673 4.54295312679426
Top2a 11.6433083587303 6.70072397007785 4.52172896050867
Cdca7 11.4007435849176 6.39927256787733 4.90021727342997
Trip13 10.4075548492614 6.75735974793164 5.23190831620252
Kif2c 8.54458335727805 5.16029982820227 4.1612607287713
Zbtb12 9.46654178096821 5.90570543683928 4.88509967663838
Sox11 12.1901352007152 5.772376095684 4.08470451954381
Cenpe 8.34767451096559 4.08141656967554 3.70938219108866
Pbk 10.9766873691486 6.99355228605831 4.82212125907858
Dlx2 10.9362088035108 6.73614439321686 4.86011712001581
Dlx1 13.2290397628289 8.51689128431717 4.23845640656334
Gsg2 8.00149169800754 4.67041611126691 4.26728885294739
Cep55 9.32947005437654 5.82062049790544 4.46004492524202
Ube2c 9.80516240401687 6.10085171390105 4.56320837258757
