Pvalb 11.6355297700361 7.65199714800226 5.88898694666131
Sst 14.1223387589978 7.03577550994576 6.12678354643154
Timp3 10.1698967467531 6.25718029312883 5.92719708184386
Npy 13.1238204234534 7.74007530596092 5.62751487733732
Lgals1 11.9784267766101 7.88522404514306 4.95624971748217
Masp1 8.85286560137967 5.39899764197126 4.39091477301918
Dlx1as 9.07770464775668 5.18346497499075 3.8709530866611
Slc8a1 9.93995660569167 6.30900843203189 4.76140244140905
Arx 10.4802059476789 6.0087849281542 4.06065860127963
Col19a1 10.5693022130463 4.8900608518398 4.21215933013769
Gad2 10.0618868949686 6.71816785093903 5.9410461746866
Lhx6 10.5252471359448 5.81925157230472 5.41293718893485
Rab3b 11.2673217777495 7.23231434222474 5.47214274045868
Ache 10.0525118798493 6.34999102714592 5.09302770919609
Slc32a1 12.5258532940668 7.48691300287716 5.06690288872955
Socs5 12.3270264414277 8.66704810500997 6.83092492958332
Pnoc 10.0281117607282 5.66889454607985 5.51619933885392
Olfm3 11.6470682637086 8.07916323967458 4.80871849163406
Kcnmb2 10.0498369057309 6.53595277059449 5.29742375594661
Grik1 9.16190683827469 5.21833288344163 3.82859243787073
Rpp25 9.75375717998016 5.03430400684048 4.28866196374953
Reln 13.4380484871903 7.80504434669272 5.84157656088717
Kcnh2 10.2462775708993 6.67537669643365 5.58138673576798
Grpr 9.95241063020477 5.66692269827456 4.92469754090548
Klf5 10.0992331772233 5.52052422578392 5.26213323494141
Rgs8 11.7252323038524 8.26816486599557 4.7854524861273
