Meis2 9.4488277879148 5.89136831097892 4.71966209044129
Dkk3 11.6429019346828 7.61482747817235 5.51303752827403
Neurod6 8.93939686614631 5.06657444182984 3.51768122163396
Arc 9.95351900925177 6.30626838727468 5.08548814628911
Fezf2 10.4039548317574 6.24444003497524 4.67772846243646
Ndrg1 11.1646002423784 7.53776570550454 4.98726564000318
Ldb2 12.0351979758854 8.32738084081659 5.61342224219943
Pou3f1 9.80376068485529 6.38701021015661 4.7972397474335
Grp 11.786789590501 7.43982551814485 5.01277778717973
Sorcs3 10.5218927626316 6.88999041769805 5.75012356994654
Tyro3 8.61888175998532 5.1856310261554 3.59958013557715
Nov 12.8942593750167 6.24230497962868 4.61534582085877
Npr3 7.9023832917415 4.40387337664652 4.14858787765763
Pde1a 11.3889863439958 7.22706139769162 4.75051347630158
Dcn 12.8399512076632 6.44232258685656 5.79694518576689
Nr4a2 10.3346855196137 6.000340757865 5.38846732850972
