Golm1 13.1709345745481 9.521439911533 7.21844349375727
Dusp6 12.2043335698759 8.54967416202533 5.20927351419773
Tgfbi 10.1729708775644 6.46159628860123 4.17399485463175
Junb 11.5780026398467 6.47033640925636 4.96871175740194
Lcp1 11.8463632704423 6.92474441035603 4.23821516945834
Txnip 13.6993914736524 8.29728021098584 5.77687643764905
Cd34 10.5911587485583 5.15931332546129 4.39952567271857
Tpst2 11.1246231388186 7.66714090225022 7.25354123972702
Cd83 13.2264749464343 8.48258038340129 5.58590775568181
Fkbp5 11.3757997333897 7.65010391439994 6.5502408304042
Sipa1 11.1257432146877 7.13275097397949 5.99880798261277
Btg2 11.4968904593275 7.42368605342147 5.69908756066101
Ctsc 12.6065842886925 6.06374861376818 4.19671704149082
Ier2 13.4150634942812 9.22149653659229 6.81043124241551
Socs3 12.8363611039744 5.29050693144409 3.93379505929491
Scamp2 12.0782300087712 8.25513344036757 6.69533108111229
4632428N05Rik 12.9592128362635 5.45357674724274 4.83357313573092
Spint1 10.3415667614487 6.51997365560923 5.0595130953088
Slc2a5 10.7506339487812 7.21195404380815 6.20808264262914
Irf8 12.5606886061131 5.77001009396843 5.41524939836584
Dnajb1 11.4072973894197 7.66727011486022 6.80441650579717
Slc39a8 8.3702572354114 4.95152130150503 4.04226455258688
Parvg 10.3224146114506 6.59556102893138 5.28195622876958
Erap1 8.15112431133349 4.80437935024601 4.2431926038018
Mfng 10.1100884876208 5.88122782554429 5.58695707118488
Slc40a1 11.6365802495677 5.99731305525961 5.09747612743643
C1qb 13.3846079047961 5.14274194502957 3.89520055886847
Ccl6 10.223717633042 4.71583235601202 4.04339563231897
Cd14 13.3052539164274 6.51863027429943 5.6993402738644
Pycard 11.8185468367102 7.47434440064731 5.0396221054261
C1qa 13.2380236204344 6.68591499400706 5.4332422840151
Slc7a7 11.052383619296 5.79024781974528 4.72924054896229
Klf4 12.698526861476 6.68282816134226 4.78603125315055
Jun 13.1567215574815 9.0909971202369 5.57138579710558
Srgn 13.2509970787582 6.11130813416189 5.16874640070293
Nfkbiz 12.6860754101133 6.93770978734613 4.44972741511789
Tgm2 11.7718766956168 6.85575494398252 5.40454520721337
Plek 13.0669588958399 7.6593964368166 6.11389908664016
Rgs1 11.2541972267774 4.79970189943351 4.42610543342872
Ier5 13.0591463203827 8.67184800788979 7.60900045773699
Cd79b 8.31573716498709 4.89995754833219 4.61720833897144
Elk3 10.4901390004177 7.13031392156447 4.23902334019291
Naglu 9.26626288253695 5.93811337384891 5.28086958623805
Laptm5 13.2497958585741 6.15434604449362 4.48872923298124
Pygl 8.42622724597409 4.8116276095405 4.22638689864736
Rgs19 10.139947557409 6.75372063773051 6.0560187662208
Ctsz 13.0341451754765 8.8760493146118 5.87414076550056
Fcgr1 12.3056772228307 6.02460085368528 4.30848169301377
Slc16a6 11.601886645942 7.1219482117491 6.17153199094127
Ccl9 11.5606702750711 4.86704759135734 4.60699041084631
Trim30a 9.82440837349698 5.92654300932139 4.93348855693511
B4galt1 11.050190662426 7.07081242528685 5.79790005704599
Nrp1 10.4416176811946 6.05406353178935 5.05631227114656
Tnfrsf1b 11.5849644137814 6.69570517420424 5.79512061647449
Inpp5d 12.5199395399242 6.62043259548754 5.62271236265203
Tlr4 9.52419084436795 5.50103150291912 4.11355948580548
Pmaip1 7.94812896443572 4.32078895049902 3.75842407911244
Aif1 11.8782125697407 5.23533698645802 4.67673670652545
Syk 11.2305153374971 6.3518567312511 5.68399190232627
Klf6 12.1614928848338 7.08470905751409 4.7143115586796
Crybb1 12.3010895138039 6.83940855711835 6.47405664426895
Fcer1g 12.6409109862305 6.21448414670244 5.45273155370183
Ctsh 12.8519091129382 5.63552537072358 5.11280104117951
Gbp3 8.5913202656342 5.2496688195501 4.83932807814108
Gpsm3 9.66649074936397 5.73442457777155 5.3334147625364
Ncf4 10.7081144474155 5.34261174732768 4.91322141999772
Ggta1 10.3145780373454 4.28313938670862 3.90091234773851
Lcp2 10.3889718130272 5.54071993682069 4.72677545216612
Ngp 12.4329204009581 6.41391465721355 5.05081594575732
Spi1 10.2850028049619 6.81213853733589 5.96462806178746
Atp7a 10.1404314445784 6.55354297868128 5.09084540574102
Csf3r 10.4703586336665 6.20239198085194 4.84077521910879
Ms4a6b 11.1222234312687 5.30624578854585 4.57674524752164
Hcls1 8.83239317939796 5.21256525229001 4.61057720434871
Pabpc1 11.1513836653323 5.8250552157288 4.13479383313132
Cebpb 11.6879517821222 7.84582257623912 6.39389063526993
Plxdc2 12.0633823649962 8.73131994018396 5.71491153561418
Cxcl10 9.83264446685726 5.71406951917209 5.15765390650102
Maff 10.2395219098757 6.3743570211022 6.01909528972953
Cysltr1 9.33333349087416 4.08285898208587 3.78428611805228
Cebpa 9.88957255483431 6.35890041355392 5.0894505435618
Cttnbp2nl 11.7204560544011 8.37130107621315 6.28074238456276
Lyl1 9.97533629065994 5.39697648840411 4.86104201094617
Ptpn18 10.4025712369028 6.55036496744628 5.94600418578978
Tlr2 11.9268402473875 6.3725410900613 5.36331401024817
Serpine1 9.52331793271942 5.46497056354286 4.34352568612277
Mlxipl 10.549742788076 6.63497447584771 4.53440061233333
Cd37 10.9048574016166 6.08617122526706 5.57353642557988
Map3k8 10.2849700718244 5.65817392112599 4.56583512050309
Rgs2 12.8270914592276 9.3285990866806 7.33185864312905
Myd88 10.7278217724093 6.91048288310208 5.7029448189088
Ccl12 10.5112043294489 4.77466598547709 4.25638264190447
Arhgap4 9.36525554969312 5.81753018168686 5.27622819564434
H2-Oa 8.7917936065526 5.31049610260233 4.97736262425461
Pon3 9.20297150005047 4.48569921519499 4.21828113922365
Slamf9 11.1882832385642 7.62224427758048 6.01358979259785
S100a8 13.0395448654869 5.07382279137027 4.77749642170336
Il10rb 10.7116513838826 6.51641826253353 5.19068481306314
C3ar1 11.7072754362155 6.02622603199804 4.99772496422344
Ripk1 10.1243899929041 6.77807590187244 5.63098001103636
Fgd2 12.1304825880125 6.14760570539401 5.73609970881337
Ccl3 13.4953964323281 5.38865245484992 4.4259759378789
Ms4a6d 11.3799791784438 5.039539924602 4.61735274323477
Camp 12.113738407204 5.72715021591771 5.26332088694905
Klk8 10.2464469222101 5.83388132412021 5.57032927902125
Chil3 11.1159878878753 4.37693230391743 3.96089655666644
Arap3 9.86775374576886 4.50899839183301 4.04754269369154
Tlr7 11.2112407400947 5.22058719670907 4.59922246898814
Csf1r 14.0460007158016 8.76904182769719 6.65231776255961
Rab3il1 10.4710400563943 6.88695632170214 6.21158653734247
Slc11a1 11.4154854568916 6.33013735148272 5.30236888305014
Ccl2 9.49866288250659 5.56620232366363 5.19180559695197
Cd86 11.6419705628058 5.16095849594625 4.80107436765885
Gpr84 11.5935377294956 5.92293736524035 5.21082627084417
Tcirg1 11.3257053795282 7.29416065698086 6.53344979494441
Trim12a 8.5835260320544 4.36873065952917 4.13003823973873
Zfhx3 11.2942984484453 5.65261018386682 4.50326288771682
Slc15a3 11.5219827541908 5.69504759015646 5.21375617468149
Clec7a 9.36335652990378 5.20076716841772 4.68032183729619
Rel 9.30153835661437 5.17684373775334 4.75907827894144
Tgfbr1 13.4953964323281 7.1453552506136 4.7469440423284
Adcy7 11.9646243532397 7.61796177666109 4.60506850261029
Gpr56 11.0473777353108 7.66818104759944 6.63465607074435
Lgals9 9.80576100376818 5.83509673961615 5.20049589159722
Trem2 11.528689695107 7.48824357030001 6.0842092375368
Myo7a 9.61565808015342 6.28300741927078 5.19753734151027
Birc3 10.7521481640029 7.29462662178207 5.98708138694291
Igsf6 8.68495551282954 4.45766560483855 4.12637143613673
Samsn1 8.95535277925432 4.80377863135858 4.46815129443269
Il1a 10.5450729398403 4.47319316154969 4.01894671184146
Hpgds 9.14123713383759 5.41003889858599 4.93778944053641
Naip5 11.1347547074536 4.91823362755111 4.23611181128928
Ccl4 12.7516225784521 7.31346873155499 5.29357910195783
Itpr2 10.8613975316724 6.97132031492886 5.26811244156595
Stat6 10.5031698578152 5.55806296493779 4.17079590314836
Tapbp 11.4240903434095 8.02670356058388 6.83191960816284
Abca1 12.0785728549459 8.48453513718661 5.52110120222346
Dapp1 10.626591308075 5.03909962832345 4.89179693802024
Clec4a2 10.1190075949126 5.11572057357053 4.56532565205998
Fli1 10.0832277034328 4.61525587239546 3.85075553235147
Ets1 9.75745818736726 4.67730008552672 4.01917801492645
Ptprc 12.4215732421658 4.56085102585755 4.18099617568115
Fosb 11.9818678393755 5.59211849805451 4.76213726469409
Ccr5 11.7087776692335 4.74646209643445 4.33678372455344
Il6ra 12.6405285425734 6.06285573965314 5.66764356760145
Pla2g15 12.3512186582331 6.99176952090883 6.1803027330872
Itga6 11.5906633280243 8.24428323146326 5.86716144023775
Ifi30 11.4062018650154 7.9275190554752 5.50552101967687
H2-DMa 11.3395300052483 6.77020069820853 5.82420269797868
Gpr34 12.142699851518 4.37309037901491 3.83509495061025
Rrad 10.0026571297703 6.30926998909775 4.96307819289847
Rnase4 13.0771643703574 6.41059620491472 5.3847924409117
Hfe 11.3196450739578 7.91975744536162 4.98698664888992
Pik3cg 10.1537853547168 5.55787698025729 4.88573724557689
Btk 9.58917222158551 6.22487192737918 5.49540346977445
Dock2 8.86389566600281 5.4793079625626 5.04211658586536
Mertk 13.0985151577591 8.07368117837316 5.26006739098198
Cd84 9.96224237530016 4.82215600231935 4.54591582708616
Ly86 13.8305038298173 6.79803180508019 5.26543647202841
Vav1 10.4997459843954 4.51303902295675 4.12902402806255
Pik3cd 8.99966364024255 5.54196727232961 5.14415430563218
Cfh 10.8438396260437 4.00658845860352 3.56411761781794
Tnfrsf13b 9.66545251361214 4.84143626522402 4.19428112978589
Hhex 10.060418644213 5.59671282909464 5.07727561492944
Entpd1 9.58873000960094 4.79465760312594 4.28217929397415
Ptgs1 12.1626150793908 4.96870288639585 4.59157472347858
Frrs1 10.6966078261321 5.5137048506538 4.91139067477375
Lyz2 12.5660138290276 7.03889466588159 6.15795775107103
Ctc1 11.7422487728519 7.68225697820422 6.91572311160144
Unc93b1 11.3066168079527 7.27925110053723 6.04213204681385
Hvcn1 10.2856187487951 5.96088154229962 5.61593228072612
Edem1 10.5644676490564 6.41227320824991 4.53960028850898
Icam1 12.144222640413 5.07381699033986 4.64509834197296
Ptbp3 11.2952745829932 7.77707361490883 5.55967850483766
Rcsd1 12.3223507478265 7.67157049683762 5.9709596458921
Tmem140 8.46080936763924 5.0589635011762 4.40444534605732
Cd177 8.01898297885642 4.53369454085447 4.12416574772929
Casp8 9.83591177234681 5.34590792866014 4.9584369793845
Tmed5 10.4601759587631 7.12539612548512 5.00713440899901
F11r 12.1638127271072 7.40868315608145 5.45637395016152
Glipr1 8.88148604367629 5.20466556383146 4.95985056882987
Lpxn 10.730982217212 5.11908793884528 4.46295153552069
Siglec5 8.337886172674 4.19259684647573 3.75417020007515
Fcrl1 9.27554865404005 5.77259535762088 5.12354663325899
P2ry6 11.5909433501351 4.75549889753357 4.25043147765259
Ighm 11.6041085325057 7.20535424743512 5.71595622008123
Tgfbr2 12.4312251246194 6.39348314861271 5.17139256524868
Ceacam1 8.73427463823456 4.73133880810116 4.05882176085416
Il13ra1 9.69650941211153 4.64669871223383 4.3488320056525
Adap2 10.4876327911899 6.16435639426992 5.22931242967277
Pld1 10.7880824610021 7.3804189311226 5.79826126450254
Capn3 10.437566906065 5.03437295871865 4.20594759020857
Gem 8.28009388336886 4.16852467891498 3.84972879946061
Rrbp1 12.1135184174842 8.60648121181755 6.33208254181852
Vwa5a 10.3690918760756 6.82293967404029 4.65803946291192
Arrb2 11.5161791808491 8.04187300105365 6.5014263644789
Pros1 11.4244912078995 5.96492354893847 5.29958016613857
Arhgdib 10.7800288131728 6.75438225208078 5.8081079416764
Arhgap17 11.0358082941061 6.84255128976894 4.8805960972315
Trim47 10.122871565472 5.31658277433466 4.91922793821773
Sash3 11.2528818012755 6.27191881796332 5.09185948099842
Themis2 9.94919523666928 5.30875532325067 4.85412071286349
Mpeg1 13.5339312443488 6.22796893044802 5.7105670371838
Cd48 9.99176185857167 4.66176599621583 4.29584751575768
Akna 10.5978331936346 6.76629561679293 4.76931008511927
Fes 10.5840546362038 7.12001921868654 5.52223784491767
Cep152 9.68353142517718 5.90760374857076 5.46113734299441
Egr2 11.2144151601674 5.23518803438968 4.20431611263177
Ccrl2 11.4107831106411 6.60652423943421 5.5421621211365
Lcn2 11.7182561949748 4.46355168322829 4.10994617503537
Hbb-b2 7.86146929235822 4.36216603937246 4.12567014520712
Tmem173 11.1696407087511 6.9283385691911 5.55090563656141
AF251705 12.0057126252299 8.17807450059352 6.04872104678567
Hmha1 10.4487011332694 6.31890848488754 5.62082130026393
Gmip 10.2055870255081 6.2112163071284 5.58593094681235
Nckap1l 11.1526856630168 6.32101873343641 4.97859534610193
Abcc3 9.7509259850256 5.83119850994882 4.9038920335854
Rhoh 10.7637079698635 5.41488474620753 4.66069115440101
1700017B05Rik 11.7522974287947 6.62966750683098 5.49357612834965
Gusb 11.4803411718158 6.81488044038258 4.53178585961752
Lair1 10.6612900224916 5.57916093292298 4.86046180236939
P2ry12 12.4385715566921 5.11010133673379 4.33568115699181
Epb4.1l2 12.5432840929574 8.883166681592 4.96603219259594
Pld4 12.1700437011819 5.90292360923742 5.22947721193042
AU020206 9.79768698851007 5.49954670865025 4.87737791046388
Fermt3 11.4207362066657 5.10304673684551 4.35566142322079
Ankrd44 11.5679366187782 7.53659000204958 5.75905823628337
H2-Aa 11.2644036954394 4.82423935280803 4.30873672827083
Fam105a 11.8820924454901 6.99331102864814 5.55495687214595
Herpud1 12.5116726598182 8.67342002461654 7.64431759440691
Cd300a 10.0530239896872 5.37970506219823 4.77456157290065
Lyz1 12.2502412289951 5.28623439665573 4.38113451775211
Clcf1 8.68466038510135 4.00028950490902 3.74476958106322
Adrb2 8.29734945321406 4.87002125544827 4.12332507159904
Il10ra 11.9867649941734 5.22296895507581 4.76652087539479
Hexb 13.9214339669789 9.42189380749617 7.3376844941121
D530037H12Rik 10.4018822600769 5.35279113897451 3.91463313979578
Rab20 9.64744268247702 4.55587626493035 3.82200920841575
Grn 13.6303783372944 8.46927879562321 7.1814889332116
Fam46c 12.2421510197398 6.52172142138006 4.38148698120773
Ctsa 12.9644748360344 9.12793695597366 8.01858820623465
Pald1 11.0128320429645 7.5862575794782 6.05436758647402
Ifngr1 12.016051864462 7.84473239012148 7.04378834272914
Tcn2 12.1195930224409 8.50340117824977 6.42521527559717
Anxa1 9.64055143138413 5.27871404062778 4.50930121088129
Ppp1r15a 12.6593601245383 8.18004728879774 7.5258455989161
Olfml3 13.5644607358692 6.8418397572395 6.05570739449609
Ncf2 11.109264808914 6.30335903200819 5.82673605888781
Il7r 9.22711297999003 5.73412337117076 4.66059674894851
Ctss 14.1223387589978 7.53185891584962 5.34775654783699
Cd53 12.6270729328698 5.90417824375504 5.03211748831674
Fcgr3 13.3874319809845 6.53412473155353 5.30955688836998
Hps4 12.4456398299555 8.76160168661926 7.83676310967057
S100a9 12.2965410503709 5.64341158799561 4.6538075350675
Lgmn 13.4068999504885 9.0093706958192 7.82809668653736
Klf2 12.9915058739807 6.31176871135763 5.38424492800242
Fcrls 13.5200887013828 6.570493995202 5.29076326394513
Tlr1 9.55990391864875 4.67729543335544 4.14017254378794
Selplg 13.492313873689 8.2805734081451 6.01501240624195
Cd68 12.2825968841945 5.27963525773546 4.45058172122971
Csf2rb2 9.46516272602394 5.00470463383921 4.42043175914293
Atf3 13.3007390383143 5.50692534345895 4.80119759262906
C1qc 13.5695399365939 5.82459107322512 4.9076326733965
Chst7 11.0545300964632 7.07972833704672 6.16597010481369
Hck 11.7192724128215 6.95779396410935 4.9825605550516
Casp4 9.17977855891737 4.36050514638322 3.94776641176798
Lag3 9.94342037341401 6.0256085407396 5.32355170868709
Cxcl2 10.9236295592129 4.3679266583761 4.07075869270573
Ltf 11.9771261319803 7.34660315211238 6.24710961733662
Cx3cr1 12.8322911670036 6.56163106095087 5.26939900915263
Stab1 10.7835801182221 5.79434760578033 5.16606300065478
Il6 8.3523884587654 4.12081933266263 3.80464757726621
Pdgfb 10.6620659529342 6.43930621402215 5.42835602040751
Mrc1 8.47267687587698 4.31186710762979 3.85766899415256
Itgb2 11.8281947861841 5.120820169266 4.61731913952778
Adamts1 11.3973807177838 7.76845977028899 5.46622803008786
Ang 8.67340897437916 4.38159840456855 4.11972895724439
Tyrobp 12.9035612805634 6.239375723228 5.42953395454009
Ptplad2 9.63817330010533 6.09872604865033 5.33704860048841
Slc29a3 11.6835560124248 7.48019242853429 5.31963848144825
Emr1 12.777781853873 6.93901309020151 5.39300344584548
Nrros 12.3519497751025 6.93565644234076 5.46823477209954
Tmem119 13.699678559052 6.99975620950778 5.4900416777116
1810011O10Rik 8.37120216738482 4.8406993666715 4.26536479839338
Parp14 9.10437062254361 5.71357210133073 5.05753578484577
Havcr2 10.710530075929 4.70814525079991 4.11540957540404
Alas2 9.97256535353661 5.7435589324833 4.86098566016328
Cmtm7 10.4036329494645 6.45235753364732 5.24439528144913
Mafb 10.9849900615298 5.75296497564994 5.27546697419
Blnk 11.8079240962002 5.67448106272504 5.33733461453122
Alox5ap 12.5749967599795 8.55388493259482 5.76094538938568
Fyb 11.7159427823204 6.94173816432896 5.88818170416512
Ctla2b 9.94438247489242 4.32400801759614 4.05994191474842
Hspa1a 11.9245276178108 7.03673339961591 5.88070279684687
Zfp36 13.4960506681509 7.7005078146397 6.25056383926734
Abhd15 9.92497435981129 6.35510975082484 4.93018611784165
Cyba 11.7749627835735 8.11301496709845 5.12046044385906
Ptpn6 11.3292345329635 7.57533680474767 6.33917620473816
4833441D16Rik 9.33372525445037 5.78072714247027 4.58386426077037
Tec 10.1967601761071 6.55004183936275 5.34926581362772
Cd52 8.83934325002235 5.10674666543807 4.64001592781076
Irf5 10.4417221455899 6.27887991632698 5.57359028189183
Naip2 10.8151812852359 4.70012147989512 4.3118531910947
Anxa3 12.9131833282778 5.72026176814185 4.82299370040985
