Golm1 13.1709345745481 7.58815972041858 7.08726260678362
Cdc42 12.2436389401093 8.28511210663875 7.31502093506658
Ncl 8.57878843561137 5.21290798195652 4.83492860691242
Srsf2 9.40037755656191 6.03449113209751 5.66614278110177
Lbr 9.44263213579448 5.83377047491668 5.40286523599685
Tgfbi 10.1729708775644 4.66293191570835 4.4225773885517
Sgpl1 9.54910293773426 4.77516126858018 4.69576861770486
Mgst1 8.2714639401547 4.80438977325412 4.78592358978175
Junb 11.5780026398467 7.43242937244627 7.28856372726496
Creg1 11.4502595824185 7.62908668081572 7.12892606307701
Marcks 10.25492957013 6.38615133138424 5.2566784129373
Lcp1 11.8463632704423 4.32777026819968 4.31644970880552
Vcam1 8.18118631825557 3.99267052314295 3.96546550781469
Txnip 13.6993914736524 6.84358952281707 6.73883327518658
Cd24a 8.93508939538895 4.86684655317824 4.63372812128802
Sgk1 13.2007291352408 7.66139924310201 7.23465178491795
Flii 10.5065121486884 6.78504575564072 6.05353712031513
Fuca2 9.96271289402937 6.61506253801009 6.05736999242337
Cd9 11.8962881279299 5.4281099170633 5.04532814172071
Ifrd1 11.3040305700896 7.9203765268556 6.7878173137658
Cd34 10.5911587485583 6.15274659858153 5.85576289377758
Hist1h1c 11.8476499855546 6.90169233116128 5.03413419777243
Ywhaz 9.99123940936416 6.27023145499253 6.01925671429344
Cd83 13.2264749464343 8.58600865862356 5.93422239372808
Serpinf1 9.41188678958694 4.79588580430628 4.67165694219381
Rdx 10.7244040179248 7.09265614015317 5.4985335705282
Pnrc2 11.0423202308249 6.47045773458687 6.32710263470065
Sipa1 11.1257432146877 6.6997597799671 6.46948200297961
Btg2 11.4968904593275 6.79008371404322 6.19689663691688
Tnfaip2 9.08145533726492 3.92467473600357 3.89122221617427
Plod1 9.23012146683775 5.69172098561025 5.69028953545627
Litaf 12.5127367018525 7.77339375339194 7.68900475342491
Lamp2 11.6172171151883 6.66777538491329 5.6211185715545
Snx18 11.9105809619856 7.91446639635697 7.23844411494886
Ctsc 12.6065842886925 4.7270679244629 4.3320179321284
Rcbtb2 9.51693799161507 5.11603970553197 4.78196253861507
Cd82 9.38715719713112 5.97376572483938 5.61866163717438
Tubb6 9.94309885815544 5.6483655139879 5.32395427596042
Pfkfb3 9.98570488271776 5.10172506270792 5.08663936832184
Cd164 13.2504873032464 9.48277197836049 8.23090951919689
Ier2 13.4150634942812 6.26935049697594 6.1600247792081
Rab32 7.60118101811754 3.86016305148678 3.79794428697885
Pnp 12.8627608953087 7.18840014623053 6.70401595148988
Nfe2l2 11.3735710823378 4.84558763857338 4.70676714385379
Slc13a3 8.06868956027001 4.48396006274841 4.21788239887784
Socs3 12.8363611039744 4.21631858983797 4.01999396258516
Sparc 11.723215805215 4.70636412045904 4.55537111799748
Scamp2 12.0782300087712 7.97628476153719 7.66488148700783
Acss1 9.58139552895345 5.07357799314854 4.92796782512944
4632428N05Rik 12.9592128362635 5.12352501259295 4.95245576183331
Spint1 10.3415667614487 6.26980886039769 5.86459803952784
Smpdl3a 8.89619561075724 5.243324263159 4.70571855474999
Afp 8.20241684612463 3.95714247164638 3.81214715140745
Stxbp3a 9.18980767526913 4.51241813464442 4.25969854637299
Clic1 11.3846871257571 5.79719346735223 5.10135196922863
Serpine2 12.4306055788881 8.1532128281725 7.81651571556194
Plxnb2 11.1751053377305 7.56097702236207 7.16422665484117
Tspo 8.96653892538565 4.59167334519991 4.4638207230197
Irf8 12.5606886061131 5.70677502040311 5.48065889787716
Dnajb1 11.4072973894197 7.58348878093699 7.49742857556309
Mical1 8.88736256308852 4.28587468745016 4.23901454532075
Fkbp7 9.58447874704344 6.0009288417278 5.27527983061649
Tbxas1 9.77227819439976 6.40315481246274 6.09853586880671
Slc39a8 8.3702572354114 4.13538865665847 4.05364889326455
Parvg 10.3224146114506 6.52257221184849 6.00461645566941
Mcl1 12.1472433486191 7.23929892541612 6.75162189775678
Numb 12.2270194543794 8.61607087580201 8.56845330270637
Fam107b 10.6475155947746 6.4510323024499 5.63311241146732
Rps6ka1 12.439882687873 7.36835679510282 6.9614871300226
Npc2 12.9151308001633 8.46455970521342 8.4604659511328
Trp53inp1 9.74512065236671 5.55145144727791 5.10991452398482
Erap1 8.15112431133349 4.50276476535905 4.47730107409674
Tnfaip8 9.91373565516323 4.52566631577346 4.3441358742065
Fcgrt 9.65042068842126 6.01777908699949 5.71942772058373
Mfng 10.1100884876208 6.2499331716698 6.0600562823758
Tmem206 10.2057688234462 6.0326418002789 5.93702620464717
Slc40a1 11.6365802495677 6.07560548064881 5.89081331970606
C1qb 13.3846079047961 3.94230828114398 3.83647284260402
Cyp4v3 11.0721852303594 6.15353614656263 6.06532061570859
Qk 12.3621647632087 5.007169517428 4.479285311134
Syngr2 11.4559121689701 4.78471223744273 4.5034930897606
Plekho1 10.6038456884602 5.71309977130857 5.43170948453233
Pmp22 12.2653168767854 5.33657096220752 5.04669196809572
Tmbim1 10.1081327824941 6.76809059253982 6.46651664372392
Tmem123 9.14930394547842 3.9221260018 3.7185193590536
Ccl6 10.223717633042 4.78212005438613 4.53377194701461
Cd14 13.3052539164274 7.04806595209688 6.9707784034932
Tob2 11.2284375997777 4.89384414884005 4.57138334079253
Pycard 11.8185468367102 5.49722278754352 5.31848407154783
C1qa 13.2380236204344 6.0290597730669 5.86190843603014
Il16 10.7022595486227 5.93504113955605 5.81721293391892
Slc7a7 11.052383619296 5.47919726067047 5.43026467321427
Klf4 12.698526861476 4.9278783040842 4.62620490989836
Sertad1 10.6747710405396 7.23989424108257 6.75355581627714
Jun 13.1567215574815 8.70126613055548 8.20211145223552
Srgn 13.2509970787582 5.71424614301454 5.55160662280614
Cks2 9.81957354136534 5.52824937463497 5.49959609519537
Myh9 12.5865032254667 8.98423845178677 8.2709210520598
Nfkbiz 12.6860754101133 4.5093443419685 4.45973762978401
Tgm2 11.7718766956168 5.61687557091633 5.56135157569102
Plek 13.0669588958399 5.63360826072545 5.3269274475642
Itgb5 13.3318370523038 3.95904842227068 3.76334326463988
Elf1 9.08676867890006 4.13889759886897 4.11035538347915
Zfp68 9.42067994106581 6.057711165982 5.31661401827058
Cln3 9.94836220653156 6.57672357056567 6.18856873059967
Rgs1 11.2541972267774 4.75004667051984 4.5664753884045
Ier5 13.0591463203827 8.85057181719715 7.06668609078878
Slc12a2 9.27545350413279 5.54689552412558 5.18278623119788
Mknk1 10.6885605319743 7.04250171801094 6.98385300880667
Cd79b 8.31573716498709 4.77668028990202 4.46938662808052
Snx5 12.5628056055199 6.36084705000019 6.17892613473803
Elk3 10.4901390004177 4.62057248369996 4.31028765267452
Gab1 9.65193276191746 5.517032271257 5.28738138959095
Soat1 9.02708526356189 5.33187001705335 5.033471858627
Naglu 9.26626288253695 5.90505691852984 5.58154678059839
Laptm5 13.2497958585741 4.10617565395559 3.88252054660989
Ube2j1 8.69405240386572 5.04761701510028 5.03807095551523
Ptgr1 10.0953671914278 5.38455414802458 5.35899787073434
Rgs19 10.139947557409 6.09784453314231 5.31822715962437
Dok1 9.09517514267858 5.47940170372846 5.3402888547647
Serinc3 10.8737843005988 6.54391492496099 6.51723465305284
Ctsz 13.0341451754765 4.1909348626754 4.09088271933916
Fcgr1 12.3056772228307 4.87533819712774 4.6117336141802
Slc16a6 11.601886645942 6.29207585130642 5.3537607888177
Pdlim4 9.4700059993897 4.70230503758376 4.68809339010264
Ccl9 11.5606702750711 4.90813951918124 4.90597689906323
Trim30a 9.82440837349698 6.40886396904927 6.40189735802875
Tmem176b 13.0401808488191 7.70133082749048 7.5800721867431
St6galnac4 9.99597436944815 6.38567880536105 6.35793375298773
Tnfrsf1b 11.5849644137814 6.39363286349116 6.28959222099756
Inpp5d 12.5199395399242 7.2641407344675 7.03188178713795
Tor1aip2 7.23703840489046 3.90697318100086 3.66081749380854
Aff1 10.5286978143419 6.09446186800962 5.44253458470435
Tlr4 9.52419084436795 4.6025627674454 4.38395215300812
Pmaip1 7.94812896443572 4.20933975045815 4.09066469647799
Aif1 11.8782125697407 5.96775361057474 5.3421217048815
Lims1 11.3895886323577 7.5684667109889 6.48812416971608
Syk 11.2305153374971 7.07129245508112 6.75305409096839
Klf6 12.1614928848338 6.6339276114207 6.11983770086644
Crybb1 12.3010895138039 6.44578723104619 6.25013017702043
Fcer1g 12.6409109862305 6.47033587542633 6.25965189943504
Ctsh 12.8519091129382 5.57929582240496 5.5590337248906
Gbp3 8.5913202656342 4.6616756867126 4.56839000227527
Gpsm3 9.66649074936397 5.46200390222334 5.31881979524709
Dusp16 10.4070344793422 6.90440537573996 5.85338718353522
Ncf4 10.7081144474155 5.07084337085077 5.00309189873834
Ggta1 10.3145780373454 4.34076642235051 4.1910407459441
Calcrl 7.84138491604448 4.02865949268333 3.73775486957239
Lcp2 10.3889718130272 5.59982692488856 4.71855355838192
Fech 9.4374346620204 5.92646015317079 5.06234248701078
Ngp 12.4329204009581 6.64861840226322 6.410749428655
Spi1 10.2850028049619 5.98148708196029 5.90260046263923
Atp7a 10.1404314445784 5.57322433169105 5.39576955975321
Csf3r 10.4703586336665 7.13291952699602 6.31838805471125
Ms4a6b 11.1222234312687 5.60043193933473 5.37949196840839
Hcls1 8.83239317939796 4.87998789530444 4.57128572338767
Abcb1b 8.00305280287427 4.60892682312373 4.33002584325121
Pabpc1 11.1513836653323 4.62215180687596 4.60721508265005
Cebpb 11.6879517821222 6.99561756386403 6.01048522294052
Plxdc2 12.0633823649962 7.91655192784573 7.45393752148183
Cxcl10 9.83264446685726 5.11041011304076 4.99403899221471
Maff 10.2395219098757 6.49591531140651 6.40220465582053
Cysltr1 9.33333349087416 4.62671457564461 4.3061228425792
Bcl10 11.3928955143517 7.26411444159564 7.17199597508151
Cttnbp2nl 11.7204560544011 6.397522580769 6.02102968277368
Gltp 10.7931375238269 7.41652145560975 7.2310622266091
Lyl1 9.97533629065994 5.56674857306659 5.16702711126306
Ptpn18 10.4025712369028 6.59620186552854 6.50562528633877
Tlr2 11.9268402473875 5.95065065423287 5.75025243356448
Cd163 7.66769719158114 4.15096986709116 4.13064294508633
Serpine1 9.52331793271942 5.19530308208337 4.93644389561869
Sox4 9.95630765129675 5.44173115685548 5.36581667061151
Mlxipl 10.549742788076 6.86212141348556 6.47484211543125
Cd37 10.9048574016166 6.36115917279613 6.11036773496526
Map3k8 10.2849700718244 5.03749448822347 4.86371852507146
Myd88 10.7278217724093 6.53424423511424 6.47268690240787
Ccl12 10.5112043294489 4.67501849675953 4.4490491026714
Arhgap4 9.36525554969312 5.67262149622561 5.56909834932589
Pon3 9.20297150005047 4.29246913317814 4.25300635515638
Ss18 11.2969679127442 7.85801077651203 7.85443450844742
S100a8 13.0395448654869 4.84261786445813 4.58323047945659
Il10rb 10.7116513838826 5.49331164846378 5.32140855516045
C3ar1 11.7072754362155 6.62419462521426 6.39355426335479
Ripk1 10.1243899929041 6.74635016270777 6.71629853470837
Fgd2 12.1304825880125 6.23780064911075 6.14778378944828
Rela 11.8428094359349 8.03991443356711 7.4056120677667
Ccl3 13.4953964323281 5.10838799053776 5.08123987729281
Ms4a6d 11.3799791784438 4.5238940122943 4.42977505567774
Ier3 13.4963591841383 7.75849166665392 7.57718493463142
Nupr1 9.93831898336817 5.02604124968315 4.95596225255712
Camp 12.113738407204 5.65070116118192 5.59500296642687
Chil3 11.1159878878753 4.35700654636839 4.31157390997113
Arap3 9.86775374576886 4.18665721678429 4.07567280329454
Tlr7 11.2112407400947 5.45639647454668 5.38116397347514
Tnpo1 10.0306104853679 5.80474396031719 5.61318064207443
Csf1r 14.0460007158016 8.27708590727771 7.59993536494946
Trim25 10.8969751411857 5.38605157322532 5.38202397160086
Hpgd 12.0107499612859 5.41022871552432 4.52300080895326
Nfatc3 8.87143809052763 4.57271240594269 4.39401197254946
Mcm3 8.92535440058905 5.03880912590283 4.96283872691981
Slc35c2 8.33928859547465 4.76971990696215 4.74266388949228
Morc3 9.98783898123944 6.07390931615268 5.01096939314275
Pttg1ip 11.4910938890536 7.34275282910304 7.30694122154218
Slc11a1 11.4154854568916 6.4045144784049 6.22716795181846
Ccl2 9.49866288250659 5.31193063639592 5.1947093610498
Cd86 11.6419705628058 5.03240902409316 5.00333554508902
Sat1 12.159300186165 6.06042323720253 4.53923518162476
Prkd3 9.70383275414416 5.42789271184837 5.05715004474323
Gpr84 11.5935377294956 6.55916571721469 6.07831970692714
Anp32e 9.87054100376129 6.22002120712003 6.10031379217287
Ptp4a2 12.4237248998575 8.02765872414541 6.95596161624189
Vamp8 11.9027573726861 6.19584944643644 6.17874353379128
Tcirg1 11.3257053795282 6.56507460148891 6.43218743179309
Sqrdl 11.0518617676912 6.73965947316372 5.97243718452082
Trim12a 8.5835260320544 4.03624009623556 3.95559498460864
Zfhx3 11.2942984484453 4.96958068632775 4.65191053572432
Slc15a3 11.5219827541908 5.29367688660808 5.25404297842999
Rel 9.30153835661437 5.89290013127787 5.53257559997807
Tsc22d3 11.4721491337919 5.20840088276173 4.89698790054299
Sla 12.3378861062474 8.37299295064169 6.25721164113403
Myl12a 11.9122596630422 7.10623792876672 6.84506589986526
Sgpp1 7.73906578784567 4.06109632281641 3.86931180693417
Itga9 7.35656542889308 4.02209146837611 3.85458922830172
Tgfbr1 13.4953964323281 6.7213780891205 5.54673036991009
Snap23 8.47917138557207 4.14118501109134 4.12810108849033
Cd2ap 10.1956964097835 6.28952068086535 5.92525184534204
Asph 11.1131392793095 5.00729328649988 4.78137848291212
Ivns1abp 12.7182126498181 7.43118050949757 7.10678453851275
Adcy7 11.9646243532397 7.90124291678277 4.87324578069743
Rbm39 10.4094928984617 5.06791206741555 4.76851014007199
Vamp3 10.8638436564196 6.55824927909608 6.53351739420608
Bmp2k 11.3162621163235 5.68315114332067 5.50471835589954
Gpr56 11.0473777353108 7.50343367331507 7.33896735631357
Tial1 9.4359355915161 5.3435389644818 5.30509482337305
Lgals9 9.80576100376818 5.74383810000107 5.62025155999229
Trem2 11.528689695107 7.20518101531763 6.85706019748138
Gna15 8.93153578094543 5.43361853064434 5.38008470892703
H2-M3 10.536790243709 6.90174771369378 6.76938171895956
Birc3 10.7521481640029 6.40025364388293 6.06429151993482
Igsf6 8.68495551282954 4.13730833510787 4.12269590710149
Npnt 8.06075026556426 4.4728763299965 3.81802250746957
Samsn1 8.95535277925432 4.75150872029285 4.5708994742134
Il1a 10.5450729398403 4.6094293163643 4.3409863911651
Hpgds 9.14123713383759 5.35868142503354 5.16391863270155
Naip5 11.1347547074536 5.18303013175104 4.36631934458538
Ccl4 12.7516225784521 7.61079915554365 7.16088928433675
Itpr2 10.8613975316724 5.82313964180841 5.67238857430151
Stat6 10.5031698578152 5.57248331276516 5.46688193374202
Tapbp 11.4240903434095 7.15905348946075 6.60850232952513
Msn 10.7217422633417 6.29643552292041 5.75548472100336
Bcl6 9.97529153752311 5.49110571008289 5.32854498857391
Abca1 12.0785728549459 6.21679606259559 5.90082589489326
Adam17 10.581995677351 5.7880343468054 5.59508566073666
Dapp1 10.626591308075 5.15404978568311 5.03997437125163
Eif4e2 10.4408061867562 5.90814480650587 5.74196319844368
Igfbp4 8.34195517657038 4.60137409066935 4.59603277532945
Tor3a 8.29536283274872 4.92318418020018 4.90809965178997
Clec4a2 10.1190075949126 5.06779172508839 4.86768116984187
Fli1 10.0832277034328 3.79891381750575 3.66684573182196
Mitf 10.3277193773821 5.66954620216171 5.53268955562606
Ets1 9.75745818736726 3.88137392468326 3.81924594629498
Fosb 11.9818678393755 6.19435541367974 5.73551083845159
Ccr5 11.7087776692335 4.37550473203231 4.36663270203298
Il6ra 12.6405285425734 5.53867487631454 5.52247560748686
Tgif1 8.50458243562559 4.9908074746832 4.69498921378595
Pla2g15 12.3512186582331 8.08536612996956 8.07876238985338
Itga6 11.5906633280243 6.10139141220082 6.02636900355856
Ifi30 11.4062018650154 6.42088813135586 6.01558680452728
Cables1 10.7158993683559 6.78144752251325 6.29556124460179
Zfp36l1 12.7019764996359 4.84155100590607 4.81775359963287
Id2 12.1636087237592 8.57248854747396 8.48555257887173
Gpr34 12.142699851518 4.2696011279805 4.0367935946943
Gna13 11.3045173258673 7.77110313787143 7.21494280187238
Rrad 10.0026571297703 5.48561978785997 5.40235376689255
Cr1l 11.6955153199688 7.75282819156391 7.73413876269425
Ndel1 9.26249492481989 5.75625791729007 5.6216711312167
Rhog 11.2037880767617 7.48261193360263 7.24431205625429
Rnase4 13.0771643703574 5.8556478435595 5.44639412081059
Hk2 12.3164140648536 6.71453899413931 6.71277397941213
Map4k4 8.81854047498591 4.55168383783238 4.32815135439751
Hfe 11.3196450739578 6.50965402042686 6.03140437457964
Lgals8 10.4212717683181 6.89485896176432 6.49643231537167
Pmepa1 11.4586918603674 6.89171700043809 6.16790032169477
Pik3cg 10.1537853547168 5.83609191097098 5.659708108922
Tlr3 9.63659550839082 4.87338610298386 4.87140863766666
Prkcd 11.3607793398998 6.88150464869186 6.74408410593919
Mertk 13.0985151577591 5.49325498765933 5.38915382007461
Cd84 9.96224237530016 4.54249657945397 4.49937652586304
Ly86 13.8305038298173 6.319379767513 6.317076803472
Vav1 10.4997459843954 4.14325456775653 4.05829053304021
Pag1 12.6736213180298 6.57775212502012 5.74132836650669
Pim1 9.24702344557165 5.76090767117731 5.73655218131886
Stt3a 9.80513059719094 5.33065961440369 5.12875919526596
Fos 13.9327205870223 10.2513239077209 10.0840545375308
Ube2d3 9.21870316023409 5.18307878527459 5.05132074067101
Gtpbp4 9.99149792789418 6.02663811588079 5.52539361063462
Cfh 10.8438396260437 3.5377469403152 3.48272499145848
Tnfrsf13b 9.66545251361214 5.32616811374614 5.00898756890467
Arhgap5 9.66667158377136 4.98524118443135 4.49443059446546
Cebpd 10.5744174492867 4.46818581835248 4.32778916482535
Smim3 9.32886126195367 5.86481861468753 5.82783941582678
Hhex 10.060418644213 6.2172545186902 5.49377271521115
Entpd1 9.58873000960094 4.23196620308534 4.16051426119613
Clic4 7.99796597515948 4.66058141396293 4.60392637802341
Chtop 9.2893607361788 5.7303844315881 4.75131930690192
Ptgs1 12.1626150793908 4.57350386851489 4.38406152232196
Adrb1 10.5218876655346 6.63185141500538 6.16030188145961
Stk17b 9.80355004387352 5.84866576072096 5.34865666588504
Frrs1 10.6966078261321 5.58345239221449 5.13347912144709
Lyz2 12.5660138290276 6.88163543246707 6.4866117336086
Ssfa2 10.4026641404164 6.17290086086442 6.12024622323827
Galnt4 9.11869231898454 4.78746145509967 4.70854244836995
Ctc1 11.7422487728519 7.93866651189373 7.92955518292119
Unc93b1 11.3066168079527 7.36223306003027 7.13558956239874
Mob1a 11.6304802850351 7.08639170226616 6.50488771641523
Cmtm6 12.2803328178186 6.20199705715522 5.76287936853802
Sfpq 11.5708095722532 7.75017236619224 7.30370973596159
Tmem168 7.87593937989302 3.99827289723213 3.69581901992691
Tmem63a 11.3727165126659 7.97126786799859 7.6984862474774
Lpcat3 11.4786154330381 7.60459256847451 7.44674176011473
Gatad2a 8.37574485244743 4.84083901913892 4.49936063808551
Hvcn1 10.2856187487951 5.57395510626431 5.43629869608787
Edem1 10.5644676490564 4.80903011688931 4.49753476903891
Icam1 12.144222640413 5.19096353359211 5.0130152027243
Ptbp3 11.2952745829932 7.86761625078253 6.76190998369434
Epb4.1 9.13203469587656 5.61204597313811 5.56917895900473
Prkab1 10.8728158992286 7.53785459249842 7.37488467447265
Rbl1 8.51194870241016 4.46818259698798 4.38250731529745
Rcsd1 12.3223507478265 7.55487837771003 7.27619934983236
Papola 9.7983668125658 6.37322452901785 6.26178462558489
Npl 10.119227368812 5.1325390956081 5.08081105925456
Smox 10.9458769613614 7.08369641100334 6.65384514343613
Tmem140 8.46080936763924 4.30908718441115 4.24802854968832
Nupl1 10.5642751187147 6.59115779475327 6.39319278923397
0610040J01Rik 10.8106638816197 5.46246078059859 5.18633949791089
Tmem189 8.95256705982007 5.16481373701805 4.74277792391833
Leprot 11.7196070074919 7.90409457817456 7.83149793527483
Tm6sf1 11.273380881778 4.2084849338752 3.85208096404807
Cklf 11.3324839569912 6.63990551141178 5.40235305803921
Casp8 9.83591177234681 5.35043706905565 4.98098319877573
Tmed5 10.4601759587631 5.44493236751082 4.83220450363326
F11r 12.1638127271072 6.47450039973499 6.09179964527884
Sumf1 8.58546051764774 4.84961442909239 4.46353775787297
Ifi35 9.02633293785675 5.49200056522069 5.4375592536395
Eva1a 8.63294613398656 4.32092830157691 4.23948386619304
Zbtb1 9.31186634548201 5.97591008758952 5.89473165590922
Reep3 10.7593284719606 4.61520693744628 4.37027222720126
Tor4a 10.4213155961976 6.65480774898601 6.37872951919885
Ptbp1 9.02225932629817 5.54086749954531 5.33025657225681
Lpxn 10.730982217212 5.10893809028199 4.87193079448729
Siglec5 8.337886172674 3.90146311371966 3.88615804235303
Fcrl1 9.27554865404005 5.72020813012416 5.68779584591149
Smagp 8.35229182658471 5.02411797977781 5.01588434577386
Sppl2a 11.1847931951435 6.59382931204713 6.52293647117594
Clcc1 8.84964031540294 4.50700255945121 4.36496994301736
P2ry6 11.5909433501351 4.59061623105447 4.3829601154912
Wsb1 12.1955534450875 8.83613160706108 8.73512708246358
Ighm 11.6041085325057 7.62747174333429 6.60282575580242
H2-K1 12.7949568117272 7.50645272735817 7.25498333785165
Tgfbr2 12.4312251246194 5.49113989863007 5.21560229235336
H2-Ab1 8.4512011309411 4.78977992761967 4.56377785444502
Zfp62 8.82946491221294 4.48491095146358 4.41445871189756
Ceacam1 8.73427463823456 4.57174736784581 4.55452886917179
Mlph 9.52478746573067 5.89797258815693 5.67891206875483
Ncf1 9.01873662127703 5.27412238284909 5.16717585040346
Il13ra1 9.69650941211153 4.24891784133115 4.22781423546986
Adap2 10.4876327911899 5.09963853813175 4.97531684508834
Elovl1 10.5746736199238 6.6501069896059 6.37091911626124
Lrba 12.293139019726 8.50412925630084 8.31325841602288
Nmi 8.7449893077744 4.9499073374405 4.8344328978073
Pld1 10.7880824610021 6.39470053091041 6.26838680735873
Pon2 9.26937417743214 4.06890603304834 3.88281900484457
Capn3 10.437566906065 5.22204078470232 4.62421344116701
Gem 8.28009388336886 4.05034274952244 3.95820910633363
Btg1 12.8272407508816 5.69771355527141 5.55423901736872
Tor1aip1 9.84392113236668 6.42280547712935 5.80974980352504
Rrbp1 12.1135184174842 7.89045694513548 7.24715628952827
Vwa5a 10.3690918760756 5.19518114351528 5.05393273081035
Glul 11.9439234863599 5.31204698849433 5.25494462360789
Arrb2 11.5161791808491 6.97107596486488 6.85396053581943
Pros1 11.4244912078995 4.86882862092586 4.76204391173369
Ifih1 8.66416697609045 5.08803197573507 5.05694311342458
Snx20 9.44398648759649 6.05141669655825 5.97464166563828
Frmd4b 12.1297792575394 4.33991643750024 3.94625879927839
Rin2 10.1302854085197 5.48330565001405 5.03481391233329
Tifa 10.6649959627868 6.71059235916261 6.34057743306338
Scpep1 11.1953957844899 7.12471045775279 7.00445500798152
Arhgap17 11.0358082941061 5.34554588674448 5.25077064517309
Phgdh 11.0663668828628 5.38852765169067 5.05021769057424
Slc46a1 9.39593470371558 5.95921329054268 5.41872115116111
Tiparp 8.62149168113237 4.92088488088604 4.8561662615743
Gspt1 9.71364664625164 6.03404422325485 5.36364287526409
Armc5 10.592420015339 6.86428611765773 6.30545206221881
Parp12 9.52345845288495 4.63937527591478 4.5722536096165
Trim47 10.122871565472 5.3799369939788 5.30280570994648
Lgals3 8.71732817427299 4.82162283084593 4.76591244226337
Fmnl3 8.92058913443164 5.52547485340862 5.45202781649466
Ythdc1 10.2538614977374 6.33201247681097 5.67310095641377
Cln5 10.8301910413553 6.48383409628847 6.1472921475283
Jmjd1c 12.7042728123964 9.20550495792064 8.82026362260727
Plcg2 11.2395812321787 7.72424640251816 7.40566788503576
Arsg 8.21968836256545 4.07405783800426 4.05186717307701
Sash3 11.2528818012755 7.08271490096103 6.75441169183343
Themis2 9.94919523666928 5.21320725682058 5.18740765154935
Stard8 9.02643397069546 5.57746890186793 5.54905120456054
Mpeg1 13.5339312443488 6.9552588369559 6.70219033737766
Xist 12.7732517233129 4.29465848110096 4.27580926134655
Cd48 9.99176185857167 4.84961069932178 4.79209878558054
Akna 10.5978331936346 4.85899112957813 4.51412479935805
2810474O19Rik 10.2420219780856 6.76769377852862 6.65427367763154
Sult1a1 9.92143049281146 5.8930189121353 5.61485145040519
Fes 10.5840546362038 6.95121150721879 6.93132383923585
Taf4a 7.35704864280282 4.03420648996291 3.6955883434533
Cep152 9.68353142517718 5.81204121983814 5.76637319228871
B2m 13.2088860971046 9.65378084248043 7.7803431560709
Egr2 11.2144151601674 5.54768252288762 4.37551687224679
Ifnar2 10.7729811608627 7.38799455031269 7.20951680901372
Ccrl2 11.4107831106411 6.43952665983528 6.21716359434862
Lcn2 11.7182561949748 4.36792513768122 4.31859582670919
Hbb-b2 7.86146929235822 4.12519005647964 3.96898502522941
Dnttip2 9.86861476867215 6.46438106760887 5.76857066825593
Tmem173 11.1696407087511 7.53665369690732 7.42624295729044
Erbb2ip 10.9250560248273 4.7489247010153 4.33303521753593
AF251705 12.0057126252299 7.24287626070238 7.19859309189528
Hmha1 10.4487011332694 5.91331740642429 5.59816608145374
Ebf3 7.92178463883767 4.36959180367658 4.31225291510902
3110043O21Rik 10.5711912767164 6.98311551315881 5.71630043414001
Chn2 8.31244073196833 4.38426288521257 4.3001620502349
Gmip 10.2055870255081 6.63325097716849 6.50288999803608
Nckap1l 11.1526856630168 6.98309080226009 6.44344100053785
Abcc3 9.7509259850256 5.71708276653179 5.71629037960696
Rnf130 12.3284705937932 8.34082861887975 8.21315092882966
Rhoh 10.7637079698635 5.31008116979839 5.20809961083487
Zfp869 8.96011949792631 5.05774950652098 4.94676942680083
1700017B05Rik 11.7522974287947 6.36030511628157 5.83109627124285
Gusb 11.4803411718158 4.86209057295956 4.708491046932
Lair1 10.6612900224916 5.11714624141722 5.05842499770264
Twf2 10.9336973935694 7.13303243890843 6.49362594065816
P2ry12 12.4385715566921 4.94450431845049 4.83319640696531
Rffl 9.95681769336364 4.86231390923522 4.49201969536051
As3mt 8.44174997882226 4.941866062251 4.87701824219864
Apoe 11.7960795852016 5.8207366869425 5.18426470806168
Rnf19b 9.65744414029616 5.30583753802394 4.95233849280361
Epb4.1l2 12.5432840929574 7.52886786605148 6.99986791100303
Pnrc1 12.5803727657434 8.33924660545668 8.20273584957305
Wnk1 11.4737635469995 7.63392576949751 6.71107612684803
Pld4 12.1700437011819 5.784132676087 5.674659199044
Sesn1 11.2277121133864 7.39179989012121 7.28493184003523
D15Ertd621e 10.0624486421296 4.53326298294587 4.42822042126053
Lrrfip1 10.7224886700699 5.23431739830978 4.81690911825335
AU020206 9.79768698851007 5.33403016150525 5.09954304072853
Fermt3 11.4207362066657 4.08148589589396 3.87740724795563
Znrf2 10.0659626701785 5.366733247541 5.26930084697377
Cerk 10.9762350049572 6.29018840586486 6.02508996799313
Tgif2 9.9426138283241 6.5937538624547 6.38613912628457
Plk3 11.036823711972 6.40642905515337 6.03396614454581
Dennd4c 8.61600910461238 4.98817106457044 4.84310766999767
Ankrd44 11.5679366187782 5.27808304738176 4.96832572393993
Kctd12 12.099676793357 6.31588360219001 4.96904607663127
Derl2 10.680099364936 6.67367950835206 5.76280224951764
H2-Aa 11.2644036954394 5.36608537062951 5.24614723861516
Herpud1 12.5116726598182 9.06194152390793 7.49384528495638
Cd300a 10.0530239896872 5.52243966860945 5.44284587307828
Osbpl11 9.8672262594844 5.52507859868295 5.33713792393674
Tmem243 7.86982402649837 4.40065366651566 4.36750559716297
Ppp1r14b 10.60262239368 6.7717818311429 6.62366611581784
Wipf1 10.3652831365882 6.69231837544008 5.72446067407294
Tmem179b 9.57494076147868 5.97590254330884 5.82747148987214
Lyz1 12.2502412289951 4.43734579149661 4.30131088715475
Zfp110 10.6738601357144 5.11434390180424 4.55856249525996
Clcf1 8.68466038510135 3.86818421949818 3.71143169931519
Adrb2 8.29734945321406 4.4090997054851 4.21807861403774
Hmgb2 9.04290768492065 4.01219110870352 3.84971622905208
Lrrk1 9.1635528470806 4.86257563677131 4.6796003379115
Zfp36l2 12.4004422821899 6.33724316857226 6.14483776627783
Il10ra 11.9867649941734 5.19820741989077 5.17599569071156
Hexb 13.9214339669789 4.65896933696224 4.57454718485589
D530037H12Rik 10.4018822600769 5.03839319137539 4.85799860880313
Rab20 9.64744268247702 4.0789032295121 3.85874704209234
Slc9a3r1 10.5341792603602 6.42235758551324 5.85854026300067
Vim 8.20604281286246 3.53555557026506 3.53381727408271
Grn 13.6303783372944 9.30124874691609 8.52930229006821
2510039O18Rik 8.62794223880257 4.95502020745435 4.77596260277154
Mavs 9.23385264584594 4.30695305040829 3.69234182760008
Capza1 12.1559600269588 6.80690142715545 6.31899067822869
Bach1 11.7684659473826 5.62318222665727 5.18355551936908
D9Ertd306e 8.20712585253381 4.32917630304184 4.29437121090132
C79242 8.41316050528701 4.89574920056542 4.87962647810105
Usp24 8.70392300506957 4.90135023727603 4.82761730696733
Fam46c 12.2421510197398 4.62671976606863 4.52405791189287
Ctsa 12.9644748360344 9.51003106164882 9.43386036691501
Pald1 11.0128320429645 6.60040720924656 6.23780481870589
Ifngr1 12.016051864462 7.51296346073569 7.33466586492501
Tcn2 12.1195930224409 7.36263286987129 6.99870432932406
Anxa1 9.64055143138413 4.78094077720665 4.54791003109841
Cmtm3 10.0110497819572 5.65599658801294 5.49424775016822
Ppp1r15a 12.6593601245383 7.47861128911047 7.45807567319646
Slc15a4 11.356384012252 7.70928337039027 7.42006185513026
Dhrs3 10.8328899765314 6.60597769678204 6.47011116566916
Lrmp 8.89491220593798 4.71699422673816 4.50881030892087
Olfml3 13.5644607358692 6.92636481690642 6.18211471098249
Pla2g4a 9.55730250855793 4.97298413784305 4.74360795714444
Ncf2 11.109264808914 5.58209943467631 5.37189384319663
Ctss 14.1223387589978 5.25004989675212 5.15166367508703
Cd53 12.6270729328698 5.33387884412183 5.20475034234997
Fcgr3 13.3874319809845 5.56888467603124 5.45481742494646
Eed 10.9617675756505 7.20436175162245 6.10617704226343
S100a9 12.2965410503709 5.57491795177732 5.02751019664428
Dusp1 14.1813580097059 9.60737151420054 8.71711384408873
Lgmn 13.4068999504885 9.17039230369599 8.22424525195954
Klf2 12.9915058739807 5.7974209397054 5.46407579458758
Fcrls 13.5200887013828 6.4792932390293 6.45799188913094
Cd302 10.5380268757257 6.09331640525576 5.68142360501603
Tlr1 9.55990391864875 4.24494494764812 4.08391077422487
St3gal6 9.54566709615045 5.12025868262889 5.07588608614252
Selplg 13.492313873689 7.89107235613141 7.76962759426817
Cd1d1 7.73376427805144 4.24831176257672 4.14716481470672
Cd68 12.2825968841945 6.22044047669918 5.00868865475595
Gpr65 7.85611733273235 3.94712702871756 3.86652688605564
Casp1 8.72506021576845 5.22636109272488 4.5109680589679
Csf2rb2 9.46516272602394 5.15688848911071 4.95142295449861
Atf3 13.3007390383143 5.39673835654806 5.36313324990585
C1qc 13.5695399365939 5.61478193374971 5.58635013475288
Hck 11.7192724128215 5.52907817916449 5.48196065302765
Tmem100 8.25603072192118 4.69131824040278 4.54385006002866
Casp4 9.17977855891737 4.97837475443728 4.47899105295962
Ly96 8.98885773803667 4.65548663423886 4.5016268469847
Lag3 9.94342037341401 6.51802717096757 6.00163047253459
Cxcl2 10.9236295592129 4.53894465902433 4.38606079795492
Ltf 11.9771261319803 7.62424407990458 7.45413651369175
Cx3cr1 12.8322911670036 5.98314510252236 5.9119307627298
H2-D1 12.6856010965553 6.98313614967507 6.39892402009477
Stab1 10.7835801182221 5.36813972431581 4.96431324455489
Evi2a 12.5801879760248 5.08318885348956 4.75205492570913
Il6 8.3523884587654 4.20232831843767 3.87011121129003
Mrc1 8.47267687587698 4.54162986086658 4.47836345727622
Hps3 10.6281605531013 7.24902796331877 6.55445620337908
Itgb2 11.8281947861841 5.27742393574175 4.9055706101783
Psmb9 9.49408509768935 5.62324619788645 5.4948678925732
Selenbp1 8.46209954721546 4.44192812611599 4.42407357492202
Adamts1 11.3973807177838 5.4108805776905 5.40031433712393
Ang 8.67340897437916 4.0532872073006 3.98493136601624
Sh2b2 9.32069277757714 4.76253624496078 4.71186069681563
Tyrobp 12.9035612805634 6.59857820786058 6.41408948522385
Crot 9.71542778628793 5.50761367491272 5.35842556570501
Ptplad2 9.63817330010533 6.18984734534671 6.13362422046414
Slc29a3 11.6835560124248 6.85063191227518 6.3779550733332
Vasp 10.5290974508756 6.64201684006836 6.4685856828129
Pbxip1 10.3716503756831 6.25856950892044 6.25553568946673
Emr1 12.777781853873 6.41975911357815 6.17888595813734
Nrros 12.3519497751025 7.64490737236325 6.64864947473678
Tmem119 13.699678559052 6.77277784954252 6.54149646540797
Pnpla7 10.5843197435089 5.72621305015488 5.57182980449149
1810011O10Rik 8.37120216738482 4.3221035782724 4.16670588597119
Ttr 13.1109777518357 4.04030207146355 4.03616704202923
Havcr2 10.710530075929 4.31729542467608 4.27444042370413
Alas2 9.97256535353661 5.23453534899306 4.91249824066719
Cmtm7 10.4036329494645 5.73003315929705 5.59506808354597
Mafb 10.9849900615298 5.42368349510791 5.37609773327977
Blnk 11.8079240962002 6.87664250478329 5.80155169798287
Tmcc3 9.16895367720384 4.97384597264064 4.92014389683783
Notch2 11.035203297165 5.28406920246718 5.23144043113423
Vrk2 8.87003271247097 4.60184203875152 4.42056198638691
Daglb 9.94097644340737 6.14732140359343 5.73949620595335
Alox5ap 12.5749967599795 7.16362411308226 6.41674828955832
Fyb 11.7159427823204 6.65188630376111 5.86060987512944
Sepp1 13.725757445204 6.5707376110934 6.43862426013851
Nup153 10.6766538500239 7.22477266263804 6.86187778671055
Ostf1 9.88695792996933 4.93598079431779 4.77416941074768
Ctla2b 9.94438247489242 4.22581512898807 4.16320623759171
Sall3 9.56740794423544 6.2322159703844 6.00878888995493
Hspa1a 11.9245276178108 7.9499951324093 7.83474072659957
Ccdc86 9.53354211585671 5.73859159314529 5.10277726083693
Zfp36 13.4960506681509 7.22719761444429 7.07588868863215
A130040M12Rik 11.8363253924045 7.00957275718719 6.87063055725504
Abhd15 9.92497435981129 5.24182600169939 5.03377967058836
Lmo2 12.1717394598769 7.43066002092356 6.98064703345596
Cyba 11.7749627835735 5.04821841399596 4.96974129353669
Spata13 11.8360921296241 5.94523733090853 4.9788728798882
Wasf2 12.4660305697947 7.67397576368735 7.27566520919341
Scarb2 11.7293389223241 7.34068352550585 7.18043185747773
Foxn2 8.74176920330284 5.13912833631549 5.00341307365797
Ptpn6 11.3292345329635 7.61794468496086 7.52052846176123
4833441D16Rik 9.33372525445037 5.62677785148021 5.42748418443606
Tec 10.1967601761071 6.73439278258491 6.36903567472599
Cd52 8.83934325002235 4.69397965411404 4.59018923347896
Irf5 10.4417221455899 6.76162996539938 6.30484380114101
Naip2 10.8151812852359 4.41974039974055 4.40816500313375
Anxa3 12.9131833282778 5.18845794768478 5.13629760928881
Crlf3 9.91526820013791 4.90148800051067 4.65419574973552
