Junb 11.5348729987463 7.69529662874785 4.78197834027956
Cd83 13.1517119399809 9.66263108607552 5.85859115937609
Sipa1 11.0491157826369 7.04053195214834 5.90510891927678
Tnfaip2 9.10265124910753 5.74677061625298 3.8859324606821
Ctsc 12.6316085285889 8.82493534628462 4.12058890903801
Socs3 12.872389729541 9.48064354176178 4.01165340415908
4632428N05Rik 13.023417651154 8.72034502152509 4.7317234532301
Irf8 12.5830920544812 7.56960293350871 5.44168914197015
Parvg 10.3515058485033 6.98027000430601 5.31299718051475
Slc40a1 11.6104164701375 7.37861140163257 5.23604170771025
C1qb 13.334449855087 7.32133372103729 3.80475735007392
Ccl6 10.2968696260595 6.96310616375551 4.2226424881501
Cd14 13.2858211222074 9.08258002015048 5.79806132922806
Pycard 11.7476509071618 7.40586568380696 4.89639270079144
Slc7a7 10.8083190565862 6.64466252633687 4.77758696194764
Srgn 13.2068622416084 7.38752604675907 5.05069960088599
Nfkbiz 12.6004495355117 9.17274409772691 4.31861681916202
Tgm2 11.642946111078 7.77471990447651 5.43507802859499
Plek 13.0477422121131 8.75279855237208 5.37284997401153
Itgb5 13.2913066952736 9.90629095770273 3.74272354622669
Rgs1 11.0898478208524 7.10655618774568 4.33491288558587
Snx5 12.5389716579728 9.21121329376947 4.95396594164167
Ctsz 13.0485403305481 9.65643395530836 4.06488404644316
Fcgr1 12.2838802885119 6.68275632918252 4.31727088388762
Ccl9 11.3508771596472 5.49044653693491 4.73293768979651
Tnfrsf1b 11.7294024065306 7.54784217273501 5.86886945660691
Inpp5d 12.4783900860876 7.9771661865135 6.07179710766912
Tlr4 9.37755048286687 5.80771479418916 4.23349519046309
Aif1 11.8099905233592 6.85083023524571 4.74198959588803
Syk 11.1736838971837 7.42252228731303 5.71377047931389
Crybb1 12.2532048432707 7.23265151890403 6.26124521487893
Fcer1g 12.6825054501545 7.35866129539132 5.747469543689
Ctsh 12.8742742032151 7.63796304777926 5.33620527726644
Gpsm3 9.5878408034758 5.81349562432327 5.14649558157199
Ncf4 10.7305401881173 6.68310775228969 4.97052137011032
Ggta1 10.3021085784473 6.08408156481074 4.01614667623694
Lcp2 10.4299333406719 5.97122831108902 4.64034460077797
Ngp 12.2995043542679 7.38308271638493 5.0011912963462
Spi1 10.3859436109085 6.80813998353366 5.82971787395963
Csf3r 10.5303261448833 7.07589171484745 5.03647092110234
Ms4a6b 11.2757685053458 6.1986691691124 4.61242632945944
Cebpb 11.6743509032076 8.31075387538362 5.86151708484223
Plxdc2 12.0529683323577 8.68418699652829 5.79514686469328
Cxcl10 9.7662958946731 5.67174806757397 4.91751203012534
Lyl1 10.013448973115 5.84639266808952 4.88944740694108
Ptpn18 10.350655093353 6.7317604693262 5.88971327948003
Tlr2 11.864186632689 6.73897690443904 5.31951859785003
Serpine1 9.57269546409715 6.20206883795855 4.42929708728771
Cd37 10.9462016903761 6.9977692727155 5.49870885922692
Map3k8 10.1917146557049 5.63172363082624 4.69274724679667
Myd88 10.7885966963584 6.77723524319567 5.41898168189788
Ccl12 10.4751595691536 4.75474056241504 4.28827382147512
Pon3 9.10935515291671 5.73147649164603 4.14655551401756
S100a8 12.9638824039872 5.76813881674369 4.53966581902866
C3ar1 11.6182149621142 6.8782153328104 5.20557210095049
Fgd2 12.1293203269256 6.70001073324299 5.83771580612263
Ccl3 13.5496556060224 6.9758148288609 4.44822856074667
Ms4a6d 11.498084859003 5.58451528595324 4.49996891854363
Camp 11.8351935968853 6.24325006716599 5.32291812228874
Klk8 10.1637978906065 6.21127799245223 5.41494654681859
Chil3 10.6986949112657 5.40529079769404 3.6481594089514
Arap3 10.0084235335535 5.55027836322475 4.03141190880389
Tlr7 11.1690114771889 5.64654309622949 4.72274855523527
Hpgd 11.9284845304822 6.50268972275862 4.34352168091242
Slc11a1 11.348119903574 7.91259242943901 5.34823283045475
Ccl2 9.39365889899599 5.58520044735604 4.91296894718064
Cd86 11.7078926817195 6.22171484622785 4.89413860099256
Gpr84 11.5922078227709 6.4378005125329 5.30419211092865
Tcirg1 11.327613036728 7.94341353222343 6.23254500784969
Trim12a 8.60607054794922 4.58727825823659 3.92708262738743
Slc15a3 11.5031029092383 6.03262658038342 5.12711686010855
Rel 9.37584581713377 6.02868066963245 4.75945785607075
Rbm39 10.3141735206265 6.7704084697837 4.70140227891978
Lgals9 9.7144470271434 5.97039443699928 5.25461548546029
Trem2 11.3744113100813 7.55732237392039 6.27102513521243
Birc3 10.6680989517335 7.28936620038929 5.99864740839022
Igsf6 8.76352354526292 4.6515687689174 4.09067989753833
Samsn1 9.02117009275432 5.13916707306363 4.4482962002668
Il1a 10.5627537042988 5.81907068449818 3.92509800388543
Naip5 11.1748062850229 6.10945675228134 4.15003496644272
Ccl4 12.655502757357 8.12431805520109 5.70385278514133
Stat6 10.5002673668222 6.56783488077687 4.63148796939464
Dapp1 10.6616079104408 6.62061444245017 4.85821905420695
Clec4a2 10.2600474435221 5.29692437741548 4.84867639986424
Fli1 10.0941254445629 5.13916707306363 3.73964082700457
Ptprc 12.5235480291392 8.18866056317589 4.15129432250348
Fosb 11.9510983205342 7.90609409884381 4.7155521288923
Ccr5 11.7396919362898 7.15035062784841 4.40300878319109
Il6ra 12.6715970650916 8.15512250280799 5.2938611280529
Pla2g15 12.3259450180791 8.47939891142437 6.29869031575877
Ifi30 11.3781163789488 8.00444240356075 5.4263519207649
Gpr34 12.096128861767 7.04570363842545 3.77899802803983
Rnase4 13.1184612117893 9.17723756512559 5.03810218183625
Hk2 12.3862706589026 8.95275683520317 6.05955755502805
Hfe 11.337741662807 7.64760738929117 4.92045271373593
Cd84 9.78822716908046 5.15058636042562 4.36501040466521
Ly86 13.8305038298173 8.68908260769408 5.40823712293486
Vav1 10.4293295887311 6.04739882502396 4.00395872189585
Cfh 11.031443374587 4.6436853195722 3.47929584892715
Tnfrsf13b 9.62154101704082 5.37878707775448 4.34914679842177
Entpd1 9.37032387449548 5.7593667199441 4.16818721766123
Ptgs1 12.2066936221392 7.08003028752518 4.4870048199452
Frrs1 10.4433587610755 7.00047131212759 4.8985103776379
Lyz2 12.4203041170638 7.91419762123782 6.1676981388251
Unc93b1 11.4209147437175 7.36056925453934 5.92779911532652
Cmtm6 12.3089984078596 8.98268314214273 5.38580715468003
Edem1 10.6216568370496 6.47164477875959 4.53197762970124
Icam1 12.0685839298591 8.18621280482204 4.55928620073277
Rcsd1 12.2491457547791 8.35431516704654 6.2784468417791
Casp8 9.83466998065678 6.39335672734074 4.53081635012841
F11r 12.1660086110926 7.77216291030482 5.59682470143276
Lpxn 10.7589192457976 6.6699215606673 4.29399195763237
Siglec5 8.37803746411404 4.26484534440014 3.82481282154097
Fcrl1 9.2345619860761 5.79689547844996 5.16358919768942
P2ry6 11.5687601975602 6.49954892671124 4.37390959271963
Tgfbr2 12.4852370462276 7.67471185630845 5.0086376003992
Il13ra1 9.86451620775328 6.18878891919772 4.23252066608678
Adap2 10.5685173068896 7.19500271743872 5.0894824151789
Capn3 10.5561819143241 6.16841198514844 4.18302074690026
Arrb2 11.4717203569511 7.69762468329922 5.89476023810894
Pros1 11.415313090188 6.99457349251637 4.59267440220279
Arhgap17 11.1079285558079 7.15852012547967 4.97405098600711
Trim47 10.0914805439239 5.90936602834738 4.86746833218285
Sash3 11.2827116875116 7.73680947125264 5.25870909549034
Themis2 10.0072343518523 5.97912940421017 4.9493712330022
Mpeg1 13.5781184656323 8.76531829045449 5.75865392724597
Cd48 10.0036336466823 5.29798403551863 4.34885251933399
Fes 10.6453727108248 7.16724772309763 5.73683207404474
Ccrl2 11.412796081801 7.50031460974523 5.34428217993254
Lcn2 11.5003470873269 7.61429913063279 4.16428484509488
AF251705 12.004730998868 8.08063539916201 6.39252481160202
Hmha1 10.4033953674837 6.98763858863666 5.47809395900007
Rhoh 10.549623104043 5.94948250364945 4.77768147458455
1700017B05Rik 11.7692217223209 6.88982500775926 5.51706773617246
Gusb 11.5188785741544 7.66461668850613 4.66674856390318
Lair1 10.6130187631943 5.78106123281026 4.5706926211864
P2ry12 12.4746819840061 8.73945527851456 4.47261124266545
Pld4 12.0206051656766 7.19733735021099 5.1798233474227
Fermt3 11.3312647513459 6.47715884417116 3.73138871401849
Ankrd44 11.6744535697079 8.18312917463275 5.30669950580799
H2-Aa 10.7894269702174 6.35428726388284 4.48901444948564
Fam105a 11.8900076562701 8.46589737958736 5.99207407255603
Herpud1 12.5159313960105 9.17775070475468 6.77084538832583
Cd300a 9.88309640091064 6.11425539786659 4.77077056143677
Lyz1 12.1662559978148 8.70856385941475 4.37292219120535
Clcf1 8.65510766759181 4.21360656666788 3.75437383366178
Il10ra 11.9839212283458 6.09891758803774 4.66958510868871
Rab20 9.52042754395053 4.882343293109 3.80548502831093
Grn 13.5521140781199 9.82061955232524 6.8656958671777
Ifngr1 12.0357079893049 8.51383420970396 6.98157446980762
Ppp1r15a 12.6949179793628 9.17741915898874 7.2531300056047
Olfml3 13.5847807250187 8.18350581854891 5.99523188282736
Ncf2 10.9263417405773 6.56751553846196 5.2575735280323
Cd53 12.7058528961117 8.6306483484664 5.03354051747614
Fcgr3 13.3678397073662 9.22669357552983 5.32646332459853
S100a9 12.1512954978643 6.30541860080714 4.49741899068515
Klf2 12.9546948291203 8.48522001009719 5.18757232938868
Fcrls 13.538343734353 7.90201707841344 5.47938764509871
Tlr1 9.60520010506197 4.88460414251727 4.02276370283303
Cd68 12.2655547644002 7.3541440701296 4.56760020282917
C1qc 13.5961558255427 8.28071090093681 5.3627689900093
Hck 11.7859620796645 6.76394552431713 4.71238235745344
Casp4 9.26315299804554 5.319458167819 3.99635369753428
Lag3 9.80016274610109 6.46432756514976 5.26913346978839
Ltf 11.851175722853 8.37767546763239 6.16696439821546
Stab1 10.7605924600716 5.76475611091066 5.1083877873852
Il6 8.13911235858362 4.23050084783469 3.76423973145748
Mrc1 7.99313411604932 4.64973538953345 4.01268745456517
Itgb2 11.9243168449721 7.71358240566797 4.61629975518529
Ang 8.34675454689537 4.39140958697539 3.99557925750134
Tyrobp 12.872201384089 7.22484488497191 5.46285536559684
Emr1 12.7903721087621 6.9231843415491 5.36106586516139
Nrros 12.3097176638707 7.56714036588369 5.35349933354506
Tmem119 13.7335005220805 10.3657537152618 5.71648632037349
Havcr2 10.538253418377 6.01387206320856 4.1034723279531
Cmtm7 10.4128713125775 5.81147755303475 4.9699582685473
Blnk 11.8256575206264 7.32824392551931 5.27428286530962
Alox5ap 12.5974435879102 8.67044536155809 6.06393090460719
Fyb 11.6377216118874 6.81503660976415 5.98902124341844
Ctla2b 9.67840248028284 6.18023738911793 4.0518934906627
Zfp36 13.4481818753213 8.96211620181821 5.70929355054393
Cyba 11.683487063587 7.38676438119181 4.78859457420208
Cd52 8.77120540091781 5.39849365996742 4.43884865445765
Irf5 10.3658986193304 6.88987516702564 5.59218613802877
Naip2 10.6301514409205 4.71984607598028 4.3566643782307
Anxa3 12.8961234593997 6.69468001479522 5.19757359487558
