Spint1 10.4556347848619 6.06642818583109 5.34858048855869
Cd14 13.2192161633364 7.45388860361836 6.29414871277862
Rgs1 11.2732657042253 5.24923424306104 4.53903965622044
Tlr4 9.57845928744154 5.06708612285762 4.40889094231667
Crybb1 12.2626330350187 6.91426880533427 6.45150432676969
Plxdc2 12.220003916809 8.31702271597863 5.787586633306
Cysltr1 9.35316944313068 4.44041576974065 4.0797636420721
Cttnbp2nl 11.7987909678216 7.30680284564702 5.82767075703403
Pon3 9.25523957771624 4.87657357685399 4.3544387310943
C3ar1 11.6758330738416 6.53611810824587 5.46592922877797
Fgd2 12.1782381055303 6.47913179056946 5.98274725148587
Tlr7 11.2292178079766 5.3984599804875 4.89317457413512
Csf1r 14.1208492651246 8.41505763549285 7.49764748732566
Ccl2 9.51331836132254 5.44187326877337 5.25347106373017
Cd86 11.8025161112182 5.3377936092665 5.00226028934637
Tgfbr1 13.6166942261804 8.31659498341078 5.71139138663476
Trem2 11.5322766777953 6.87575686646816 6.36834435106502
Il1a 10.6384187212275 4.59681953600785 4.4156024991167
Hpgds 9.17614253947557 5.34213277658783 4.95065158530633
Ccl4 12.5978398161809 7.51695557304719 6.02263236562052
Ccr5 11.767382481339 4.79169357642572 4.43209656607542
Pla2g15 12.3789240227033 8.24888734758862 6.59886935758768
Gpr34 12.1465506323279 4.35373676950702 4.01034339169595
Entpd1 9.56126370390733 5.37077129315601 4.21023527275113
Icam1 12.1386289534114 6.01227116430824 4.89313991806264
F11r 12.2100897444528 6.58206887156295 5.72640668126611
P2ry6 11.6478875366109 4.73324689132669 4.50097454340937
Tgfbr2 12.4866445178717 7.8723375741655 6.07979805619272
Mlph 9.60047087800013 5.8266300446423 5.21996452094764
Adap2 10.5610887215136 5.47368647166482 5.12521060752636
Pros1 11.5054128386031 7.357058203295 4.69719648920394
Abcc3 9.93241584290862 5.68525244423554 5.14590823163008
Lair1 10.7210642612145 5.89962939490601 4.89575244381783
P2ry12 12.4722991689815 6.03895063183401 4.73342654244087
Il10ra 12.0130543621904 5.17689661314273 4.87798114886312
Hexb 13.9923705283113 9.77611499358729 7.62728440654447
Pald1 11.0039759359894 7.09019134858846 6.12539655701426
Olfml3 13.6303754126278 6.92130267900699 6.43294526551319
Fcrls 13.5949108894503 6.5032083066886 6.03393235723066
Atf3 13.3208511564463 8.33591848834513 5.36350731941202
Ly96 9.13234129881125 5.45515361633505 4.63268766444524
Lag3 9.99041445226883 6.31002322625586 5.39581507474808
Cx3cr1 12.8877623961749 6.11416994579039 5.73712292617481
Stab1 10.8670295781455 5.44789169246378 5.086923002551
Ang 8.56677630482011 4.24481130229111 4.03335883557618
Tmem119 13.7732529013683 6.7998621542199 6.33296544288849
Havcr2 10.7085581157162 4.42079539196818 4.29366150825879
Blnk 11.8561343036258 7.23575575084359 5.40376275202904
