Lcp1 11.8379992138945 6.51671259835531 4.30031532248786
Cd83 13.1517119399809 7.42687255723799 5.58211126086476
Sipa1 11.0491157826369 7.2509750063293 6.31468470612321
Tnfaip2 9.10265124910753 5.38208132170733 3.87698406781135
Socs3 12.872389729541 8.16272168396026 4.0764131204929
4632428N05Rik 13.023417651154 8.56237180354389 4.8306577045602
Spint1 10.3486258835977 6.04543972104437 5.20054911727119
Afp 8.25927872186671 3.92157350041524 3.66102680599188
Clic1 11.3149596683149 7.80579589147979 5.39121956870016
Irf8 12.5830920544812 5.86131265456718 5.20820370324152
Tbxas1 9.82110086955256 6.4254025784401 5.86145244662735
Parvg 10.3515058485033 6.57420871470941 5.29695013118546
Rps6ka1 12.4350911117328 8.29958221998842 7.46247369210572
Mfng 10.0773132550699 6.16022543715503 5.6505658904283
Slc40a1 11.6104164701375 6.96521468770619 5.52456671718527
C1qb 13.334449855087 5.06897909380397 3.71725114758972
Ccl6 10.2968696260595 5.04471579088617 4.03687750097553
Cd14 13.2858211222074 7.70459044619666 6.36442470144413
Pycard 11.7476509071618 6.46592066423462 5.27289878857002
C1qa 13.2023340640432 6.78725313505587 5.10418174279125
Il16 10.5721616851226 5.98501094046021 5.28638028486753
Slc7a7 10.8083190565862 5.73994138655276 5.00171769354791
Srgn 13.2068622416084 7.22224592368181 5.45489372012931
Myh9 12.4734956086251 8.29986412228836 7.47754050398274
Nfkbiz 12.6004495355117 8.86888846888951 4.15053792214438
Tgm2 11.642946111078 7.51807529290746 5.23756925212498
Plek 13.0477422121131 6.62065070616949 5.55349509100935
Rgs1 11.0898478208524 4.8842029587516 4.41827242582498
Snx5 12.5389716579728 8.71755470816787 6.83713943622379
Elk3 10.437348137504 6.27312979878986 4.55665867744336
Laptm5 13.2497958585741 6.60478893635329 3.85765344140498
Slc25a37 10.7966850520022 7.2459215942655 5.66511185089494
Rgs19 10.1981713053925 6.22607393707507 4.6568970085834
Serinc3 10.9280820038238 7.02836881974453 6.40286301612129
Ctsz 13.0485403305481 9.67333327755644 6.23410412474299
Fcgr1 12.2838802885119 5.12675074454618 4.42783911275859
Slc16a6 11.5411253999105 7.23970406296795 5.46397912997454
Ccl9 11.3508771596472 5.2810486847211 4.78057536385011
Trim30a 9.8600658104235 6.49874253004171 5.342603289877
B4galt1 10.9185743862039 7.43618629193399 5.99671213757539
Tnfrsf1b 11.7294024065306 6.82987499856066 5.89888652813658
Inpp5d 12.4783900860876 7.06585613106957 6.33884239668267
Tlr4 9.37755048286687 5.2180008199392 4.37651489777278
Aif1 11.8099905233592 5.36410123588134 4.87904407960428
Syk 11.1736838971837 7.24957724951465 6.13614819599375
Klf6 12.1197284009329 8.08485822485562 6.21433907663123
Crybb1 12.2532048432707 7.02220691185157 6.40698719412532
Fcer1g 12.6825054501545 6.90403459749949 5.71242321686946
Ctsh 12.8742742032151 6.58640635968129 5.18456397299861
Gpsm3 9.5878408034758 5.73478559343171 5.08392132049835
Ncf4 10.7305401881173 5.22405272796778 4.82858411981678
Ggta1 10.3021085784473 5.82954043308749 4.14712616091258
Lcp2 10.4299333406719 4.99302138937227 4.50715304055113
Ngp 12.2995043542679 6.62389227243884 5.31723376385846
Spi1 10.3859436109085 6.14428534241372 5.88296067564264
Csf3r 10.5303261448833 7.16965878013263 5.2798820609712
Ms4a6b 11.2757685053458 5.10120297582073 4.75637570651165
Hcls1 8.63630419546985 4.90866977380086 4.68289807122057
Pabpc1 11.2298634617249 6.20831952153304 4.56587245640637
Skap2 12.0094790306754 8.63773887847866 6.58820240821834
Cebpb 11.6743509032076 8.16205734383938 6.12415745738168
Plxdc2 12.0529683323577 7.94575224551599 5.04745913827364
Cxcl10 9.7662958946731 5.70383248267113 5.08296542831249
Cysltr1 9.23363767777187 4.37665051406671 3.90434970023548
Cttnbp2nl 11.7692220388043 7.28536509676547 5.67901521033275
Lyl1 10.013448973115 5.96356510798952 4.96684072227089
Ptpn18 10.350655093353 6.83678095991454 5.63920641380079
Tlr2 11.864186632689 5.9481209075717 5.56980052224927
Cd163 7.48039184356858 4.1445966395556 3.99600175891644
Serpine1 9.57269546409715 5.54239152923151 4.61976981166411
Mlxipl 10.5927739153422 6.75730574253479 5.07062691440582
Cd37 10.9462016903761 6.84684454739397 5.28101546520869
Map3k8 10.1917146557049 5.07805633365557 4.81072854950882
Myd88 10.7885966963584 6.70359730922287 6.01100898801611
Ccl12 10.4751595691536 4.65356051178712 4.34443655774195
Arhgap4 9.38418443524174 5.60640907314404 5.27233613129027
Pon3 9.10935515291671 4.65652122578698 4.30424673512269
S100a8 12.9638824039872 4.8124013117656 4.54975268801186
Il10rb 10.594105170653 6.7348297197201 5.18138482323977
C3ar1 11.6182149621142 6.67122765202027 5.3030378128737
Fgd2 12.1293203269256 6.28951362942963 5.92488446648998
Ccl3 13.5496556060224 5.4462776855335 4.63875045897127
Ms4a6d 11.498084859003 4.70221231199324 4.35778075498731
Ier3 13.5855914649438 8.84620678958184 7.31677713472772
Camp 11.8351935968853 5.93840266818534 5.40525199513831
Klk8 10.1637978906065 5.90827707608889 5.50942308794099
Chil3 10.6986949112657 4.51266154326408 3.72300307903421
Arap3 10.0084235335535 4.45233447567136 4.00903141751552
Tlr7 11.1690114771889 5.3850566518102 4.80647984900378
Csf1r 14.0292728577336 9.23712846018557 6.8153611291603
Hpgd 11.9284845304822 6.10845389651379 4.14721533995207
Slc11a1 11.348119903574 6.81300948147953 5.60203332994288
Ccl2 9.39365889899599 5.55743975921941 5.10989807998264
Cd86 11.7078926817195 5.41838133614297 4.78496689717974
Gpr84 11.5922078227709 6.2947696031295 5.31158009260946
Trim12a 8.60607054794922 4.49372470973109 3.96650731895618
Zfhx3 11.2458196415341 5.77702753624149 4.42526541153793
Slc15a3 11.5031029092383 5.40258074051564 5.14482225971731
Rel 9.37584581713377 5.85422582196496 5.16890259805691
Sla 12.412369723073 7.7404143650492 5.6909169495346
Tgfbr1 13.4953964323281 7.82036535024905 5.60930735092849
Lgals9 9.7144470271434 5.92355004735772 5.20772172971188
Trem2 11.3744113100813 6.86293136171939 6.18595294667372
Gna15 8.98838653928669 5.60604143432473 4.94386765775972
Birc3 10.6680989517335 6.47038478383811 5.73382908255085
Igsf6 8.76352354526292 4.35294190848941 4.11533242202724
Samsn1 9.02117009275432 4.81989614909327 4.4771907061104
Il1a 10.5627537042988 4.77703157543168 4.35963795771241
Hpgds 9.22555193578103 5.72270258776321 4.86705892098415
Naip5 11.1748062850229 4.94244504424785 4.14151651239752
Ccl4 12.655502757357 7.69242147931297 5.89847803341972
Stat6 10.5002673668222 6.45244933510046 4.84530748088318
Clec4a2 10.2600474435221 5.26274179403858 4.852275362651
Fli1 10.0941254445629 4.15834039816498 3.81809364779184
Ets1 9.55277010530181 5.30023282916564 4.12370338594052
Ptprc 12.5235480291392 4.6751802934701 4.34282251069707
Ccr5 11.7396919362898 4.80542101767334 4.38127430725521
Il6ra 12.6715970650916 5.69154206890461 5.53952980903012
Tgif1 8.50945088524124 5.006523464524 4.56862434597758
Pla2g15 12.3259450180791 8.09180870389373 6.5210311325469
Ifi30 11.3781163789488 7.30486396747774 5.91348769424365
H2-DMa 11.2573253131557 7.51005704429149 6.11680923732384
Gpr34 12.096128861767 4.27015265864647 3.93457297380571
Rrad 10.1172735062529 6.1178787035511 5.03629659619848
Rnase4 13.1184612117893 6.2364925405276 5.19187577275468
Hk2 12.3862706589026 7.51593430491791 6.06509387298961
Hfe 11.337741662807 6.83781039705067 5.9684595491991
Pik3cg 10.1956130518895 5.83804637775298 4.99519674630448
Cd84 9.78822716908046 4.69960587729223 4.36493033186934
Ly86 13.8305038298173 6.74906671958451 5.32900211888484
Vav1 10.4293295887311 4.15710802240809 3.94055478472808
Cfh 11.031443374587 3.91011910179055 3.47408971907995
Tnfrsf13b 9.62154101704082 5.09055054836729 4.30070984675694
Hhex 10.1791275378831 6.23097569877326 5.21575320046786
Entpd1 9.37032387449548 5.53306965594171 4.14608506154423
Ptgs1 12.2066936221392 8.39096944000737 4.89053437852853
Adrb1 10.605744756129 7.22713744301132 5.09496719515129
Lyz2 12.4203041170638 7.32463251818305 5.93216975195296
Ctc1 11.684666568769 7.96441241193199 7.23724121761741
Unc93b1 11.4209147437175 7.3724957202307 6.40553815446024
Cmtm6 12.3089984078596 8.75990134546642 4.62635709790099
Hvcn1 10.2816397991105 5.70869020562406 5.32775896168291
Edem1 10.6216568370496 6.88186174512219 4.57997589931854
Icam1 12.0685839298591 6.38301477461085 4.88116306411355
Rcsd1 12.2491457547791 7.70685668574698 6.40058859175205
Tmem140 8.43942036859799 4.71219773537896 4.32652405896205
Cd177 7.89852531580111 4.55255159023883 4.12251193741464
Casp8 9.83466998065678 5.24368869447879 4.94859399974361
F11r 12.1660086110926 6.70464880831456 5.6286476025834
Ifi35 9.19995898169176 5.69436782633667 5.32006975081178
Lpxn 10.7589192457976 5.23908329060979 4.39464804917839
Siglec5 8.37803746411404 4.34389267838942 3.80047224459786
Fcrl1 9.2345619860761 5.58784174925184 5.30248675598269
P2ry6 11.5687601975602 4.62011297276586 4.2783367578884
H2-K1 12.8220187202518 8.11223781881536 7.28441150517807
Tgfbr2 12.4852370462276 7.5862956057828 5.70852242384209
Ceacam1 8.89348245863094 4.78773655087705 4.54476519741963
Il13ra1 9.86451620775328 5.9173410952909 4.20617511677767
Adap2 10.5685173068896 5.27932889267918 5.06046915333127
Capn3 10.5561819143241 5.05615580626105 4.52270618296937
Arrb2 11.4717203569511 7.19887655996016 6.66428111061448
Pros1 11.415313090188 7.51108118467235 4.61818893014368
Arhgap17 11.1079285558079 7.41962913736529 4.82762675844527
Trim47 10.0914805439239 6.57963562655283 5.15865405300729
Sash3 11.2827116875116 6.95136976254563 5.22852786794284
Themis2 10.0072343518523 5.3224398829894 4.89617386396937
Mpeg1 13.5781184656323 7.27107424232484 5.67082582014634
Cd48 10.0036336466823 4.87446039105054 4.29088130731779
Akna 10.6519382313125 6.62715790705715 4.6287537093561
Fes 10.6453727108248 7.11836731556931 5.89785987355583
Cep152 9.46016705782019 6.09700580402894 5.60089700213438
Egr2 11.2779367742076 6.64744442099594 4.40324327670023
Ccrl2 11.412796081801 6.48336892479939 5.7955234039274
Lcn2 11.5003470873269 4.53578593401022 4.23800283776838
Hbb-b2 7.85273730267384 4.2330725101394 3.87646102807015
AF251705 12.004730998868 7.64895949831569 6.25985769279751
Hmha1 10.4033953674837 6.13734083253898 5.43697346527017
Gmip 10.1713248884895 6.27655386423656 5.72436551578385
Nckap1l 11.1568327951404 6.31573251672748 4.78400743566589
Abcc3 9.76277744586897 5.92361456569556 5.00603477961609
Rhoh 10.549623104043 5.83855444077343 4.78794013842877
1700017B05Rik 11.7692217223209 7.39005125658411 5.58454641660943
Lair1 10.6130187631943 5.87582330977321 4.82382044689604
P2ry12 12.4746819840061 5.75268926553098 4.63033300290213
Rnf19b 9.48505322764021 5.61066470803299 4.70027756615602
Pld4 12.0206051656766 6.00126279596322 5.2508583247579
Lrrfip1 10.9400431244598 7.1562989167078 4.67399119782974
AU020206 9.79188957346073 5.65309089334385 5.03990953795349
Fermt3 11.3312647513459 4.61100573603475 3.85558095812429
Ankrd44 11.6744535697079 8.01370530552017 5.13704953557827
H2-Aa 10.7894269702174 5.8875079589704 4.65032206595571
Fam105a 11.8900076562701 8.41176062885862 5.87608127008804
Herpud1 12.5159313960105 9.17787235753808 7.92649662518398
Cd300a 9.88309640091064 5.52546693915558 4.82259360302433
Lyz1 12.1662559978148 6.30465881941995 4.27781498626214
Clcf1 8.65510766759181 4.02083357429262 3.67968013327291
Adrb2 8.04029829865073 4.37780075719311 4.25171347096222
Lrrk1 9.2169215889832 5.280980410434 4.56191355489146
Il10ra 11.9839212283458 5.1755560109218 4.75997558951664
Hexb 13.9346832426844 9.09616182904598 7.22496262921761
Rab20 9.52042754395053 5.13849265767774 3.85808013689413
Grn 13.5521140781199 10.2118452987812 7.10420706713123
D9Ertd306e 8.19945017537725 4.72062399983874 4.18176187162543
Fam46c 12.3550028613422 6.35757985755496 4.62222705191807
Pald1 10.9785325599872 6.86021753820251 5.81164768487684
Ifngr1 12.0357079893049 8.3450908793183 7.14470133343989
Anxa1 9.44951730885527 5.54287420434519 4.41235845023084
Lrmp 8.81165282774176 4.75632064940316 4.33479985034984
Olfml3 13.5847807250187 7.01633580160756 6.10994520588146
Ncf2 10.9263417405773 6.26111799749443 5.53422737926668
Il7r 9.24960705759555 5.90740335799098 4.83395002866428
Ctss 14.1436377001564 7.92337893160908 4.84137403476783
Cd53 12.7058528961117 5.47091254509347 5.09487598446385
Fcgr3 13.3678397073662 6.28211261091428 5.31942578453099
S100a9 12.1512954978643 5.41826390510995 4.69944501155856
Klf2 12.9546948291203 8.86705362190387 5.62006323749398
Fcrls 13.538343734353 6.54952490574483 5.59805338972312
Tlr1 9.60520010506197 4.51311753963174 4.14165265581508
Selplg 13.5701528797604 8.05417067930836 6.07786328413167
Cd68 12.2655547644002 6.33301469052303 4.88250298837011
Gpr65 7.70886230022633 4.05182947246585 3.80069062792966
Casp1 8.69693600519687 4.84581644313128 4.31112604449317
Csf2rb2 9.47900201616068 4.98759540439616 4.5168158969526
Atf3 13.284073086988 8.48492970336031 5.29122633749122
C1qc 13.5961558255427 6.08744301944648 5.0345433139868
Hck 11.7859620796645 5.54858439157514 4.65016759179793
Gcnt1 7.991253437913 4.37935779321481 4.18587611587963
Casp4 9.26315299804554 4.93299209466453 4.07238206888672
Ehd4 10.3117326305577 6.8301542135537 5.34948729056141
Ly96 8.91937274322914 5.25710351757531 4.47508056288756
Lag3 9.80016274610109 6.40685049021056 5.28211778607222
Cxcl2 10.7266031675695 5.08774388927117 4.28145559177486
Ltf 11.851175722853 7.85635073094404 5.94193510553769
Cx3cr1 12.8730629616277 6.40792862942609 5.12986982726401
H2-D1 12.6327304628196 7.9710028859782 7.1230091630312
Stab1 10.7605924600716 5.23352322340611 5.0865434147493
Il6 8.13911235858362 4.43494075574329 3.83047720252525
Pdgfb 10.7325445782435 7.32363526955792 5.75369385532995
Mrc1 7.99313411604932 4.64393898236838 4.1549180158524
Hps3 10.8090339030534 7.40264100973065 6.8988239652516
Itgb2 11.9243168449721 5.23162436312052 4.5147296282456
Psmb9 9.4278289264293 5.88381620737216 5.322558517732
Ang 8.34675454689537 4.23353110200985 3.98689807053955
Sh2b2 9.2750055292418 5.38838947954447 4.55474626890277
Tyrobp 12.872201384089 6.6658390331299 5.49223469140893
Emr1 12.7903721087621 7.13619007851054 5.4635515465977
Nrros 12.3097176638707 8.85678430987708 5.55864093685678
Tmem119 13.7335005220805 7.02435793254848 5.67612219060248
Parp14 9.22364341007536 5.74762602342057 5.23742583665329
Ttr 13.2899892726514 7.05309033002032 3.85468438560663
Havcr2 10.538253418377 4.49948853355009 4.21821519654418
Alas2 10.1462688588052 5.42865888741392 4.84691324872577
Cmtm7 10.4128713125775 5.844044191727 4.84741855605798
Blnk 11.8256575206264 7.03153650330554 5.05352838785839
Alox5ap 12.5974435879102 6.87284643343213 5.88416500246674
Fyb 11.6377216118874 6.18152223003774 5.75541435384351
Ctla2b 9.67840248028284 4.77013369767714 4.05319488657675
Zfp36 13.4481818753213 9.86526870874233 6.97377305849436
Abhd15 9.85244350316464 5.6196811327341 4.93410023297985
Cyba 11.683487063587 7.08802099303639 4.86638480840016
Spata13 11.8423721764084 8.3028851637049 5.16640171082318
Ptpn6 11.3447432428118 7.60604548433436 6.43038378611102
4833441D16Rik 9.44333514879099 6.01358009527528 5.01880250418539
Tec 10.193963488774 6.74869414545608 5.61798108812976
Cd52 8.77120540091781 4.85584026102757 4.5022222167696
Irf5 10.3658986193304 6.82182452294659 5.51731308677421
Naip2 10.6301514409205 4.6435847172655 4.19448377789798
Anxa3 12.8961234593997 6.1353687467263 5.0144478158771
