Golm1 13.1709345745481 7.58815972041858 6.96213892425821
Cdc42 12.2436389401093 8.28511210663875 7.45783805307034
Ncl 8.57878843561137 5.21290798195652 4.60445211418502
Srsf2 9.40037755656191 6.03449113209751 5.76991726519013
Lbr 9.44263213579448 5.40286523599685 5.36703722635488
Tgfbi 10.1729708775644 4.67176090218381 4.4225773885517
Sgpl1 9.54910293773426 4.77516126858018 4.76758712722681
Mgst1 8.2714639401547 4.80438977325412 4.79234488851874
Junb 11.5780026398467 7.33286203533811 7.28856372726496
Creg1 11.4502595824185 7.82174266349531 7.12892606307701
Marcks 10.25492957013 6.18489677610824 5.2566784129373
Lcp1 11.8463632704423 4.39900275021193 4.31644970880552
Vcam1 8.18118631825557 4.12914394576055 3.99267052314295
Txnip 13.6993914736524 6.84358952281707 6.65385930633144
Cd24a 8.93508939538895 5.11201137557718 4.63372812128802
Sgk1 13.2007291352408 7.23669748966817 7.23465178491795
Flii 10.5065121486884 6.78504575564072 5.95902598553166
Fuca2 9.96271289402937 6.61506253801009 6.3269964580897
Cd9 11.8962881279299 5.4281099170633 5.29889065816091
Ifrd1 11.3040305700896 7.9203765268556 7.35478178213307
Cd34 10.5911587485583 6.29446248276688 5.85576289377758
Tpst2 11.1246231388186 7.72417784400107 7.62887853217086
Hist1h1c 11.8476499855546 6.90169233116128 5.2022020418314
Ywhaz 9.99123940936416 6.49719470338832 6.27023145499253
Cd83 13.2264749464343 8.48521447015287 5.93422239372808
Serpinf1 9.41188678958694 4.67165694219381 4.55532304003451
Rdx 10.7244040179248 7.09265614015317 6.15863549203974
Pnrc2 11.0423202308249 6.47045773458687 6.34600145340837
Sipa1 11.1257432146877 6.46948200297961 6.42793444634631
Btg2 11.4968904593275 6.72604907757514 6.19689663691688
Tnfaip2 9.08145533726492 3.9571899107537 3.92467473600357
Plod1 9.23012146683775 5.73143599149692 5.69172098561025
Litaf 12.5127367018525 7.77339375339194 7.63104635697518
Lamp2 11.6172171151883 6.66777538491329 5.54051838095971
Snx18 11.9105809619856 8.14066532763906 7.23844411494886
Ctsc 12.6065842886925 4.7270679244629 4.1842981771071
Rcbtb2 9.51693799161507 5.11603970553197 4.7663313485011
Cd82 9.38715719713112 5.85439673891294 5.61866163717438
Tubb6 9.94309885815544 5.75864552849584 5.32395427596042
Pfkfb3 9.98570488271776 5.2790841621669 5.10172506270792
Cd164 13.2504873032464 9.48277197836049 8.20137111856999
Ier2 13.4150634942812 6.3817716504403 6.26935049697594
Rab32 7.60118101811754 3.82479300221976 3.79794428697885
Pnp 12.8627608953087 7.18840014623053 6.78071468670626
Nfe2l2 11.3735710823378 4.70676714385379 4.66877651335126
Slc13a3 8.06868956027001 4.48396006274841 4.26031480772992
Socs3 12.8363611039744 4.62481208686217 4.01999396258516
Sparc 11.723215805215 4.70636412045904 4.51877877885783
Scamp2 12.0782300087712 8.02024261195091 7.66488148700783
Acss1 9.58139552895345 5.07357799314854 5.00486180598677
4632428N05Rik 12.9592128362635 5.14403186567575 4.95245576183331
Spint1 10.3415667614487 6.26980886039769 5.95787693131125
Smpdl3a 8.89619561075724 5.243324263159 4.64075636584861
Afp 8.20241684612463 4.3188698307289 3.81214715140745
Stxbp3a 9.18980767526913 4.25969854637299 4.20096971160128
Clic1 11.3846871257571 5.79719346735223 5.48428079267278
Serpine2 12.4306055788881 8.21264803111436 7.81651571556194
Plxnb2 11.1751053377305 7.54271139895892 7.16422665484117
Tspo 8.96653892538565 4.59167334519991 4.51684750785112
Irf8 12.5606886061131 5.53311473480388 5.48065889787716
Dnajb1 11.4072973894197 7.74276437956891 7.49742857556309
Mical1 8.88736256308852 4.28587468745016 4.18415628491991
Fkbp7 9.58447874704344 5.9240585157362 5.27527983061649
Tbxas1 9.77227819439976 6.40706982151011 6.09853586880671
Slc39a8 8.3702572354114 4.05364889326455 4.02233294567667
Parvg 10.3224146114506 6.26114281099539 6.00461645566941
Mcl1 12.1472433486191 6.93144783157904 6.75162189775678
Numb 12.2270194543794 8.86203491360845 8.56845330270637
Fam107b 10.6475155947746 6.4510323024499 5.47881019383598
Rps6ka1 12.439882687873 7.94774470206603 6.9614871300226
Npc2 12.9151308001633 8.4604659511328 8.28783599509378
Trp53inp1 9.74512065236671 5.10991452398482 5.0503010352656
Erap1 8.15112431133349 4.63439125145283 4.47730107409674
Tnfaip8 9.91373565516323 4.42046388221734 4.3441358742065
Fcgrt 9.65042068842126 6.01777908699949 5.96002435286133
Mfng 10.1100884876208 6.38502088908663 6.0600562823758
Tmem206 10.2057688234462 5.93702620464717 5.77395716514661
Slc40a1 11.6365802495677 5.89081331970606 5.84562789148173
C1qb 13.3846079047961 3.94230828114398 3.8469512738428
Cyp4v3 11.0721852303594 6.06532061570859 5.79486850745395
Qk 12.3621647632087 4.92822131810459 4.479285311134
Syngr2 11.4559121689701 4.77556020370921 4.5034930897606
Plekho1 10.6038456884602 5.97591480181875 5.71309977130857
Pmp22 12.2653168767854 5.33657096220752 4.97926970228367
Igtp 10.5169764277721 7.15704561120716 6.93803810678511
Nfxl1 9.14413100841336 5.67582417594723 5.57534961520493
Tmbim1 10.1081327824941 6.76809059253982 6.32868498137686
Tmem123 9.14930394547842 3.9221260018 3.63793929661975
Ccl6 10.223717633042 4.84430842188438 4.53377194701461
Cd14 13.3052539164274 7.20955073524162 6.9707784034932
Tob2 11.2284375997777 4.89384414884005 4.8457019978509
Pycard 11.8185468367102 5.49722278754352 5.45973534386853
C1qa 13.2380236204344 6.0290597730669 5.90287997385485
Il16 10.7022595486227 6.0402896411749 5.81721293391892
Slc7a7 11.052383619296 5.47490589070784 5.43026467321427
Klf4 12.698526861476 4.63061953041571 4.62620490989836
Jun 13.1567215574815 8.80428603915357 8.20211145223552
Srgn 13.2509970787582 6.05294086111005 5.55160662280614
Cks2 9.81957354136534 5.78794126360959 5.49959609519537
Myh9 12.5865032254667 8.98423845178677 8.48442341106274
Nfkbiz 12.6860754101133 4.5093443419685 4.43888173087305
Tgm2 11.7718766956168 5.61687557091633 5.39498349260908
Plek 13.0669588958399 5.63360826072545 5.37297008323688
Itgb5 13.3318370523038 3.95904842227068 3.85571440704063
Elf1 9.08676867890006 4.11035538347915 4.1068888676669
Zfp68 9.42067994106581 6.057711165982 5.63870475799399
Cln3 9.94836220653156 6.57672357056567 6.52320252574035
Rgs1 11.2541972267774 4.75004667051984 4.50648721780272
Ier5 13.0591463203827 8.85057181719715 7.82416745349374
Slc12a2 9.27545350413279 5.48549434057601 5.18278623119788
Mknk1 10.6885605319743 7.04250171801094 6.88298591836648
Cd79b 8.31573716498709 4.77668028990202 4.50365113284848
Snx5 12.5628056055199 6.57993953848402 6.17892613473803
Elk3 10.4901390004177 4.65380337220427 4.31028765267452
Gab1 9.65193276191746 5.517032271257 5.47244766244518
Soat1 9.02708526356189 5.23751723671768 5.033471858627
Naglu 9.26626288253695 5.88771385273709 5.58154678059839
Laptm5 13.2497958585741 3.88252054660989 3.79842301640571
Ube2j1 8.69405240386572 5.13196463063871 5.04761701510028
Ptgr1 10.0953671914278 5.38455414802458 5.23750228750733
Rgs19 10.139947557409 6.09784453314231 5.39826612307444
Dok1 9.09517514267858 5.3402888547647 5.26102032900011
Serinc3 10.8737843005988 6.68233704855459 6.51723465305284
Ctsz 13.0341451754765 4.1909348626754 4.13741730438896
Fcgr1 12.3056772228307 4.77819563150001 4.6117336141802
Slc16a6 11.601886645942 6.29207585130642 5.2787786148454
Pdlim4 9.4700059993897 4.68809339010264 4.56026168832176
Ccl9 11.5606702750711 4.96689783118746 4.90813951918124
Trim30a 9.82440837349698 6.40189735802875 6.31474064764877
Tmem176b 13.0401808488191 7.72257411820621 7.5800721867431
Sh3glb1 11.8746829636542 8.49493762077241 8.4619266501767
St6galnac4 9.99597436944815 6.37500303775191 6.35793375298773
Tnfrsf1b 11.5849644137814 6.63539798617295 6.28959222099756
Inpp5d 12.5199395399242 7.22514724856057 7.03188178713795
Tor1aip2 7.23703840489046 3.90697318100086 3.51122124111046
Aff1 10.5286978143419 6.02398707462993 5.44253458470435
Tlr4 9.52419084436795 4.59843119330001 4.38395215300812
Pmaip1 7.94812896443572 4.20933975045815 4.04253919078911
Aif1 11.8782125697407 5.96775361057474 5.12810629965075
Lims1 11.3895886323577 7.5684667109889 6.93418595591386
Syk 11.2305153374971 6.99962695204924 6.75305409096839
Klf6 12.1614928848338 6.6339276114207 5.98284197198248
Crybb1 12.3010895138039 6.26740588709583 6.25013017702043
Fcer1g 12.6409109862305 6.87294342245491 6.25965189943504
Ctsh 12.8519091129382 5.5590337248906 5.37545109959251
Gbp3 8.5913202656342 4.57789223632973 4.56839000227527
Gpsm3 9.66649074936397 5.66462507185924 5.31881979524709
Dusp16 10.4070344793422 6.69884663439768 5.85338718353522
Ncf4 10.7081144474155 5.07084337085077 4.84421328476204
Ggta1 10.3145780373454 4.27558260075664 4.1910407459441
Calcrl 7.84138491604448 3.9342232260721 3.73775486957239
Lcp2 10.3889718130272 5.43174597063311 4.71855355838192
Fech 9.4374346620204 5.92646015317079 5.10001455561691
Ngp 12.4329204009581 6.46514820433642 6.410749428655
Spi1 10.2850028049619 5.98148708196029 5.81002898018409
Atp7a 10.1404314445784 5.68718140134173 5.39576955975321
Ms4a6b 11.1222234312687 5.60767941650249 5.37949196840839
Hcls1 8.83239317939796 4.65694310026695 4.57128572338767
Abcb1b 8.00305280287427 4.60892682312373 4.30416142787306
Pabpc1 11.1513836653323 4.82940129412357 4.62215180687596
Cebpb 11.6879517821222 6.99561756386403 6.45310969809853
Plxdc2 12.0633823649962 8.40882606654626 7.45393752148183
Cxcl10 9.83264446685726 5.05232126587241 4.99403899221471
Maff 10.2395219098757 6.40220465582053 6.37816940015087
Cysltr1 9.33333349087416 4.38024990438973 4.3061228425792
Bcl10 11.3928955143517 7.26411444159564 7.12829206813865
Cttnbp2nl 11.7204560544011 6.16251109578291 6.02102968277368
Gltp 10.7931375238269 7.2310622266091 7.04891398874412
Lyl1 9.97533629065994 5.23524799497198 5.16702711126306
Ptpn18 10.4025712369028 6.54746779196951 6.50562528633877
Tlr2 11.9268402473875 5.92448877473575 5.75025243356448
Cd163 7.66769719158114 4.13064294508633 4.06426527487357
Serpine1 9.52331793271942 5.19465690106425 4.93644389561869
Sox4 9.95630765129675 5.88330856453152 5.44173115685548
Mlxipl 10.549742788076 6.74712466077876 6.47484211543125
Cd37 10.9048574016166 6.26570403295772 6.11036773496526
Map3k8 10.2849700718244 4.99623402271058 4.86371852507146
Myd88 10.7278217724093 6.47268690240787 6.35735138418785
Ccl12 10.5112043294489 4.67326997968333 4.4490491026714
Arhgap4 9.36525554969312 5.77872867622058 5.67262149622561
H2-Oa 8.7917936065526 5.44534893716067 5.37669510161587
Pon3 9.20297150005047 4.25300635515638 4.24447941602588
Slamf9 11.1882832385642 7.84239147232655 7.73194409011125
Ss18 11.2969679127442 7.85443450844742 7.79881623794985
S100a8 13.0395448654869 4.84261786445813 4.57482247611767
Il10rb 10.7116513838826 5.49331164846378 5.27777735211926
C3ar1 11.7072754362155 6.39355426335479 6.31749963569581
Ripk1 10.1243899929041 6.74635016270777 6.73354471879223
Fgd2 12.1304825880125 6.27652345656957 6.23780064911075
Rela 11.8428094359349 7.96816248027386 7.4056120677667
Ccl3 13.4953964323281 5.08123987729281 5.07036683283162
Ms4a6d 11.3799791784438 4.44126177605091 4.42977505567774
Ier3 13.4963591841383 7.75849166665392 7.5992064842831
Nupr1 9.93831898336817 5.02604124968315 4.84099528061228
Camp 12.113738407204 5.67788242132749 5.65070116118192
Chil3 11.1159878878753 4.56158884275206 4.31157390997113
Arap3 9.86775374576886 4.18120922661473 4.07567280329454
Tlr7 11.2112407400947 5.38116397347514 5.32303044985012
Tnpo1 10.0306104853679 5.80474396031719 5.59835300314972
Csf1r 14.0460007158016 8.08578671696758 7.59993536494946
Trim25 10.8969751411857 5.43064977801911 5.38202397160086
Hpgd 12.0107499612859 5.15503597492986 4.52300080895326
Nfatc3 8.87143809052763 4.60168775413688 4.39401197254946
Mcm3 8.92535440058905 5.0824043395215 4.96283872691981
Morc3 9.98783898123944 6.07390931615268 4.92244689970238
Slc11a1 11.4154854568916 6.41617264434274 6.22716795181846
Ccl2 9.49866288250659 5.56549818273837 5.1947093610498
Cd86 11.6419705628058 5.43782210692905 5.00333554508902
Sat1 12.159300186165 6.06042323720253 4.69385465071836
Prkd3 9.70383275414416 5.36497148791763 5.05715004474323
Gpr84 11.5935377294956 6.31856098974537 6.07831970692714
Anp32e 9.87054100376129 6.10031379217287 5.95798639845323
Ptp4a2 12.4237248998575 7.94216499063532 6.95596161624189
Vamp8 11.9027573726861 6.17874353379128 6.16611573390579
Tcirg1 11.3257053795282 6.7170504195201 6.56507460148891
Sqrdl 11.0518617676912 6.73965947316372 5.77785498130817
Trim12a 8.5835260320544 4.03624009623556 3.87771940060926
Zfhx3 11.2942984484453 4.96958068632775 4.48202787568269
Slc15a3 11.5219827541908 5.37866286437112 5.29367688660808
Tsc22d3 11.4721491337919 5.32341997919401 5.20840088276173
Sla 12.3378861062474 8.59886687986258 6.25721164113403
Myl12a 11.9122596630422 7.10623792876672 6.78225572215634
Sgpp1 7.73906578784567 4.06109632281641 3.78466761503862
Itga9 7.35656542889308 4.02209146837611 3.97053282901624
Tgfbr1 13.4953964323281 6.7213780891205 5.60295682737354
Snap23 8.47917138557207 4.12810108849033 4.08536813873414
Cd2ap 10.1956964097835 6.2121148704763 5.92525184534204
Sgk3 9.74194633209768 6.33035557745992 6.22234447940381
Asph 11.1131392793095 4.90385052886826 4.78137848291212
Ivns1abp 12.7182126498181 7.43118050949757 7.02506377858852
Adcy7 11.9646243532397 6.49153949785157 4.87324578069743
Rbm39 10.4094928984617 5.06791206741555 4.90082704186238
Mrc2 8.85958477054983 5.45646260422994 5.35079410455763
Vamp3 10.8638436564196 6.53351739420608 6.42365874957436
Bmp2k 11.3162621163235 5.68315114332067 5.42849930191113
Gpr56 11.0473777353108 7.54185455883107 7.50343367331507
Tial1 9.4359355915161 5.3435389644818 5.34323411993518
Lgals9 9.80576100376818 5.67205922088586 5.62025155999229
Trem2 11.528689695107 6.95646295986645 6.85706019748138
Cited2 11.544533489924 8.02080741682667 7.31299520349432
Birc3 10.7521481640029 6.21669319866995 6.06429151993482
Igsf6 8.68495551282954 4.1727615595468 4.12269590710149
Npnt 8.06075026556426 4.32156910733275 3.81802250746957
Samsn1 8.95535277925432 4.72878743925244 4.5708994742134
Il1a 10.5450729398403 4.52593463282941 4.3409863911651
Hpgds 9.14123713383759 5.35868142503354 5.06598086856937
Naip5 11.1347547074536 4.91323980632139 4.36631934458538
Ccl4 12.7516225784521 7.55592452837113 7.16088928433675
Itpr2 10.8613975316724 5.67238857430151 5.34806217456794
Stat6 10.5031698578152 5.57248331276516 5.35496833976278
Tapbp 11.4240903434095 6.7726932694557 6.60850232952513
Msn 10.7217422633417 6.46237915256904 5.75548472100336
Bcl6 9.97529153752311 5.32854498857391 5.2807138810163
Abca1 12.0785728549459 6.21679606259559 6.01169639104851
Adam17 10.581995677351 5.7880343468054 5.50412025333299
Dapp1 10.626591308075 5.15404978568311 4.96614768506879
Eif4e2 10.4408061867562 5.90814480650587 5.77567786201145
Igfbp4 8.34195517657038 4.64562609590975 4.60137409066935
Clec4a2 10.1190075949126 5.22079914522529 4.86768116984187
Fli1 10.0832277034328 3.75334323422331 3.66684573182196
Mitf 10.3277193773821 5.875657830139 5.66954620216171
Ets1 9.75745818736726 3.8648191871582 3.81924594629498
Fosb 11.9818678393755 6.19435541367974 5.53004647880022
Ccr5 11.7087776692335 4.56949519744281 4.36663270203298
Il6ra 12.6405285425734 5.58962021170981 5.52247560748686
Tgif1 8.50458243562559 4.86781084222415 4.69498921378595
Pla2g15 12.3512186582331 8.07876238985338 7.88367837221761
Itga6 11.5906633280243 6.02636900355856 5.95671853174114
Ifi30 11.4062018650154 6.42088813135586 6.10542620415366
Cables1 10.7158993683559 6.63646578523584 6.29556124460179
Zfp36l1 12.7019764996359 4.99596344898043 4.81775359963287
Id2 12.1636087237592 8.77845315773143 8.48555257887173
Gpr34 12.142699851518 4.16292852141975 4.0367935946943
Gna13 11.3045173258673 7.80065804612081 7.77110313787143
Rrad 10.0026571297703 5.48561978785997 5.25044386315274
Ndel1 9.26249492481989 5.92103997340362 5.6216711312167
Rhog 11.2037880767617 7.48261193360263 7.16235211423343
Rnase4 13.0771643703574 5.8334552550014 5.44639412081059
Hk2 12.3164140648536 6.71453899413931 6.5051834210209
Map4k4 8.81854047498591 4.55168383783238 4.34175986053751
Hfe 11.3196450739578 6.50965402042686 6.01727027252267
Lgals8 10.4212717683181 7.03775829773635 6.89485896176432
Naalad2 9.64837692903074 6.20062888695226 5.80154493840904
Pmepa1 11.4586918603674 7.44785932253603 6.16790032169477
Pik3cg 10.1537853547168 5.83609191097098 5.57163377592074
Tlr3 9.63659550839082 5.04633413003322 4.87140863766666
Prkcd 11.3607793398998 6.88150464869186 6.68603984879292
Mertk 13.0985151577591 5.49325498765933 5.31200513204243
Cd84 9.96224237530016 4.49937652586304 4.47817641589471
Ly86 13.8305038298173 6.317076803472 6.22076675322566
Vav1 10.4997459843954 4.14325456775653 4.01438222731873
Pag1 12.6736213180298 6.32444488764812 5.74132836650669
Pim1 9.24702344557165 5.85333426760787 5.76090767117731
Stt3a 9.80513059719094 5.33065961440369 5.23000111538196
Fos 13.9327205870223 10.26724090758 10.0840545375308
Ube2d3 9.21870316023409 5.18307878527459 4.93580938322234
Gtpbp4 9.99149792789418 6.02663811588079 5.27481031203765
Cfh 10.8438396260437 3.51333064013109 3.48272499145848
Tnfrsf13b 9.66545251361214 5.20342093624932 5.00898756890467
Arhgap5 9.66667158377136 4.98524118443135 4.34487761495475
Cebpd 10.5744174492867 4.46818581835248 4.32181631052531
Smim3 9.32886126195367 5.86481861468753 5.83218119257486
Hhex 10.060418644213 5.89919545880053 5.49377271521115
Entpd1 9.58873000960094 4.23196620308534 4.19163337319823
Clic4 7.99796597515948 4.67304002177435 4.66058141396293
Chtop 9.2893607361788 5.7303844315881 4.70242053135748
Ptgs1 12.1626150793908 4.59582954448564 4.38406152232196
Adrb1 10.5218876655346 6.63185141500538 6.48251328641821
Stk17b 9.80355004387352 5.87852604425571 5.34865666588504
Frrs1 10.6966078261321 5.83031395013499 5.13347912144709
Lyz2 12.5660138290276 7.00827585936605 6.4866117336086
Ssfa2 10.4026641404164 6.16502393239945 6.12024622323827
Galnt4 9.11869231898454 4.78746145509967 4.70841519025783
Ctc1 11.7422487728519 7.93866651189373 7.80344817632468
Unc93b1 11.3066168079527 7.27272074183377 7.13558956239874
Mob1a 11.6304802850351 7.08639170226616 6.42022819309256
Cmtm6 12.2803328178186 6.32959106898331 5.76287936853802
Sfpq 11.5708095722532 7.75017236619224 7.61031665058727
Tmem168 7.87593937989302 3.99827289723213 3.5537599566708
Tmem63a 11.3727165126659 7.86332185285745 7.6984862474774
Tmem176a 10.8465428280293 7.40849720349614 6.89118018291699
Lpcat3 11.4786154330381 7.76496210539124 7.44674176011473
Gatad2a 8.37574485244743 4.84083901913892 4.55094912051369
Hvcn1 10.2856187487951 5.57395510626431 5.41720861855079
Edem1 10.5644676490564 4.76371241473309 4.49753476903891
Icam1 12.144222640413 5.37636542354931 5.0130152027243
Ptbp3 11.2952745829932 7.93785531974849 6.76190998369434
Epb4.1 9.13203469587656 5.70547974409866 5.56917895900473
Rbl1 8.51194870241016 4.46818259698798 4.31134897425857
Rcsd1 12.3223507478265 7.50558937422255 7.27619934983236
Papola 9.7983668125658 6.37322452901785 5.90018329448596
Npl 10.119227368812 5.32998445678652 5.1325390956081
Smox 10.9458769613614 7.23678368713612 7.08369641100334
Adipor1 9.22327154317841 5.74343036520749 5.7139533283119
Tmem140 8.46080936763924 4.30908718441115 4.09874861654303
Nupl1 10.5642751187147 6.57812234299745 6.39319278923397
0610040J01Rik 10.8106638816197 5.42958684586079 5.18633949791089
Tmem189 8.95256705982007 5.16481373701805 4.812522470298
Leprot 11.7196070074919 7.83149793527483 7.61370679955398
Tm6sf1 11.273380881778 4.05360744385997 3.85208096404807
Cklf 11.3324839569912 6.3804866291486 5.40235305803921
Casp8 9.83591177234681 5.09845784114809 4.98098319877573
Tmed5 10.4601759587631 5.44493236751082 4.92378761248768
F11r 12.1638127271072 6.27466383145071 6.09179964527884
Sumf1 8.58546051764774 4.84961442909239 4.3996114797317
Ifi35 9.02633293785675 5.53141231908769 5.49200056522069
Eva1a 8.63294613398656 4.28664500834496 4.23948386619304
Zbtb1 9.31186634548201 5.97591008758952 5.79084647888389
Reep3 10.7593284719606 4.61520693744628 4.5043080941734
Tor4a 10.4213155961976 6.65480774898601 6.63068471828224
Ptbp1 9.02225932629817 5.33025657225681 5.30567855501898
Lpxn 10.730982217212 5.01393669734709 4.87193079448729
Siglec5 8.337886172674 3.88615804235303 3.78206037271793
Fcrl1 9.27554865404005 5.68779584591149 5.64079208833519
Smagp 8.35229182658471 5.02411797977781 4.98736544204906
Sppl2a 11.1847931951435 6.59382931204713 6.36306842551574
Clcc1 8.84964031540294 4.81641958519891 4.36496994301736
P2ry6 11.5909433501351 4.59693369292692 4.59061623105447
Wsb1 12.1955534450875 8.83613160706108 8.66016193189398
Ighm 11.6041085325057 7.62747174333429 6.64365209488658
H2-K1 12.7949568117272 7.55189520726278 7.25498333785165
Tgfbr2 12.4312251246194 5.49113989863007 5.40117219242959
H2-Ab1 8.4512011309411 4.85729666071249 4.78977992761967
Zfp62 8.82946491221294 4.58669433543588 4.48491095146358
Ceacam1 8.73427463823456 4.57174736784581 4.5137667835115
Mlph 9.52478746573067 5.78270592269784 5.67891206875483
Ncf1 9.01873662127703 5.31728324568825 5.16717585040346
Il13ra1 9.69650941211153 4.25050787413408 4.24891784133115
Adap2 10.4876327911899 5.09963853813175 4.99516938660317
Elovl1 10.5746736199238 7.14496863732887 6.37091911626124
Lrba 12.293139019726 8.50780097042237 8.31325841602288
Nmi 8.7449893077744 4.90556449198954 4.8344328978073
Pld1 10.7880824610021 6.42250944903438 6.39470053091041
Pon2 9.26937417743214 4.09183207692891 3.88281900484457
Capn3 10.437566906065 5.09817002434988 4.62421344116701
Casp7 8.22612436421626 4.84235446614151 4.79687363460578
Gem 8.28009388336886 3.99601258135387 3.95820910633363
Btg1 12.8272407508816 5.73996037389128 5.69771355527141
Tor1aip1 9.84392113236668 6.3679752301238 5.80974980352504
Rrbp1 12.1135184174842 7.89045694513548 7.51471368105485
Vwa5a 10.3690918760756 5.23668465512512 5.05393273081035
Glul 11.9439234863599 5.31204698849433 5.19034108652814
Arrb2 11.5161791808491 6.97107596486488 6.55097791678805
Pros1 11.4244912078995 4.88649181300509 4.86882862092586
Ifih1 8.66416697609045 5.33081103468063 5.08803197573507
Snx20 9.44398648759649 6.05141669655825 5.88434982956841
Frmd4b 12.1297792575394 4.21853837492674 3.94625879927839
Rin2 10.1302854085197 5.28663868903332 5.03481391233329
Tifa 10.6649959627868 6.35510273692926 6.34057743306338
Scpep1 11.1953957844899 7.00445500798152 6.85208888334332
Arhgap17 11.0358082941061 5.43593036066403 5.25077064517309
Phgdh 11.0663668828628 5.38852765169067 5.02617310166235
Slc46a1 9.39593470371558 5.95921329054268 5.39668217333442
Tiparp 8.62149168113237 4.98922684599705 4.8561662615743
Gspt1 9.71364664625164 6.03404422325485 5.46977610666249
Armc5 10.592420015339 6.86428611765773 6.40807361622505
Parp12 9.52345845288495 4.68307746517167 4.5722536096165
Trim47 10.122871565472 5.3799369939788 5.02278887662349
Lgals3 8.71732817427299 4.82162283084593 4.60376076253615
Fmnl3 8.92058913443164 5.52547485340862 5.49932272696087
Ythdc1 10.2538614977374 6.33201247681097 5.57470320689939
Cln5 10.8301910413553 6.70323682771379 6.1472921475283
Jmjd1c 12.7042728123964 9.25637012982462 9.20550495792064
Plcg2 11.2395812321787 7.70604226024362 7.40566788503576
Arsg 8.21968836256545 4.10346605566419 4.05186717307701
Sash3 11.2528818012755 7.09207363548168 6.75441169183343
Themis2 9.94919523666928 5.18740765154935 5.12962615999166
Mpeg1 13.5339312443488 6.90056315709997 6.70219033737766
Hspa1b 12.7328150924375 9.39263307153153 8.8345058444712
Xist 12.7732517233129 4.38669325052392 4.29465848110096
Cd48 9.99176185857167 4.84961069932178 4.71519281609137
Akna 10.5978331936346 4.85899112957813 4.53156405991793
Sult1a1 9.92143049281146 5.64507490647657 5.61485145040519
Fes 10.5840546362038 6.95121150721879 6.93840273343197
Taf4a 7.35704864280282 4.03420648996291 3.71784470957996
Cep152 9.68353142517718 5.76637319228871 5.67776893366428
B2m 13.2088860971046 9.65378084248043 8.06764278129321
Egr2 11.2144151601674 6.48193890227826 4.37551687224679
Ccrl2 11.4107831106411 6.3176737997529 6.21716359434862
Lcn2 11.7182561949748 4.34924202507905 4.31859582670919
Hbb-b2 7.86146929235822 4.28596757721572 3.96898502522941
Dnttip2 9.86861476867215 6.46438106760887 6.15387593531529
Tmem173 11.1696407087511 7.68850449516744 7.42624295729044
BC028528 9.01173787915138 5.51837023168527 5.42189600275402
Erbb2ip 10.9250560248273 4.41653387606588 4.33303521753593
AF251705 12.0057126252299 7.36041439670858 7.24287626070238
Hmha1 10.4487011332694 5.91331740642429 5.37493711275592
Ebf3 7.92178463883767 4.35103661671078 4.31225291510902
3110043O21Rik 10.5711912767164 6.98311551315881 5.65434533662823
Chn2 8.31244073196833 4.3001620502349 4.25334029970471
Gmip 10.2055870255081 6.50288999803608 6.21434959270779
Nckap1l 11.1526856630168 6.59718006798139 6.44344100053785
Abcc3 9.7509259850256 5.71708276653179 5.68939188989674
Rnf130 12.3284705937932 8.24635940902817 8.21315092882966
Rhoh 10.7637079698635 5.32628218342265 5.31008116979839
Zfp869 8.96011949792631 5.07474935255544 5.05774950652098
1700017B05Rik 11.7522974287947 6.06267887390546 5.83109627124285
Gusb 11.4803411718158 4.86209057295956 4.81450016467931
Lair1 10.6612900224916 5.05842499770264 5.01277778717973
Twf2 10.9336973935694 7.13303243890843 6.32644225270056
P2ry12 12.4385715566921 5.12341634748176 4.83319640696531
Rffl 9.95681769336364 4.92225878683136 4.49201969536051
As3mt 8.44174997882226 4.941866062251 4.7487955567924
Apoe 11.7960795852016 5.8207366869425 5.06732271666785
Rnf19b 9.65744414029616 5.30583753802394 4.9328766665367
Epb4.1l2 12.5432840929574 7.60651687723584 6.99986791100303
Pnrc1 12.5803727657434 8.33924660545668 8.14925331298673
Wnk1 11.4737635469995 7.63392576949751 7.3235589949921
Pld4 12.1700437011819 5.784132676087 5.63681920198716
Sesn1 11.2277121133864 7.39179989012121 6.99562438684084
D15Ertd621e 10.0624486421296 4.79931787169545 4.53326298294587
Lrrfip1 10.7224886700699 5.23431739830978 4.84476257317553
AU020206 9.79768698851007 5.38068913343423 5.09954304072853
Fermt3 11.4207362066657 4.08148589589396 3.78205702732204
Znrf2 10.0659626701785 5.87659560068219 5.26930084697377
Cerk 10.9762350049572 6.0662305108032 6.02508996799313
Plk3 11.036823711972 6.40642905515337 6.18881096239769
Dennd4c 8.61600910461238 4.98817106457044 4.8027704098011
Ankrd44 11.5679366187782 5.66338841066153 4.96832572393993
Kctd12 12.099676793357 6.50525219873901 4.96904607663127
Derl2 10.680099364936 6.67367950835206 5.5154964370563
H2-Aa 11.2644036954394 5.36608537062951 5.34342280336016
Herpud1 12.5116726598182 9.06194152390793 7.6411805362366
Cd300a 10.0530239896872 5.46586088288893 5.44284587307828
Osbpl11 9.8672262594844 5.59920375092522 5.52507859868295
Tmem243 7.86982402649837 4.52205678131602 4.36750559716297
Ppp1r14b 10.60262239368 6.71714177473885 6.62366611581784
Wipf1 10.3652831365882 6.64076092084123 5.72446067407294
Tmem179b 9.57494076147868 6.12448559471466 5.82747148987214
Lyz1 12.2502412289951 4.43734579149661 4.23605310838922
Zfp110 10.6738601357144 4.55856249525996 4.54371750844174
Clcf1 8.68466038510135 3.88443115804634 3.71143169931519
Adrb2 8.29734945321406 4.27906600949889 4.21807861403774
Hmgb2 9.04290768492065 4.03349063704554 3.84971622905208
Lrrk1 9.1635528470806 5.05851988229502 4.6796003379115
Zfp36l2 12.4004422821899 6.31959286880715 6.14483776627783
Il10ra 11.9867649941734 5.30037703053129 5.17599569071156
Hexb 13.9214339669789 4.69284925523115 4.65896933696224
D530037H12Rik 10.4018822600769 5.09231742130789 5.03839319137539
Rab20 9.64744268247702 4.0789032295121 3.9141181878186
Slc9a3r1 10.5341792603602 6.42235758551324 6.25307344220868
Vim 8.20604281286246 3.54267455107593 3.53381727408271
Grn 13.6303783372944 9.30124874691609 8.45444860786348
2510039O18Rik 8.62794223880257 4.95502020745435 4.89329785823331
Mavs 9.23385264584594 4.33540600847046 3.69234182760008
Capza1 12.1559600269588 6.95394811223202 6.80690142715545
Bach1 11.7684659473826 5.62318222665727 5.19765272801157
D9Ertd306e 8.20712585253381 4.32957453752828 4.32917630304184
Usp24 8.70392300506957 4.82761730696733 4.69939904249892
Fam46c 12.2421510197398 4.53066335548841 4.52405791189287
Ctsa 12.9644748360344 9.56881926115 9.43386036691501
Pald1 11.0128320429645 6.60040720924656 6.37443674901392
Ifngr1 12.016051864462 7.61353550563996 7.33466586492501
Tcn2 12.1195930224409 7.36263286987129 7.0706275126683
Anxa1 9.64055143138413 4.79765481656198 4.54791003109841
Cmtm3 10.0110497819572 5.65599658801294 5.49281935187705
Ppp1r15a 12.6593601245383 7.48107234498358 7.45807567319646
Slc15a4 11.356384012252 7.83443717714741 7.42006185513026
Dhrs3 10.8328899765314 6.47011116566916 6.32824823043872
Lrmp 8.89491220593798 4.60946311405287 4.50881030892087
Olfml3 13.5644607358692 6.80320761076288 6.18211471098249
Pla2g4a 9.55730250855793 5.01178069535774 4.74360795714444
Ncf2 11.109264808914 5.58209943467631 5.52853630636961
Ctss 14.1223387589978 5.38156688576176 5.15166367508703
Cd53 12.6270729328698 5.30000714659896 5.20475034234997
Fcgr3 13.3874319809845 5.56888467603124 5.47864711992521
Eed 10.9617675756505 7.20436175162245 6.36828997615951
S100a9 12.2965410503709 5.57491795177732 5.01433302249992
Dusp1 14.1813580097059 9.60737151420054 8.63461038200272
Lgmn 13.4068999504885 9.17039230369599 7.99451703610378
Klf2 12.9915058739807 5.7974209397054 5.56520186115647
Fcrls 13.5200887013828 6.6729540853271 6.4792932390293
Cd302 10.5380268757257 5.88369953769041 5.68142360501603
Tlr1 9.55990391864875 4.18345998397002 4.08391077422487
St3gal6 9.54566709615045 5.12025868262889 4.82438017310704
Selplg 13.492313873689 7.93400678719479 7.76962759426817
Cd1d1 7.73376427805144 4.24831176257672 4.11387969314745
Cd68 12.2825968841945 6.22044047669918 5.07019173067246
Gpr65 7.85611733273235 3.94712702871756 3.87919938912313
Casp1 8.72506021576845 5.22636109272488 4.67441532930318
Csf2rb2 9.46516272602394 5.27136717126331 5.15688848911071
Atf3 13.3007390383143 5.39673835654806 5.2863964617563
C1qc 13.5695399365939 5.58635013475288 5.48568667203459
Hck 11.7192724128215 5.52907817916449 5.38520134076724
Tmem100 8.25603072192118 4.73939197549586 4.54385006002866
Gcnt1 7.89240442650036 4.53543093326375 4.27926916107693
Casp4 9.17977855891737 4.91009898267806 4.47899105295962
Ly96 8.98885773803667 4.7571111334481 4.5016268469847
Lag3 9.94342037341401 6.53144732430779 6.00163047253459
Cxcl2 10.9236295592129 4.57780717397005 4.38606079795492
Ltf 11.9771261319803 7.53863294888417 7.45413651369175
Cx3cr1 12.8322911670036 5.9119307627298 5.84931404291763
H2-D1 12.6856010965553 7.43814294918847 6.39892402009477
Stab1 10.7835801182221 5.36813972431581 5.03972855140348
Evi2a 12.5801879760248 5.08318885348956 4.51837615999553
Il6 8.3523884587654 4.06904343392009 3.87011121129003
Mrc1 8.47267687587698 4.54672633112815 4.54162986086658
Hps3 10.6281605531013 7.24902796331877 6.63757895541799
Itgb2 11.8281947861841 5.35058880909245 4.9055706101783
Psmb9 9.49408509768935 5.62324619788645 5.58964186265946
Selenbp1 8.46209954721546 4.44207550533404 4.42407357492202
Adamts1 11.3973807177838 5.4108805776905 5.29103510734387
Ang 8.67340897437916 4.0669016254361 4.0532872073006
Sh2b2 9.32069277757714 4.84226589417994 4.71186069681563
Tyrobp 12.9035612805634 6.51049636346786 6.41408948522385
Crot 9.71542778628793 5.50761367491272 5.49823034852271
Ptplad2 9.63817330010533 6.3036677412401 6.13362422046414
Slc29a3 11.6835560124248 6.85063191227518 6.53981063203605
Vasp 10.5290974508756 6.4685856828129 6.3782852684664
Pbxip1 10.3716503756831 6.25856950892044 6.16597370299618
Emr1 12.777781853873 6.30208537168335 6.17888595813734
Nrros 12.3519497751025 7.64490737236325 6.5090817237818
Tmem119 13.699678559052 6.54149646540797 6.50370969534184
Pnpla7 10.5843197435089 5.84574921325211 5.57182980449149
1810011O10Rik 8.37120216738482 4.3221035782724 4.17802760235151
Ttr 13.1109777518357 4.06683003866036 4.04030207146355
Havcr2 10.710530075929 4.36456184678852 4.27444042370413
Alas2 9.97256535353661 5.51193751351942 4.91249824066719
Cmtm7 10.4036329494645 5.80744236372426 5.73003315929705
Mafb 10.9849900615298 5.42940109567336 5.37609773327977
Blnk 11.8079240962002 6.87664250478329 5.83430496691554
Tmcc3 9.16895367720384 4.92014389683783 4.79873842906729
Notch2 11.035203297165 5.23144043113423 5.19100025173134
Vrk2 8.87003271247097 4.60184203875152 4.4123978868239
Daglb 9.94097644340737 6.16048463776638 5.73949620595335
Alox5ap 12.5749967599795 7.52255500363222 6.41674828955832
Fyb 11.7159427823204 6.49565109143953 5.86060987512944
Sepp1 13.725757445204 6.5707376110934 6.36988107018503
Nup153 10.6766538500239 7.22477266263804 7.05889623970227
Kdm2b 11.0048236173497 7.45974856236719 7.30845419014378
Ostf1 9.88695792996933 4.93598079431779 4.76780295242104
Ctla2b 9.94438247489242 4.30111942283015 4.16320623759171
Sall3 9.56740794423544 6.03394251415624 6.00878888995493
Hspa1a 11.9245276178108 7.9499951324093 7.81554125680754
Ccdc86 9.53354211585671 5.73859159314529 5.08025971067638
Zfp36 13.4960506681509 7.26361441473476 7.07588868863215
A130040M12Rik 11.8363253924045 6.95265690990366 6.87063055725504
Abhd15 9.92497435981129 5.09496788715511 5.03377967058836
Lmo2 12.1717394598769 7.628292227305 6.98064703345596
Cyba 11.7749627835735 5.04821841399596 4.94333010741938
Spata13 11.8360921296241 5.50150916168234 4.9788728798882
Wasf2 12.4660305697947 7.73330800102756 7.27566520919341
Scarb2 11.7293389223241 7.34068352550585 7.17040420678999
Foxn2 8.74176920330284 5.13912833631549 5.07360701337466
Ptpn6 11.3292345329635 7.61794468496086 7.11576471765573
4833441D16Rik 9.33372525445037 5.71233538655221 5.62677785148021
Tec 10.1967601761071 6.67001944235198 6.36903567472599
Cd52 8.83934325002235 4.84678473490226 4.69397965411404
Irf5 10.4417221455899 6.79648827489261 6.30484380114101
Naip2 10.8151812852359 4.45341900443196 4.40816500313375
Anxa3 12.9131833282778 5.46635566012639 5.13629760928881
Crlf3 9.91526820013791 4.90148800051067 4.81743266070077
