Apod 10.1469093993684 6.64158501538235 6.40081829473245
Cryab 11.5963498478773 8.13272011522964 6.36674121808743
Tppp3 10.9137035509949 6.29265089188151 5.79248073556221
Ntsr2 12.4406361646263 8.47819366618879 5.56500787484286
Mal 11.5951425576604 7.36095418038879 6.35792774825812
Ppp1r14a 8.79246559331405 5.10455791294022 4.61503028452175
Aspa 9.25351390110852 5.68917280711862 5.61356740065488
Ugt8a 10.7485477654591 7.39187523488288 4.23442880885491
Gng13 9.33285156066644 6.00275507118549 5.2084765389068
Ptgds 9.97625673479095 6.41679485894237 6.0694784832018
Atp1a2 10.4307519335373 6.7299373094481 4.63967309253329
Itih3 10.5230915969679 7.19133964333203 5.29973591744707
Pcp4 12.0638369071377 8.22723957618328 6.9148264524578
