Golm1 13.2088860971046 9.92765361368147 3.81325367963118
Dusp6 12.1106891877544 9.92765361368147 3.81325367963118
Junb 11.5348729987463 9.92765361368147 3.81325367963118
Lcp1 11.8379992138945 9.92765361368147 3.81325367963118
Txnip 13.6791294028158 9.92765361368147 3.81325367963118
Cotl1 12.9814824566489 9.92765361368147 3.81325367963118
Klf10 10.2322983288757 9.92765361368147 3.81325367963118
Cd34 10.3774455408259 9.92765361368147 3.81325367963118
Tpst2 11.0906169506107 9.92765361368147 3.81325367963118
Cd83 13.1517119399809 9.92765361368147 3.81325367963118
Fkbp5 11.2778896576637 9.92765361368147 3.81325367963118
Serpinf1 9.39104855160023 9.92765361368147 3.81325367963118
Sipa1 11.0491157826369 9.92765361368147 3.81325367963118
Coro1a 12.5292545103329 9.92765361368147 3.81325367963118
Tnfaip2 9.10265124910753 9.92765361368147 3.81325367963118
Ctsc 12.6316085285889 9.92765361368147 3.81325367963118
Tubb6 9.85242182153089 9.92765361368147 3.81325367963118
Ier2 13.4110457696294 9.92765361368147 3.81325367963118
Nr4a1 12.062949010541 9.92765361368147 3.81325367963118
Socs3 12.872389729541 9.92765361368147 3.81325367963118
4632428N05Rik 13.023417651154 9.92765361368147 3.81325367963118
Spint1 10.3486258835977 9.92765361368147 3.81325367963118
Slc2a5 10.7420519945533 9.92765361368147 3.81325367963118
Afp 8.25927872186671 9.92765361368147 3.81325367963118
Fbl 11.0564072489819 9.92765361368147 3.81325367963118
Irf8 12.5830920544812 9.92765361368147 3.81325367963118
Tbxas1 9.82110086955256 9.92765361368147 3.81325367963118
Slc39a8 8.53981315614105 9.92765361368147 3.81325367963118
Parvg 10.3515058485033 9.92765361368147 3.81325367963118
Mcl1 12.2087835671601 9.92765361368147 3.81325367963118
Rgs10 13.3720136026536 9.92765361368147 3.81325367963118
Rps6ka1 12.4350911117328 9.92765361368147 3.81325367963118
Trpv2 10.4057308624763 9.92765361368147 3.81325367963118
Sirpa 12.5100346647181 9.92765361368147 3.81325367963118
Mfng 10.0773132550699 9.92765361368147 3.81325367963118
Bid 9.70997295918282 9.92765361368147 3.81325367963118
Slc40a1 11.6104164701375 9.92765361368147 3.81325367963118
C1qb 13.334449855087 9.92765361368147 3.81325367963118
Man1a 10.487381138223 9.92765361368147 3.81325367963118
Rpl22l1 11.3336847463293 9.92765361368147 3.81325367963118
Plekho1 10.5586272766999 9.92765361368147 3.81325367963118
Ccl6 10.2968696260595 9.92765361368147 3.81325367963118
Cd14 13.2858211222074 9.92765361368147 3.81325367963118
Pycard 11.7476509071618 9.92765361368147 3.81325367963118
Il16 10.5721616851226 9.92765361368147 3.81325367963118
Slc7a7 10.8083190565862 9.92765361368147 3.81325367963118
Srgn 13.2068622416084 9.92765361368147 3.81325367963118
Cks2 10.0756669607178 9.92765361368147 3.81325367963118
Myh9 12.4734956086251 9.92765361368147 3.81325367963118
Nfkbiz 12.6004495355117 9.92765361368147 3.81325367963118
Ctsb 11.3351839332484 9.92765361368147 3.81325367963118
Tgm2 11.642946111078 9.92765361368147 3.81325367963118
Plek 13.0477422121131 9.92765361368147 3.81325367963118
Itgb5 13.2913066952736 9.92765361368147 3.81325367963118
Eif4ebp1 8.87078981151015 9.92765361368147 3.81325367963118
Rgs1 11.0898478208524 9.92765361368147 3.81325367963118
Camk1 9.64513224169272 9.92765361368147 3.81325367963118
Ier5 13.0763760033494 9.92765361368147 3.81325367963118
Rac2 9.65733636411487 9.92765361368147 3.81325367963118
Cd79b 8.0542253469498 9.92765361368147 3.81325367963118
Snx5 12.5389716579728 9.92765361368147 3.81325367963118
Elk3 10.437348137504 9.92765361368147 3.81325367963118
Abhd12 10.8934072370804 9.92765361368147 3.81325367963118
Laptm5 13.2497958585741 9.92765361368147 3.81325367963118
Slc25a37 10.7966850520022 9.92765361368147 3.81325367963118
Rgs19 10.1981713053925 9.92765361368147 3.81325367963118
Serinc3 10.9280820038238 9.92765361368147 3.81325367963118
Fcgr1 12.2838802885119 9.92765361368147 3.81325367963118
Slc16a6 11.5411253999105 9.92765361368147 3.81325367963118
Slc7a8 10.3858843005765 9.92765361368147 3.81325367963118
Ccl9 11.3508771596472 9.92765361368147 3.81325367963118
Trim30a 9.8600658104235 9.92765361368147 3.81325367963118
B4galt1 10.9185743862039 9.92765361368147 3.81325367963118
Tnfrsf1b 11.7294024065306 9.92765361368147 3.81325367963118
Inpp5d 12.4783900860876 9.92765361368147 3.81325367963118
Tlr4 9.37755048286687 9.92765361368147 3.81325367963118
Ptp4a3 10.0648225171853 9.92765361368147 3.81325367963118
Pmaip1 7.91264692829158 9.92765361368147 3.81325367963118
Aif1 11.8099905233592 9.92765361368147 3.81325367963118
Syk 11.1736838971837 9.92765361368147 3.81325367963118
Klf6 12.1197284009329 9.92765361368147 3.81325367963118
Mknk2 10.9458298189503 9.92765361368147 3.81325367963118
Crybb1 12.2532048432707 9.92765361368147 3.81325367963118
Fcer1g 12.6825054501545 9.92765361368147 3.81325367963118
Ctsh 12.8742742032151 9.92765361368147 3.81325367963118
Gpsm3 9.5878408034758 9.92765361368147 3.81325367963118
Ncf4 10.7305401881173 9.92765361368147 3.81325367963118
Ggta1 10.3021085784473 9.92765361368147 3.81325367963118
Etv3 10.5581468178132 9.92765361368147 3.81325367963118
Lcp2 10.4299333406719 9.92765361368147 3.81325367963118
Ngp 12.2995043542679 9.92765361368147 3.81325367963118
Spi1 10.3859436109085 9.92765361368147 3.81325367963118
Csf3r 10.5303261448833 9.92765361368147 3.81325367963118
Ms4a6b 11.2757685053458 9.92765361368147 3.81325367963118
Hcls1 8.63630419546985 9.92765361368147 3.81325367963118
Pabpc1 11.2298634617249 9.92765361368147 3.81325367963118
Cebpb 11.6743509032076 9.92765361368147 3.81325367963118
Acsl4 9.87812877005563 9.92765361368147 3.81325367963118
Cxcl10 9.7662958946731 9.92765361368147 3.81325367963118
Maff 10.1052633096456 9.92765361368147 3.81325367963118
Cysltr1 9.23363767777187 9.92765361368147 3.81325367963118
Cebpa 9.78114583046527 9.92765361368147 3.81325367963118
Cttnbp2nl 11.7692220388043 9.92765361368147 3.81325367963118
Lyl1 10.013448973115 9.92765361368147 3.81325367963118
Ptpn18 10.350655093353 9.92765361368147 3.81325367963118
Tlr2 11.864186632689 9.92765361368147 3.81325367963118
Serpine1 9.57269546409715 9.92765361368147 3.81325367963118
Mlxipl 10.5927739153422 9.92765361368147 3.81325367963118
Cd37 10.9462016903761 9.92765361368147 3.81325367963118
Map3k8 10.1917146557049 9.92765361368147 3.81325367963118
Rgs2 12.7232804969309 9.92765361368147 3.81325367963118
Myd88 10.7885966963584 9.92765361368147 3.81325367963118
Ccl12 10.4751595691536 9.92765361368147 3.81325367963118
Arhgap4 9.38418443524174 9.92765361368147 3.81325367963118
H2-Oa 8.62773488286702 9.92765361368147 3.81325367963118
Pon3 9.10935515291671 9.92765361368147 3.81325367963118
Slamf9 11.2066876411094 9.92765361368147 3.81325367963118
S100a8 12.9638824039872 9.92765361368147 3.81325367963118
Il10rb 10.594105170653 9.92765361368147 3.81325367963118
C3ar1 11.6182149621142 9.92765361368147 3.81325367963118
Fgd2 12.1293203269256 9.92765361368147 3.81325367963118
Ccl3 13.5496556060224 9.92765361368147 3.81325367963118
Ms4a6d 11.498084859003 9.92765361368147 3.81325367963118
Tnf 9.85321288324176 9.92765361368147 3.81325367963118
Ier3 13.5855914649438 9.92765361368147 3.81325367963118
Nupr1 9.98636391280088 9.92765361368147 3.81325367963118
Camp 11.8351935968853 9.92765361368147 3.81325367963118
Klk8 10.1637978906065 9.92765361368147 3.81325367963118
Actb 12.509862566558 9.92765361368147 3.81325367963118
Chil3 10.6986949112657 9.92765361368147 3.81325367963118
Arap3 10.0084235335535 9.92765361368147 3.81325367963118
Tlr7 11.1690114771889 9.92765361368147 3.81325367963118
Hpgd 11.9284845304822 9.92765361368147 3.81325367963118
Rab3il1 10.4344246472987 9.92765361368147 3.81325367963118
Slc11a1 11.348119903574 9.92765361368147 3.81325367963118
Ccl2 9.39365889899599 9.92765361368147 3.81325367963118
Cd86 11.7078926817195 9.92765361368147 3.81325367963118
Gpr84 11.5922078227709 9.92765361368147 3.81325367963118
Vamp8 11.7887532870376 9.92765361368147 3.81325367963118
Tcirg1 11.327613036728 9.92765361368147 3.81325367963118
Trim12a 8.60607054794922 9.92765361368147 3.81325367963118
Zfhx3 11.2458196415341 9.92765361368147 3.81325367963118
Slc15a3 11.5031029092383 9.92765361368147 3.81325367963118
Clec7a 9.10343532556032 9.92765361368147 3.81325367963118
Rel 9.37584581713377 9.92765361368147 3.81325367963118
Tsc22d3 11.4805096636109 9.92765361368147 3.81325367963118
Gdi2 8.00873014742919 9.92765361368147 3.81325367963118
Sla 12.412369723073 9.92765361368147 3.81325367963118
Tgfbr1 13.4953964323281 9.92765361368147 3.81325367963118
Asph 11.1601915655921 9.92765361368147 3.81325367963118
Ivns1abp 12.7570757853562 9.92765361368147 3.81325367963118
Adcy7 12.0401852065097 9.92765361368147 3.81325367963118
Rbm39 10.3141735206265 9.92765361368147 3.81325367963118
Mef2c 11.6250445182649 9.92765361368147 3.81325367963118
Mrc2 8.54830662159764 9.92765361368147 3.81325367963118
Lgals9 9.7144470271434 9.92765361368147 3.81325367963118
Trem2 11.3744113100813 9.92765361368147 3.81325367963118
Cited2 11.5583308062985 9.92765361368147 3.81325367963118
Gna15 8.98838653928669 9.92765361368147 3.81325367963118
H2-M3 10.4949717598892 9.92765361368147 3.81325367963118
Birc3 10.6680989517335 9.92765361368147 3.81325367963118
Igsf6 8.76352354526292 9.92765361368147 3.81325367963118
Npnt 8.13299376102998 9.92765361368147 3.81325367963118
Samsn1 9.02117009275432 9.92765361368147 3.81325367963118
Il1a 10.5627537042988 9.92765361368147 3.81325367963118
Hpgds 9.22555193578103 9.92765361368147 3.81325367963118
Naip5 11.1748062850229 9.92765361368147 3.81325367963118
Ccl4 12.655502757357 9.92765361368147 3.81325367963118
Klf3 8.53631488900221 9.92765361368147 3.81325367963118
Stat6 10.5002673668222 9.92765361368147 3.81325367963118
Msn 10.934809568914 9.92765361368147 3.81325367963118
Dapp1 10.6616079104408 9.92765361368147 3.81325367963118
Clec4a2 10.2600474435221 9.92765361368147 3.81325367963118
Fli1 10.0941254445629 9.92765361368147 3.81325367963118
Ets1 9.55277010530181 9.92765361368147 3.81325367963118
Itgam 7.72351039802672 9.92765361368147 3.81325367963118
Ptprc 12.5235480291392 9.92765361368147 3.81325367963118
Fosb 11.9510983205342 9.92765361368147 3.81325367963118
Ccr5 11.7396919362898 9.92765361368147 3.81325367963118
Il6ra 12.6715970650916 9.92765361368147 3.81325367963118
Tgif1 8.50945088524124 9.92765361368147 3.81325367963118
Pla2g15 12.3259450180791 9.92765361368147 3.81325367963118
Ifi30 11.3781163789488 9.92765361368147 3.81325367963118
H2-DMa 11.2573253131557 9.92765361368147 3.81325367963118
Gpr34 12.096128861767 9.92765361368147 3.81325367963118
Rrad 10.1172735062529 9.92765361368147 3.81325367963118
Rnase4 13.1184612117893 9.92765361368147 3.81325367963118
Hk2 12.3862706589026 9.92765361368147 3.81325367963118
Fam111a 8.63296054191287 9.92765361368147 3.81325367963118
Rassf5 12.1407417630094 9.92765361368147 3.81325367963118
Hfe 11.337741662807 9.92765361368147 3.81325367963118
Naalad2 9.76797067590899 9.92765361368147 3.81325367963118
Pik3cg 10.1956130518895 9.92765361368147 3.81325367963118
Tnfrsf21 10.7646151057534 9.92765361368147 3.81325367963118
Btk 9.78197374603171 9.92765361368147 3.81325367963118
Prkcd 11.3204144141644 9.92765361368147 3.81325367963118
Mertk 13.1217916703296 9.92765361368147 3.81325367963118
Cd84 9.78822716908046 9.92765361368147 3.81325367963118
Ly86 13.8305038298173 9.92765361368147 3.81325367963118
Vav1 10.4293295887311 9.92765361368147 3.81325367963118
Pik3cd 8.85981255781389 9.92765361368147 3.81325367963118
Cfh 11.031443374587 9.92765361368147 3.81325367963118
Tnfrsf13b 9.62154101704082 9.92765361368147 3.81325367963118
Hhex 10.1791275378831 9.92765361368147 3.81325367963118
Entpd1 9.37032387449548 9.92765361368147 3.81325367963118
Ptgs1 12.2066936221392 9.92765361368147 3.81325367963118
Frrs1 10.4433587610755 9.92765361368147 3.81325367963118
Csk 9.29286359046082 9.92765361368147 3.81325367963118
Lyz2 12.4203041170638 9.92765361368147 3.81325367963118
Mgat1 11.5604266826461 9.92765361368147 3.81325367963118
Ctc1 11.684666568769 9.92765361368147 3.81325367963118
Cdca4 10.2972682637623 9.92765361368147 3.81325367963118
Pdk1 10.5414287781071 9.92765361368147 3.81325367963118
Unc93b1 11.4209147437175 9.92765361368147 3.81325367963118
Cmtm6 12.3089984078596 9.92765361368147 3.81325367963118
Hvcn1 10.2816397991105 9.92765361368147 3.81325367963118
Edem1 10.6216568370496 9.92765361368147 3.81325367963118
Icam1 12.0685839298591 9.92765361368147 3.81325367963118
Ptbp3 11.2472405918636 9.92765361368147 3.81325367963118
Rcsd1 12.2491457547791 9.92765361368147 3.81325367963118
0610040J01Rik 10.7636422265407 9.92765361368147 3.81325367963118
Tm6sf1 11.2609540254992 9.92765361368147 3.81325367963118
Cd177 7.89852531580111 9.92765361368147 3.81325367963118
Casp8 9.83466998065678 9.92765361368147 3.81325367963118
F11r 12.1660086110926 9.92765361368147 3.81325367963118
Tor4a 10.3275630348071 9.92765361368147 3.81325367963118
Rnf2 11.2489843698552 9.92765361368147 3.81325367963118
Plxdc1 11.0459664793296 9.92765361368147 3.81325367963118
Glipr1 8.85932478234233 9.92765361368147 3.81325367963118
Lpxn 10.7589192457976 9.92765361368147 3.81325367963118
Siglec5 8.37803746411404 9.92765361368147 3.81325367963118
Mylip 12.4448215476567 9.92765361368147 3.81325367963118
Fcrl1 9.2345619860761 9.92765361368147 3.81325367963118
P2ry6 11.5687601975602 9.92765361368147 3.81325367963118
Ighm 11.7506088279992 9.92765361368147 3.81325367963118
Tgfbr2 12.4852370462276 9.92765361368147 3.81325367963118
Mlph 9.42445206203504 9.92765361368147 3.81325367963118
Ncf1 8.82497080443061 9.92765361368147 3.81325367963118
Il13ra1 9.86451620775328 9.92765361368147 3.81325367963118
Adap2 10.5685173068896 9.92765361368147 3.81325367963118
Lrba 12.2919124748407 9.92765361368147 3.81325367963118
Usp12 10.1803927711764 9.92765361368147 3.81325367963118
Capn3 10.5561819143241 9.92765361368147 3.81325367963118
Casp7 8.1338824554878 9.92765361368147 3.81325367963118
Btg1 12.8116682446636 9.92765361368147 3.81325367963118
Vwa5a 10.3889653824051 9.92765361368147 3.81325367963118
Arrb2 11.4717203569511 9.92765361368147 3.81325367963118
Pros1 11.415313090188 9.92765361368147 3.81325367963118
Snx20 9.32248887538029 9.92765361368147 3.81325367963118
Plcl2 12.1294202573106 9.92765361368147 3.81325367963118
Arhgdib 10.677726097009 9.92765361368147 3.81325367963118
Rnasel 8.55347724571796 9.92765361368147 3.81325367963118
Arhgap17 11.1079285558079 9.92765361368147 3.81325367963118
Trim47 10.0914805439239 9.92765361368147 3.81325367963118
Plcg2 11.1456382313506 9.92765361368147 3.81325367963118
Rps9 12.5848141252414 9.92765361368147 3.81325367963118
Sash3 11.2827116875116 9.92765361368147 3.81325367963118
Themis2 10.0072343518523 9.92765361368147 3.81325367963118
Mpeg1 13.5781184656323 9.92765361368147 3.81325367963118
Pcf11 9.47016745398787 9.92765361368147 3.81325367963118
Xist 12.7814738520482 9.92765361368147 3.81325367963118
Cd48 10.0036336466823 9.92765361368147 3.81325367963118
Akna 10.6519382313125 9.92765361368147 3.81325367963118
Sult1a1 9.83315975441973 9.92765361368147 3.81325367963118
Fes 10.6453727108248 9.92765361368147 3.81325367963118
B2m 13.1977909317878 9.92765361368147 3.81325367963118
Egr2 11.2779367742076 9.92765361368147 3.81325367963118
Ccrl2 11.412796081801 9.92765361368147 3.81325367963118
Lcn2 11.5003470873269 9.92765361368147 3.81325367963118
Hbb-b2 7.85273730267384 9.92765361368147 3.81325367963118
Gimap6 8.35675485784954 9.92765361368147 3.81325367963118
Myo1g 9.16480303343511 9.92765361368147 3.81325367963118
Tmem173 11.0209006256616 9.92765361368147 3.81325367963118
BC028528 8.86286621957845 9.92765361368147 3.81325367963118
AF251705 12.004730998868 9.92765361368147 3.81325367963118
Slc44a2 12.0208493100122 9.92765361368147 3.81325367963118
Acsl5 11.0808418750629 9.92765361368147 3.81325367963118
Hmha1 10.4033953674837 9.92765361368147 3.81325367963118
Ebf3 7.88209472710919 9.92765361368147 3.81325367963118
3110043O21Rik 10.5659330761561 9.92765361368147 3.81325367963118
Gmip 10.1713248884895 9.92765361368147 3.81325367963118
Nckap1l 11.1568327951404 9.92765361368147 3.81325367963118
Abcc3 9.76277744586897 9.92765361368147 3.81325367963118
Limd2 12.8324716201415 9.92765361368147 3.81325367963118
Rhoh 10.549623104043 9.92765361368147 3.81325367963118
1700017B05Rik 11.7692217223209 9.92765361368147 3.81325367963118
Srgap2 11.8017176592162 9.92765361368147 3.81325367963118
Gusb 11.5188785741544 9.92765361368147 3.81325367963118
Lair1 10.6130187631943 9.92765361368147 3.81325367963118
Tbpl1 11.5252238301836 9.92765361368147 3.81325367963118
P2ry12 12.4746819840061 9.92765361368147 3.81325367963118
Nfkbie 8.27135629410995 9.92765361368147 3.81325367963118
Rnf19b 9.48505322764021 9.92765361368147 3.81325367963118
Epb4.1l2 12.5141878325852 9.92765361368147 3.81325367963118
Ypel5 10.2060205719847 9.92765361368147 3.81325367963118
Pld4 12.0206051656766 9.92765361368147 3.81325367963118
D15Ertd621e 10.1076206667302 9.92765361368147 3.81325367963118
AU020206 9.79188957346073 9.92765361368147 3.81325367963118
Fermt3 11.3312647513459 9.92765361368147 3.81325367963118
Znrf2 10.0243020233081 9.92765361368147 3.81325367963118
Ptk2b 8.8990102090379 9.92765361368147 3.81325367963118
Kctd12 12.185543532286 9.92765361368147 3.81325367963118
H2-Aa 10.7894269702174 9.92765361368147 3.81325367963118
Fam105a 11.8900076562701 9.92765361368147 3.81325367963118
Rap1b 10.6193054132584 9.92765361368147 3.81325367963118
Herpud1 12.5159313960105 9.92765361368147 3.81325367963118
Cytip 8.54441124322247 9.92765361368147 3.81325367963118
Cd300a 9.88309640091064 9.92765361368147 3.81325367963118
Zfp110 10.6629985029049 9.92765361368147 3.81325367963118
Clcf1 8.65510766759181 9.92765361368147 3.81325367963118
Adrb2 8.04029829865073 9.92765361368147 3.81325367963118
Il10ra 11.9839212283458 9.92765361368147 3.81325367963118
D530037H12Rik 10.2564249540948 9.92765361368147 3.81325367963118
Rab20 9.52042754395053 9.92765361368147 3.81325367963118
Grn 13.5521140781199 9.92765361368147 3.81325367963118
Bach1 11.8613788138478 9.92765361368147 3.81325367963118
Ifitm6 8.80714987866973 9.92765361368147 3.81325367963118
Fam46c 12.3550028613422 9.92765361368147 3.81325367963118
Ifngr1 12.0357079893049 9.92765361368147 3.81325367963118
Ppp1r15a 12.6949179793628 9.92765361368147 3.81325367963118
Lgals3bp 9.25382226037274 9.92765361368147 3.81325367963118
Lrmp 8.81165282774176 9.92765361368147 3.81325367963118
Olfml3 13.5847807250187 9.92765361368147 3.81325367963118
Ncf2 10.9263417405773 9.92765361368147 3.81325367963118
Il7r 9.24960705759555 9.92765361368147 3.81325367963118
Cd53 12.7058528961117 9.92765361368147 3.81325367963118
Fcgr3 13.3678397073662 9.92765361368147 3.81325367963118
Hps4 12.4032005490264 9.92765361368147 3.81325367963118
S100a9 12.1512954978643 9.92765361368147 3.81325367963118
Lgmn 13.3819300248455 9.92765361368147 3.81325367963118
Klf2 12.9546948291203 9.92765361368147 3.81325367963118
Fcrls 13.538343734353 9.92765361368147 3.81325367963118
Tlr1 9.60520010506197 9.92765361368147 3.81325367963118
Zfp90 10.0336253682636 9.92765361368147 3.81325367963118
Selplg 13.5701528797604 9.92765361368147 3.81325367963118
Cd68 12.2655547644002 9.92765361368147 3.81325367963118
Gpr65 7.70886230022633 9.92765361368147 3.81325367963118
Ebi3 9.33772747039388 9.92765361368147 3.81325367963118
Casp1 8.69693600519687 9.92765361368147 3.81325367963118
Csf2rb2 9.47900201616068 9.92765361368147 3.81325367963118
Atf3 13.284073086988 9.92765361368147 3.81325367963118
C1qc 13.5961558255427 9.92765361368147 3.81325367963118
Chst7 10.8148655259312 9.92765361368147 3.81325367963118
Hck 11.7859620796645 9.92765361368147 3.81325367963118
Gcnt1 7.991253437913 9.92765361368147 3.81325367963118
Casp4 9.26315299804554 9.92765361368147 3.81325367963118
Per1 12.1017921149289 9.92765361368147 3.81325367963118
Ly96 8.91937274322914 9.92765361368147 3.81325367963118
Lag3 9.80016274610109 9.92765361368147 3.81325367963118
Ltf 11.851175722853 9.92765361368147 3.81325367963118
Cx3cr1 12.8730629616277 9.92765361368147 3.81325367963118
Stab1 10.7605924600716 9.92765361368147 3.81325367963118
Il6 8.13911235858362 9.92765361368147 3.81325367963118
Ptger3 7.82651729191345 9.92765361368147 3.81325367963118
Pdgfb 10.7325445782435 9.92765361368147 3.81325367963118
Hps3 10.8090339030534 9.92765361368147 3.81325367963118
Smap2 11.0381503511469 9.92765361368147 3.81325367963118
Itgb2 11.9243168449721 9.92765361368147 3.81325367963118
Psmb9 9.4278289264293 9.92765361368147 3.81325367963118
Ang 8.34675454689537 9.92765361368147 3.81325367963118
Sh2b2 9.2750055292418 9.92765361368147 3.81325367963118
Tyrobp 12.872201384089 9.92765361368147 3.81325367963118
Ptplad2 9.63872914137264 9.92765361368147 3.81325367963118
Vasp 10.5536942779316 9.92765361368147 3.81325367963118
Emr1 12.7903721087621 9.92765361368147 3.81325367963118
Nrros 12.3097176638707 9.92765361368147 3.81325367963118
Tmem119 13.7335005220805 9.92765361368147 3.81325367963118
1810011O10Rik 8.45121368033437 9.92765361368147 3.81325367963118
Slc46a3 9.89987469037992 9.92765361368147 3.81325367963118
Havcr2 10.538253418377 9.92765361368147 3.81325367963118
Alas2 10.1462688588052 9.92765361368147 3.81325367963118
Cmtm7 10.4128713125775 9.92765361368147 3.81325367963118
Mafb 11.0489700121364 9.92765361368147 3.81325367963118
Blnk 11.8256575206264 9.92765361368147 3.81325367963118
Tmcc3 9.18215566840257 9.92765361368147 3.81325367963118
Daglb 9.97127658837575 9.92765361368147 3.81325367963118
Alox5ap 12.5974435879102 9.92765361368147 3.81325367963118
Fyb 11.6377216118874 9.92765361368147 3.81325367963118
Ctla2b 9.67840248028284 9.92765361368147 3.81325367963118
Slc37a2 8.79411898885638 9.92765361368147 3.81325367963118
Zfp36 13.4481818753213 9.92765361368147 3.81325367963118
Abhd15 9.85244350316464 9.92765361368147 3.81325367963118
Lmo2 12.173746157097 9.92765361368147 3.81325367963118
Cyba 11.683487063587 9.92765361368147 3.81325367963118
Spata13 11.8423721764084 9.92765361368147 3.81325367963118
Ptpn6 11.3447432428118 9.92765361368147 3.81325367963118
4833441D16Rik 9.44333514879099 9.92765361368147 3.81325367963118
Tec 10.193963488774 9.92765361368147 3.81325367963118
Cd52 8.77120540091781 9.92765361368147 3.81325367963118
Irf5 10.3658986193304 9.92765361368147 3.81325367963118
Naip2 10.6301514409205 9.92765361368147 3.81325367963118
Anxa3 12.8961234593997 9.92765361368147 3.81325367963118
