Bcar3 10.8576960970735 7.45294336968909 6.11889348060417
Aldh1a1 13.1083573534415 9.6574229255132 6.72428304021788
Ntsr2 12.795320092585 9.05455054006745 5.53528029183511
Dao 10.2976627375957 6.47354276693616 4.62501806632955
Cldn10 10.6123252582023 7.2102536126689 4.91127965276292
Baalc 10.9964250790459 7.15141705180413 5.90924397229596
Tlcd1 12.4868163246533 9.15333951656616 5.75304454834617
Scara3 9.46661939950111 6.07398914566639 4.6591139148873
Ttpa 10.8597890206774 6.64265573228531 4.68722033811832
Slc14a1 9.78248957126965 6.35880605681511 4.57141312786734
Gjb6 10.5957509400612 6.75988854696387 4.76532291520519
