Golm1 13.1709345745481 9.521439911533 7.06696407941171
Dusp6 12.2043335698759 8.54967416202533 5.20927351419773
Tgfbi 10.1729708775644 6.4449772297278 4.19435778014557
Junb 11.5780026398467 6.47033640925636 4.97569848384794
Lcp1 11.8463632704423 7.03161540304133 4.37893700996024
Txnip 13.6993914736524 8.29728021098584 5.72002381178358
Cd34 10.5911587485583 5.14876683879799 4.39952567271857
Tpst2 11.1246231388186 7.66714090225022 7.24362344242892
Cd83 13.2264749464343 8.48258038340129 5.58590775568181
Fkbp5 11.3757997333897 7.68361059174807 6.5502408304042
Sipa1 11.1257432146877 6.82525543568489 5.99880798261277
Btg2 11.4968904593275 7.41368704648572 5.69908756066101
Ctsc 12.6065842886925 6.05057621125756 4.12058890903801
Ier2 13.4150634942812 9.10590106467591 6.81043124241551
Socs3 12.8363611039744 5.09305872220559 3.96874004071477
Scamp2 12.0782300087712 8.25513344036757 6.62882599249925
4632428N05Rik 12.9592128362635 5.45357674724274 4.85977730351231
Spint1 10.3415667614487 6.37348408061859 5.09601651464594
Slc2a5 10.7506339487812 7.2232939103849 6.23585618235983
Irf8 12.5606886061131 5.76242233407001 5.42461248324556
Dnajb1 11.4072973894197 7.76637269674637 6.86878739503252
Slc39a8 8.3702572354114 4.95152130150503 4.03964668919205
Parvg 10.3224146114506 6.53886369532686 5.28392619283744
Mfng 10.1100884876208 5.88389563521413 5.5547837413129
Slc40a1 11.6365802495677 6.07599411648352 5.09747612743643
C1qb 13.3846079047961 5.03179925718271 3.89520055886847
Ccl6 10.223717633042 4.62870443911432 4.04339563231897
Cd14 13.3052539164274 6.5533594129082 5.60870755729794
Pycard 11.8185468367102 7.47434440064731 4.89639270079144
C1qa 13.2380236204344 6.6049945051386 5.4332422840151
Slc7a7 11.052383619296 5.70932033074303 4.96685967420028
Klf4 12.698526861476 6.53462053392414 4.86557911575902
Jun 13.1567215574815 9.1138352352544 5.49723041405901
Srgn 13.2509970787582 6.31784081202537 5.05069960088599
Nfkbiz 12.6860754101133 6.93770978734613 4.61496671869815
Tgm2 11.7718766956168 6.76309675814355 5.40454520721337
Plek 13.0669588958399 7.52065574270976 6.16648863055847
Rgs1 11.2541972267774 4.79970189943351 4.30436726358026
Ier5 13.0591463203827 8.82473228011638 7.62987489757225
Cd79b 8.31573716498709 4.88930549076927 4.61720833897144
Elk3 10.4901390004177 7.13031392156447 4.3286420903064
Naglu 9.26626288253695 5.90445553257414 5.17361016071126
Laptm5 13.2497958585741 5.97427008471535 4.48872923298124
Rgs19 10.139947557409 6.75372063773051 6.04664066453913
Ctsz 13.0341451754765 8.8760493146118 5.94959420841998
Fcgr1 12.3056772228307 6.05953564284013 4.30848169301377
Slc16a6 11.601886645942 7.15982248833149 6.07739079084615
Ccl9 11.5606702750711 4.80065344449863 4.60699041084631
Trim30a 9.82440837349698 6.09051823375497 4.81493909643534
B4galt1 11.050190662426 7.04919566956645 5.71120081523927
Nrp1 10.4416176811946 6.30126367809316 5.05631227114656
Tnfrsf1b 11.5849644137814 6.69022128469831 5.79512061647449
Inpp5d 12.5199395399242 6.88833499425263 5.53811583303231
Tlr4 9.52419084436795 5.50103150291912 4.29413362826575
Pmaip1 7.94812896443572 4.40082499086199 3.75842407911244
Aif1 11.8782125697407 5.18167913788502 4.83242664331742
Syk 11.2305153374971 6.4250123144029 5.63384367380727
Klf6 12.1614928848338 7.16349682834891 4.70217765302348
Crybb1 12.3010895138039 7.00572114007843 6.40179284622536
Fcer1g 12.6409109862305 6.19844976492282 5.45273155370183
Ctsh 12.8519091129382 5.69436644996285 5.11280104117951
Gbp3 8.5913202656342 5.14104554270659 4.65825725230284
Gpsm3 9.66649074936397 5.65456051781855 5.35048839452872
Ncf4 10.7081144474155 5.33526362529116 4.93897730114798
Ggta1 10.3145780373454 4.3554289174684 3.90091234773851
Lcp2 10.3889718130272 5.54071993682069 4.78619229590388
Ngp 12.4329204009581 6.32040363388384 5.07671904586933
Spi1 10.2850028049619 6.81121818365201 5.96826792961689
Atp7a 10.1404314445784 6.55045456447434 5.174080036923
Csf3r 10.4703586336665 6.16059661857148 4.86256796942796
Ms4a6b 11.1222234312687 5.22900805365269 4.57674524752164
Hcls1 8.83239317939796 5.15160947155332 4.61057720434871
Pabpc1 11.1513836653323 5.85524019701208 4.13479383313132
Cebpb 11.6879517821222 7.91290701156252 6.39389063526993
Plxdc2 12.0633823649962 8.74021302724719 5.8151248121488
Cxcl10 9.83264446685726 5.71406951917209 4.91751203012534
Maff 10.2395219098757 6.57838805012988 6.04769111733773
Cysltr1 9.33333349087416 4.16391070864118 3.78428611805228
Cebpa 9.88957255483431 6.27487362557936 5.16764906263734
Lyl1 9.97533629065994 5.61552812760597 4.91351844694563
Ptpn18 10.4025712369028 6.58713124557126 5.94600418578978
Tlr2 11.9268402473875 6.32521950930664 5.36286869539853
Serpine1 9.52331793271942 5.45018193906884 4.34352568612277
Mlxipl 10.549742788076 6.60318841987362 4.53196957395766
Cd37 10.9048574016166 6.0983241324614 5.49758262650584
Map3k8 10.2849700718244 5.65817392112599 4.67926149852863
Rgs2 12.8270914592276 9.3285990866806 7.33185864312905
Myd88 10.7278217724093 6.91048288310208 5.41898168189788
Ccl12 10.5112043294489 4.79768913962666 4.25638264190447
Arhgap4 9.36525554969312 5.7580661310295 5.27622819564434
H2-Oa 8.7917936065526 5.31049610260233 4.97364944611902
Pon3 9.20297150005047 4.48140670875893 4.14655551401756
Slamf9 11.1882832385642 7.52395889974218 6.12164622275502
S100a8 13.0395448654869 5.07382279137027 4.74740182250169
Il10rb 10.7116513838826 6.51641826253353 5.17880859537923
C3ar1 11.7072754362155 6.00029058626893 5.07524803293489
Ripk1 10.1243899929041 6.77807590187244 5.47830116839897
Fgd2 12.1304825880125 6.10635611161885 5.73156051039452
Ccl3 13.4953964323281 5.38986427114092 4.4259759378789
Ms4a6d 11.3799791784438 5.05196548743588 4.53734825330617
Ier3 13.4963591841383 10.1082812527911 7.27919037559209
Camp 12.113738407204 5.75102498501476 5.37187156055844
Klk8 10.2464469222101 5.67274144496771 5.55116114073601
Chil3 11.1159878878753 4.41068930971445 3.90633965657945
Arap3 9.86775374576886 4.50899839183301 4.07545591304902
Tlr7 11.2112407400947 5.64654309622949 4.65433206654924
Csf1r 14.0460007158016 8.96509188669982 6.61717059791686
Rab3il1 10.4710400563943 6.90877977466868 6.2972258077985
Slc11a1 11.4154854568916 6.33903925017678 5.30236888305014
Ccl2 9.49866288250659 5.51412184570316 5.06364588147403
Cd86 11.6419705628058 5.31363493181128 4.88146124213431
Gpr84 11.5935377294956 5.99457694972318 5.17196194446435
Tcirg1 11.3257053795282 7.21420659201286 6.53344979494441
Trim12a 8.5835260320544 4.36902318136773 4.13150951925556
Zfhx3 11.2942984484453 5.44855920080116 4.52222656337804
Slc15a3 11.5219827541908 5.61944907910626 5.21375617468149
Clec7a 9.36335652990378 5.38594756478575 4.58948601964698
Rel 9.30153835661437 5.27680047809118 4.76386047322733
Tgfbr1 13.4953964323281 7.10723757814676 4.7469440423284
Adcy7 11.9646243532397 7.89933449403065 4.60506850261029
Gpr56 11.0473777353108 7.66818104759944 6.63465607074435
Lgals9 9.80576100376818 5.83289471475885 5.17304163291966
Trem2 11.528689695107 7.55732237392039 6.16567668313579
Myo7a 9.61565808015342 6.2912221454503 5.19753734151027
Birc3 10.7521481640029 7.26563040709966 6.03076807677979
Igsf6 8.68495551282954 4.48134567365385 4.14397656580069
Samsn1 8.95535277925432 4.80377863135858 4.42793743712318
Il1a 10.5450729398403 4.45967546556792 4.04322354341287
Hpgds 9.14123713383759 5.46579811857691 4.93778944053641
Naip5 11.1347547074536 4.95664330170608 4.16785531240977
Ccl4 12.7516225784521 7.34087962931475 5.3152005805342
Itpr2 10.8613975316724 6.94683838120277 5.26811244156595
Stat6 10.5031698578152 5.5648299451347 4.63148796939464
Abca1 12.0785728549459 8.48453513718661 5.60921037884621
Dapp1 10.626591308075 5.01011128596753 4.84585859243032
Clec4a2 10.1190075949126 5.12258641493102 4.56532565205998
Fli1 10.0832277034328 4.68544474485689 3.85995619825757
Ets1 9.75745818736726 4.79311318598195 4.01917801492645
Ptprc 12.4215732421658 4.58647481738293 4.18099617568115
Fosb 11.9818678393755 5.66657733065289 4.7155521288923
Ccr5 11.7087776692335 4.72436621944272 4.33678372455344
Il6ra 12.6405285425734 6.34129008995406 5.66764356760145
Pla2g15 12.3512186582331 7.07699665808403 6.01587237595186
Itga6 11.5906633280243 8.24428323146326 5.80871181190978
Ifi30 11.4062018650154 7.9275190554752 5.49718912804699
H2-DMa 11.3395300052483 6.77020069820853 5.91810818416294
Gpr34 12.142699851518 4.37424446730665 3.77899802803983
Rrad 10.0026571297703 6.30926998909775 4.8509542650696
Rnase4 13.0771643703574 6.26836864925002 5.3847924409117
Fam111a 8.33832002390926 5.00615666185377 4.32279518657244
Hfe 11.3196450739578 7.91975744536162 4.98698664888992
Pik3cg 10.1537853547168 5.41099568204837 4.88573724557689
Btk 9.58917222158551 6.24393330414328 5.55697232933879
Dock2 8.86389566600281 5.5360325842678 5.07183594746366
Mertk 13.0985151577591 8.07368117837316 5.26006739098198
Cd84 9.96224237530016 4.78390238322768 4.48978344945177
Ly86 13.8305038298173 6.94081415149663 5.26543647202841
Vav1 10.4997459843954 4.49225229556423 4.10043398076515
Pik3cd 8.99966364024255 5.54196727232961 5.028468668719
Cfh 10.8438396260437 4.01928310853009 3.4912580351594
Tnfrsf13b 9.66545251361214 4.77789673120841 4.19428112978589
Hhex 10.060418644213 5.57066853348863 5.08120306021635
Entpd1 9.58873000960094 4.78684375788735 4.22347723623811
Ptgs1 12.1626150793908 4.96870288639585 4.59818018932663
Frrs1 10.6966078261321 5.52340997646618 4.91139067477375
Lyz2 12.5660138290276 6.92838566003257 6.19359394687007
Ctc1 11.7422487728519 7.68225697820422 6.78818490162051
Unc93b1 11.3066168079527 7.28621706391313 6.08171349662938
Hvcn1 10.2856187487951 5.81984371209784 5.51288867905562
Edem1 10.5644676490564 6.69848980359125 4.51756370246407
Icam1 12.144222640413 5.06196705467251 4.56932737044309
Ptbp3 11.2952745829932 7.81147636158822 5.4546359516691
Rcsd1 12.3223507478265 7.54682806585112 5.95937954579907
Tmem140 8.46080936763924 5.0589635011762 4.40444534605732
Cd177 8.01898297885642 4.503496926262 4.10308297614824
Casp8 9.83591177234681 5.37595850784693 5.03138563449099
F11r 12.1638127271072 7.77216291030482 5.49562563252766
Glipr1 8.88148604367629 5.27750203556065 4.99188232125199
Lpxn 10.730982217212 4.88965042792455 4.43770571929818
Siglec5 8.337886172674 4.10931480218903 3.75417020007515
Fcrl1 9.27554865404005 5.5823745602884 5.16104272574335
P2ry6 11.5909433501351 4.73023476367766 4.38250935011695
Ighm 11.6041085325057 7.11879970099 5.71595622008123
Tgfbr2 12.4312251246194 6.54772082632184 5.0086376003992
Ceacam1 8.73427463823456 4.77512810723496 4.05882176085416
Ncf1 9.01873662127703 5.64963794856171 5.04036642670555
Il13ra1 9.69650941211153 4.64669871223383 4.32163655505639
Adap2 10.4876327911899 6.10969650095753 5.26714673936666
Ggnbp2 8.88683207954564 5.38946343134528 4.63784844517766
Capn3 10.437566906065 5.0353319700785 4.18302074690026
Gem 8.28009388336886 4.25846290622223 3.85643447611852
Rrbp1 12.1135184174842 8.60648121181755 6.29919449213585
Vwa5a 10.3690918760756 6.82293967404029 4.76418218192481
Arrb2 11.5161791808491 8.04187300105365 6.49446237002783
Pros1 11.4244912078995 5.96492354893847 5.31750458496446
Arhgdib 10.7800288131728 6.75132398289927 5.8081079416764
Arhgap17 11.0358082941061 6.85532925455431 4.99510979826603
Trim47 10.122871565472 5.31658277433466 4.86746833218285
Sash3 11.2528818012755 6.23994362579589 5.2019685471906
Themis2 9.94919523666928 5.43217156995473 4.88497197060564
Mpeg1 13.5339312443488 6.32467926550586 5.6548522575082
Xist 12.7732517233129 9.12648020161116 4.10101985855379
Cd48 9.99176185857167 4.63733868638086 4.36218030531059
Akna 10.5978331936346 6.76629561679293 4.84731280205609
Fes 10.5840546362038 7.038068789089 5.52962451506709
Cep152 9.68353142517718 5.75859394488478 5.50276810480678
Egr2 11.2144151601674 5.1320264709324 4.20431611263177
Ccrl2 11.4107831106411 6.83210578070942 5.54686235207222
Lcn2 11.7182561949748 4.46355168322829 4.10791635569468
Hbb-b2 7.86146929235822 4.44605508864294 4.11945370451553
Tmem173 11.1696407087511 6.94014369455246 5.58573518405601
AF251705 12.0057126252299 8.10557628304239 6.17875694815216
Hmha1 10.4487011332694 6.27381094631706 5.62082130026393
Gmip 10.2055870255081 6.29792018725867 5.648023423458
Nckap1l 11.1526856630168 6.2592185233971 4.97859534610193
Abcc3 9.7509259850256 5.90671006356938 4.89118789789651
Rhoh 10.7637079698635 5.34627484725395 4.66069115440101
1700017B05Rik 11.7522974287947 6.62966750683098 5.53903782049868
Gusb 11.4803411718158 6.91202150923612 4.66674856390318
Lair1 10.6612900224916 5.36248053826816 4.76226665719666
P2ry12 12.4385715566921 5.11010133673379 4.33568115699181
Epb4.1l2 12.5432840929574 8.93908192291386 5.03358406433399
Pld4 12.1700437011819 5.73524118968368 5.1798233474227
AU020206 9.79768698851007 5.59613921367617 4.87737791046388
Fermt3 11.4207362066657 4.93205923427613 4.45544067259448
Ankrd44 11.5679366187782 7.56941629447754 5.84404499545893
H2-Aa 11.2644036954394 4.82600257020162 4.30873672827083
Fam105a 11.8820924454901 6.85521688265135 5.55495687214595
Herpud1 12.5116726598182 8.67342002461654 7.66616633038108
Cd300a 10.0530239896872 5.38860556808777 4.80256851971961
Lyz1 12.2502412289951 5.16016851678942 4.38113451775211
Clcf1 8.68466038510135 4.00028950490902 3.71144807652312
Il10ra 11.9867649941734 5.22296895507581 4.76849635775695
Hexb 13.9214339669789 9.48970238477547 7.3376844941121
D530037H12Rik 10.4018822600769 5.15195498485293 3.95760580424507
Rab20 9.64744268247702 4.6469066026432 3.80548502831093
Grn 13.6303783372944 8.46927879562321 7.29286421346806
Fam46c 12.2421510197398 6.79431946159855 4.38148698120773
Ctsa 12.9644748360344 9.17687416040712 8.01858820623465
Pald1 11.0128320429645 7.21755067453267 5.78473377753685
Ifngr1 12.016051864462 7.8070764936621 7.13899410897482
Tcn2 12.1195930224409 8.50340117824977 6.42521527559717
Anxa1 9.64055143138413 5.27871404062778 4.51718325173962
Ppp1r15a 12.6593601245383 8.18186747354583 7.55714170067469
Olfml3 13.5644607358692 6.64830862110103 6.05570739449609
Ncf2 11.109264808914 6.34492214963788 5.73834930029107
Il7r 9.22711297999003 5.82281104396207 4.66059674894851
Ctss 14.1223387589978 7.78927127746597 5.34775654783699
Cd53 12.6270729328698 5.90359858867708 5.03354051747614
Fcgr3 13.3874319809845 6.35854062284943 5.30955688836998
Hps4 12.4456398299555 8.76160168661926 7.93700055973616
S100a9 12.2965410503709 5.40035602285304 4.49741899068515
Lgmn 13.4068999504885 9.15919486319132 7.82809668653736
Klf2 12.9915058739807 6.33356647788024 5.35409329151274
Fcrls 13.5200887013828 6.60270943700451 5.29076326394513
Tlr1 9.55990391864875 4.63725967129641 4.11957463036165
Selplg 13.492313873689 8.27935757182324 6.07851921678694
Cd68 12.2825968841945 5.27445913708067 4.45058172122971
Ebi3 9.38512048892932 5.74781183704106 5.1423302843297
Csf2rb2 9.46516272602394 5.04561592033739 4.40684853745725
Atf3 13.3007390383143 5.50692534345895 4.72848075997069
C1qc 13.5695399365939 5.85701142611305 4.9076326733965
Chst7 11.0545300964632 7.07972833704672 6.13786473559894
Hck 11.7192724128215 6.95779396410935 4.9825605550516
Casp4 9.17977855891737 4.35803613155397 3.98251707956768
Lag3 9.94342037341401 6.1050009673622 5.39262444803431
Cxcl2 10.9236295592129 4.3679266583761 4.0959678840203
Ltf 11.9771261319803 7.38566257120746 6.24710961733662
Cx3cr1 12.8322911670036 6.70227362620668 5.26939900915263
Stab1 10.7835801182221 5.57800465566605 5.16606300065478
Il6 8.3523884587654 4.1509455363119 3.82535490845649
Pdgfb 10.6620659529342 6.3381946579608 5.42835602040751
Mrc1 8.47267687587698 4.25692749692333 4.01268745456517
Itgb2 11.8281947861841 5.16685850793485 4.57714893385904
Adamts1 11.3973807177838 7.92212370642601 5.61241307269334
Ang 8.67340897437916 4.35070290414211 4.05692594043476
Tyrobp 12.9035612805634 6.23551234080424 5.42953395454009
Ptplad2 9.63817330010533 6.16827214418292 5.33704860048841
Slc29a3 11.6835560124248 7.46542743898117 5.31963848144825
Emr1 12.777781853873 6.77232264287465 5.50970788557575
Nrros 12.3519497751025 6.93565644234076 5.46925580895159
Tmem119 13.699678559052 7.04325940876643 5.43728874984091
1810011O10Rik 8.37120216738482 4.72913631693788 4.32576036349814
Parp14 9.10437062254361 5.65107374467411 5.06877800345433
Havcr2 10.710530075929 4.63793920778608 4.10910184605541
Alas2 9.97256535353661 6.06318561185426 4.80293342184096
Cmtm7 10.4036329494645 6.45235753364732 5.20393060698622
Mafb 10.9849900615298 5.75296497564994 5.18777250839327
Blnk 11.8079240962002 6.05324772840408 5.31988423073513
Alox5ap 12.5749967599795 8.6514943346769 5.76094538938568
Fyb 11.7159427823204 6.81503660976415 5.85408660863797
Ctla2b 9.94438247489242 4.39105357041628 4.0518934906627
Hspa1a 11.9245276178108 7.05560884342987 5.93693864891295
Zfp36 13.4960506681509 7.73684000391815 6.25056383926734
Abhd15 9.92497435981129 6.36323110550263 5.02851014547291
Cyba 11.7749627835735 8.11301496709845 5.12046044385906
Ptpn6 11.3292345329635 7.50360864625049 6.30580406261089
Tec 10.1967601761071 6.4799219175716 5.36069258129839
Cd52 8.83934325002235 5.07790070165566 4.43884865445765
Irf5 10.4417221455899 6.30443234753968 5.60792193932541
Naip2 10.8151812852359 4.69332982945987 4.32058478641934
Anxa3 12.9131833282778 5.80153077937486 5.23240130400372
