Cldn11 11.0333116573232 7.04567141029744 4.43531525239321
Mal 13.6947369906048 9.3308686652081 6.52542957517204
Ppp1r14a 11.6405367658227 6.75339612754016 4.72592636011934
Ugt8a 12.4572258411148 7.78647995237979 4.31499141545773
Mbp 14.2305207429446 10.7570503887745 6.65708388023884
Ndrg1 12.611853321157 8.56570353596822 7.27516467837052
Mobp 12.6807603177 8.27329902134619 4.81105439382068
Pdlim2 11.9647897976777 8.35063845868121 6.074270299386
Tspan2 12.5087015291588 8.41663264758435 4.97323762470667
Sox10 12.3265749596543 8.15620553411375 6.87147653557957
Ddc 10.4812808031188 6.71633333950965 5.11262319966291
Fa2h 11.5929014798992 7.36712180696849 6.11594448183465
Mog 11.3090214317393 6.41152333287936 4.26837492908997
Pllp 11.1074676774523 7.42612165385212 6.68351272554128
S1pr5 10.708375732211 7.26961282485935 4.36219513731662
Gal3st1 10.1934575486142 6.70419168367665 5.76266918293721
Mag 11.3017228205218 7.58880886925242 6.97219172664242
