Dpysl3 12.1945067191894 8.21529910176917 5.06677746129366
Nusap1 9.77423811670984 6.07077151673366 5.13347918865109
Dcx 12.1039576535511 7.85602241890234 4.89867700835294
Isg20 12.0765678185315 8.23888862410917 5.21425678299635
Rsad2 13.3109135616375 9.55409990020448 5.64297489553273
Aspm 9.48903060806143 5.88544299531973 5.02486225974893
Mki67 11.8414140963639 7.36839424356177 5.17341853687109
Cenpf 9.36525893400998 5.66182257317508 4.63228123674763
Hbb-b2 11.6127918139473 7.86146929235822 3.8994654818127
Cdca7 9.80824546516877 6.24956058547595 4.86690039857207
Kif2c 8.5191585229009 5.15234898216644 4.13471388132958
Sox11 11.2750923053776 5.71464370852213 4.08952173088687
Cenpe 8.20964573013695 4.02309971157725 3.72404839040068
Gdpd3 13.5902528646468 9.67853318616176 5.71582512080971
Ccr6 11.4765667264666 7.82246817907339 5.41528943705249
Alas2 13.4464550600504 9.97256535353661 4.82734240328337
Ube2c 10.2016309337015 6.11585391529867 4.57944455696699
