Crym 10.4279349009472 6.83388231526759 4.85637663129947
Meis2 11.8757394114319 7.37853539673072 4.71966209044129
Itpr1 10.7337593525887 6.47560603808934 6.20225148318158
Rasgrp2 9.50809826383918 6.04374149978968 5.37538861189831
Arpp21 11.6040574052015 7.33037343385543 4.67924307211791
Pde10a 9.54280522955872 5.93463009970333 5.0098601813064
Npas2 8.54672004796723 5.13784762520685 4.21164480258154
Plcb1 10.1303421443326 6.6389671457689 5.80485514590228
Slc4a4 9.48460965869098 5.77823983766423 5.01505091147691
Pde7b 8.97287652294606 4.85124983605774 4.42583095817521
Pou3f1 10.6355945460571 6.31376167684266 4.7972397474335
Slc32a1 11.3943022298385 7.9171278431642 5.06690288872955
Gpr88 11.0695391114999 6.90211393621828 3.85569751268963
Tiam2 9.63366761546823 6.27042805745423 5.05323455851351
Tpbg 7.87321894345533 4.19523176622207 4.09012117307014
Camkv 11.9409598713504 7.91012385238978 6.28534070233071
Lamp5 10.593967270639 6.95769472554172 5.40167317316179
Itpka 11.0479485770599 6.85581253237266 4.96218046424553
Rin1 8.53357613789677 4.93318202205286 4.78604873042215
Ccsap 10.8107555576765 7.33077685897108 6.18783446422971
Baiap2 10.576449673921 6.69470819994497 5.74997654840478
Hpca 11.704101601176 7.58644795799889 5.39380067175891
Ppp3ca 12.7065343436829 8.85314623843573 8.75613102696381
Plk2 11.7622390244833 7.67600247300884 7.01825028704925
Kalrn 12.4632858848337 8.20869309988687 4.72314880185512
Ngef 12.2393518638607 8.48352463769199 5.71295183824819
Rerg 8.79770177394635 5.20479602696057 4.41714780131537
Ppp1r1b 12.4710194207172 8.08829023067424 6.61759625810597
Rarb 10.0112719089256 6.55565717184869 4.71490703761627
