Tgfbi 10.1729708775644 6.23933367494755 4.42798859677353
Lcp1 11.8463632704423 6.37589011422819 4.27097862503798
Cd83 13.2264749464343 7.4667276476886 5.48623684337261
Sipa1 11.1257432146877 7.47811072172616 6.19874481900487
Tnfaip2 9.08145533726492 5.2638239501642 3.92716130155852
Tubb6 9.94309885815544 6.50136389102639 5.46190629334977
Ier2 13.4150634942812 9.70321789337444 7.23412583422954
Socs3 12.8363611039744 8.54371339582012 4.0096743588156
4632428N05Rik 12.9592128362635 8.5721834088109 4.85608384651317
Spint1 10.3415667614487 6.15072702014608 5.2920997834642
Afp 8.20241684612463 3.96478346369623 3.67280846231577
Clic1 11.3846871257571 7.70810020158444 5.6030417300323
Irf8 12.5606886061131 5.94515220863291 5.21988653222913
Dnajb1 11.4072973894197 7.87369816846035 7.07576045320494
Tbxas1 9.77227819439976 6.43871392265184 5.61812587571318
Parvg 10.3224146114506 6.5884810105369 5.36651618517573
Rps6ka1 12.439882687873 8.56355712330008 7.41064092353406
Mfng 10.1100884876208 6.26178448577931 5.61423577031906
Slc40a1 11.6365802495677 6.69659985956782 5.58611452628497
C1qb 13.3846079047961 6.48948139073212 3.79874853023126
Ccl6 10.223717633042 4.87329457821736 4.10969299327648
Cd14 13.3052539164274 7.41131124507736 6.21718157961361
Pycard 11.8185468367102 6.45126625788302 5.36924022708081
C1qa 13.2380236204344 7.14302009091114 5.25932815667497
Il16 10.7022595486227 6.06855560588513 5.43640926584128
Slc7a7 11.052383619296 5.61370231290301 5.02473004689844
Srgn 13.2509970787582 6.75198326928208 5.447480449527
Nfkbiz 12.6860754101133 8.96925728275913 5.02281452576806
Tgm2 11.7718766956168 7.38557728405946 5.39190927836722
Plek 13.0669588958399 6.75421882469653 5.66330599060811
Rgs1 11.2541972267774 4.86459402183925 4.56470341796479
Cd79b 8.31573716498709 4.71947996190132 4.53343396272611
Snx5 12.5628056055199 8.71799127729525 7.00425816351277
Elk3 10.4901390004177 5.90178862016135 4.57440993816395
Laptm5 13.2497958585741 7.78077151125238 3.90114325441831
Serinc3 10.8737843005988 7.13655004701132 6.34887862340049
Fcgr1 12.3056772228307 5.10277201339107 4.42409397342882
Slc16a6 11.601886645942 7.33176924173344 5.66278125871509
Ccl9 11.5606702750711 5.21920568657441 4.72145167947353
Trim30a 9.82440837349698 6.39134219025099 5.34212564161987
B4galt1 11.050190662426 7.30057328386454 5.93422959388234
Tnfrsf1b 11.5849644137814 6.8334885060526 5.91953157751197
Inpp5d 12.5199395399242 7.55016802207374 6.36980751349331
Tlr4 9.52419084436795 5.22233541703166 4.38290827857271
Pmaip1 7.94812896443572 4.52578869143864 3.98013694950566
Aif1 11.8782125697407 5.27142592691414 4.80800081244455
Syk 11.2305153374971 6.82294351411637 6.22974999426116
Klf6 12.1614928848338 8.11333613705797 6.43963442425175
Crybb1 12.3010895138039 7.14602442876454 6.43003607665622
Fcer1g 12.6409109862305 6.76947230172972 5.72676744238304
Ctsh 12.8519091129382 6.14823973112041 5.20690772440421
Gpsm3 9.66649074936397 5.55215921906447 4.73904531918133
Ncf4 10.7081144474155 5.23573532570874 4.96773122541505
Lcp2 10.3889718130272 5.04145958501547 4.59791554463876
Ngp 12.4329204009581 6.33651766636568 5.42695839556584
Spi1 10.2850028049619 6.16486474475298 5.89905484079645
Csf3r 10.4703586336665 6.7175124451682 5.32219580175
Ms4a6b 11.1222234312687 5.21983011264694 4.79826827157351
Hcls1 8.83239317939796 4.95532217146414 4.67525121703937
Pabpc1 11.1513836653323 6.51927441338879 4.43518063287224
Cebpb 11.6879517821222 7.71124942336773 6.06980518151277
Plxdc2 12.0633823649962 8.15742170179432 5.66142603049965
Cxcl10 9.83264446685726 5.67375396724177 5.15159955424746
Cysltr1 9.33333349087416 4.37566352810993 4.01613148733229
Cebpa 9.88957255483431 6.31674134533882 5.43332833084052
Cttnbp2nl 11.7204560544011 7.29121442044665 5.68336284652155
Lyl1 9.97533629065994 5.51322214245878 5.01222254050019
Ptpn18 10.4025712369028 6.67571188261981 5.74246959374279
Tlr2 11.9268402473875 5.94860843089976 5.5902007626112
Cd163 7.66769719158114 4.2863446988853 3.97296892164704
Serpine1 9.52331793271942 5.50797600991791 4.50413403745752
Mlxipl 10.549742788076 6.57162876739476 4.96087724430701
Cd37 10.9048574016166 6.46343532129786 5.36821387624259
Map3k8 10.2849700718244 4.9842316172414 4.73214274903051
Myd88 10.7278217724093 6.74417871783386 5.70414426972033
Ccl12 10.5112043294489 4.66320446479519 4.39046689211474
Arhgap4 9.36525554969312 5.43585539335799 5.20188645738781
H2-Oa 8.7917936065526 5.45984686197868 5.01772311839975
Pon3 9.20297150005047 4.50342565016534 4.22420504045962
Slamf9 11.1882832385642 7.7163601697524 6.32081076668134
S100a8 13.0395448654869 4.8053216055652 4.56414489318729
Il10rb 10.7116513838826 6.66206283392018 5.23489139388685
C3ar1 11.7072754362155 6.5487579944128 5.53404989835789
Fgd2 12.1304825880125 6.88748709932733 5.89498690664935
Ccl3 13.4953964323281 5.09704656378268 4.35898614505466
Ms4a6d 11.3799791784438 5.30245771741373 4.41784920946763
Ier3 13.4963591841383 8.44650844901499 7.27272900076143
Camp 12.113738407204 5.77403317563667 5.35210757288322
Klk8 10.2464469222101 5.99770571816427 5.48825004009983
Chil3 11.1159878878753 4.52252409954419 3.8904363306835
Arap3 9.86775374576886 4.44208008779432 3.99758503400719
Tlr7 11.2112407400947 5.41103730772256 4.78077762992599
Csf1r 14.0460007158016 10.2115700835624 6.94153207766805
Hpgd 12.0107499612859 6.29721782994195 4.2362196852879
Slc11a1 11.4154854568916 6.56979570289004 5.26033213959333
Ccl2 9.49866288250659 5.41196057119858 5.11127025020561
Cd86 11.6419705628058 5.28796006369952 4.86251909317764
Gpr84 11.5935377294956 6.40879673453339 5.39832060975313
Trim12a 8.5835260320544 4.60920694088508 3.95802307674998
Zfhx3 11.2942984484453 6.06309084238521 4.41292341595319
Slc15a3 11.5219827541908 5.53195622967356 5.1538233255358
Rel 9.30153835661437 5.80416495746804 5.08136325894172
Sla 12.3378861062474 7.95197241287534 5.66357111193482
Tgfbr1 13.4953964323281 7.80945098784355 5.46063243841214
Adcy7 11.9646243532397 7.43013184396139 5.22203893845977
Lgals9 9.80576100376818 5.88272514551971 5.16850696474246
Trem2 11.528689695107 6.86199349863984 6.25222314809369
Gna15 8.93153578094543 5.38971105917686 4.8528060028926
Birc3 10.7521481640029 6.48324365153174 5.98252355990219
Igsf6 8.68495551282954 4.33709025763672 4.12057805100578
Samsn1 8.95535277925432 4.83487128284629 4.5092111371554
Il1a 10.5450729398403 4.56117092958459 4.31556511941403
Hpgds 9.14123713383759 5.36114763825262 5.00866763529796
Naip5 11.1347547074536 4.7482481286837 4.14138312101198
Ccl4 12.7516225784521 7.57277391629431 5.92481410603678
Stat6 10.5031698578152 6.16177115762362 4.88142556825383
Clec4a2 10.1190075949126 5.24530900244745 4.72501873341744
Fli1 10.0832277034328 4.11929721140346 3.80847585129568
Ets1 9.75745818736726 5.06987971336765 3.98964808252408
Ptprc 12.4215732421658 4.7897725618233 4.31229016575548
Fosb 11.9818678393755 8.34825899406382 5.6355290932783
Ccr5 11.7087776692335 5.31478800490302 4.38702684829579
Il6ra 12.6405285425734 6.19400394712194 5.49661909980489
Tgif1 8.50458243562559 5.07760259636984 4.54808967656986
Pla2g15 12.3512186582331 7.95954510098908 6.5613645960786
Ifi30 11.4062018650154 6.94752860482151 5.75383606612909
H2-DMa 11.3395300052483 7.82244101196563 6.33287612457681
Gpr34 12.142699851518 4.27548193934697 3.85738820827396
Rrad 10.0026571297703 5.84866725794747 5.14973824737587
Rnase4 13.0771643703574 6.39177973113134 5.32265078684232
Hk2 12.3164140648536 7.47356025556999 6.09018631029532
Hfe 11.3196450739578 6.75146571734827 5.65269832445921
Naalad2 9.64837692903074 6.29569307892141 5.34034524420578
Pik3cg 10.1537853547168 5.82672593296994 4.98695913185977
Cd84 9.96224237530016 4.6859905121706 4.42125289084971
Ly86 13.8305038298173 7.19906850027676 5.47292877380112
Vav1 10.4997459843954 4.23704153586091 4.05875956471116
Cfh 10.8438396260437 4.18272233770709 3.48049071615852
Tnfrsf13b 9.66545251361214 5.06141385584079 4.26560507136761
Hhex 10.060418644213 5.8864446415121 5.18568499046203
Entpd1 9.58873000960094 5.39586785584299 4.18949654000309
Ptgs1 12.1626150793908 8.44520047460575 4.95839906770437
Lyz2 12.5660138290276 7.35956935541763 6.1509230451104
Ctc1 11.7422487728519 7.79733890197593 7.14395331297709
Unc93b1 11.3066168079527 7.12583283806211 6.5491578447359
Hvcn1 10.2856187487951 5.90676571115777 5.5074144332107
Edem1 10.5644676490564 6.62344792773819 4.5579898454256
Icam1 12.144222640413 5.62860585818088 4.72759869796304
Rcsd1 12.3223507478265 7.62855578453633 6.5036281715906
Tmem140 8.46080936763924 4.62846748353051 4.4000060420071
Cd177 8.01898297885642 4.62823148815291 4.11324779897141
Casp8 9.83591177234681 5.29180486543216 4.88813545862461
F11r 12.1638127271072 6.41977271689582 5.63587327576629
Tor4a 10.4213155961976 6.71712222653889 5.26000853575061
Lpxn 10.730982217212 5.10600272287913 4.51272239511848
Siglec5 8.337886172674 4.06383179333015 3.74432109583228
Fcrl1 9.27554865404005 5.64777819692369 5.20434558893709
P2ry6 11.5909433501351 4.73166917435599 4.03795642718023
H2-K1 12.7949568117272 7.862735970309 7.41907064685338
Tgfbr2 12.4312251246194 7.69118183312155 5.95170057655203
Ceacam1 8.73427463823456 4.80696069052023 4.46736881975117
Mlph 9.52478746573067 5.77894593931881 5.15096160737928
Ncf1 9.01873662127703 5.55915955159665 4.97265425759001
Il13ra1 9.69650941211153 6.12506566856192 4.2730760187553
Adap2 10.4876327911899 5.44971889527019 5.06912708386363
Capn3 10.437566906065 5.13284921866643 4.4921176450543
Arrb2 11.5161791808491 7.17382154873996 6.60201752352753
Pros1 11.4244912078995 7.72147922933284 4.65703045520425
Arhgap17 11.0358082941061 7.40478199082016 4.96334687378786
Trim47 10.122871565472 6.12867821393421 5.27040188419685
Plcg2 11.2395812321787 7.65756827465538 7.15635105233822
Mlxip 11.0131464704826 7.57233369964823 7.19956679511369
Sash3 11.2528818012755 6.99844916235424 5.41956561936546
Themis2 9.94919523666928 5.34487792166184 5.08785542767124
Mpeg1 13.5339312443488 7.2241152184454 5.84895815284574
Cd48 9.99176185857167 4.77397380928685 4.40506777869269
Akna 10.5978331936346 6.30685136602571 4.724534153897
Fes 10.5840546362038 6.77030738278368 5.94148041366175
Cep152 9.68353142517718 6.05942889222579 5.60791750739672
Ccrl2 11.4107831106411 6.43823465659561 5.76670994500818
Lcn2 11.7182561949748 4.53188202738152 4.22144499853088
Hbb-b2 7.86146929235822 4.28018920586528 3.87479242096588
Tmem173 11.1696407087511 7.6726319574762 6.0500311077439
AF251705 12.0057126252299 7.44588780312475 6.51479315326381
Hmha1 10.4487011332694 5.97317144098734 5.3353039395179
Gmip 10.2055870255081 6.45364965492016 5.69056799362979
Nckap1l 11.1526856630168 6.25623943343688 5.0298361576048
Abcc3 9.7509259850256 5.84361831915222 4.99791279602097
Rhoh 10.7637079698635 5.58275683788078 4.80755170866794
1700017B05Rik 11.7522974287947 6.73617476301257 5.71286746963676
Lair1 10.6612900224916 5.6162504949113 4.85304702122612
P2ry12 12.4385715566921 5.47619608040815 4.72014681728034
Rnf19b 9.65744414029616 5.6057225730085 4.86067012070748
Pld4 12.1700437011819 5.95434626446506 5.36978902320772
Lrrfip1 10.7224886700699 7.37206619135064 4.79367010620965
AU020206 9.79768698851007 5.66644331762585 4.95522504159065
Fermt3 11.4207362066657 4.64730166158161 3.90662880312251
Ankrd44 11.5679366187782 7.95334059103441 5.29161342981416
H2-Aa 11.2644036954394 5.87006766292368 4.62555354964832
Fam105a 11.8820924454901 8.19837525003735 5.65627677002646
Herpud1 12.5116726598182 9.14037128830544 8.16183800376301
Cd300a 10.0530239896872 5.48094184228405 4.94439897580405
Lyz1 12.2502412289951 6.3231280427134 4.32479485118687
Clcf1 8.68466038510135 3.97187392139086 3.71295143906818
Adrb2 8.29734945321406 4.36256648170831 4.0770889952778
Lrrk1 9.1635528470806 5.33616718658293 4.60897751704056
Il10ra 11.9867649941734 5.10000760792513 4.74768182739732
Hexb 13.9214339669789 9.42964912127379 7.52852395923451
D530037H12Rik 10.4018822600769 6.73964888432981 4.48938854079583
Rab20 9.64744268247702 5.04692907732308 3.88988966431658
Grn 13.6303783372944 9.70833902329731 8.05021314654064
Ifitm6 9.1396048659572 5.80081248648256 5.52789274383001
D9Ertd306e 8.20712585253381 4.60429841763333 4.23198681538662
Fam46c 12.2421510197398 6.21684771074026 4.63667441193448
Pald1 11.0128320429645 6.94782896566438 6.04084667871625
Ifngr1 12.016051864462 8.17259832635399 7.14002981240136
Anxa1 9.64055143138413 5.69833679255291 4.47414742492162
Lrmp 8.89491220593798 4.57628088628533 4.40800362696669
Olfml3 13.5644607358692 7.04780156366964 6.28975126044941
Ncf2 11.109264808914 6.34491123970905 5.5932481907253
Il7r 9.22711297999003 5.69911444906037 4.86595528531528
Ctss 14.1223387589978 9.23271698787888 4.96702275466653
Cd53 12.6270729328698 6.16432743405644 5.25985803517771
Fcgr3 13.3874319809845 6.54938369772801 5.3715186758214
S100a9 12.2965410503709 5.1799211072161 4.6176665844257
Lgmn 13.4068999504885 9.88281768848597 8.34712526651585
Klf2 12.9915058739807 7.88146794505982 5.5478700024231
Fcrls 13.5200887013828 6.92687750177626 5.70339213109349
Tlr1 9.55990391864875 4.38329439262047 4.12440904333277
Selplg 13.492313873689 7.90534633977794 6.17855439697933
Cd68 12.2825968841945 5.87174388404241 4.79517477710137
Gpr65 7.85611733273235 4.09780286541528 3.85806123982175
Casp1 8.72506021576845 4.99288900497885 4.29851658931796
Csf2rb2 9.46516272602394 5.05493619350071 4.44240426682549
Atf3 13.3007390383143 8.66118254483082 4.94389180462186
C1qc 13.5695399365939 6.57468094380889 5.06999283718323
Hck 11.7192724128215 5.61565631184221 4.88396841195701
Gcnt1 7.89240442650036 4.34965195087668 4.10027975863644
Casp4 9.17977855891737 4.74610372351752 3.95468267410931
Ehd4 10.2769858985773 6.89245721166632 5.10291532936658
Ly96 8.98885773803667 5.49458784639942 4.59638271426448
Lag3 9.94342037341401 6.24174068099855 5.31814986334685
Cxcl2 10.9236295592129 4.72178130718909 4.2651454905782
Ltf 11.9771261319803 7.72410235303682 6.18348884657993
Cx3cr1 12.8322911670036 6.68853237891531 5.24301901232038
H2-D1 12.6856010965553 7.86314252602417 7.30382194234889
Stab1 10.7835801182221 5.60114286153916 5.0447011016942
Il6 8.3523884587654 4.51086396125208 3.76062244715594
Mrc1 8.47267687587698 4.57821194839986 4.20402352331907
Itgb2 11.8281947861841 5.13509474977174 4.66490632348897
Psmb9 9.49408509768935 5.91089542480611 5.39538880756044
Ang 8.67340897437916 4.1924953295679 4.00585713136978
Sh2b2 9.32069277757714 5.55101827810395 4.74192477987582
Tyrobp 12.9035612805634 6.82144914268497 5.58237878264742
Emr1 12.777781853873 6.96354520883988 5.90082154490804
Nrros 12.3519497751025 8.12728826777458 5.71914846594111
Tmem119 13.699678559052 7.29051492692243 5.87719910794758
Parp14 9.10437062254361 5.68672332056118 4.93628201424827
Havcr2 10.710530075929 4.50322464260772 4.20022564243988
Alas2 9.97256535353661 5.3601367715519 4.89048809294459
Cmtm7 10.4036329494645 5.80494055522849 4.90821407091375
Blnk 11.8079240962002 7.01184866137358 5.11259475991045
Alox5ap 12.5749967599795 6.98398520379818 5.9599792100249
Fyb 11.7159427823204 6.33748208877743 5.90822750443344
Ctla2b 9.94438247489242 4.37433435158295 4.08731519422807
Zfp36 13.4960506681509 9.09379325918594 6.38703812397868
Abhd15 9.92497435981129 5.42041744403193 4.99991235697805
Cyba 11.7749627835735 7.2209700868719 5.03529273242338
Spata13 11.8360921296241 8.27271349243545 5.1299987604883
Ptpn6 11.3292345329635 7.67030091375991 6.4340502451849
4833441D16Rik 9.33372525445037 5.64260626557077 4.79934172443645
Tec 10.1967601761071 6.77027772555513 5.5620101541267
Cd52 8.83934325002235 4.8819557208716 4.57876314738366
Irf5 10.4417221455899 6.57743280760752 5.25957921732905
Naip2 10.8151812852359 4.65100435780965 4.3651447139998
Anxa3 12.9131833282778 6.43722969830238 5.12967823768141
