Uhrf1 9.53427432476441 5.57316586016743 4.225549639199
Dpysl3 12.8837712643463 8.90648261193724 5.24325104588276
Nasp 11.6288470631536 7.855516291184 6.26043301913963
Rrm2 11.6111642006541 7.20930778259508 4.40782332653509
Ccnd2 13.9324354113347 10.2971749229245 5.5879753881582
Nusap1 10.6922193016853 6.11958409373033 5.12526971372539
Cdca5 9.70844815222206 6.36834499453193 4.1733894726091
Ccna2 11.2214637710139 7.72074594452734 5.36813885556626
Dcx 12.9992884069284 7.98461385911224 4.70752870156946
2810417H13Rik 11.482242210821 7.32626962744457 5.12877842446211
Igfbpl1 9.97989734602987 5.96158011727464 4.88000967789982
Mki67 12.2894855558827 7.21304274578223 4.95366970244729
Cenpf 10.1337691740404 5.59029770105934 4.6326747163638
Smc4 10.5176275690196 7.02298973226971 4.48430013110693
Top2a 11.6433083587303 6.77039484369236 4.77820923526628
Cdca7 11.4007435849176 6.25399246088448 4.98401386665098
Trip13 10.4075548492614 6.89383998140035 4.71657377847284
Kif2c 8.54458335727805 5.11378208680193 4.13471388132958
Sox11 12.1901352007152 5.7331504041583 4.03383674063326
Cenpe 8.34767451096559 4.10901189360831 3.64610334413262
Pbk 10.9766873691486 6.8928035792024 4.70888536329038
Dlx1 13.2290397628289 9.73152321831931 4.45031522580177
Cep55 9.32947005437654 5.78646268976098 4.44945793046249
Ube2c 9.80516240401687 6.0992853790556 4.46911212272667
