Golm1 13.1709345745481 7.10613381872863 6.46272648629053
Sgpl1 9.54910293773426 5.86262817767666 5.24367393168469
Junb 11.5780026398467 6.79855635094064 5.5333616911587
Marcksl1 12.1999211654877 8.67107219200017 8.63651207321569
Creg1 11.4502595824185 8.03065391105497 7.49401652658578
Lcp1 11.8463632704423 5.95649625444264 4.51364274754072
Txnip 13.6993914736524 6.41307018114394 6.35686599987265
Cd9 11.8962881279299 6.45703788115297 6.05416214054891
Cd34 10.5911587485583 7.09110381916947 5.09271232830267
Tpst2 11.1246231388186 7.77187127519682 7.66936655753243
Cd83 13.2264749464343 8.65697776894191 6.00318902630932
Mmp2 8.84546583079709 5.13955428089622 4.64162155890348
Sipa1 11.1257432146877 6.78894609337688 6.50180082336985
Coro1a 12.6004028717715 9.1617660188547 8.36072527343927
Btg2 11.4968904593275 6.11893823700035 5.85432144577624
Tnfaip2 9.08145533726492 4.43829491325933 4.21913068496373
Litaf 12.5127367018525 7.12170403214654 7.04449851659198
Cyfip1 12.6066769077138 8.70272500956708 7.15429855928162
Lamp2 11.6172171151883 7.49382036731873 6.55164479499042
Snx18 11.9105809619856 8.40990744007022 7.94049784426165
Ctsc 12.6065842886925 4.75199347168286 4.70477201822859
Cd82 9.38715719713112 5.85632633585526 5.73186861839462
Tubb6 9.94309885815544 5.72303134260195 5.49104216525462
Ier2 13.4150634942812 7.39642646287056 5.84962004337541
Pnp 12.8627608953087 8.73833333842009 8.13266877321108
Nfe2l2 11.3735710823378 5.90432502630436 5.88149593861359
Socs3 12.8363611039744 4.25974824990678 4.19962322054011
Sparc 11.723215805215 6.37823657828772 5.0924295756781
Scamp2 12.0782300087712 6.83010955911091 6.20388172401226
4632428N05Rik 12.9592128362635 5.44513119440419 5.07466549563616
Spint1 10.3415667614487 6.98878427558328 5.17869966251498
Slc2a5 10.7506339487812 6.53384582836558 6.34770916931462
Clic1 11.3846871257571 6.54499807938742 5.45332209968409
Plxnb2 11.1751053377305 6.9667502182108 6.19309709622986
Tspo 8.96653892538565 5.58598038333842 4.38409861616598
Irf8 12.5606886061131 6.52134472795009 5.53429034821917
Dnajb1 11.4072973894197 8.07911462437454 6.94150551520302
Mical1 8.88736256308852 5.05147766694156 4.6731767222678
Tbxas1 9.77227819439976 6.20530589515296 5.94250915083675
Slc39a8 8.3702572354114 4.17642998728042 3.91182786271407
Parvg 10.3224146114506 5.76597599474748 5.60231833240459
Mcl1 12.1472433486191 7.44163586159953 6.85971386444078
Rps6ka1 12.439882687873 7.55263416373873 6.87958746787327
Parp9 9.82908871348782 5.32874314857686 5.17315274432685
Tnfaip8 9.91373565516323 5.22356995952904 5.03538133591368
Fcgrt 9.65042068842126 6.31155041778638 5.88521409743847
Mfng 10.1100884876208 5.82330185249667 5.62345943362239
Slc40a1 11.6365802495677 5.77724315366112 4.78926388250285
C1qb 13.3846079047961 4.35978509888893 4.00364085477764
Cyp4v3 11.0721852303594 5.71410951030057 5.48650943880586
Qk 12.3621647632087 8.98053850590482 8.6987795531364
Syngr2 11.4559121689701 5.17782123415796 4.93250625752337
Pmp22 12.2653168767854 7.98849862724027 6.48030368005683
Igtp 10.5169764277721 6.88725156975836 6.26041751812356
Ccl6 10.223717633042 4.43685892942833 4.27055403784127
Cd14 13.3052539164274 6.25524551082045 6.04454504232341
Tnfrsf1a 11.3244537624855 7.35235529382586 7.03059419886976
Tob2 11.2284375997777 7.71318855023972 7.09830564635003
Pycard 11.8185468367102 6.00975913708872 5.48675223093268
C1qa 13.2380236204344 6.56831797908196 5.84053976996373
Il16 10.7022595486227 5.67991372484136 5.61417551943133
Slc7a7 11.052383619296 5.07801760518043 4.88267085561171
Klf4 12.698526861476 5.12265131524594 4.96935179821266
Jun 13.1567215574815 6.88409957448152 6.20634835226686
Srgn 13.2509970787582 6.15296763643325 5.2068877751897
Myh9 12.5865032254667 7.51879353543643 6.94577160786943
Nfkbiz 12.6860754101133 4.92890149465333 4.17948694841247
Tgm2 11.7718766956168 6.23547543712499 5.76709673557862
Plek 13.0669588958399 7.6661656162326 7.60345747568757
Itgb5 13.3318370523038 5.11772581434824 4.6756477769447
Elf1 9.08676867890006 4.79961142480547 4.52163008987122
Cln3 9.94836220653156 6.34869784135284 6.26590079988583
Rgs1 11.2541972267774 4.49978070727696 4.4439492679164
Rac2 9.75239695917386 6.12394200726262 6.1163640767608
Nfatc1 10.1057640630075 6.40379872607859 6.16414461775527
Cd79b 8.31573716498709 4.99125532310828 4.6362239661099
Snx5 12.5628056055199 8.95798434094179 8.0612758070435
Elk3 10.4901390004177 4.87061653255011 4.66651757403775
Soat1 9.02708526356189 5.12913661695235 4.9902284711661
Laptm5 13.2497958585741 6.18195155542921 5.16612354721765
Ptgr1 10.0953671914278 5.53533967391326 5.30010815329272
Dok1 9.09517514267858 5.76768553259606 5.68751103663069
Serinc3 10.8737843005988 6.98291130961749 6.36007472505577
D17H6S56E-5 9.99291673904863 6.55474371393562 6.31967474438644
Ctsz 13.0341451754765 8.78024689196179 8.33896534506912
Fcgr1 12.3056772228307 5.55860161784767 4.6488311045751
Slc16a6 11.601886645942 7.31036285406917 7.31030182543362
Pdlim4 9.4700059993897 4.84419737717418 4.73835695153635
Ccl9 11.5606702750711 5.25909075687331 4.93747957831325
Trim30a 9.82440837349698 5.42025096333591 5.07470121054515
B4galt1 11.050190662426 6.14478383895839 5.89618065799977
Nrp1 10.4416176811946 6.90396087957706 5.44566996283572
Tnfrsf1b 11.5849644137814 6.09445826407185 5.88092034943105
Inpp5d 12.5199395399242 7.20810812322255 6.434772896668
Tlr4 9.52419084436795 4.58605310913152 4.25676669399158
Pmaip1 7.94812896443572 4.24698211146567 4.10377283584638
Aif1 11.8782125697407 7.11754425255632 5.63319137784888
Il15 7.4967535230896 4.16345335585427 4.06836410786712
Lims1 11.3895886323577 7.47733199337218 7.06785539182495
Syk 11.2305153374971 6.0329893473771 5.91923281436612
Klf6 12.1614928848338 7.83030205325309 6.01012217786565
Crybb1 12.3010895138039 6.53445665002354 6.42658074055803
Fcer1g 12.6409109862305 5.96925782639356 5.8952320773791
Ctsh 12.8519091129382 5.34860190848485 5.32538252717235
Gpsm3 9.66649074936397 5.47720352621822 5.32742259540151
Ncf4 10.7081144474155 5.13301175008083 4.92075676506679
Ggta1 10.3145780373454 4.18936695408371 4.13306252270717
Calcrl 7.84138491604448 4.39615273685878 3.81429328471681
Lcp2 10.3889718130272 4.94700326419491 4.90898995231607
Ngp 12.4329204009581 5.60819033944003 5.24404695091347
Spi1 10.2850028049619 6.05722322890245 5.83008618461786
Atp7a 10.1404314445784 5.96668323003977 5.5603571673275
Csf3r 10.4703586336665 5.45736728925216 4.9183408815315
Ms4a6b 11.1222234312687 4.82120065323089 4.75373748043519
Hcls1 8.83239317939796 4.84232086717413 4.6436905603749
Abcb1b 8.00305280287427 4.58108534287025 4.50642549241199
Pabpc1 11.1513836653323 4.28991336418344 4.06200779241287
Cebpb 11.6879517821222 7.6536154982603 7.21471354936446
Plxdc2 12.0633823649962 6.26012113486991 6.24545161934024
Cxcl10 9.83264446685726 5.27296580820617 5.20863117270941
Maff 10.2395219098757 6.67795954701452 5.84115913672261
Cysltr1 9.33333349087416 4.09375175412239 3.79213611963154
Cebpa 9.88957255483431 6.19332848049979 5.57963727334987
Cttnbp2nl 11.7204560544011 6.15558549925381 5.51129949968947
Lyl1 9.97533629065994 5.00430877979401 4.76619408525991
Ptpn18 10.4025712369028 6.09232297953062 5.93245927963157
Tlr2 11.9268402473875 5.59926950060812 5.3248182494082
Serpine1 9.52331793271942 5.11894020666449 4.76679190205066
Mlxipl 10.549742788076 5.1140612944839 4.59188327735865
Cd37 10.9048574016166 5.69608953073347 5.43016939157629
Map3k8 10.2849700718244 4.76831972758381 4.42820789177136
Myd88 10.7278217724093 5.94834791232095 5.62674715024336
Ccl12 10.5112043294489 4.83336243876346 4.56387159598501
Jam2 8.80820666224123 5.31936266880404 5.26446092643724
Arhgap4 9.36525554969312 5.49732277451672 5.36496317036031
H2-Oa 8.7917936065526 5.16826848111157 4.75484363071621
Pon3 9.20297150005047 4.29413013487858 4.22845267515869
Slamf9 11.1882832385642 6.63365721869694 6.42433547488466
S100a8 13.0395448654869 4.98658860383921 4.92221709675919
Il10rb 10.7116513838826 6.71702823241668 5.40039750625129
C3ar1 11.7072754362155 5.76079674538268 5.47609261606813
Ripk1 10.1243899929041 5.84491919213557 5.51946978782305
Fgd2 12.1304825880125 5.91683106131366 5.81296893100239
Rela 11.8428094359349 7.47935198033385 7.1538530959298
Ccl3 13.4953964323281 4.70840269099405 4.57834467441812
Ms4a6d 11.3799791784438 4.81336775303964 4.2680135407059
Tnf 10.0055468588953 6.32972465325464 6.28003843173384
Was 8.0303356973264 4.59777709380785 4.48925804392931
Ier3 13.4963591841383 9.78158133395045 7.66721000623128
Nupr1 9.93831898336817 5.65189705062713 5.4420170191945
Camp 12.113738407204 5.5749420997373 5.41067244128149
Ltc4s 9.78168546230716 6.21185657955165 5.91738215514466
Klk8 10.2464469222101 5.5838448311522 5.47142808955413
Chil3 11.1159878878753 4.03642138802529 4.02521364704109
Arap3 9.86775374576886 4.78727575710642 4.65811673862238
Tlr7 11.2112407400947 4.98702922034755 4.80892632442317
Csf1r 14.0460007158016 7.33884197931552 7.31964414897674
Trim25 10.8969751411857 7.51985665164061 5.70530171989775
Hpgd 12.0107499612859 6.86088346723202 5.32659914270565
Rab3il1 10.4710400563943 6.80971078540632 6.42927484881009
Mcm3 8.92535440058905 4.98408845823296 4.92822093176319
Gdap10 8.80480802896476 4.40154319770848 4.3721291127882
Slc11a1 11.4154854568916 5.44428037287293 5.35504699167805
Hnrnpa2b1 10.315155226878 6.53685409385679 6.05440569349913
Ccl2 9.49866288250659 5.35497662047471 5.29171666233283
Cd86 11.6419705628058 4.98090240860263 4.95292083357236
Prkd3 9.70383275414416 6.31215606689056 5.43916548862237
Gpr84 11.5935377294956 5.61633140293964 5.51577758724318
Vamp8 11.9027573726861 6.60194539231203 6.12033533892374
Tcirg1 11.3257053795282 6.87318195998986 6.58623517858388
Sqrdl 11.0518617676912 7.55395609750441 6.108571579804
Trim12a 8.5835260320544 4.12124740276943 4.10866708016069
Slc15a3 11.5219827541908 5.47999477517732 5.18606956337888
Clec7a 9.36335652990378 4.9107127553699 4.79711624986859
Rel 9.30153835661437 5.0439876367148 4.65173616010463
Tsc22d3 11.4721491337919 7.62974719159473 6.17435926502203
Sla 12.3378861062474 6.35623366478693 5.57144217092939
Tgfbr1 13.4953964323281 6.83831592836794 6.42726302592384
Snap23 8.47917138557207 4.33544470982384 4.17777294799112
St6gal1 11.5108116293154 7.82401811719384 7.58290907463489
Asph 11.1131392793095 7.03613356462151 6.29605391029712
Adcy7 11.9646243532397 6.46111954833699 5.38950126595742
Rbm39 10.4094928984617 6.20356231033499 5.32950700745451
Rsad2 9.55409990020448 6.08115121652677 5.9967375590424
Vamp3 10.8638436564196 7.43989524625617 7.11919318362165
Gpr56 11.0473777353108 7.29941767761089 7.07650924797755
Lgals9 9.80576100376818 5.29611491689822 5.26806866674541
Bco2 8.88551273021649 5.40094598974509 5.20684173763943
Trem2 11.528689695107 6.50432171647708 6.42975959257305
Gna15 8.93153578094543 5.38861617181495 5.36705803992433
Myo7a 9.61565808015342 6.02238398727008 5.98565850418766
Birc3 10.7521481640029 6.56441208366787 6.17955384641773
Igsf6 8.68495551282954 4.27952953439235 4.25185956475493
Samsn1 8.95535277925432 4.96331772487129 4.5561201863545
Il1a 10.5450729398403 4.18007422236313 4.06651214886252
Hpgds 9.14123713383759 5.46880018554891 5.198141858233
Naip5 11.1347547074536 4.36274052466241 4.32405639247663
Ccl4 12.7516225784521 6.20778622153701 5.83667593179976
Itpr2 10.8613975316724 5.75552451344885 5.32156503643389
Stat6 10.5031698578152 6.23147687893594 5.79211715018699
Phxr1 9.60550945602768 5.97947791785282 5.71094801869206
Tapbp 11.4240903434095 8.00165617467371 7.10572285934128
Msn 10.7217422633417 6.14793078795596 5.99925208353249
Abca1 12.0785728549459 6.78769388081347 6.29453282571492
Adam17 10.581995677351 5.96095998725805 5.34292694747477
Dapp1 10.626591308075 5.37670447557234 5.16072957115048
Clec4a2 10.1190075949126 5.05599886766962 5.00230618974828
Fli1 10.0832277034328 4.31532807241324 3.9078746100273
Ets1 9.75745818736726 4.24412151920627 4.00960432689453
Ptprc 12.4215732421658 4.67859071010749 4.48199939006922
Fosb 11.9818678393755 6.36586411780711 4.89298157611328
Ccr5 11.7087776692335 4.63557228797734 4.47694023521423
Il6ra 12.6405285425734 5.71840575782325 5.53429700937103
Tgif1 8.50458243562559 4.65839560860593 4.29374383897557
Pla2g15 12.3512186582331 7.90257871381053 7.34414471917651
Itga6 11.5906633280243 6.18599689857102 5.62878991462358
Ifi30 11.4062018650154 7.34063137263952 5.49686151289382
Zfp36l1 12.7019764996359 6.11984788686033 5.52833868924723
Gpr34 12.142699851518 4.19879775178541 3.94591785069677
Rrad 10.0026571297703 5.44543314808896 5.17797548040419
Cr1l 11.6955153199688 7.85766785408955 7.66871980156156
Ndel1 9.26249492481989 4.41440779125715 4.3339046803734
Rhog 11.2037880767617 7.09926613579914 7.07111083246028
Rnase4 13.0771643703574 5.35215868295527 5.31085943820244
Hk2 12.3164140648536 6.19621594822696 6.0483122921774
Fam111a 8.33832002390926 4.95187056651744 4.53590833167607
Hfe 11.3196450739578 6.91630195263907 5.12563610722735
Naalad2 9.64837692903074 5.58365371513346 5.43365102717568
Pik3cg 10.1537853547168 5.38760627167771 5.20217996071182
Zeb2 11.4350095719432 6.14496888328162 5.73602621857984
Btk 9.58917222158551 5.70154743065807 5.52675095723647
Tlr3 9.63659550839082 5.47124108342318 4.9726692000873
Dock2 8.86389566600281 5.29501063177548 5.27560675473305
Prkcd 11.3607793398998 7.92147821079484 6.58474127540816
Mertk 13.0985151577591 5.70551244175506 5.57447477649306
Cd84 9.96224237530016 5.04185648753049 4.76109495631276
Ly86 13.8305038298173 5.91282443264873 5.55228609545619
Vav1 10.4997459843954 4.60746711273579 4.21281098464836
Pag1 12.6736213180298 8.36397577526688 7.39560304430638
Fos 13.9327205870223 8.84747179158335 8.48603877068914
Cfh 10.8438396260437 4.37278574359003 3.60859164090045
Tnfrsf13b 9.66545251361214 4.50140861419005 4.354788983484
Cebpd 10.5744174492867 5.55455578505901 4.48286309366136
Luc7l2 10.6746402351895 5.55492724123984 5.48736416788353
Smim3 9.32886126195367 5.9153552797653 5.83698644902579
Hhex 10.060418644213 5.3450266163924 5.08482230512191
Entpd1 9.58873000960094 5.11522674067319 4.3507415642842
Ptgs1 12.1626150793908 5.52339409195818 5.23413533880414
Stk17b 9.80355004387352 5.57085253733107 5.4708030706531
Frrs1 10.6966078261321 4.99227996357767 4.68868119703136
Lyz2 12.5660138290276 6.38420948159142 6.23184216253076
Ssfa2 10.4026641404164 6.51127434312395 6.21296751161933
Ccnl1 12.9368942943523 7.73080270827538 7.29911695428656
Galnt4 9.11869231898454 4.93835573086202 4.8905042465627
Ctc1 11.7422487728519 7.53003349192022 7.51974988500421
Unc93b1 11.3066168079527 6.52151826277044 6.07168656801242
Mob1a 11.6304802850351 7.81628618970283 7.52257387076268
Cmtm6 12.2803328178186 6.97930035455435 6.66755658199469
Sfpq 11.5708095722532 5.60576477979211 5.30505974489969
Wls 8.21516176510327 4.628242030456 4.46539985669014
Tmem63a 11.3727165126659 7.02400883416522 6.99554768071151
Tspan14 11.2007785813707 7.32688463401181 7.09667521018547
Lpcat3 11.4786154330381 7.19673589716453 7.14506436229941
Pxn 11.8612215849744 6.90324903770461 6.3206763171738
Hvcn1 10.2856187487951 6.39303968633345 5.51285934401634
Srsf7 12.1714156611169 8.74524098487167 8.15955493598929
Edem1 10.5644676490564 6.03628603739045 4.49673385139649
Icam1 12.144222640413 4.68098216139364 4.66164416805514
Ptbp3 11.2952745829932 7.7837973585661 6.60878977853061
Prkab1 10.8728158992286 7.17385595948703 6.96454834391398
Rbl1 8.51194870241016 4.80334422026325 4.65954341297999
Rcsd1 12.3223507478265 7.12270916358631 6.57830221710632
Tmem140 8.46080936763924 4.61526678879514 4.37859170386217
0610040J01Rik 10.8106638816197 5.91803274432161 5.46092773837532
Cklf 11.3324839569912 6.45555443473044 5.49165899115248
Cd177 8.01898297885642 4.26190130713378 4.13124310015175
Casp8 9.83591177234681 4.8822374144229 4.45430437818185
Tmed5 10.4601759587631 7.02645593684684 6.21919189906635
F11r 12.1638127271072 6.5055215841932 5.91788515585682
Eva1a 8.63294613398656 4.770511540392 4.47817326158104
Mfap3 11.4258563297422 8.095746419586 7.60001803283179
Reep3 10.7593284719606 6.82295248764205 5.31354555696177
Tor4a 10.4213155961976 5.75838676912918 5.1706583089886
Trim34a 8.69868770830196 5.22804787439928 5.1260866902648
Ptbp1 9.02225932629817 5.51693247772121 5.07296508769156
Lpxn 10.730982217212 4.82859689974967 4.44117218649819
Siglec5 8.337886172674 3.87168554866685 3.84339321725725
Mylip 12.3804927223987 8.03468285445271 7.22262351672432
Fcrl1 9.27554865404005 5.27189481533893 5.17135145054316
Lifr 10.914871574386 7.48728841664227 7.46989686492
Csf1 9.80595405056766 6.19400217889731 5.85104779599824
P2ry6 11.5909433501351 4.3824093311514 4.27924517704145
Wsb1 12.1955534450875 7.69362058553504 6.61545213102342
H2-K1 12.7949568117272 8.77232937773806 6.72621013877092
Slc3a2 12.5439222171533 9.14502088704551 8.24267977534151
Tgfbr2 12.4312251246194 6.15190571564969 5.88826805778935
H2-Ab1 8.4512011309411 4.9749623075815 4.53767480043233
Prpf4b 10.2022154854581 6.66573804780635 5.9548678544577
Ceacam1 8.73427463823456 4.34365537843065 4.23677128298486
Mlph 9.52478746573067 5.31186281118674 4.98255534694809
Ncf1 9.01873662127703 5.29819612957178 5.28879341210443
Il13ra1 9.69650941211153 5.88072580625978 5.07422400387984
Adap2 10.4876327911899 5.32706456702964 5.29008170438464
Akr1b10 8.35430474274704 4.60963641699142 4.51425934477086
Pld1 10.7880824610021 5.93688547073169 5.68075515164859
Pon2 9.26937417743214 5.54123395006285 4.49052468949791
Capn3 10.437566906065 4.97429178472873 4.6589388082496
Gem 8.28009388336886 4.35370203500407 4.0366436880125
Tor1aip1 9.84392113236668 6.46129671434364 5.97464707878989
ND5 11.9712888648361 8.44209444654741 7.36280783152718
Rrbp1 12.1135184174842 8.09956127880634 6.54390929764696
Clk1 11.9971319270739 7.62157021907811 7.60978604164353
Vwa5a 10.3690918760756 6.60699653030125 5.14670437613417
Glul 11.9439234863599 7.09759987107735 6.96159258513113
Arrb2 11.5161791808491 8.07074215900206 6.94028517981025
Pros1 11.4244912078995 5.17928993328148 5.10669505338922
Rin2 10.1302854085197 6.10152166931531 5.84700281806554
Tifa 10.6649959627868 6.16827986366484 5.88927259674649
Arhgap17 11.0358082941061 5.32353304199779 5.26298770784472
Phgdh 11.0663668828628 7.62468126419823 6.87276206883439
Parp12 9.52345845288495 4.8685662264874 4.71895694345918
Trim47 10.122871565472 5.17189973705744 5.05704050841074
Lgals3 8.71732817427299 4.79076475568059 4.67382448530821
Ddx26b 12.2655895521916 7.94443032028274 7.66373344634895
Slc25a45 10.8783954265567 6.59635682895004 6.15494112057501
Plcg2 11.2395812321787 7.08835293762927 7.01056291401973
Mlxip 11.0131464704826 7.24195580486944 6.80433760329407
Sash3 11.2528818012755 5.90219235731348 5.53643599478544
Themis2 9.94919523666928 5.21608506540285 5.13632236521975
Smo 8.91822177549275 5.58634491243864 5.2460056008122
Mpeg1 13.5339312443488 6.2468272049101 6.03262660176394
Hspa1b 12.7328150924375 7.71355080380494 7.44985059978687
Xist 12.7732517233129 4.40482813019372 4.23576244773901
Cd48 9.99176185857167 5.17652226301172 4.60875956498355
Akna 10.5978331936346 4.89709752443173 4.84911745536712
Sult1a1 9.92143049281146 5.13118177710295 4.8610152004125
Fes 10.5840546362038 6.1177702158498 5.96485892760851
Cep152 9.68353142517718 5.55604238298972 5.19215670398014
B2m 13.2088860971046 9.47311643573335 7.18648558481611
Ccrl2 11.4107831106411 5.7452795150091 5.44899406621999
Lcn2 11.7182561949748 4.61194719265171 4.36191195997121
Hbb-b2 7.86146929235822 4.16251252287788 3.99991593525686
Gimap6 8.28896486111756 4.71316146535465 4.57800828715989
Myo1g 9.04216166021584 5.05772280515454 4.94741344904013
Tmem173 11.1696407087511 6.33476837657898 6.20537941907
BC028528 9.01173787915138 5.07314693195749 4.9947261341581
AF251705 12.0057126252299 6.78102246482787 6.70955507091105
Hmha1 10.4487011332694 5.67055938423121 5.59660263435001
Rreb1 9.66195512280759 5.52630238232942 5.07923475671254
Gmip 10.2055870255081 6.23845962495123 5.79979106136161
Nckap1l 11.1526856630168 6.75317910981906 5.27352289451486
Abcc3 9.7509259850256 5.30159338226048 4.93691338143895
Rhoh 10.7637079698635 5.08059738087668 4.82800571769643
1700017B05Rik 11.7522974287947 5.74698412645523 5.54277321224045
Srgap2 11.7585843286276 8.30830491269418 8.2559764070629
2810043O03Rik 8.32709215618797 4.1855381145199 4.06031692435651
Gusb 11.4803411718158 6.4640928651905 4.92247644767297
Lair1 10.6612900224916 4.78858052599128 4.67594041724215
P2ry12 12.4385715566921 4.81972760880354 4.51883912242841
Apoe 11.7960795852016 8.10797935939921 7.83769526732248
Epb4.1l2 12.5432840929574 7.30968069769093 6.26443910196871
Pld4 12.1700437011819 5.38296219904299 5.31040769149089
Lrrfip1 10.7224886700699 5.72934872191706 5.44749447558064
AU020206 9.79768698851007 5.6068451944357 5.22170160095778
Fermt3 11.4207362066657 4.61643838821499 4.61004335838504
Tgif2 9.9426138283241 6.29070424655901 5.92370483050951
Ankrd44 11.5679366187782 8.2281315732028 5.56154836571686
H2-Aa 11.2644036954394 4.69025320867924 4.61265251741927
Fam105a 11.8820924454901 8.39452588751651 7.5227794011251
Cpne3 9.50290347799534 5.98897008572779 5.86989581233757
Herpud1 12.5116726598182 8.49718878290943 7.89023478431524
2610528A11Rik 7.85521558302243 4.43907618416581 4.35527629786593
Cd300a 10.0530239896872 4.94747345651551 4.90286485061967
Tmem71 7.83337212150143 4.26017557784767 4.18603672841565
Lyz1 12.2502412289951 4.92543651114493 4.31977809165364
Zfp110 10.6738601357144 7.17068799410303 7.0133253978011
Clcf1 8.68466038510135 4.0629973272331 3.77810292276043
Adrb2 8.29734945321406 4.36009905123235 4.24505029947402
Hmgb2 9.04290768492065 5.57254925348293 5.51195061547948
Lrrk1 9.1635528470806 4.83199307422773 4.64663509097824
Zfp36l2 12.4004422821899 6.89711331478135 6.39844289758476
Il10ra 11.9867649941734 5.23710729203031 5.05113786066152
D530037H12Rik 10.4018822600769 4.06720231814082 3.93304652546954
Rbm5 8.25606928937062 4.36096096608683 4.01999837413441
Rab20 9.64744268247702 4.08044596591186 4.06605181028895
Slc9a3r1 10.5341792603602 6.99859490813202 6.62225433722358
Vim 8.20604281286246 4.27921342150835 3.86641577078348
Grn 13.6303783372944 8.80105462185825 7.29047568448591
Mavs 9.23385264584594 5.50227090496176 4.2515246871666
Bach1 11.7684659473826 8.15355414050422 7.168980161311
D9Ertd306e 8.20712585253381 4.11256755060657 3.99355554516935
C79242 8.41316050528701 4.58485392349868 4.49915949517169
Fam46c 12.2421510197398 6.95311697172751 4.65988503355026
Ctsa 12.9644748360344 9.31425805952449 8.60961058388498
Pald1 11.0128320429645 6.11943196126851 6.07289874192926
Ifngr1 12.016051864462 7.48993773277091 7.44646747600892
Ucp2 10.8156159051053 7.07129019001556 6.92707067614623
Tcn2 12.1195930224409 6.73785821991309 6.25606563099544
Anxa1 9.64055143138413 4.74099683856849 4.17132002209727
Cmtm3 10.0110497819572 5.68565162504935 5.67416273459828
Ppp1r15a 12.6593601245383 8.15206580599965 7.33947573898344
Slc15a4 11.356384012252 7.77550926921524 7.64790085452265
Dhrs3 10.8328899765314 7.17224456933091 6.37230255664362
Lrmp 8.89491220593798 4.57513800677496 4.37365377335814
Olfml3 13.5644607358692 6.3774985914035 6.20358856781323
Pla2g4a 9.55730250855793 5.2733446211056 5.03457545595557
Ncf2 11.109264808914 5.65954588788397 5.6325881837374
Il7r 9.22711297999003 5.10683185949635 5.01863510813424
Ctss 14.1223387589978 7.62368916302958 7.59932556197414
Cd53 12.6270729328698 5.35911330338704 5.27711628033996
Fcgr3 13.3874319809845 6.21418817456446 5.82915630743318
Hps4 12.4456398299555 7.9384549793095 7.83397446646611
S100a9 12.2965410503709 4.82827865056954 4.63784928687181
Dusp1 14.1813580097059 9.93153082182894 9.20634814636501
Traf5 9.0214474215703 5.52568526166612 5.49347453329887
Lgmn 13.4068999504885 9.84140315460244 7.18299395532766
Klf2 12.9915058739807 5.36432497864714 5.0661348236034
Fcrls 13.5200887013828 5.87674578547735 5.65205518407389
Trip6 9.31751803635675 5.61389381769932 5.34419379886472
Tlr1 9.55990391864875 4.16302541053668 4.10690244958744
Selplg 13.492313873689 6.74140650402933 6.73951672522676
Cd68 12.2825968841945 7.05269781187187 5.03019989216659
Gpr65 7.85611733273235 4.2226236460722 3.92221542155672
Ebi3 9.38512048892932 5.87676123809196 5.6619666867142
Csf2rb2 9.46516272602394 4.53614915915265 4.34955915896484
Atf3 13.3007390383143 5.05428054610111 4.78383149046562
Il1b 8.75804374629313 5.34204808095072 5.26124320630075
C1qc 13.5695399365939 6.05087122080544 5.21408728064413
Chst7 11.0545300964632 6.17542337889662 5.84279587892493
Hck 11.7192724128215 5.60163067607922 4.8806635809089
Gcnt1 7.89240442650036 4.35794987504556 4.21345503168589
Casp4 9.17977855891737 4.19410806250217 4.08412230147323
Lag3 9.94342037341401 5.6607742314757 5.59046906339356
Cxcl2 10.9236295592129 4.25090501034886 4.17897295331183
Ltf 11.9771261319803 7.52627884863529 6.39471365338181
Cx3cr1 12.8322911670036 5.73633048907046 5.5638564009661
H2-D1 12.6856010965553 8.90839238256519 6.64990718988446
Stab1 10.7835801182221 5.64410422802314 5.18664230235408
Evi2a 12.5801879760248 6.5594916574067 6.33632019476083
Il6 8.3523884587654 3.91843381979311 3.83152198900435
Pdgfb 10.6620659529342 6.34009105933369 6.3094188784502
Mrc1 8.47267687587698 4.21435236046321 4.133869866031
Cd33 8.91751905662005 5.35901738486617 4.91341398229877
Itgb2 11.8281947861841 4.8277097297417 4.73364834552724
Rgl2 11.0627483576315 7.34229557526364 7.33644670568432
Psmb9 9.49408509768935 5.93931120039728 5.68093111523932
Adamts1 11.3973807177838 5.4759506786084 5.39656696841517
Ang 8.67340897437916 4.14175725931129 3.98647863048672
Sh2b2 9.32069277757714 4.66039551385462 4.5397357158735
Tyrobp 12.9035612805634 5.87287383801564 5.78033736777305
Ptplad2 9.63817330010533 5.47996610713217 5.36702913125571
Slc29a3 11.6835560124248 5.70852576556525 5.67632055443024
Pbxip1 10.3716503756831 6.35671893739825 6.32787929106562
Emr1 12.777781853873 5.73956001400282 5.57597583034498
Nrros 12.3519497751025 6.19122051419525 5.50280916508752
Tmem119 13.699678559052 6.23330279109491 6.09665383080002
Pnpla7 10.5843197435089 5.86677236526525 5.44637614770088
1810011O10Rik 8.37120216738482 4.39864433672448 4.30457819784213
Slc46a3 9.85031592896195 6.49529527053022 6.15511859508431
Parp14 9.10437062254361 5.15073509521494 5.13593137385898
Havcr2 10.710530075929 4.40991258999489 4.40571688846303
Alas2 9.97256535353661 5.01172788744299 4.9792810321418
Cmtm7 10.4036329494645 5.29923020412981 5.11754094805258
Mafb 10.9849900615298 5.74868842129707 4.992263409774
Apobec1 9.7227717478305 5.61759745226747 5.33382978543849
Blnk 11.8079240962002 5.77880405885134 5.65734488378914
Tmcc3 9.16895367720384 5.19990042498244 4.90780034388425
Notch2 11.035203297165 6.36635841205484 5.87169738722543
Vrk2 8.87003271247097 5.48455450872521 5.27451409290311
Daglb 9.94097644340737 6.60679453776227 6.58972433841323
Alox5ap 12.5749967599795 7.62863099689419 6.33430943734455
Fyb 11.7159427823204 6.11840216056433 6.04873985945374
Sepp1 13.725757445204 9.058259663794 8.21964908817036
Ctla2b 9.94438247489242 4.48485223551046 4.15761813395714
Hspa1a 11.9245276178108 6.05116161370001 5.74239752626995
Slc37a2 8.79282849614854 5.4206456395589 5.19720977627416
Zfp36 13.4960506681509 6.10193336994379 5.70493904129854
Abhd15 9.92497435981129 4.93383995304648 4.83350385947504
Cyba 11.7749627835735 5.34775544880762 5.19558136924731
Wasf2 12.4660305697947 7.48614578595047 6.61512950588974
Ptpn6 11.3292345329635 6.69714643808052 6.64079654294238
4833441D16Rik 9.33372525445037 5.07456672963114 4.71952384764026
Tec 10.1967601761071 5.76159454470446 5.0248127834072
Cd52 8.83934325002235 5.21682140984132 4.73998116632513
Irf5 10.4417221455899 6.17941770644529 5.94440966473522
Wdr81 11.507769957771 8.07928354067771 7.90399413272221
Klrd1 7.52307482814316 4.14388485932491 4.04445371565049
Naip2 10.8151812852359 4.53802739099152 4.48428645678822
Anxa3 12.9131833282778 5.47217766824842 5.46975365411049
