Tppp3 10.7940547651326 7.09966258273924 6.05188372446234
Hspb8 10.7091786563235 6.24642122411722 6.15775619772383
Shd 9.74302614346563 6.3341822462916 6.25498257151335
Trpc3 11.1003964994168 6.3914610747248 5.43349951394977
Sncg 10.3504767184407 5.15414434491628 4.65593975056404
Ufsp1 9.81272038268381 6.4730529567102 6.13675308426012
Resp18 11.4908949806773 6.76067488101295 4.35554039415347
Nrip3 11.8535037531716 8.45026218495969 5.64445471287862
Unc119 11.300606434165 7.02979618432052 6.63624414133315
Cxcl14 10.9392485818273 6.03807183416836 4.90651041147964
Pcbd1 12.0412416278747 7.32974798192394 6.58859536357141
Hebp2 9.89745573051577 6.18506784207012 5.88938155512778
Mt3 12.15679341395 8.43856218790801 7.14360435121843
Sln 9.26648127721676 4.77454908811224 4.71730193614404
Ngfr 9.84547745196339 6.28248817263666 5.83881274632405
Slc5a7 8.3474119889148 4.89830660087223 4.50344521610539
Elavl2 11.653633428532 8.08520531053818 3.96490990519268
Slc18a3 11.756889799387 5.26675022607446 4.81075064211953
Ecel1 11.4517182872967 6.96261372749448 6.11461737384965
Ache 11.6732551009221 6.7841062345719 6.34999102714592
Cartpt 9.46336312584724 5.97538226723664 4.67794948246586
Stmn2 11.2504417263556 7.69935484071515 4.53507066064454
Zic3 8.64177597030412 5.26892154702703 4.85148688111756
Zic1 11.5025038048557 6.71350228036239 5.17668280074973
Tspan17 10.3807320024579 6.48751060503359 5.04258466820477
Uqcr10 10.2979553371495 6.87212616628685 6.41968725823121
Lhx8 11.9203627402028 6.43917104844862 4.19755371924047
Hopx 10.5357568589324 6.41744772785282 6.05020012448792
Mela 9.99359065743726 4.61753580560132 4.3437115127413
Tacr3 9.31354863939639 5.10411703798777 4.55878699822034
Arhgdig 12.0981036838115 8.62991028542034 5.50193212766277
Gpx3 10.7986483584317 6.64670614960687 6.47944228518971
Fkbp1b 11.8822590838469 7.71701360057821 6.53639820734365
Crabp2 10.4512801955294 5.8585260572911 5.17707605466351
