Tgfbi 10.1405547174483 6.43952992898681 4.47991855616311
Lcp1 11.8379992138945 6.44452129697781 4.32941466839352
Cd83 13.1517119399809 7.58531996325595 5.44011081185297
Sipa1 11.0491157826369 7.40093611715126 6.27419962873516
Tnfaip2 9.10265124910753 5.38208132170733 3.88696607516599
Socs3 12.872389729541 8.16272168396026 3.97294683799663
4632428N05Rik 13.023417651154 8.56237180354389 4.91180159237828
Spint1 10.3486258835977 6.11470019293346 5.20054911727119
Afp 8.25927872186671 4.00768747716109 3.69553829502677
Clic1 11.3149596683149 7.80579589147979 5.59399321036312
Irf8 12.5830920544812 5.67161626925251 5.20820370324152
Tbxas1 9.82110086955256 6.3991279604432 5.90176697862175
Parvg 10.3515058485033 6.64700265156926 5.29695013118546
Rps6ka1 12.4350911117328 8.50392922356161 7.61091143064775
Mfng 10.0773132550699 6.13764147004053 5.6505658904283
Slc40a1 11.6104164701375 6.96521468770619 5.74690854139948
C1qb 13.334449855087 5.46519081275636 3.8009273016794
Ccl6 10.2968696260595 4.84929465693226 4.03687750097553
Cd14 13.2858211222074 7.44838618330842 6.25993203874064
Pycard 11.7476509071618 6.42610775032829 5.32104644522626
C1qa 13.2023340640432 7.02675864750392 5.10418174279125
Il16 10.5721616851226 5.91954539963008 5.28638028486753
Slc7a7 10.8083190565862 5.46007704901217 5.07381134464969
Srgn 13.2068622416084 7.22224592368181 5.43389276320349
Myh9 12.4734956086251 8.17346846650049 7.47754050398274
Nfkbiz 12.6004495355117 8.86888846888951 5.06846064864288
Tgm2 11.642946111078 7.35460113198774 5.44616767230255
Plek 13.0477422121131 6.5533535068525 5.61348951027817
Rgs1 11.0898478208524 4.8842029587516 4.45592481378542
Cd79b 8.0542253469498 4.72272922998151 4.59067314026848
Snx5 12.5389716579728 8.68586654094866 7.01217603296497
Elk3 10.437348137504 6.27312979878986 4.55625161714459
Laptm5 13.2497958585741 6.86993486790719 3.88776859781559
Slc25a37 10.7966850520022 7.2459215942655 6.00297122918262
Rgs19 10.1981713053925 6.17595114398516 4.78573798111769
Serinc3 10.9280820038238 7.02836881974453 6.38760751967533
Ctsz 13.0485403305481 9.67333327755644 6.46263050795793
Fcgr1 12.2838802885119 5.19329766677353 4.42783911275859
Slc16a6 11.5411253999105 7.48845054862648 5.46397912997454
Ccl9 11.3508771596472 5.07620419108656 4.81661554632411
Trim30a 9.8600658104235 6.44059347584202 5.4210195268793
B4galt1 10.9185743862039 7.26495337560802 5.88323464353485
Tnfrsf1b 11.7294024065306 6.87198210613745 5.88166714243612
Inpp5d 12.4783900860876 7.14024474674829 6.38739609964404
Tlr4 9.37755048286687 5.2180008199392 4.35036004990165
Aif1 11.8099905233592 5.31991416108747 4.87083876218818
Syk 11.1736838971837 6.91904045743861 6.13614819599375
Klf6 12.1197284009329 8.08485822485562 6.55488186146221
Crybb1 12.2532048432707 7.02220691185157 6.4877832879807
Fcer1g 12.6825054501545 6.76157750565977 5.74414291206008
Ctsh 12.8742742032151 6.58640635968129 5.22867573316132
Gpsm3 9.5878408034758 5.5481577069293 5.08392132049835
Ncf4 10.7305401881173 5.18373395682213 4.82858411981678
Ggta1 10.3021085784473 5.82954043308749 4.17599699884932
Lcp2 10.4299333406719 4.99604219009159 4.50715304055113
Ngp 12.2995043542679 6.27989722435113 5.40558458647723
Spi1 10.3859436109085 6.17240731625636 5.87735816534823
Csf3r 10.5303261448833 6.81690799102876 5.2798820609712
Ms4a6b 11.2757685053458 5.13113743613486 4.75637570651165
Hcls1 8.63630419546985 4.88324968602478 4.67692704692467
Pabpc1 11.2298634617249 6.20831952153304 4.50245777703292
Skap2 12.0094790306754 8.63773887847866 6.45361955952852
Cebpb 11.6743509032076 8.16205734383938 6.06898325845786
Plxdc2 12.0529683323577 7.92492717454934 5.64812241393172
Cxcl10 9.7662958946731 5.70383248267113 5.13897432746833
Cysltr1 9.23363767777187 4.35454965274639 3.90434970023548
Cttnbp2nl 11.7692220388043 7.32416960502587 5.68213645070296
Lyl1 10.013448973115 5.5068326767315 4.96684072227089
Ptpn18 10.350655093353 6.66500546308965 5.63920641380079
Tlr2 11.864186632689 5.95687180863187 5.58099388928165
Serpine1 9.57269546409715 5.37086282337842 4.60756932755243
Mlxipl 10.5927739153422 6.61900148099743 5.1687198573205
Cd37 10.9462016903761 6.45568660231462 5.28101546520869
Map3k8 10.1917146557049 5.03980626405729 4.76466402847267
Myd88 10.7885966963584 6.83242566952005 5.93218057056166
Ccl12 10.4751595691536 4.65601471842554 4.32370871883687
Arhgap4 9.38418443524174 5.53588337448506 5.31644075118331
Pon3 9.10935515291671 4.65652122578698 4.34519548098301
Slamf9 11.2066876411094 7.83266244500482 6.23020085707856
S100a8 12.9638824039872 4.77985044023413 4.53081466890415
Il10rb 10.594105170653 6.7348297197201 5.19495745753088
C3ar1 11.6182149621142 6.59013631594786 5.3030378128737
Fgd2 12.1293203269256 6.26222266018396 5.90893214232235
Ccl3 13.5496556060224 5.22563234695045 4.63875045897127
Ms4a6d 11.498084859003 4.68750449843885 4.35778075498731
Ier3 13.5855914649438 8.29600391735366 7.25964073686214
Camp 11.8351935968853 5.71198645827 5.36532570396707
Klk8 10.1637978906065 5.99408924302932 5.42595781458491
Chil3 10.6986949112657 4.4914907601195 3.72300307903421
Arap3 10.0084235335535 4.40688974973037 3.96255174603999
Tlr7 11.1690114771889 5.40887767376825 4.78821432763
Csf1r 14.0292728577336 9.57095610334689 6.8153611291603
Hpgd 11.9284845304822 6.24244818028323 4.2243995098671
Slc11a1 11.348119903574 6.60178997442497 5.47580809455785
Ccl2 9.39365889899599 5.45621290769534 5.10989807998264
Cd86 11.7078926817195 5.24956299434514 4.78496689717974
Gpr84 11.5922078227709 6.23905726990973 5.31158009260946
Trim12a 8.60607054794922 4.49372470973109 3.98122335303775
Zfhx3 11.2458196415341 5.77702753624149 4.37830467826023
Slc15a3 11.5031029092383 5.38533476999026 5.16290907824166
Rel 9.37584581713377 5.74324255794432 5.16890259805691
Sla 12.412369723073 7.94262442825278 5.6909169495346
Tgfbr1 13.4953964323281 7.82036535024905 5.69852085386283
Adcy7 12.0401852065097 7.2832313264362 4.82803349892651
Lgals9 9.7144470271434 5.92776964847971 5.28290943763869
Trem2 11.3744113100813 6.8334207759356 6.18595294667372
Gna15 8.98838653928669 5.57968589180212 4.94386765775972
Birc3 10.6680989517335 6.40618982287405 5.88763282761119
Igsf6 8.76352354526292 4.32857596696804 4.14110601402805
Samsn1 9.02117009275432 4.76960796700985 4.4771907061104
Il1a 10.5627537042988 4.58318111332372 4.35963795771241
Hpgds 9.22555193578103 5.37728936415834 4.86705892098415
Naip5 11.1748062850229 4.91736084556603 4.08464691310926
Ccl4 12.655502757357 7.58511142875394 5.89847803341972
Stat6 10.5002673668222 6.26382520885025 4.88345979089105
Clec4a2 10.2600474435221 5.22126143916451 4.852275362651
Fli1 10.0941254445629 4.15834039816498 3.84009133303109
Ets1 9.55277010530181 5.26847850048068 4.1985781924893
Itgam 7.72351039802672 4.37900073753082 4.24976088709255
Ptprc 12.5235480291392 4.80147437493992 4.32459715681419
Ccr5 11.7396919362898 4.73352311356922 4.36896683978935
Il6ra 12.6715970650916 5.73924046075543 5.52392895333481
Tgif1 8.50945088524124 4.88578707934347 4.52285730663934
Pla2g15 12.3259450180791 8.21037226921704 6.52695749134079
Ifi30 11.3781163789488 7.30486396747774 6.02667550296067
H2-DMa 11.2573253131557 7.7981557265684 6.21914029317605
Gpr34 12.096128861767 4.20370247004077 3.96291795948046
Rrad 10.1172735062529 6.1178787035511 5.23494109465798
Rnase4 13.1184612117893 6.47115862808157 5.19187577275468
Hk2 12.3862706589026 7.51593430491791 6.01690415608001
Hfe 11.337741662807 6.83781039705067 5.85544972825425
Naalad2 9.76797067590899 6.31543478120918 5.32770540767469
Pik3cg 10.1956130518895 5.64663109741696 4.99519674630448
Cd84 9.78822716908046 4.6449554520276 4.37711483617372
Ly86 13.8305038298173 6.87991431187314 5.32900211888484
Vav1 10.4293295887311 4.1542435526119 3.94055478472808
Cfh 11.031443374587 3.94178245353979 3.48582130684631
Tnfrsf13b 9.62154101704082 4.99355158606034 4.30070984675694
Hhex 10.1791275378831 5.96469295215153 5.21159831617284
Entpd1 9.37032387449548 5.53306965594171 4.1153357060555
Ptgs1 12.2066936221392 8.22937667191165 4.94004992720405
Adrb1 10.605744756129 7.22713744301132 5.60410790295927
Lyz2 12.4203041170638 7.29602298636653 5.93216975195296
Ctc1 11.684666568769 7.80533663700563 7.23333725494229
Unc93b1 11.4209147437175 7.17946469541114 6.40553815446024
Cmtm6 12.3089984078596 8.78670112250194 4.73222027234262
Hvcn1 10.2816397991105 5.88800929303298 5.32775896168291
Edem1 10.6216568370496 6.88186174512219 4.66122304361359
Icam1 12.0685839298591 6.38301477461085 4.8480401813745
Ptbp3 11.2472405918636 7.8914455016106 6.00851026784817
Rcsd1 12.2491457547791 7.71333870728446 6.40058859175205
Tmem140 8.43942036859799 4.71219773537896 4.42273098216531
Cd177 7.89852531580111 4.54413149816753 4.14221038929061
Casp8 9.83466998065678 5.29986045236008 4.94759607044591
F11r 12.1660086110926 6.49191079854945 5.68456231912615
Ifi35 9.19995898169176 5.75466916909908 5.32006975081178
Tor4a 10.3275630348071 6.87446565722581 5.6712344419194
Lpxn 10.7589192457976 5.15516331465552 4.39464804917839
Siglec5 8.37803746411404 4.16293252421827 3.80047224459786
Fcrl1 9.2345619860761 5.53706856848513 5.29705352946607
P2ry6 11.5687601975602 4.72912087669531 4.2783367578884
H2-K1 12.8220187202518 7.95761378327393 7.28441150517807
Tgfbr2 12.4852370462276 7.72418852555408 6.03036621462859
Ceacam1 8.89348245863094 4.81099095828592 4.56432987659445
Mlph 9.42445206203504 5.79597272170527 5.1690796625418
Il13ra1 9.86451620775328 5.9173410952909 4.26052716980998
Adap2 10.5685173068896 5.27377275323306 5.06046915333127
Capn3 10.5561819143241 5.13156208092481 4.52270618296937
Arrb2 11.4717203569511 6.96467852727162 6.75744853068498
Pros1 11.415313090188 7.51108118467235 4.69100460093756
Arhgap17 11.1079285558079 7.35365071616775 4.87178682609034
Trim47 10.0914805439239 6.57963562655283 5.3367535720902
Plcg2 11.1456382313506 7.7411566587034 7.11207692137967
Sash3 11.2827116875116 6.938936962036 5.22852786794284
Themis2 10.0072343518523 5.26090530211092 4.89617386396937
Mpeg1 13.5781184656323 7.27364655558391 5.67082582014634
Cd48 10.0036336466823 4.82210581343466 4.29088130731779
Akna 10.6519382313125 6.62715790705715 4.62879732773451
Fes 10.6453727108248 6.8290134160953 5.93443611001916
Cep152 9.46016705782019 6.09700580402894 5.61876553441408
Egr2 11.2779367742076 6.87272128420986 4.50559131639421
Ccrl2 11.412796081801 6.48494182853362 5.7955234039274
Lcn2 11.5003470873269 4.5076125988179 4.18238990506222
Hbb-b2 7.85273730267384 4.20394361185168 3.86720552217967
Gimap6 8.35675485784954 4.94642409332109 4.64782964953984
AF251705 12.004730998868 7.43134293456252 6.25985769279751
Hmha1 10.4033953674837 5.96609888534356 5.43697346527017
Gmip 10.1713248884895 6.25145015592696 5.68570689895707
Nckap1l 11.1568327951404 6.29236019980127 4.78400743566589
Abcc3 9.76277744586897 5.78839100710021 5.0638761054372
Rhoh 10.549623104043 5.48282458921278 4.78794013842877
1700017B05Rik 11.7692217223209 7.39005125658411 5.64950416979111
Lair1 10.6130187631943 5.87582330977321 4.85058593992274
P2ry12 12.4746819840061 5.75268926553098 4.66052200924307
Rnf19b 9.48505322764021 5.66068635014016 4.80081597896419
Pld4 12.0206051656766 5.9987233615332 5.2508583247579
Lrrfip1 10.9400431244598 7.1562989167078 4.95634459792245
AU020206 9.79188957346073 5.69378362429972 5.02362345607713
Fermt3 11.3312647513459 4.57651680781932 3.87647558309992
Ankrd44 11.6744535697079 7.96396898360005 5.3589606431955
H2-Aa 10.7894269702174 5.90815014120909 4.69807569640108
Fam105a 11.8900076562701 8.25115555842588 5.87608127008804
Herpud1 12.5159313960105 9.17787235753808 8.44759815468119
Cd300a 9.88309640091064 5.47482313454519 4.82259360302433
Lyz1 12.1662559978148 6.27717086495337 4.32995105913172
Clcf1 8.65510766759181 4.02083357429262 3.71553337704302
Adrb2 8.04029829865073 4.39442503438702 4.23275790311695
Lrrk1 9.2169215889832 5.280980410434 4.55699258845754
Il10ra 11.9839212283458 5.12498484987157 4.75997558951664
Hexb 13.9346832426844 8.98138237808011 7.73746737115643
Rab20 9.52042754395053 5.1435792184079 3.82977348557954
Grn 13.5521140781199 10.2118452987812 8.20885446545673
D9Ertd306e 8.19945017537725 4.72062399983874 4.28212190549996
Fam46c 12.3550028613422 6.10389516536801 4.64252386908164
Pald1 10.9785325599872 6.86021753820251 6.00973401638183
Ifngr1 12.0357079893049 8.3450908793183 7.19252726976872
Anxa1 9.44951730885527 5.58238756776431 4.48699065918764
Lrmp 8.81165282774176 4.68528625884628 4.33479985034984
Olfml3 13.5847807250187 6.97965114719969 6.10994520588146
Ncf2 10.9263417405773 6.3734894085907 5.56554703591525
Il7r 9.24960705759555 5.72475525881811 4.83395002866428
Ctss 14.1436377001564 7.94417433271242 4.82348901917046
Cd53 12.7058528961117 5.46621312525315 5.09487598446385
Fcgr3 13.3678397073662 6.49114928727225 5.31596223260918
S100a9 12.1512954978643 5.19367956669038 4.69944501155856
Klf2 12.9546948291203 8.86705362190387 5.59676921585346
Fcrls 13.538343734353 6.77777670134527 5.59805338972312
Tlr1 9.60520010506197 4.51066162972551 4.08818968377923
Selplg 13.5701528797604 7.85363984093238 6.07786328413167
Cd68 12.2655547644002 5.93186770339431 4.88250298837011
Gpr65 7.70886230022633 4.05182947246585 3.84032271994166
Casp1 8.69693600519687 4.75219926793997 4.31112604449317
Csf2rb2 9.47900201616068 5.08492386913276 4.61571173004241
Atf3 13.284073086988 8.48492970336031 5.38994492263559
C1qc 13.5961558255427 6.53407761679009 5.0345433139868
Hck 11.7859620796645 5.62617342325837 4.65016759179793
Gcnt1 7.991253437913 4.34418906626961 4.13917238124923
Casp4 9.26315299804554 4.78670545093744 4.07238206888672
Ehd4 10.3117326305577 6.7302971871745 5.34948729056141
Ly96 8.91937274322914 5.41463906791878 4.58889100566263
Lag3 9.80016274610109 6.20122422171232 5.28211778607222
Cxcl2 10.7266031675695 5.08774388927117 4.26065277967095
Ltf 11.851175722853 7.55163387177526 5.94193510553769
Cx3cr1 12.8730629616277 6.69700758786998 5.12986982726401
H2-D1 12.6327304628196 7.97097879135938 7.1230091630312
Stab1 10.7605924600716 5.29364521617965 5.10033483251322
Il6 8.13911235858362 4.43494075574329 3.78432559880665
Mrc1 7.99313411604932 4.54905265470777 4.1549180158524
Hps3 10.8090339030534 7.40264100973065 6.89623044827459
Itgb2 11.9243168449721 5.14625811862618 4.5147296282456
Psmb9 9.4278289264293 5.89110783489138 5.322558517732
Ang 8.34675454689537 4.23512845194508 4.02168209217814
Sh2b2 9.2750055292418 5.37847186440533 4.68001782882501
Tyrobp 12.872201384089 6.78020554638783 5.49223469140893
Emr1 12.7903721087621 6.53813275351159 5.4635515465977
Nrros 12.3097176638707 8.85678430987708 5.82677417431147
Tmem119 13.7335005220805 7.19133219958835 5.67612219060248
Parp14 9.22364341007536 5.76736063576686 5.13515965620742
Ttr 13.2899892726514 6.98225256429204 3.97941693410813
Havcr2 10.538253418377 4.48614243644909 4.30121404094221
Alas2 10.1462688588052 5.25843707068094 4.92040859058149
Cmtm7 10.4128713125775 5.86078625869303 4.84741855605798
Blnk 11.8256575206264 6.99484873382233 5.05352838785839
Alox5ap 12.5974435879102 6.95050211993798 5.88416500246674
Fyb 11.6377216118874 6.17870329964579 5.93252395832516
Ctla2b 9.67840248028284 4.77013369767714 4.11149089112069
Zfp36 13.4481818753213 9.86526870874233 6.9221157371293
Abhd15 9.85244350316464 5.6196811327341 5.00243591503703
Cyba 11.683487063587 7.08802099303639 5.07282956772636
Spata13 11.8423721764084 8.40160873121469 5.18797960612465
Ptpn6 11.3447432428118 7.5831684008292 6.43038378611102
4833441D16Rik 9.44333514879099 6.01358009527528 4.84345410819845
Tec 10.193963488774 6.77842772970954 5.61798108812976
Cd52 8.77120540091781 4.88191967278428 4.5022222167696
Irf5 10.3658986193304 6.47109668765519 5.51731308677421
Naip2 10.6301514409205 4.62427301585423 4.19448377789798
Anxa3 12.8961234593997 6.22777490911561 5.16348652061566
