Gsn 12.0168139331949 7.85098902459487 4.85004096547807
Cldn11 11.0179126600811 5.2815575612819 4.14286940607838
Trim59 11.2556657982948 6.11116350442413 5.61116562512486
Apod 11.7456004900274 8.26195370009226 6.4283301418959
Lpar1 10.9052504375785 7.41423916723694 5.83074664620607
Mal 13.6839566827444 7.30033704879599 5.09429521679612
Grb14 11.6556128362025 8.06148995302051 5.33656842545177
Ppp1r14a 11.5685035715758 5.00924282548723 4.17125492387945
Ugt8a 12.4505921240008 6.35130179589783 4.28785470811497
Mbp 14.2013954444546 8.73637081267123 5.61879104401468
Ndrg1 12.5442928584783 8.2280659315308 5.12084259634734
Mobp 12.7389678452843 6.30736503789955 4.77584970486148
Ptgds 11.3682013473409 6.95393538608409 5.25242831261335
Pdlim2 11.9197384838699 8.38180192585391 5.5930418948932
Lims2 10.9068605045105 7.44593651942151 6.77363253894043
Tspan2 12.4867010226144 7.64204727551246 4.99449552560038
Slain1 10.5766052860443 6.63435510654344 4.15928583129612
Sox10 12.3065714967139 8.63401929784273 6.7338831804819
Plp1 13.4342945165291 9.45200955855721 4.46501146501096
Ddc 10.5445756006372 6.12876397934363 5.04804821634746
Fa2h 11.6161553541014 8.10715142215491 6.20161246061448
Nkx6-2 9.37980873177201 5.21025694063367 5.0042546236746
Anln 10.3090876183206 6.04646755537515 4.79649686932069
Erbb3 9.62029576137896 5.83414380566978 5.3853819898607
Plekhh1 8.38400633768465 4.84885069217621 4.55142777043853
Mog 11.2881830478725 4.45650374621628 4.05563805956422
Josd2 11.0540157325751 7.33454940471187 6.28891428713116
S1pr5 10.6170517371138 5.23074516774187 4.30243231281347
Adamts4 9.73922003646362 6.27771550057979 5.67222931888319
Mag 11.2807627157857 7.4597126464161 6.1656399768596
