Tgfbi 10.214108505107 4.93500392988065 4.55972966866785
Sgpl1 9.58944930363067 5.27583858251893 4.69898559162782
Junb 11.5499826198348 7.71426597935207 4.65164133650318
Lcp1 11.9186828085383 4.66851498237419 4.08169190557579
Txnip 13.6926905825169 7.03404580617578 6.7909640213862
Sgk1 13.2036884357458 9.84862858392542 6.33362580556815
Cd9 11.7908634776503 6.80205848169233 5.26433471302009
Tpst2 11.1108919206009 7.68229222371668 7.32662367455514
Tmed3 11.4464261292316 8.09981950849188 7.82393776185715
Cd83 13.2161047162533 7.78596843927305 6.44648916158397
Serpinf1 9.44570354298151 5.12710003713947 4.64903647679161
Sipa1 11.028832104782 6.78417860577912 6.22019723845819
Btg2 11.3906424677534 7.5454506083547 5.98720230923179
Tnfaip2 9.07410944533167 4.18063468293034 3.86378116535604
Litaf 12.5687309938788 7.76008891183846 7.43397986211779
Lamp2 11.5544716379291 7.78641239178869 6.28794713192115
Tubb6 9.94746027053954 5.8857652258368 5.44567427657032
Pfkfb3 9.98273426377903 5.38988299412396 5.30218889413229
Cd164 13.2308857274045 9.58102652552264 8.34643233798517
Ier2 13.4029366730924 6.85095521512626 5.89921573628976
Pnp 12.8799287012372 7.38273051383748 6.83872897316655
Nfe2l2 11.356253934114 6.44906049401849 4.83261143055248
Socs3 12.8477426387797 4.23041090752306 4.0820509504322
Sparc 11.7443656880018 7.29600877882025 4.62801986662309
Scamp2 12.1490850674193 7.73208408046452 7.33265954875321
4632428N05Rik 12.9633024758073 5.3462484103887 4.81536381798701
Spint1 10.3283172527647 6.28557403236728 5.4657487411959
Afp 8.35050803873215 3.75716837467134 3.6935860922438
Clic1 11.3122330580261 5.9878798524972 5.59468680798981
Plxnb2 11.1496648391028 7.14354423048551 6.66296338427554
Tspo 8.89121618445163 5.26887427603858 4.43435003376088
Irf8 12.5462653592052 5.69994543866785 5.25743024409748
Fkbp7 9.39487954845409 6.03074416263765 5.25420242147884
Slc39a8 8.14296708004609 4.41290373900794 3.9751900843921
Parvg 10.4281853264487 6.87879523113024 6.20966698330367
Mcl1 12.2077605709068 8.2577755385005 6.20539240358593
Rps6ka1 12.3511118887686 8.44089098645913 6.68770821395998
Npc2 12.8935384047443 8.97499853896818 8.23699377991369
Trpv2 10.5248576204666 7.09183720528362 6.46618387355072
Tnfaip8 10.106166018297 4.34286749832716 4.30978476502233
Fcgrt 9.49114216971545 6.10413779354658 5.90800405191122
Slc40a1 11.6873175794834 7.00697363649813 5.3695346748702
C1qb 13.3809165744448 9.32301557245373 3.80761996110455
Cyp4v3 11.0156233140278 6.61171365947449 6.52053276443186
Syngr2 11.5324666076936 5.06159947553113 4.57192924779013
Pmp22 12.2434056339285 6.29540060669931 5.23212898303797
Tmbim1 10.0554907798174 6.594751150608 6.3584816907201
Ccl6 10.4831140019336 4.95852661378702 4.63246592540498
Cd14 13.3794861542207 7.6474334660153 6.24922668043149
Pycard 11.7530559991681 5.39000913118898 5.24736783139328
C1qa 13.1874316054276 6.45793260895147 6.01871007811465
Il16 10.5676116874908 7.14761155129122 5.97191822131194
Slc7a7 10.9326702827516 5.61764154174375 5.09844524902621
Klf4 12.8356975471887 5.42102583901495 4.46910442548685
Jun 13.1513958362792 9.49876828535505 5.44731269035053
Srgn 13.2795222117037 6.20867981832754 5.58833360920582
Nfkbiz 12.6921044506167 6.29371420036566 4.50524010447958
Tgm2 11.6702792723547 6.20508100636139 5.12966594820191
Plek 13.0385446953369 6.4247117373374 5.40723066715144
Itgb5 13.3122301859398 7.10431790608017 3.73250581081544
Elf1 9.08464008124719 4.64349179575281 4.08974604226496
Rgs1 11.3590498478886 4.93407689806257 4.56171371944514
Ier5 13.0447369736646 9.58545866505925 5.72112787147411
Snx5 12.5419589726741 7.39932829294488 6.24370496735455
Elk3 10.4319956263106 6.45272356908632 4.46349363473941
Gab1 9.8252745536932 5.7272154887136 4.9510007446497
Naglu 9.2020102640205 5.8051045421229 5.28538263189918
Laptm5 13.25292607905 9.33468352957084 3.96339226703176
Pygl 8.54904715943291 4.93715340540155 4.2084805831555
Slc25a37 10.7377469263125 6.79002703881752 6.25964848334795
Serinc3 10.7887820532689 6.85429274016496 6.35749764177387
Ctsz 12.9968566741552 7.36721400183536 5.94733706863838
Fcgr1 12.2955371160684 4.84753981153326 4.46000707736694
Slc16a6 11.5647594820405 6.6531461417702 5.4917488769058
Pdlim4 9.51167808110339 5.40581411279079 4.59447341583529
Ccl9 11.4677327663853 5.25426682573599 4.78926590006489
Tmem176b 13.0534256974988 8.7854198458148 7.92335444123469
B4galt1 11.1336165305587 7.55642932675394 7.36282079284034
Tnfrsf1b 11.7452188608572 6.78676064294179 5.99882039376666
Inpp5d 12.4577394438636 7.27181023175609 6.77793896653747
Tlr4 9.57555684780965 4.80399501726965 4.21267100568605
Pmaip1 7.97566326054479 4.12960131755901 3.91757946683002
Aif1 11.8214348072249 5.76317283024812 4.94587972551142
Lims1 11.3701224038562 7.87384758069821 6.72435074866546
Klf6 12.2250639567383 6.08868667836995 5.15483433546479
Crybb1 12.2648088011919 6.81391808099815 6.43876744727313
Fcer1g 12.6718396223893 7.02837240289574 6.12574368988077
Ctsh 12.87251521366 5.67297211563384 5.49792725624206
Gpsm3 9.55595780536678 5.47068105264396 5.3091896058482
Ncf4 10.7292352869563 5.45282059067244 5.00232069781685
Ggta1 10.3002208247185 4.45226387330086 4.22562162681298
Lcp2 10.4089431447829 5.11012192787015 4.85313262714198
Ngp 12.7574775005176 6.4900160856569 5.66247061329372
Spi1 10.4190424481911 6.26674782840006 5.90098733283373
Ms4a6b 11.2554621340409 5.09907006237845 4.94937309918456
Hcls1 8.70906636115833 4.82667913129488 4.70725471756861
Pabpc1 11.1781404360411 5.57596924463295 4.80787628009326
Skap2 12.056136723105 8.70927171135252 6.39964512685625
Plxdc2 12.0745716973584 7.5999143979579 5.24372695358728
Cxcl10 9.72683118350032 5.29636407629259 5.10006893959202
Maff 10.2074887860116 6.43420593428776 5.92021266324963
Cysltr1 9.25437959121948 4.67732219402737 4.12626325470404
Bcl10 11.4178380984863 7.66618465892302 6.73201227028882
Cebpa 9.84230025530157 6.06580217669678 5.93751713368428
Cttnbp2nl 11.6991350325633 5.95929084163971 5.57968132216797
Lyl1 9.96552235514374 5.71413772530877 5.34411363882501
Ptpn18 10.3344380846283 6.76209097167579 6.29671366536516
Tlr2 11.9276981137555 6.33462771568522 5.39197367078538
Cd163 7.96377468160987 4.11568201466342 3.97197196892105
Serpine1 9.65311808101758 5.68558977842667 4.54611809501912
Mlxipl 10.5385226388773 6.63305833350985 5.25372690241674
Cd37 10.9003612304416 6.57497248822205 6.013571059932
Map3k8 10.2772018482877 5.35651460120762 4.99598175569062
Myd88 10.6605178444686 6.44491341479052 5.72627561187443
Ccl12 10.6391731596107 4.69595532911664 4.43034225007353
Jam2 8.93482451958042 5.5283331146329 5.17065365088509
Pon3 9.25424963832735 4.47940557342201 4.25583696493548
Slamf9 11.1460693903532 7.70207051963082 6.55311353091491
S100a8 13.1710031765985 4.6811096594686 4.62509829429391
Il10rb 10.5493104181091 6.23062976637336 5.24916198226837
C3ar1 11.7048817822179 6.77855902319931 5.46895549797152
Ripk1 10.2351943744533 6.84599817973444 5.765432861134
Fgd2 12.0963667807367 6.4093806325238 6.13850622405993
Rela 11.8418378886618 8.18249462445658 7.4521250211699
Ccl3 13.5359936909524 5.28206604746699 4.60845107638815
Ms4a6d 11.4841310922632 4.70365432775062 4.52438578691637
Ier3 13.5124048716238 8.12658782727293 6.83894119523746
Nupr1 9.91190169343546 5.87964707853035 5.05961043221516
Camp 12.4507582747533 6.00810110603134 5.57078954358396
Chil3 11.4871946767607 4.53606894486655 4.09892908781288
Arap3 9.99309938625579 4.43360637855562 4.06333713717435
Tlr7 11.1537008662761 5.5126272032076 5.03958640982083
Trim25 10.6548242070809 6.46455033689982 5.34131347577939
Hpgd 11.9738918982247 4.91064334231072 4.60876848767017
Mcm3 9.01275163949269 5.02079215689693 4.95952348850329
Slc11a1 11.3948658681908 6.82495667825519 5.7851867193678
Ccl2 9.3887194295731 5.59562848581274 5.11531382702237
Cd86 11.6527693006629 5.20405267022366 5.06103983599264
Sat1 12.1225916774621 6.52063091388662 4.95793469805554
Prkd3 9.77821211859841 5.79117324713062 4.90455820093163
Gpr84 11.5263505075912 6.26874201682145 5.50690516806087
Vamp8 11.7850542682879 7.38395440420131 5.78269812613744
Tcirg1 11.2860007996333 6.86068782516994 6.79887581178131
Sqrdl 11.1213981292751 6.65114229990225 5.51760141440274
Trim12a 8.39694276788024 4.21058864457158 3.9630759940283
Zfhx3 11.2191522315493 5.71757645769726 4.44429497500479
Slc15a3 11.3995649353571 5.53359252856518 5.39190307098579
Rel 9.43208070521036 5.51734719912135 5.11719518269989
Tsc22d3 11.5894187043498 5.87144318158302 5.18714601565499
Sla 12.4329217789332 7.0258789697115 5.65039614819248
Tgfbr1 13.5090583473981 8.97702593294647 4.95055635046516
Snap23 8.48388126836494 4.46068392824475 4.00213911959335
Asph 11.0774007157198 6.8498651276972 4.80499699426183
Ivns1abp 12.6904399495339 9.02953461092494 7.89101949555852
Adcy7 11.9949098164077 6.45104752192631 5.38088737287662
Rbm39 10.2573002722239 6.12796328938933 4.62204840251362
Vamp3 10.8864314514484 7.0066222564417 6.00031163894054
Bmp2k 11.294755197974 6.24272094117186 5.0312131249878
Lgals9 9.69958847858634 5.67606823151408 5.49673407795768
Trem2 11.303795824757 7.221523463898 6.67288890310675
Birc3 10.6915102166933 6.46901489278249 5.6866477830509
Igsf6 8.83394697282607 4.45021649624812 4.10534896896931
Samsn1 8.81738530496463 4.81615278017587 4.41326881372996
Il1a 10.5376640185961 4.77372705116193 4.20985873125172
Hpgds 9.22775583355141 5.85497748166359 4.95464993428281
Naip5 11.0978070538461 4.70118371761422 4.22403665349478
Ccl4 12.6588721873418 7.58747776303071 6.06224423681959
Klf3 8.5494364974985 5.00713659382857 4.75686085940422
Itpr2 10.8475742428576 6.1139687691845 5.80126805479989
Stat6 10.468465477124 5.61383666066134 4.81711063307556
Tapbp 11.4198825404039 7.3026250884013 6.52583981116287
Msn 10.8303816272 6.18967895905432 5.76685221403435
Abca1 12.0542577742267 8.65127122267156 6.59583526663264
Adam17 10.5495689245511 6.46595284219644 5.63560283088111
Dapp1 10.6129812986097 5.1752432042445 4.92093192703796
Clec4a2 10.1399334143348 5.22339604369267 4.89222957824514
Fli1 10.1221580891138 3.8564653863032 3.78003702827348
Ets1 9.52298260959165 5.97796351325769 3.83910516709929
Ptprc 12.4924457080349 5.59769313989989 4.31206299343946
Fosb 12.0153263432166 6.11602740523481 5.10674167811115
Ccr5 11.6775104276773 5.31315792320622 4.40182183678291
Il6ra 12.6762370901779 6.38758084894546 5.67164228117685
Tgif1 8.32241012578398 4.97797987663006 4.80353346616779
Pla2g15 12.3402771280608 7.96477708155883 6.90322635334391
Itga6 11.5191682655928 7.48858435554714 6.11500312176055
Ifi30 11.3741036101554 6.34672073208887 5.88092938581909
Cables1 10.7296553966912 6.33410707285793 5.88926570223314
H2-DMa 11.302506340632 7.50851216614884 6.36019858093177
Zfp36l1 12.768092682973 7.13928023950784 4.81722752164783
Gpr34 12.0465417111213 4.50969115017875 4.05435112268293
Rrad 10.0218987777276 5.52586585655286 5.1113313650277
Cr1l 11.6700570684498 8.28713951522231 7.63455113598338
Rhog 11.1977184303104 7.61307213417468 6.89253002289558
Rnase4 13.0645450224258 5.88444806974552 5.36178977288495
Hk2 12.2311857728962 7.62970619453399 6.00670767356609
Map4k4 8.66154547476686 5.18889253022464 4.32409179913611
Fam111a 8.38937991141375 4.8461059190987 4.3911987996293
Hfe 11.261965590755 6.43061230233577 5.81788212249695
Pmepa1 11.4028325210166 7.83776330841314 5.53780251677811
Pik3cg 10.1391450667911 5.73614204304602 5.32422554131314
Tlr3 9.57440918362698 5.56019831063401 4.80062497258847
Prkcd 11.3269526908875 6.78436246598504 6.56014116424812
Mertk 13.1492058693859 6.50944143016567 5.48501232288126
Cd84 9.79853579725004 4.54144361192093 4.52307157073187
Ly86 13.8484382572477 7.74062720201327 6.21974025177287
Vav1 10.4988780096262 4.21501143353048 3.95676125566566
Psmb8 9.16987044224407 5.76346556441499 5.69034602215953
Stt3a 9.81012893974878 6.04647426541641 4.64742835184854
Fos 13.9214281458166 10.3989190940834 8.59303606060218
Ube2d3 9.28952001055869 5.64053162470583 5.16862236529174
Cfh 10.9189995251726 3.88155788204792 3.50807225507513
Tnfrsf13b 9.55249902249023 5.31963930811997 4.55063889187281
Hhex 10.0129558927535 5.74215758911578 5.5016243080468
Entpd1 9.36332417160173 4.4143952544304 4.27339683915842
Ptgs1 12.1460566579667 5.27050360809788 4.58068908259735
Adrb1 10.6329930698674 7.13546439428364 4.67383806754242
Stk17b 9.82516171443988 5.67561687609918 5.11067394134132
Frrs1 10.5118954880326 5.63887290445695 5.30243196224533
Lyz2 12.6255399097117 6.91131229209402 6.76690779150096
Ssfa2 10.3963514628908 6.62387148143925 5.45566777261445
Galnt4 9.17182977737832 4.9955290144733 4.63596025974046
Ctc1 11.7381009275171 7.51714644687416 7.0711663626284
Unc93b1 11.2638153754962 7.406717095357 6.71817331084476
Mob1a 11.6524237224905 7.55679880388045 6.15264846607077
Cmtm6 12.3249537931389 8.93472920654157 4.55940909558321
Tmem176a 10.8810789306714 7.03751638076639 6.68455308685602
Tspan14 11.1135085123949 7.52686490587631 6.46914843340818
Lpcat3 11.4010483293012 7.65908146805577 7.17066416892519
Hvcn1 10.3744362140918 6.0455228819117 5.36770415663899
Edem1 10.5468048765477 4.67366218807268 4.58817415550761
Icam1 12.0835121128031 5.40613941174852 4.69063358921124
Rbl1 8.60653858129746 5.05553055699979 4.36028710890634
Rcsd1 12.3327371826167 7.37908660229589 6.62479581373922
Npl 9.96550349349474 5.6387900550964 4.87181421878504
Tmem140 8.37653073680301 4.55679171124353 4.37346397761007
0610040J01Rik 10.8216796982396 5.50496713167962 5.29776117440036
Tm6sf1 11.2414066824985 7.19243272027702 3.97675356478813
Cklf 11.4118605648373 5.87525966591171 5.37537417194861
Cd177 8.34962699286364 4.6868335834497 4.20777292047076
Casp8 9.75678338176791 5.17780043402819 4.76187604492126
Tmed5 10.5709139699701 6.06369936117676 5.20029492937125
F11r 12.1396861374846 6.15221284803444 6.0677633524514
Ifi35 9.14048261664104 5.56295928821662 5.35996152246872
Eva1a 8.74419904985229 4.63211427216202 4.23441399080228
Tor4a 10.2205590701386 6.82972192786311 5.81993358989084
Ptbp1 9.15244960297567 5.62698153535277 5.28804565245473
Plxdc1 10.9345884722293 7.4500443662087 5.95740930549628
Lpxn 10.7275528959061 5.10103777972759 4.72136024406742
Siglec5 8.28941632201165 4.02711358486613 3.85178335774711
P2ry6 11.5574667748729 4.76256218742486 4.60361538891818
H2-K1 12.7949568117272 7.96821631607153 6.65037187700853
Tgfbr2 12.4393744689228 6.47074746872612 5.34110901920329
Ceacam1 8.80282175058088 4.52629877849932 4.48787089253547
Mlph 9.57489838859243 6.07571229609741 5.23543275647083
Ncf1 8.88584686160739 5.51361868058038 5.31983734052043
Il13ra1 9.84239214017086 4.65212881299508 4.22536436259688
Adap2 10.5722797031115 6.00209440531767 5.14285734286791
Nmi 8.82202505346961 5.17253131426815 5.08973001336753
Pld1 10.8239587790307 6.99362174545974 6.17824493439745
Pon2 9.33868555313833 4.37774892131237 3.9512843535962
Casp7 8.39895339652514 5.06759653125919 4.50494825362887
Gem 8.28519304309807 3.93907077977737 3.75879458934732
Rrbp1 12.1135184174842 8.47407005709745 6.18804866911315
Vwa5a 10.3106484906387 5.59157402219817 5.16504382534198
Glul 11.9280143428985 6.8240361463157 5.4552867721222
Arrb2 11.4983554070217 6.53776759969426 6.07424778492015
Pros1 11.4603712254362 5.65596727537395 4.61319619444765
Ifih1 8.92117937270675 5.28306793408334 5.09804789732705
Rin2 10.1168098461982 6.21157175467127 5.15237843439525
Tifa 10.8074268423842 6.67617046052196 6.1863873139323
Arhgap17 10.9767981793134 7.30230161750401 4.77923004230892
Armc5 10.6011926392315 7.26766425541357 6.80050516466586
Parp12 9.49139397984138 5.16044449659817 4.70298593549209
Trim47 10.0791566495733 5.6025657583087 5.38548498769473
Lgals3 9.11302237976578 5.45640457766589 4.71383115633554
Mlxip 11.0084570885722 7.46323543505152 6.7255566992357
Arsg 8.01567969333444 4.36296218307431 3.96643342009513
Sash3 11.249005723635 7.09256544249298 5.97020565616223
Themis2 9.99513496121799 5.33189749600765 5.26291425373073
Mpeg1 13.5931395335038 7.05772649912034 6.57512145028394
Cd48 9.95999221182058 4.76269921229217 4.62217742579095
Akna 10.7072692564892 4.82232224020865 4.49572338823292
Sult1a1 9.98708391284936 6.06313442652452 5.53708585666307
Fes 10.5551239260507 6.96652839351331 6.58311810508287
Cep152 9.74520694836984 6.19879162291215 5.75210099285217
B2m 13.1894322739796 8.97451830216585 8.37513525076622
Egr2 11.2484829324693 6.13026529002437 4.14585597049394
Ccrl2 11.3826980615646 6.53681391650671 6.0120892896071
Lcn2 12.0118513639671 4.64644824376128 4.28638307784195
Hbb-b2 7.88283645776123 4.10094450914688 4.05176853924503
Myo1g 9.24155609377298 5.89439794235864 5.1481474469035
Tmem173 11.0989726590541 7.73360868862597 6.85425915487332
AF251705 11.9378287827213 7.61628803856243 7.15782187125991
Hmha1 10.4292840746509 6.23756889107548 5.70226073927241
Chn2 8.18478355874505 4.67412154906011 4.26840094708928
Gmip 10.0312950363764 6.65943067996238 6.21549904942164
Nckap1l 11.1514517971807 6.35998902232715 5.70341445953767
Abcc3 9.68880748830503 5.93488951650321 5.62763833050607
Rnf130 12.3746152428166 8.61513458069287 7.5929810289637
Rhoh 10.6886747062572 5.88524025867684 4.99561945025903
1700017B05Rik 11.7630363477309 6.30599808001232 5.59784913274233
Gusb 11.4166507135997 5.07718747231669 4.68277284750138
Lair1 10.6341607739461 5.27184145565491 4.9161965309348
P2ry12 12.3417720061336 5.21716756001584 4.76919960989963
Rnf19b 9.59453701735849 5.0893035248878 4.77615891564751
Epb4.1l2 12.5141878325852 8.12665239715691 6.24308061648023
Pld4 12.0162068213804 5.90114477549957 5.50230149409005
D15Ertd621e 10.2021769651159 5.14788253653056 3.99425749731806
Lrrfip1 10.7165591037594 6.16143518303912 4.9337978057587
AU020206 9.7250304187546 5.99679590258843 5.32068675057281
Fermt3 11.255187597153 4.35982672273433 3.76985456229509
Cerk 10.8724595448695 7.28105945765092 6.52323414640562
Plk3 11.1628299712601 6.99134448172418 6.20225020136687
Ankrd44 11.6555430067368 6.22089032018129 4.78392259904473
H2-Aa 10.95884712019 5.56231301569572 4.56479248430112
Fam105a 11.8141138102905 8.46836932839381 6.68903497850803
Rap1b 10.5311748389021 6.17222564427608 4.66656904686604
Herpud1 12.561534184029 8.21208258240551 7.80104881979086
Cd300a 9.78331319123392 5.62447341380487 5.12173149660268
Wipf1 10.4960069219755 6.54479169176878 5.58695100944042
Tmem179b 9.43460985358123 6.05910450103022 5.51646175846913
Lyz1 12.291433368859 6.27258570578869 4.35147398332684
Clcf1 8.66818372368241 3.90911751394704 3.71249011113571
Adrb2 8.06163788196254 4.2459820849437 4.1605517442164
Lrrk1 9.00233842375518 4.94549918841468 4.75245272987944
Zfp36l2 12.4844215051541 6.67582711291367 6.10749787176422
Il10ra 11.9204835825207 5.31417518175939 4.74382141561522
Hexb 13.9682695694516 9.84799269880268 6.23185260823323
D530037H12Rik 10.2863068988974 6.86455134403461 4.41776608432971
Rab20 9.47961105235741 4.06286960327113 3.76122593694522
Grn 13.5694893497197 8.17176072134124 7.30202743156184
Mavs 9.31586109517846 4.86089155555833 3.63716654872007
Ifitm6 9.52062006754197 5.98804664985662 5.61786362231683
Fam46c 12.3008656779841 4.62608328531035 4.53033780737005
Pald1 10.8157904216058 7.00184049209318 6.40577490011504
Ifngr1 12.0120817823602 7.58358003090544 7.21675496507661
Tcn2 12.1131223131962 7.63736179947892 6.72081949334667
Anxa1 10.0891907764378 4.95640258473627 4.52800309011588
Cmtm3 9.80544069396922 5.60281018105797 5.37206694689485
Ppp1r15a 12.6842681011032 8.18319188188451 7.24735933818403
Slc15a4 11.4134041549916 7.93251092441557 6.86578363124554
Dhrs3 10.8664384075394 6.63821100492173 6.45047480783055
Lrmp 8.72621364395205 4.78392522188526 4.21679098531082
Olfml3 13.5589885962411 7.08949004249719 6.6607261536573
Pla2g4a 9.54677550171969 4.92082919040586 4.64799367554351
Ncf2 10.9678841319022 6.15269448205905 5.77922210435091
Ctss 14.0972400899769 9.99193419848201 5.07184172350047
Cd53 12.647448770815 5.62701555587544 5.33207759788501
Fcgr3 13.39521832835 6.08306013947456 5.3004946817003
S100a9 12.5433488948648 5.33828170652444 5.08766368255589
Dusp1 14.1600590685473 9.78140525053148 7.25643067775274
Klf2 13.0114488593516 5.73538987088267 5.62118404697243
Fcrls 13.5094801235154 6.75729078118466 6.20778326663399
Tlr1 9.47210882993985 4.25255786064714 4.02379006415459
Zfp90 9.91632744303698 6.21783346645223 6.02333509952149
Selplg 13.4608296010201 7.68123567411491 7.32320352039036
Cd68 12.242490069775 6.71061721946567 5.04207250986257
Gpr65 7.84688309866013 4.05732884067186 3.76586515978761
Casp1 8.7453943640576 5.36374694948784 4.35318136522114
Csf2rb2 9.41716750216967 4.93387795226939 4.56306994142482
Atf3 13.3007390383143 5.48750197480847 5.39301023259423
C1qc 13.5863871767458 6.37978890277665 5.48798468119407
Chst7 10.9028652320415 6.47882275750941 5.98873649025736
Hck 11.677853867497 5.77823218293554 4.95221292889799
Gcnt1 8.17673933531389 4.49665033263907 4.13447810624192
Casp4 9.24666718666705 4.85865798110351 3.9758010305085
Per1 12.0919859862754 8.69450113599356 7.91342569385717
Ehd4 10.2095137657382 6.32141693388884 5.54874820049229
Ly96 9.04291773410898 4.86192603492285 4.35515713902826
Lag3 9.95212609690159 6.47815056662937 5.81066624351037
Cxcl2 11.1862547067567 4.95480322138053 4.06816735003719
Ltf 12.2109361391241 7.81147549600461 6.57382630595911
Cx3cr1 12.8661645891936 5.95346036518928 5.6364345022786
H2-D1 12.6018887958776 8.06890814651167 5.7287133204983
Stab1 10.8319181809469 5.35146298848663 5.22816560724017
Evi2a 12.5292457386737 5.39223508264985 4.95247742169822
Il6 8.39447282799593 4.00650205675597 3.87615536279355
Pdgfb 10.784427213788 7.38524092078991 5.85755142998532
Mrc1 8.63837955832117 4.7929918035425 4.38795794491491
Itgb2 11.8272052895604 5.12512911514182 4.72899157508252
Psmb9 9.34845122497028 5.88414600163906 5.65526381292917
Adamts1 11.3594540869076 7.95073461052904 5.16500875996311
Ang 8.39410428367088 4.28470460439801 4.03966388405141
Sh2b2 9.22244603896785 4.87812896538678 4.44786103191035
Tyrobp 12.8882077765556 7.45947177371781 6.18941056317933
Crot 9.62011069298872 5.99929719830433 5.64414078800585
Slc29a3 11.671269772336 7.58933878053426 6.4889346273876
Vasp 10.4663497281355 6.55684510780025 6.23404550741524
Pbxip1 10.4089275516797 6.98083261609742 6.3649183918092
Emr1 12.7324162108168 6.52976927503448 6.18655648433715
Nrros 12.2035612900789 6.46071671164959 5.83501255877194
Tmem119 13.7062504747088 6.87397718306062 6.23181334790555
Pnpla7 10.5567704595249 5.95510141905605 5.50771991661914
Parp14 9.29651035265735 5.59297901270396 5.29653513160277
Ttr 13.2596253146871 9.29007567345045 3.88341981593239
Havcr2 10.6395343238155 4.32400242055778 4.23177069362804
Alas2 10.1192139258561 5.54139456171226 4.8738982588841
Cmtm7 10.2158890607314 5.88252428994647 4.99531208121817
Blnk 11.7867853033936 6.78167626274276 5.67041713704035
Tmcc3 9.49652683269657 5.15891337163487 4.81022330680118
Vrk2 8.70364139558783 5.00560098938769 4.49145131040926
Alox5ap 12.5576931349978 7.15987924102004 6.22303748207379
Fyb 11.7070682335866 6.40509902917701 5.94936061089214
Sepp1 13.7057662789234 10.0056671632995 6.30172313196615
Ostf1 9.94396609736292 5.5219270536822 4.62988425182114
Ctla2b 9.98817720392032 4.29750156909387 4.12174380931754
Hspa1a 11.8296568285311 8.40286468570963 6.12424558824619
Ccdc86 9.43763910532246 5.8683696500246 5.38404067731422
Zfp36 13.4710413836478 7.56555581618153 6.318694051111
Abhd15 10.2572440975652 5.39208373129715 5.17805160556128
Lmo2 12.1333491829634 8.57645367342774 6.46212751720583
Cyba 11.7795222099381 5.37191200571197 5.12864911224423
Wasf2 12.354976901621 7.16183707404569 6.822907015927
Scarb2 11.803604636935 7.23478488303581 6.61835163683637
Ptpn6 11.5568573976642 7.5928130290229 6.90494848231412
Tec 10.1464631671626 6.63716549580171 5.82757800699177
Cd52 8.87459768254704 4.95589570775788 4.68155040749295
Irf5 10.4986359523617 6.56502685627859 5.87669803608783
Naip2 10.6906973938164 4.61897025717859 4.49019849359594
Anxa3 12.8939144704404 5.88779404104763 5.17055296870231
