Tnfrsf19 12.7642431122239 8.26877613172352 5.27789499599053
Fkbp10 10.2624460048996 5.6128196686659 3.60423281707106
Vcam1 13.3937574356865 9.98714568598604 5.69401752023431
Cyr61 12.6930016376476 7.4279655671631 6.66920579418194
Gldc 11.9722587597634 7.99894817856448 3.16102248516076
Sparcl1 15.133706532156 11.5934406796584 7.05894876279201
Abcb9 7.01022331470963 3.60607213402657 2.07814507034752
Slc26a6 10.8353233742707 7.46794642233424 6.354415954838
Prelp 10.2269605457825 6.40020453490445 5.25333797922577
Tnc 8.45819868799765 4.55995731207727 3.72621406204128
Elovl2 11.4664815023599 6.73844438757512 4.76664210258762
Ppic 9.21455073133927 5.52590877105483 3.60896922678266
Lcat 11.94353125314 7.78386942085061 5.60222903154385
Angptl4 10.2847939896505 6.02887986531377 5.17856639653464
Pdgfrb 11.0847835194799 5.60810801872447 3.31300352765549
Ntsr2 14.6890660027143 10.5091979438062 5.58982372250042
Fzd6 9.47171740297105 6.01402489042104 5.53789248090063
F3 13.3038453137736 8.27330147009572 5.90914162021805
Fmo1 11.6190052244518 6.80300691516419 5.74469265690007
Slc15a2 13.643022086923 10.1663928569475 6.13373146704909
Prodh 12.3188409859533 7.50000468595703 5.25424913870268
Amy1 9.45708181188605 5.96679141378113 3.92152704726556
Wwtr1 9.17177720212808 5.59137277491612 2.85266539084038
Ghr 11.2765154663871 7.23879094994981 5.9446646896363
Gpld1 13.5287624255734 9.64171031182441 3.63975245220079
Entpd2 12.845239874356 7.94951682341146 6.41227571828412
Itga7 9.72933680207283 5.04364249931513 3.3846282484096
Islr 9.33144215768196 5.39394518966784 2.49716144735965
Vnn1 8.00249248219538 4.38337066422925 3.66973810464236
Fzd2 11.8456583123786 8.02622830062556 2.50989314459304
Clu 14.6234677338107 11.0803851053911 8.65215686753418
Ptprz1 13.5172579592109 7.86579070265939 2.51989574423787
Slc38a3 12.9308055861639 8.49718980976866 4.34576243446085
Celsr1 9.27350231254506 4.91839737401988 2.33219338428196
Dio2 13.3538198601289 9.70939079518862 4.43396550896515
Fads2 12.6434180583231 9.02540152943432 5.43706869254677
Cyp2d22 10.9904114826687 5.87296451492429 3.23635726860494
Timp3 12.1956933729267 7.46358759099868 5.55085757185925
Egfl6 8.771394092325 5.36431218006237 4.18246741604907
Sorcs2 11.2114638112758 5.7878583508291 4.62196216397506
Slc2a10 8.428244239798 4.61439321448729 1.86154988550026
Aox1 10.5400365733128 5.93867433116605 4.33521028642972
Nat8 10.5780560093454 7.12572206991778 4.71293896961106
Cyp4f14 10.7064870685731 5.62566780960603 2.86586545022189
Mia1 8.40010240024398 4.6665828509861 4.16120361527172
Bbox1 8.04170836871687 4.70810054085075 2.61806278208112
Slc7a11 9.51006686334078 5.9598501913544 4.83894116109289
Tmem47 12.1023945983491 6.95130519934613 4.12744951437445
Mfge8 14.3267465489862 10.978351749798 8.20333441551658
Cyp7b1 12.2050739112253 8.16236804332358 4.14086104462802
Slc7a10 12.9710118829552 7.80365447188986 5.94719055054054
Slc4a4 7.93127735307876 4.19604213785315 1.56093475991604
Syne1 11.8512160316076 8.1439069056886 6.4416164491972
Hapln1 8.68802893744238 5.26607179226022 1.280182773791
Fgfr3 13.7983170025117 9.17446989568517 6.84284563243178
Notch3 10.3199993637955 6.72342937148696 5.79752408528292
Papss2 11.1515561850145 7.30610875778941 5.35265377871117
Atp1b2 14.4159956002101 10.2542114715022 3.64340971079634
Zbtb20 12.8959711208205 9.05830267774761 8.35371887850296
Igfbp5 12.3727921619561 7.85563578047644 4.3778728739141
Phkg1 10.630161794178 5.41438761780274 1.95031899469761
Acsbg1 13.4464261834187 8.20421700557102 3.41969912081217
Col5a2 7.12542938262386 3.64287494748402 2.50877825504583
Phka1 11.6006117699748 8.08682114705703 6.13455635150223
Tgfb2 9.10217188983686 4.88443746496311 3.28589094790222
Id4 13.9016388265527 10.4942848853143 3.68429526868435
Gjb2 9.59182793162623 6.26663019923826 5.13414252578607
Tpbg 8.56885613412202 4.70556154594924 3.29205649622001
Slco1c1 13.8074983327895 8.25116585346965 4.57606422143838
Wnt7a 11.4034447514581 7.20034017236595 3.25517426088723
Agt 11.982888071876 7.53021469833962 3.01455862014178
Aass 9.58997304491433 5.37839929663912 4.53207314541817
Slc1a4 10.3605806973924 6.56680801126087 5.677643415946
S1pr1 12.3416307852198 9.01280461425133 6.19837605419295
Cbs 12.3123582202353 7.68856191905566 5.26653860658063
Dag1 11.8400221529711 8.1107609356217 6.76468145262276
Hpx 7.30886391612042 3.5054805193891 2.91138213644598
Gdf10 10.0386029229892 6.19071859002906 3.13832853698973
Ccdc80 12.2538771184778 7.97842362683069 5.97257513789683
Aldh1l1 13.0454530930023 8.55050490336116 5.83987656630146
Lmcd1 9.38661110845817 5.94749327470037 1.64893949970642
Aldoc 13.0572183618222 8.53193649880919 2.25291505980323
Egfr 10.1646713018906 4.11128082912296 1.72176370313135
Sox9 10.1751196895234 5.73211133319058 2.05052005971747
Rarres2 9.59774205852365 6.06708200151328 4.58940941868869
Emp2 12.0831760887616 8.18980780727591 5.82849613118038
Aqp4 14.0164866755657 9.48979800845723 4.84025496411379
2610034M16Rik 9.89396865530751 6.47558626043391 2.7913796664753
Col4a5 9.82910533072949 5.10759196055343 3.55753994930426
Ppp1r3c 13.5504188057789 10.03967498335 3.57338548880225
Acot11 8.24518259090763 3.97878461570111 2.95550738272587
Amot 11.9003911612129 7.94615208580283 2.89133819889793
Cldn10 12.4485479039688 8.12479620908912 5.87930698649703
Vit 8.020690781512 4.40397283084348 3.38587800653903
Cth 10.9316072629206 6.81976896377544 4.72248766070946
Slc1a3 14.1254598727761 10.4433205029547 5.10368764397289
Tlcd1 12.8510189845642 8.84879661431033 6.18919176368447
Pm20d1 8.56055965974401 4.1474710547579 2.76158711711615
Scara3 12.3126392367391 7.67723825366995 0.825786218582423
Ttpa 11.0829500160442 7.30395751921799 2.37497624999302
Atp1a2 14.4463600324139 8.9948121019283 5.26449490711348
Spag5 9.15298207260884 5.78773881171399 2.01823090700948
Slc14a1 10.6090127727135 5.33182196343483 2.1652794300388
Btbd17 10.4406671923987 6.87615008945738 5.10514585621059
Tril 13.8548729876275 9.86646451566893 3.98516544617331
Gdpd2 10.1456070528274 4.31227170278953 1.99377939735106
Itih5 12.4609898466299 8.54891800210461 5.84216658412425
Ppap2b 14.9143731686583 11.5467815820081 7.09738704605183
Pla2g7 13.5711790647278 9.54723514613039 7.11993460354734
Cd38 6.80287112574266 2.93862108855354 1.9444991555478
Lgi4 11.5983251604344 7.02034961010889 4.49025048284685
Lrig1 12.4430823356804 8.13307285735113 4.16466041725375
AI464131 12.5742454368573 7.51557692943049 2.00493551355611
DXErtd242e 8.78154235274222 3.33490968897971 1.11109734261621
Gli2 10.9547337337287 6.71217486612074 3.49366422333457
Mlc1 14.111488809085 9.26922350477633 1.09903640219331
Gjb6 13.9496737826117 9.50777051241514 4.68614956316849
Pygm 10.2502320116354 5.99955335844103 4.44266914337507
Heph 9.9856654280404 4.24179839803151 1.00253206969923
Kcnn2 11.6947021893189 7.5982952563294 5.04525460802943
Hsd11b1 12.6432273085291 8.07336321614001 3.88932772167823
Ppara 9.10106728088433 5.11125186690572 2.09962733430038
Grin2c 12.1611779942229 6.07705633443824 4.38739647218578
Cyp4f15 12.0576141128209 6.331038006244 4.51879206268985
AI594671 4.78223740637304 1.15291132247351 0.626069339445489
Rhpn1 8.25694377236185 4.07795974542592 1.64157419612091
Acsl6 14.0599983184156 9.70833383788774 6.09651254433085
Slc1a2 12.2270662761016 6.68661236500147 2.38845386056451
Farp1 12.4359957006748 8.91780188285678 8.30779229001507
Art3 8.84210064673839 5.48491740394882 4.94667988341342
Igfbp2 11.7996617796806 8.16510789847222 6.49292035887167
Slc41a1 12.9652705385952 9.59210367276157 7.74760864611602
