Aldh1a1 13.246637098871 9.9007770456467 6.72428304021788
Ntsr2 12.7484943029906 8.96073489649259 5.6046423440907
Fam181b 11.6314489824719 8.28212731232437 6.01907561113385
Cxcl14 10.307615041189 6.8873706983482 4.52680114628922
Casp12 8.9123359025285 5.48381853877657 4.50579972032497
Dao 9.79811766353319 6.32158270039561 4.8418378129379
Fxyd1 12.8501204014389 9.40884568508403 6.80589986239062
Wif1 9.68658947054809 5.83807103091546 3.78557270514696
Cldn10 10.8629199618988 7.07803900207299 4.80158132678006
Baalc 11.0790989440366 7.15141705180413 5.9629123145157
Ttpa 10.9173835985345 6.6857569531744 4.57370814408383
Slc14a1 9.76621939330422 6.23626502384944 4.61630765890387
Gjb6 11.1322621499492 6.77187484609328 4.57588074090212
Cd70 9.91860116910131 6.462062947249 4.4268094967088
