Ceacam10 8.58805950444034 4.65827422065285 4.04504608934255
Ccdc109b 8.86707072407506 5.3049536954926 4.76739419703113
Gdnf 8.85973243742801 5.07404983518385 4.6737386090372
Sgcg 9.68134655970576 4.71318930333629 3.61571874794585
Klk1b27 8.07978719807353 4.50746913269601 4.15678648128682
Elavl2 11.7824507170826 8.25625288496281 4.10090376611033
Serpinb1b 11.4438098699387 5.79278399328531 4.71531324980899
Lypd1 11.6953602688917 8.27806945359437 5.95137903105625
Lrrtm1 10.9232150703372 6.98492105137337 4.58567471302218
Cacng3 9.47140635253197 6.09610143470246 5.49148983361158
