Tgfbi 10.1729708775644 5.01595165286319 4.62401960189951
Sgpl1 9.54910293773426 5.04681403148859 4.81026448491676
Junb 11.5780026398467 7.46133741467012 4.59204509074203
Lcp1 11.8463632704423 4.56746083911104 4.20347802610564
Txnip 13.6993914736524 6.98389576611816 6.7359645127378
Cd9 11.8962881279299 6.70180318758286 5.32532813546558
Tpst2 11.1246231388186 7.60908186134268 7.1032100879545
Cd83 13.2264749464343 7.71452025393215 6.06644405055544
Mmp2 8.84546583079709 5.52036658639874 5.31523562570105
Serpinf1 9.41188678958694 5.07549049586416 4.62880560532279
Sipa1 11.1257432146877 6.72672069799379 6.26480816178231
Btg2 11.4968904593275 7.10188162635114 5.97926516593524
Tnfaip2 9.08145533726492 4.17815325017645 3.86288811729229
Litaf 12.5127367018525 8.03066881723626 7.28898570644246
Lamp2 11.6172171151883 7.77323856734072 6.5511814414272
Snx18 11.9105809619856 8.51725703351769 6.8694715850118
Cd82 9.38715719713112 5.98482661595826 5.41259198707221
Tubb6 9.94309885815544 5.93861858360534 5.61614439045286
Pfkfb3 9.98570488271776 5.45328527767673 5.10385798044884
Cd164 13.2504873032464 9.5519982834229 7.82182997634366
Ier2 13.4150634942812 6.28194403279105 5.80949746595918
Rab32 7.60118101811754 4.24985967421475 3.79996778062097
Pnp 12.8627608953087 7.23286762793619 6.50059571548264
Nfe2l2 11.3735710823378 6.73455034227525 4.82374264589697
Socs3 12.8363611039744 4.18067069312415 3.9551399383798
Sparc 11.723215805215 6.69987202742479 4.56344461262826
Scamp2 12.0782300087712 8.00232237086805 7.31604519426942
Acss1 9.58139552895345 6.09439434670155 5.09139951095787
4632428N05Rik 12.9592128362635 5.25955422702014 4.86414135045814
Spint1 10.3415667614487 6.21180332667127 5.41608703866592
Afp 8.20241684612463 3.7494247076714 3.68041399184013
Clic1 11.3846871257571 6.02822364158204 5.75187337065888
Plxnb2 11.1751053377305 7.22252974783634 7.00589773650259
Tspo 8.96653892538565 4.99607073045838 4.60880115376368
Irf8 12.5606886061131 5.92000869525157 5.56339822936688
Tbxas1 9.77227819439976 6.15657962567979 6.10950288794968
Slc39a8 8.3702572354114 4.36380699747598 4.142685531178
Parvg 10.3224146114506 6.62082453991444 6.21995725437845
Mcl1 12.1472433486191 8.1444182182291 5.79304293462213
Rps6ka1 12.439882687873 8.46518131611565 6.95702476228777
Npc2 12.9151308001633 9.2565733384382 7.70672373208977
Trpv2 10.5912774798385 7.23883657754411 6.50292949538504
Tnfaip8 9.91373565516323 4.36659719340695 4.26213355492432
Fcgrt 9.65042068842126 6.1416847744967 5.75078606585639
Slc40a1 11.6365802495677 6.77727250541261 5.12278090585984
C1qb 13.3846079047961 9.21219377030561 3.8482855700776
Cyp4v3 11.0721852303594 6.52045980145578 6.33703640827356
Syngr2 11.4559121689701 4.94985550240902 4.58631627998655
Pmp22 12.2653168767854 5.97574741980958 5.5685360474655
Tmbim1 10.1081327824941 6.3435707964849 6.20546303237839
Ccl6 10.223717633042 4.77174735005319 4.60423346568249
Cd14 13.3052539164274 7.4100069196549 6.53831317107075
Pycard 11.8185468367102 5.37510353855472 5.16488158014561
C1qa 13.2380236204344 6.69079444336611 6.00600249993657
Il16 10.7022595486227 7.23960050035105 5.92445927003974
Slc7a7 11.052383619296 5.71304384264131 5.22747293646577
Klf4 12.698526861476 5.54481145907767 4.4591057169682
Sertad1 10.6747710405396 7.20539716512336 5.71957572126689
Jun 13.1567215574815 9.48340440990415 5.34515601831813
Srgn 13.2509970787582 6.00099203208539 5.76346322949223
Nfkbiz 12.6860754101133 6.73396924985193 4.45850102464772
Tgm2 11.7718766956168 6.05547056558741 5.06926536710772
Plek 13.0669588958399 6.2925037083789 5.49873280635384
Itgb5 13.3318370523038 6.62048053116722 3.77614957233948
Elf1 9.08676867890006 4.71507515520255 4.15620411831384
Rgs1 11.2541972267774 4.96358239607727 4.47995499391388
Ier5 13.0591463203827 9.31993842828542 5.99103369159451
Cd79b 8.31573716498709 4.88528727196314 4.64366974527332
Snx5 12.5628056055199 7.31247359102668 6.69875441397187
Elk3 10.4901390004177 6.58931855320042 4.368639806378
Gab1 9.65193276191746 5.41915074810603 5.02784079592312
Naglu 9.26626288253695 5.86730052105125 5.34516961995485
Laptm5 13.2497958585741 9.00745429536648 3.94972047429721
Pygl 8.42622724597409 4.78097508518222 4.37630823620446
Slc25a37 10.6378478547555 6.91886786736137 6.2828777425115
Serinc3 10.8737843005988 6.93378632345565 6.2571747403233
Ctsz 13.0341451754765 7.66664549216374 6.10964022344601
Fcgr1 12.3056772228307 4.78525383971695 4.4124484215248
Slc16a6 11.601886645942 7.5033986777144 5.74605951087059
Pdlim4 9.4700059993897 5.37664932348936 4.62200890464752
Ccl9 11.5606702750711 5.18344271715483 4.86504780197613
Tmem176b 13.0401808488191 9.02831799126015 8.14969957247684
B4galt1 11.050190662426 7.64346309962986 7.18140488714513
Tnfrsf1b 11.5849644137814 6.75149281961449 6.1549705940846
Inpp5d 12.5199395399242 7.23616200393931 6.58491016784088
Tlr4 9.52419084436795 4.79283602498466 4.27676382799783
Pmaip1 7.94812896443572 4.18948356255363 3.95525705346034
Aif1 11.8782125697407 5.4374118503268 4.80820752055953
Lims1 11.3895886323577 7.80616431930511 6.68109021274161
Klf6 12.1614928848338 6.48372086601433 5.602636123373
Crybb1 12.3010895138039 6.77792555520577 6.19522619636155
Fcer1g 12.6409109862305 6.92489844885908 6.28091290043359
Ctsh 12.8519091129382 5.90473993722806 5.57783171290558
Gpsm3 9.66649074936397 5.49331266994505 5.30353816478618
Ncf4 10.7081144474155 5.32719073101356 5.1206128412353
Ggta1 10.3145780373454 4.31774564578084 4.17042003277463
Lcp2 10.3889718130272 4.97286354294636 4.67598197801251
Ngp 12.4329204009581 6.51734803679004 5.68463434455664
Spi1 10.2850028049619 6.05611463847187 5.76504672364756
Csf3r 10.4703586336665 6.91269091007448 5.60420135346118
Ms4a6b 11.1222234312687 5.26488912312136 4.95768338898482
Hcls1 8.83239317939796 4.91783575947979 4.78594061760185
Pabpc1 11.1513836653323 5.99394354096995 4.73116606103227
Plxdc2 12.0633823649962 7.37261338680399 4.94860459639152
Cxcl10 9.83264446685726 5.27409536313115 5.09023116291693
Maff 10.2395219098757 6.33980498737179 6.09376177370831
Cysltr1 9.33333349087416 4.67241080467139 4.24174655704842
Bcl10 11.3928955143517 7.61577452117283 6.77481748883583
Cebpa 9.88957255483431 6.09513306170819 5.81468472288051
Cttnbp2nl 11.7204560544011 5.81189364980396 5.72797886087196
Lyl1 9.97533629065994 5.8795214725465 5.33649418881847
Ptpn18 10.4025712369028 6.57851101114887 6.23667624421669
Tlr2 11.9268402473875 6.2020524558 5.5098811473982
Cd163 7.66769719158114 4.21595277989225 3.96983925090634
Serpine1 9.52331793271942 6.14583587320111 4.51506848845266
Mlxipl 10.549742788076 6.66016692425969 5.54708649963091
Cd37 10.9048574016166 6.70723950609943 5.78662329357162
Map3k8 10.2849700718244 5.18174614954767 4.96863313840485
Myd88 10.7278217724093 6.5882951553197 6.03249943422448
Ccl12 10.5112043294489 4.60508548691203 4.34590071411462
Pon3 9.20297150005047 4.44153206074516 4.24162107326605
S100a8 13.0395448654869 4.71316361469282 4.54427407215394
Il10rb 10.7116513838826 6.22738760518011 5.43628884752054
C3ar1 11.7072754362155 6.8577507005392 5.38908930850765
Fgd2 12.1304825880125 6.39299899121876 6.13112843432861
Rela 11.8428094359349 8.31238319281745 7.38485795796044
Ccl3 13.4953964323281 5.28475311946748 4.58754812517662
Ms4a6d 11.3799791784438 4.82742056207019 4.39355728982923
Ier3 13.4963591841383 8.36859730809389 7.02592645712007
Nupr1 9.93831898336817 6.04567707025216 4.89705857743965
Camp 12.113738407204 6.17394513899271 5.58488460091385
Chil3 11.1159878878753 4.54338999408499 3.91205300589423
Arap3 9.86775374576886 4.45597889715185 3.9612281124002
Tlr7 11.2112407400947 5.39641604059259 5.13748270432571
Trim25 10.8969751411857 6.5655188353613 5.63988145454734
Hpgd 12.0107499612859 4.73810143528625 4.54829652145589
Mcm3 8.92535440058905 4.90302308429979 4.89049832474914
Morc3 9.98783898123944 6.60686229182562 4.80651232382406
Slc11a1 11.4154854568916 6.775781926025 5.78428523482091
Ccl2 9.49866288250659 5.62837183593363 5.32643981105472
Cd86 11.6419705628058 5.10460072401026 5.05368187192216
Sat1 12.159300186165 6.67282051163527 4.96135888755228
Prkd3 9.70383275414416 5.76984227100014 4.92492767474781
Gpr84 11.5935377294956 6.20126639312345 5.54478193851329
Vamp8 11.9027573726861 7.35619454487659 6.06008237332047
Tcirg1 11.3257053795282 6.90723210096236 6.42718276485538
Sqrdl 11.0518617676912 7.4771551869479 5.7584065692595
Trim12a 8.5835260320544 4.34131778760231 3.98684137575027
Zfhx3 11.2942984484453 4.97520779224735 4.39354050334753
Slc15a3 11.5219827541908 5.67912751644864 5.35547304858546
Rel 9.30153835661437 5.59542334282235 5.0050534831638
Tsc22d3 11.4721491337919 5.84243063806306 5.21759959965605
Sla 12.3378861062474 7.5724379412808 6.09614039943436
Tgfbr1 13.4953964323281 9.04541711740034 5.08012562765651
Snap23 8.47917138557207 4.65252232128034 4.06297060071235
Asph 11.1131392793095 6.79143218831046 4.84781012874797
Ivns1abp 12.7182126498181 9.09240489581608 8.1343533373955
Adcy7 11.9646243532397 6.25797867761307 4.88123453616227
Rbm39 10.4094928984617 6.02778572650614 4.67434817006867
Vamp3 10.8638436564196 7.2302642874544 6.01368135878878
Bmp2k 11.3162621163235 6.14494133949736 4.94334509320167
Gpr56 11.0473777353108 7.62770523349758 6.74819195030916
Lgals9 9.80576100376818 6.01474886717824 5.35847939565332
Trem2 11.528689695107 7.30282938566636 6.41069630486621
Gna15 8.93153578094543 5.49920998922706 5.04836365454297
Birc3 10.7521481640029 6.46503950640891 5.52238367864254
Igsf6 8.68495551282954 4.31082487499066 4.15432778164027
Samsn1 8.95535277925432 4.62736984153162 4.2397655816799
Il1a 10.5450729398403 4.76743878348476 4.31420399851798
Hpgds 9.14123713383759 5.66252210778172 4.88775757766051
Naip5 11.1347547074536 4.573609941699 4.31928851460233
Ccl4 12.7516225784521 7.56739618321475 6.12691909205969
Itpr2 10.8613975316724 6.23307718767292 5.69966234118506
Stat6 10.5031698578152 5.85262447334432 4.78674001860901
Tapbp 11.4240903434095 7.12928941988758 6.73933243210434
Msn 10.7217422633417 6.25524881356909 5.94513321959617
Abca1 12.0785728549459 8.57487968582087 7.04358181548405
Adam17 10.581995677351 6.63600085880087 5.67474976547788
Dapp1 10.626591308075 5.27638554189232 5.01363065655213
Clec4a2 10.1190075949126 5.25840474115696 4.90048076761582
Fli1 10.0832277034328 3.82731117898962 3.75279876812183
Ets1 9.75745818736726 6.06425297618308 3.77241400875061
Itgam 7.64683147867138 4.27956912697469 4.20133798830486
Ptprc 12.4215732421658 4.68573068239136 4.28237324520287
Fosb 11.9818678393755 6.11948202500071 5.23418410256281
Ccr5 11.7087776692335 5.07832994311933 4.34932606271241
Il6ra 12.6405285425734 6.36987761005052 5.41388525078822
Tgif1 8.50458243562559 4.79630697222973 4.73836244312988
Pla2g15 12.3512186582331 7.89308023459478 6.83576199973182
Itga6 11.5906633280243 7.34905848163269 5.8982102693851
Ifi30 11.4062018650154 6.04574111005356 5.82482523275343
Cables1 10.7158993683559 6.62222172049414 5.78477521197859
Zfp36l1 12.7019764996359 6.66972599816824 4.78951345702166
Gpr34 12.142699851518 4.38677695041372 4.10969342478379
Rrad 10.0026571297703 5.41445981599004 5.16828444461621
Rnase4 13.0771643703574 5.78224350160779 5.29849010080769
Hk2 12.3164140648536 7.36673453059531 5.78165580063101
Map4k4 8.81854047498591 5.19651319592315 4.20465785069395
Fam111a 8.33832002390926 4.90468185284336 4.53441548879483
Hfe 11.3196450739578 6.54125957748376 5.57231609319595
Pik3cg 10.1537853547168 5.49239327276822 5.33404649407816
Tlr3 9.63659550839082 5.47612936338081 4.86114334823985
Prkcd 11.3607793398998 6.81240861108983 6.58480367905326
Mertk 13.0985151577591 6.76112878686988 5.47005574537594
Cd84 9.96224237530016 4.66518949086563 4.53518456789234
Ly86 13.8305038298173 7.82152302172173 6.57228231391377
Vav1 10.4997459843954 4.15759895596501 3.88026957176115
Psmb8 9.25112032483099 5.86280846228966 5.66981627793435
Stt3a 9.80513059719094 6.3305192860107 4.64670447345278
Fos 13.9327205870223 10.3366566909047 8.17402465569248
Ube2d3 9.21870316023409 5.56918885393628 5.15181341079099
Cfh 10.8438396260437 3.98669119694855 3.47880392120755
Tnfrsf13b 9.66545251361214 5.10123571812865 4.5864685233554
Hhex 10.060418644213 5.7382236191004 5.4688259683595
Entpd1 9.58873000960094 4.48350276301874 4.30322549039105
Ptgs1 12.1626150793908 5.75144610199053 4.53854109418312
Stk17b 9.80355004387352 5.65385980298863 4.92700898629047
Frrs1 10.6966078261321 5.44442944181807 5.28800621688495
Lyz2 12.5660138290276 6.90316004809754 6.60086130343218
Ssfa2 10.4026641404164 6.39388148925985 5.8047347131939
Galnt4 9.11869231898454 5.04879200217761 4.73355525574206
Ctc1 11.7422487728519 7.76313738112566 7.29589879684388
Unc93b1 11.3066168079527 7.21578807788879 6.84283589441722
Mob1a 11.6304802850351 7.73075661103223 6.20728638145163
Cmtm6 12.2803328178186 8.89187394470771 4.73603170607577
Wls 8.21516176510327 4.73890146898106 4.47088833377252
Tmem63a 11.3727165126659 8.01947278392059 7.01381127968252
Tmem176a 10.8465428280293 7.08641706012378 6.75215191857211
Tspan14 11.2007785813707 7.48023810585117 6.39828996346859
Lpcat3 11.4786154330381 7.72829322187454 7.12350303335442
Hvcn1 10.2856187487951 6.0321358122998 5.38769329057753
Edem1 10.5644676490564 4.63308504349176 4.35871299549412
Icam1 12.144222640413 5.24613211142943 4.79779056189161
Rbl1 8.51194870241016 4.8340705886216 4.47373704315625
Rcsd1 12.3223507478265 7.23947117548347 6.72984760767805
Npl 10.119227368812 5.61285590706144 4.94930348676785
Smox 10.9458769613614 7.50567858021009 7.09114239804748
Tmem140 8.46080936763924 4.65246313575389 4.4385658186346
0610040J01Rik 10.8106638816197 5.48721454336001 5.25888810254983
Tm6sf1 11.273380881778 7.45301804658619 3.97992256504799
Cklf 11.3324839569912 6.10855178831635 5.49359176236582
Casp8 9.83591177234681 5.02423474152168 4.85064587873708
Tmed5 10.4601759587631 6.04355957199573 5.24782308546242
F11r 12.1638127271072 6.26820730428638 6.04736195392383
Eva1a 8.63294613398656 4.51970120563751 4.36771262679188
Tor4a 10.4213155961976 6.83015541904572 5.93748705151261
Plxdc1 10.9642741564864 7.10770649796597 5.8115656229439
Lpxn 10.730982217212 5.26181967625233 4.80162274555148
Siglec5 8.337886172674 4.1272539934492 3.84875896476019
P2ry6 11.5909433501351 5.02447723500137 4.59774869703173
H2-K1 12.7949568117272 8.47412381473096 6.78982909374415
Tgfbr2 12.4312251246194 6.79654125548486 5.27276809326129
H2-Ab1 8.4512011309411 5.04473719621124 4.8149700609914
Ceacam1 8.73427463823456 4.88208534867444 4.50733597479886
Mlph 9.52478746573067 6.14436813215472 5.37310075303881
Ncf1 9.01873662127703 5.53302811100674 5.30729136179314
Il13ra1 9.69650941211153 4.57673638895291 4.26652942685659
Adap2 10.4876327911899 6.00628495501797 5.07103297254518
Nmi 8.7449893077744 4.95169181018606 4.8047640422971
Pld1 10.7880824610021 7.11014297774578 5.87623769428541
Pon2 9.26937417743214 4.25412213612579 3.82747710738137
Casp7 8.22612436421626 4.78533204866879 4.6625216525969
Gem 8.28009388336886 4.05693317619508 3.84526809696781
Rrbp1 12.1135184174842 8.5669841777548 6.18861000193646
Vwa5a 10.3690918760756 5.76456511060717 5.22157095528643
Glul 11.9439234863599 6.8366501830504 5.60212709895116
Arrb2 11.5161791808491 7.18381318835019 6.16815228840066
Pros1 11.4244912078995 5.54526085216353 4.52307808297086
Ifih1 8.66416697609045 5.09465643963236 4.96360401561844
Rin2 10.1302854085197 6.75342558158625 5.12341920145492
Tifa 10.6649959627868 6.93021764421075 6.19649410495466
Arhgap17 11.0358082941061 7.55954381291154 4.59797956258496
Slc46a1 9.39593470371558 5.86593450691197 5.21820167249794
Armc5 10.592420015339 7.16783811420064 6.57788198045644
Parp12 9.52345845288495 5.06381556208972 4.92499508559152
Trim47 10.122871565472 5.82262266391337 5.29078170374199
Lgals3 8.71732817427299 5.14746309032341 4.76298515452914
Arsg 8.21968836256545 4.22656018812481 4.09042249011852
Sash3 11.2528818012755 6.95234142730855 5.95658036940537
Themis2 9.94919523666928 5.58427701564329 5.06868561227705
Mpeg1 13.5339312443488 6.8912017009331 6.65410920363881
Cd48 9.99176185857167 4.76482689899998 4.57832634911286
Akna 10.5978331936346 4.84352784184952 4.71115366220578
Sult1a1 9.92143049281146 6.05359906544912 5.81528698368736
Fes 10.5840546362038 6.90503497143323 6.62250882868774
Cep152 9.68353142517718 6.10830087880299 5.73623056557532
B2m 13.2088860971046 9.10235078086152 8.14428569503704
Egr2 11.2144151601674 5.84341135213831 4.07820530471568
Ccrl2 11.4107831106411 6.46138373609205 5.99989159207254
Lcn2 11.7182561949748 4.47367283070119 4.30773371660585
Hbb-b2 7.86146929235822 4.08815874487021 4.038127705629
Myo1g 9.04216166021584 5.68082915135886 5.11867856755448
Tmem173 11.1696407087511 7.78901622420826 6.70584399519286
AF251705 12.0057126252299 7.5705460652586 7.03556564442798
Hmha1 10.4487011332694 6.48200823203241 5.67593692531524
Ebf3 7.92178463883767 4.42939896024649 4.12648802093786
Chn2 8.31244073196833 4.73704504079859 4.28481678033783
Gmip 10.2055870255081 6.6883127322489 6.14489316821996
Nckap1l 11.1526856630168 6.22611084491681 5.87735268996888
Abcc3 9.7509259850256 6.23473900266153 5.45588864941984
Rnf130 12.3284705937932 8.70695431788968 7.59020841972052
Rhoh 10.7637079698635 5.58945925764593 4.91466161925386
1700017B05Rik 11.7522974287947 6.143212478321 5.35430682109527
Gusb 11.4803411718158 5.13544741577991 4.72760784713057
Lair1 10.6612900224916 5.2759819002295 4.82835491216073
P2ry12 12.4385715566921 5.31643123563904 4.73000462664374
Rnf19b 9.65744414029616 4.87246914191435 4.77450016337336
Epb4.1l2 12.5432840929574 7.90754080520207 6.31438227866118
Pld4 12.1700437011819 6.09511598831914 5.56682108097318
D15Ertd621e 10.0624486421296 5.0740530531103 4.24802577128693
Lrrfip1 10.7224886700699 6.62126081521396 4.87871703284056
AU020206 9.79768698851007 6.07775425565293 5.24616807778462
Fermt3 11.4207362066657 4.33451080399119 3.91317811191633
Plk3 11.036823711972 7.0061879101096 5.98666854629168
Ankrd44 11.5679366187782 6.07988967041647 4.66819612337113
H2-Aa 11.2644036954394 5.36867998463525 4.49302618825798
Fam105a 11.8820924454901 7.88544869888671 6.84675444371262
Rap1b 10.5897063292161 6.28975588100496 4.86817698152741
Herpud1 12.5116726598182 8.42294420547702 7.83941496599708
Cd300a 10.0530239896872 5.53639931298281 5.11780079587222
Tmem243 7.86982402649837 4.47712589934144 4.26285467410699
Wipf1 10.3652831365882 6.62676819766219 5.66699671463316
Tmem179b 9.57494076147868 5.62531316996176 5.50617478012255
Lyz1 12.2502412289951 6.46586481877123 4.43432467619679
Clcf1 8.68466038510135 4.03803599599451 3.73554286128562
Adrb2 8.29734945321406 4.26642710956021 4.15396893927696
Hmgb2 9.04290768492065 5.65721359042784 4.02321965854971
Lrrk1 9.1635528470806 4.8782040693968 4.64902006224173
Zfp36l2 12.4004422821899 6.58856456803227 5.91001331881463
Il10ra 11.9867649941734 5.22252725837961 5.01365490058801
Hexb 13.9214339669789 9.80491772793668 6.10252112189995
Rab20 9.64744268247702 4.01896328348872 3.80510834341291
Slc9a3r1 10.5341792603602 7.11682613921919 6.15429014262216
Vim 8.20604281286246 4.78978121689162 3.47929584892715
Grn 13.6303783372944 8.49053991962551 7.31240675783399
Mavs 9.23385264584594 5.12208543752964 3.63012642539397
Fam46c 12.2421510197398 4.57798243372014 4.46497002920889
Pald1 11.0128320429645 7.21089640670272 6.40774280091717
Ifngr1 12.016051864462 7.60468189223755 7.21744323098394
Tcn2 12.1195930224409 7.67925055184599 6.89282621599399
Anxa1 9.64055143138413 4.89184845568873 4.4883661992716
Cmtm3 10.0110497819572 5.60717114727695 5.36579091324123
Ppp1r15a 12.6593601245383 8.4429216666433 7.3814411566884
Slc15a4 11.356384012252 7.28191320930745 6.92937666313601
Dhrs3 10.8328899765314 6.64326854244323 6.4594958323479
Lrmp 8.89491220593798 4.53690342598089 4.10544982128791
Olfml3 13.5644607358692 6.88102122861143 6.44001854767622
Pla2g4a 9.55730250855793 5.08160376548042 4.4417495265083
Ncf2 11.109264808914 5.86826724839421 5.77604034665012
Ctss 14.1223387589978 9.79760661979389 5.30974590122255
Cd53 12.6270729328698 5.60213318966354 5.38149067038849
Fcgr3 13.3874319809845 6.14635813435184 5.29126468300512
S100a9 12.2965410503709 5.59048874295689 5.08587075202193
Dusp1 14.1813580097059 9.07784712150233 6.97999862236887
Klf2 12.9915058739807 5.94114949397812 5.44528793756485
Fcrls 13.5200887013828 6.80007235192297 6.1667576613385
Tlr1 9.55990391864875 4.21651460705105 4.09394589532386
Zfp90 9.89278120178404 6.07506343433564 5.90138430486351
Selplg 13.492313873689 7.89100784648983 7.27579261620662
Cd68 12.2825968841945 6.6581228181165 4.91337416916118
Gpr65 7.85611733273235 4.01402897510668 3.80630958156337
Ebi3 9.38512048892932 6.05060144005161 5.81419787758376
Csf2rb2 9.46516272602394 5.02474897845605 4.83474537036359
Atf3 13.3007390383143 5.69484995124619 5.43113670804281
C1qc 13.5695399365939 6.47379148185653 5.3282473064276
Chst7 11.0545300964632 7.08776302015616 6.0979504474668
Hck 11.7192724128215 5.60058764302172 4.83774568766559
Gcnt1 7.89240442650036 4.34134123811729 4.29238383166526
Casp4 9.17977855891737 4.99042550919614 3.94127609990368
Per1 12.1580724735259 8.67313514382428 7.86793294298853
Ehd4 10.2769858985773 6.39695276640184 5.5369256399985
Ly96 8.98885773803667 4.82870657665953 4.36955257034094
Lag3 9.94342037341401 6.29014031760186 5.87927742326405
Cxcl2 10.9236295592129 4.52123375254257 4.31428690290443
Ltf 11.9771261319803 7.62661791955868 6.73620581669707
Cx3cr1 12.8322911670036 5.93218413584279 5.59760689348685
H2-D1 12.6856010965553 8.626333728435 5.99835353140581
Stab1 10.7835801182221 5.44078127879535 5.05435237176984
Evi2a 12.5801879760248 5.14340091881347 4.90280025295056
Il6 8.3523884587654 3.95617529720762 3.89301320192116
Mrc1 8.47267687587698 4.90659302247411 4.4200454085362
Itgb2 11.8281947861841 5.12385284227031 4.8235480390564
Psmb9 9.49408509768935 5.9593476330654 5.60894574432612
Adamts1 11.3973807177838 7.65315862218364 5.13438884276292
Ang 8.67340897437916 4.25901337460042 4.06893499775986
Sh2b2 9.32069277757714 5.38620616021135 4.46961188056484
Tyrobp 12.9035612805634 7.14982907940399 6.17702920665612
Crot 9.71542778628793 5.94874995644934 5.34005290963064
Slc29a3 11.6835560124248 7.51770996095502 6.16837856660352
Vasp 10.5290974508756 6.72812673424123 6.36075537028514
Pbxip1 10.3716503756831 6.77091231689599 6.52987385306944
Emr1 12.777781853873 6.52568871444259 6.1940757399875
Nrros 12.3519497751025 6.47992746423414 5.97297663970528
Tmem119 13.699678559052 7.06617539777006 6.23957864368341
Pnpla7 10.5843197435089 6.11445209368095 5.39129004106047
Parp14 9.10437062254361 5.27378566283854 5.23992830426639
Ttr 13.1109777518357 6.95441734579301 3.94317115629546
Havcr2 10.710530075929 4.35715404777302 4.15235725773794
Alas2 9.97256535353661 5.46871387790753 5.04016431123567
Cmtm7 10.4036329494645 5.71082076199375 4.59225253378806
Mafb 10.9849900615298 7.61130616135477 5.44805980364559
Blnk 11.8079240962002 6.6313072860949 5.71470136881426
Tmcc3 9.16895367720384 5.14941683098744 4.97851685051305
Vrk2 8.87003271247097 5.17744011833797 4.48450771467586
Alox5ap 12.5749967599795 7.16199818102932 6.06846244172594
Fyb 11.7159427823204 6.39994455708588 5.89994943678973
Sepp1 13.725757445204 9.78416001654104 6.29070548171758
Ostf1 9.88695792996933 5.43465419710019 4.79367309744791
Ctla2b 9.94438247489242 4.27405812275546 4.17842855076255
Hspa1a 11.9245276178108 8.34590506517616 6.70572751659711
Ccdc86 9.53354211585671 5.74278399422482 5.16491393300381
Slc37a2 8.79282849614854 5.37384549986352 5.24050409569534
Zfp36 13.4960506681509 7.46425218152071 6.31264859802839
Abhd15 9.92497435981129 5.48683902296285 5.24370558234683
Lmo2 12.1717394598769 8.40092162245585 6.91180197517403
Cyba 11.7749627835735 5.25474298719261 5.17075920025606
Wasf2 12.4660305697947 7.48331596382168 6.85302526606555
Scarb2 11.7293389223241 7.35987699498068 6.41227789710147
Ptpn6 11.3292345329635 7.74162167822118 6.98094283923668
Tec 10.1967601761071 6.44811834142246 5.89916905084272
Cd52 8.83934325002235 4.76993410869246 4.47631974825769
Irf5 10.4417221455899 6.53933614355649 5.54664154350696
Naip2 10.8151812852359 4.52667781726997 4.49554929933494
Anxa3 12.9131833282778 5.8917362691118 5.17911718937817
