Meis2 9.30465722732374 5.89136831097892 4.90336072283527
Dkk3 11.5544347527442 7.61482747817235 5.64579752311257
Fezf2 10.4449998091769 6.05850515524343 4.69620183608295
Ndrg1 11.2859607696717 7.73748716363947 4.98726564000318
Ldb2 12.0472865602491 8.32738084081659 5.5444708577885
Grp 12.3612810384536 7.58043059555825 5.22237117131539
Tyro3 8.60759600297959 5.1856310261554 3.61947523787487
Nov 13.0920894852042 6.12156493049502 4.61534582085877
Npr3 7.91901817853702 4.31994571829341 4.14858787765763
Pde1a 11.6913226498101 7.22706139769162 4.85129757510522
Dcn 13.6147851663269 6.44232258685656 5.78096307834299
Nr4a2 10.0379034895891 6.12813405971744 5.20343116594217
