Cd83 13.2161047162533 9.66071996060622 5.48689145328906
Sipa1 11.028832104782 7.30873127794149 6.01950473344771
Tnfaip2 9.07410944533167 5.62246544685352 3.89122221617427
Ctsc 12.6108642775907 9.21899086758142 4.27923390498438
Socs3 12.8477426387797 9.48064354176178 3.9563312015966
4632428N05Rik 12.9633024758073 8.72034502152509 4.78357064019764
Irf8 12.5462653592052 7.56960293350871 5.27555891638359
Parvg 10.4281853264487 6.77433949478123 5.26136445262655
Slc40a1 11.6873175794834 7.02041189622335 5.10786530172823
C1qb 13.3809165744448 7.32133372103729 3.76204705947392
Ccl6 10.4831140019336 6.96310616375551 4.33280837109263
Cd14 13.3794861542207 9.08258002015048 5.66787665202428
Pycard 11.7530559991681 7.59653307415042 5.01742218993397
Slc7a7 10.9326702827516 6.64466252633687 4.86285110800583
Srgn 13.2795222117037 7.39064193911756 5.13026760491289
Nfkbiz 12.6921044506167 9.17274409772691 4.39604726949617
Tgm2 11.6702792723547 7.75242815241739 5.40454520721337
Plek 13.0385446953369 8.75279855237208 5.3269274475642
Rgs1 11.3590498478886 7.10655618774568 4.13931028969736
Snx5 12.5419589726741 9.17321900248853 5.09131195572979
Fcgr1 12.2955371160684 7.08851112797011 4.36046505726928
Ccl9 11.4677327663853 5.39516713578984 4.66851924307622
Tnfrsf1b 11.7452188608572 7.33447736954152 5.79512061647449
Inpp5d 12.4577394438636 7.9771661865135 6.03640763075218
Tlr4 9.57555684780965 5.80771479418916 4.25101202570398
Aif1 11.8214348072249 6.77954217631618 4.7560189306882
Syk 11.3160084368777 7.17482999882783 5.72013124596262
Crybb1 12.2648088011919 7.27920101187162 6.26578674286677
Fcer1g 12.6718396223893 7.16530718329585 5.64934568225157
Ctsh 12.87251521366 7.63796304777926 5.11280104117951
Gpsm3 9.55595780536678 5.89274047490569 5.14649558157199
Ncf4 10.7292352869563 6.68310775228969 4.95602124137461
Ggta1 10.3002208247185 6.00176875928541 4.06281017180433
Lcp2 10.4089431447829 5.97122831108902 4.64034460077797
Ngp 12.7574775005176 7.38308271638493 5.06302922939671
Spi1 10.4190424481911 6.79114058731013 5.73847227836483
Csf3r 10.4683520496493 7.13291952699602 5.01120628892583
Ms4a6b 11.2554621340409 6.1986691691124 4.57674524752164
Cxcl10 9.72683118350032 5.81959700052546 4.90197715415023
Lyl1 9.96552235514374 5.84639266808952 4.8493954893448
Ptpn18 10.3344380846283 6.68409356142339 5.86639080275122
Tlr2 11.9276981137555 6.73897690443904 5.33952135502754
Serpine1 9.65311808101758 6.05576953108208 4.38253687497039
Cd37 10.9003612304416 6.84361309630639 5.42654902875802
Map3k8 10.2772018482877 5.63172363082624 4.62130401982187
Myd88 10.6605178444686 6.91048288310208 5.51311455312846
Ccl12 10.6391731596107 4.94460487642236 4.28827382147512
Pon3 9.25424963832735 5.73147649164603 4.21662422295526
S100a8 13.1710031765985 5.76813881674369 4.55101980366992
C3ar1 11.7048817822179 6.63213064977655 5.10538941090478
Fgd2 12.0963667807367 6.70001073324299 5.76288059676572
Ccl3 13.5359936909524 6.9758148288609 4.46578135019015
Ms4a6d 11.4841310922632 5.58451528595324 4.5238940122943
Ier3 13.5124048716238 10.1883675767283 7.17063552890689
Camp 12.4507582747533 6.13466518075445 5.30532001262395
Klk8 10.1827990465209 6.13769537429477 5.45615319709903
Chil3 11.4871946767607 5.40529079769404 3.89825094924151
Arap3 9.99309938625579 5.55027836322475 3.97095537042326
Tlr7 11.1537008662761 5.6564868752677 4.70378422928699
Slc11a1 11.3948658681908 7.72839922264642 5.28384223943574
Ccl2 9.3887194295731 5.51684969038825 4.91296894718064
Cd86 11.6527693006629 6.22171484622785 4.71105149249163
Gpr84 11.5263505075912 6.55916571721469 5.34004757925212
Trim12a 8.39694276788024 4.58727825823659 3.92708262738743
Slc15a3 11.3995649353571 6.03262658038342 5.18758393582423
Rel 9.43208070521036 5.89290013127787 4.67116238155763
Rbm39 10.2573002722239 6.7704084697837 4.56513821417966
Lgals9 9.69958847858634 5.88058165017982 5.18769387099224
Trem2 11.303795824757 7.45238564456303 6.21077692639727
Birc3 10.6915102166933 7.30931782949808 5.97015465824705
Igsf6 8.83394697282607 4.59143420319254 4.09856727439245
Samsn1 8.81738530496463 5.13916707306363 4.4482962002668
Il1a 10.5376640185961 5.81907068449818 4.00451419134937
Naip5 11.0978070538461 6.10945675228134 4.1691615604165
Ccl4 12.6588721873418 8.12431805520109 5.65223771167141
Stat6 10.468465477124 6.6346153405377 4.46307463005189
Dapp1 10.6129812986097 7.11954696069852 4.7449173469659
Clec4a2 10.1399334143348 5.20320714723349 4.56532565205998
Fli1 10.1221580891138 5.13916707306363 3.79891381750575
Ptprc 12.4924457080349 8.18866056317589 4.12727362429327
Fosb 12.0153263432166 8.66734783565774 4.71208893743435
Ccr5 11.6775104276773 7.15035062784841 4.35554905244884
Il6ra 12.6762370901779 8.15512250280799 5.5176677244784
Pla2g15 12.3402771280608 8.47939891142437 6.27137981218419
Ifi30 11.3741036101554 8.00444240356075 5.49893947630556
Gpr34 12.0465417111213 7.04570363842545 3.85170800302632
Rnase4 13.0645450224258 9.17723756512559 5.05439845660109
Hfe 11.261965590755 7.91975744536162 4.961941154988
Cd84 9.79853579725004 5.15058636042562 4.36489123371041
Ly86 13.8484382572477 8.68908260769408 5.28082628047796
Vav1 10.4988780096262 6.04739882502396 4.03694866809011
Cfh 10.9189995251726 4.6436853195722 3.48570296780513
Tnfrsf13b 9.55249902249023 5.32616811374614 4.25909738756217
Entpd1 9.36332417160173 5.7593667199441 4.13603270491171
Ptgs1 12.1460566579667 8.2378617313306 4.56556364883637
Lyz2 12.6255399097117 7.91419762123782 6.05473614306771
Unc93b1 11.2638153754962 7.36223306003027 6.11786248116976
Edem1 10.5468048765477 6.72451999637339 4.53197762970124
Icam1 12.0835121128031 8.18621280482204 4.53075509164089
Rcsd1 12.3327371826167 8.35431516704654 6.29130268515752
Cd177 8.34962699286364 4.59792049355551 4.05721051489082
Casp8 9.75678338176791 6.39335672734074 4.68258074220847
F11r 12.1396861374846 7.6643408509556 5.61687528192924
Lpxn 10.7275528959061 6.6699215606673 4.364090149392
Siglec5 8.28941632201165 4.27843057800862 3.80180239760957
Fcrl1 9.22764356004362 5.72020813012416 5.12573849667197
P2ry6 11.5574667748729 6.49954892671124 4.38250935011695
Tgfbr2 12.4393744689228 7.72732184841212 4.98269214103138
Adap2 10.5722797031115 7.19500271743872 4.97531684508834
Capn3 10.3369957490321 6.16841198514844 4.17893366762602
Arrb2 11.4983554070217 7.85238409179946 5.90755646055815
Pros1 11.4603712254362 7.16762180497672 4.65080416713452
Arhgap17 10.9767981793134 7.20257846432888 4.87742763222895
Trim47 10.0791566495733 6.16306199305954 4.7305879390997
Sash3 11.249005723635 7.56916026474427 5.27972378585295
Themis2 9.99513496121799 5.97912940421017 4.88497197060564
Mpeg1 13.5931395335038 8.76531829045449 5.78076003992883
Cd48 9.95999221182058 5.29798403551863 4.38351406477424
Cep152 9.74520694836984 6.13791694725646 5.43663834192157
Ccrl2 11.3826980615646 7.50031460974523 5.34665805511864
Lcn2 12.0118513639671 7.86409310511359 4.09687475911413
Tmem173 11.0989726590541 7.70480077159101 5.8251139790227
AF251705 11.9378287827213 8.11141410914134 6.37792633387319
Hmha1 10.4292840746509 6.98763858863666 5.5671779385056
Abcc3 9.68880748830503 6.3336081973501 4.85693785264541
Rhoh 10.6886747062572 5.94948250364945 4.66069115440101
1700017B05Rik 11.7630363477309 6.94460202785636 5.43148409826158
Lair1 10.6341607739461 5.72200910543683 4.74886941637052
P2ry12 12.3417720061336 8.73945527851456 4.3720735570862
Pld4 12.0162068213804 7.19733735021099 5.18320907989815
Fermt3 11.255187597153 6.47715884417116 3.87740724795563
Ankrd44 11.6555430067368 8.18312917463275 5.25789001064304
H2-Aa 10.95884712019 5.87894307972768 4.30873672827083
Fam105a 11.8141138102905 8.43667048349544 5.55495687214595
Cd300a 9.78331319123392 6.03912896796234 4.67270326845335
Lyz1 12.291433368859 8.70856385941475 4.30131088715475
Clcf1 8.66818372368241 4.21014613240091 3.69410642619901
Il10ra 11.9204835825207 6.09891758803774 4.73153338730708
Rab20 9.47961105235741 4.7615636582906 3.83360197569304
Grn 13.5694893497197 10.1171147370813 7.08666510122705
Ifngr1 12.0120817823602 8.51383420970396 6.98157446980762
Olfml3 13.5589885962411 8.18350581854891 6.05570739449609
Ncf2 10.9678841319022 6.56751553846196 5.37189384319663
Cd53 12.647448770815 8.6306483484664 4.9464120504784
Fcgr3 13.39521832835 9.22669357552983 5.28481563871003
S100a9 12.5433488948648 6.30541860080714 4.59892447226018
Klf2 13.0114488593516 8.48522001009719 5.07624024174406
Fcrls 13.5094801235154 7.87738996139765 5.29076326394513
Tlr1 9.47210882993985 4.88460414251727 3.89858322706903
Cd68 12.242490069775 7.40022432800709 4.394784980665
C1qc 13.5863871767458 8.28071090093681 4.99937174878155
Hck 11.677853867497 6.95779396410935 4.71210502720071
Gcnt1 8.17673933531389 4.85179486796709 4.11059118692136
Casp4 9.24666718666705 5.319458167819 3.99635369753428
Lag3 9.95212609690159 6.51802717096757 5.26913346978839
Cxcl2 11.1862547067567 7.52797132295235 4.1518988684923
Ltf 12.2109361391241 8.29539552243047 6.04748170939239
Stab1 10.8319181809469 5.72396640098972 4.96431324455489
Il6 8.39447282799593 4.32443948078539 3.77932256223774
Mrc1 8.63837955832117 4.67304389376185 4.01463175884142
Itgb2 11.8272052895604 7.71358240566797 4.50848683910261
Ang 8.39410428367088 4.40022190508143 3.98493136601624
Tyrobp 12.8882077765556 7.22484488497191 5.41563407093401
Emr1 12.7324162108168 6.9231843415491 5.39309195424125
Nrros 12.2035612900789 8.08924045266282 5.38898164588563
Tmem119 13.7062504747088 10.3657537152618 5.8660071690581
Havcr2 10.6395343238155 6.01387206320856 4.02195394036434
Cmtm7 10.2158890607314 5.8247533115497 4.99474676022131
Blnk 11.7867853033936 7.32824392551931 5.3231048609695
Alox5ap 12.5576931349978 8.54312644331759 5.76094538938568
Fyb 11.7070682335866 6.70383728152816 5.9487124205858
Ctla2b 9.98817720392032 5.83567796712374 4.07894204877734
Zfp36 13.4710413836478 9.22511631818981 5.73016072964075
Abhd15 10.2572440975652 6.59296879520272 4.68113298640264
Cyba 11.7795222099381 8.11301496709845 4.96974129353669
Cd52 8.87459768254704 5.40681940261572 4.55816783803422
Irf5 10.4986359523617 6.76162996539938 5.59218613802877
Naip2 10.6906973938164 4.73433039568057 4.3566643782307
Anxa3 12.8939144704404 6.69468001479522 5.0772244179072
