Ddr1 10.4658138528711 9.6718550931955 3.61947523787487
Gja1 13.6340628409758 9.6718550931955 3.61947523787487
Plat 10.0701945270092 9.6718550931955 3.61947523787487
Gsn 11.6430008608244 9.6718550931955 3.61947523787487
Stmn1 13.3305962164527 9.6718550931955 3.61947523787487
Dpysl3 8.61430301419829 9.6718550931955 3.61947523787487
Chgb 9.64630706081438 9.6718550931955 3.61947523787487
Mgst1 11.9110849043713 9.6718550931955 3.61947523787487
Npdc1 8.93071166092252 9.6718550931955 3.61947523787487
Tnfrsf19 9.89258391233667 9.6718550931955 3.61947523787487
Ndn 11.4943771002572 9.6718550931955 3.61947523787487
Atp9a 10.4558802566723 9.6718550931955 3.61947523787487
Bcar3 10.0327427825989 9.6718550931955 3.61947523787487
Scd1 11.6982451013216 9.6718550931955 3.61947523787487
Sqle 11.6037514370532 9.6718550931955 3.61947523787487
Cldn11 10.1793908596622 9.6718550931955 3.61947523787487
Fabp5 10.560312219805 9.6718550931955 3.61947523787487
Lrrn1 10.2284282373872 9.6718550931955 3.61947523787487
Nsg2 10.150262297728 9.6718550931955 3.61947523787487
Sparcl1 13.4818071186524 9.6718550931955 3.61947523787487
Trim59 9.98626030572724 9.6718550931955 3.61947523787487
Prnp 13.8583020902937 9.6718550931955 3.61947523787487
Olig1 13.2063046898406 9.6718550931955 3.61947523787487
Hmgb3 9.51068621674879 9.6718550931955 3.61947523787487
Plekhb1 13.2702630757297 9.6718550931955 3.61947523787487
Il33 10.6755108906309 9.6718550931955 3.61947523787487
Ptn 11.0528196061797 9.6718550931955 3.61947523787487
Fstl1 10.0150028387226 9.6718550931955 3.61947523787487
Olig2 8.58817845515555 9.6718550931955 3.61947523787487
Capn2 10.3736932351944 9.6718550931955 3.61947523787487
Nfib 11.0761236865255 9.6718550931955 3.61947523787487
Dync1i1 8.12251073283862 9.6718550931955 3.61947523787487
Gsta4 11.0422948787282 9.6718550931955 3.61947523787487
Apod 11.2632476225772 9.6718550931955 3.61947523787487
Pcx 9.92598733019696 9.6718550931955 3.61947523787487
Guk1 11.975985803289 9.6718550931955 3.61947523787487
Gstm1 12.5354658049536 9.6718550931955 3.61947523787487
Cpq 10.8288714761414 9.6718550931955 3.61947523787487
Cryab 12.5280901046435 9.6718550931955 3.61947523787487
Aldh1a1 11.117323724302 9.6718550931955 3.61947523787487
Igdcc4 11.1164755071164 9.6718550931955 3.61947523787487
Lxn 12.4084590343064 9.6718550931955 3.61947523787487
Gad1 8.21832638381911 9.6718550931955 3.61947523787487
Thbs3 8.83614212128687 9.6718550931955 3.61947523787487
Me1 10.0574801516414 9.6718550931955 3.61947523787487
Plod2 9.84525560182917 9.6718550931955 3.61947523787487
Snap91 9.09749004895715 9.6718550931955 3.61947523787487
Tppp3 11.8413518615369 9.6718550931955 3.61947523787487
Efs 9.01945135418868 9.6718550931955 3.61947523787487
Bcan 12.4044584210531 9.6718550931955 3.61947523787487
Htra1 13.5589940105662 9.6718550931955 3.61947523787487
Pfkm 10.7032835494129 9.6718550931955 3.61947523787487
Osbpl1a 11.470262023653 9.6718550931955 3.61947523787487
Snap25 10.1082546322195 9.6718550931955 3.61947523787487
Gstm5 11.5893540716507 9.6718550931955 3.61947523787487
Tspan6 10.9848286912187 9.6718550931955 3.61947523787487
Pcsk1n 10.5660131950393 9.6718550931955 3.61947523787487
Sox2 9.78926056169114 9.6718550931955 3.61947523787487
Sdc2 11.1396042390634 9.6718550931955 3.61947523787487
Acot7 10.6739272866621 9.6718550931955 3.61947523787487
Hspa2 10.2682111589147 9.6718550931955 3.61947523787487
Lpar1 11.1428401426352 9.6718550931955 3.61947523787487
Pdgfrb 8.81990004597425 9.6718550931955 3.61947523787487
Ntsr2 13.7932137723525 9.6718550931955 3.61947523787487
Eif2s3y 8.21425013914173 9.6718550931955 3.61947523787487
Fah 10.1404852426302 9.6718550931955 3.61947523787487
Mal 12.9208843541516 9.6718550931955 3.61947523787487
Dmd 8.40344117112184 9.6718550931955 3.61947523787487
Sytl4 8.2735467751885 9.6718550931955 3.61947523787487
Sorbs1 12.0078019988103 9.6718550931955 3.61947523787487
Bex2 9.84818112938271 9.6718550931955 3.61947523787487
Elovl6 10.0746229270387 9.6718550931955 3.61947523787487
F3 10.8871745967997 9.6718550931955 3.61947523787487
Nap1l5 11.8619784149895 9.6718550931955 3.61947523787487
Sept3 9.99557054304541 9.6718550931955 3.61947523787487
Kcna1 10.2226505132073 9.6718550931955 3.61947523787487
Gpd2 11.5729381228969 9.6718550931955 3.61947523787487
Calb1 8.38661954521237 9.6718550931955 3.61947523787487
Rab33a 9.4152121162085 9.6718550931955 3.61947523787487
Ncald 9.78863362765212 9.6718550931955 3.61947523787487
Ackr3 10.3477469080157 9.6718550931955 3.61947523787487
Slc6a9 11.0180339170726 9.6718550931955 3.61947523787487
Rsph1 11.0360898420078 9.6718550931955 3.61947523787487
Grb14 9.79163524998299 9.6718550931955 3.61947523787487
Ppp1r14c 9.79593996221858 9.6718550931955 3.61947523787487
Cplx1 11.0644392876658 9.6718550931955 3.61947523787487
Cep19 11.6677998822968 9.6718550931955 3.61947523787487
Fhl1 11.6726816890586 9.6718550931955 3.61947523787487
Mapt 10.9809488147684 9.6718550931955 3.61947523787487
Sirt3 11.6260819571882 9.6718550931955 3.61947523787487
Vldlr 8.78166521436045 9.6718550931955 3.61947523787487
Abhd3 11.6908110921286 9.6718550931955 3.61947523787487
Ghr 9.09721713640364 9.6718550931955 3.61947523787487
Nrarp 10.7967477453836 9.6718550931955 3.61947523787487
Cml1 10.5894449965062 9.6718550931955 3.61947523787487
Bhlhe40 10.087253003005 9.6718550931955 3.61947523787487
Gpld1 13.2820353138694 9.6718550931955 3.61947523787487
Prkcz 9.98098689148491 9.6718550931955 3.61947523787487
Ppp1r14a 9.37961176174371 9.6718550931955 3.61947523787487
Chd3os 9.51454576258267 9.6718550931955 3.61947523787487
Stmn4 12.8693195304137 9.6718550931955 3.61947523787487
Dhcr24 9.80756182027335 9.6718550931955 3.61947523787487
Nr2f1 9.3167418201674 9.6718550931955 3.61947523787487
Jph3 10.0084592503463 9.6718550931955 3.61947523787487
Ina 9.11265210276439 9.6718550931955 3.61947523787487
Gstt1 9.97478697683483 9.6718550931955 3.61947523787487
Pfn2 11.7841376812104 9.6718550931955 3.61947523787487
Omg 11.8184153674803 9.6718550931955 3.61947523787487
Entpd2 11.4403609637079 9.6718550931955 3.61947523787487
Rlbp1 7.69069209969478 9.6718550931955 3.61947523787487
Apcdd1 9.52908246206503 9.6718550931955 3.61947523787487
Larp6 8.7962235797525 9.6718550931955 3.61947523787487
Cxcl14 8.55309589524919 9.6718550931955 3.61947523787487
Sh3d19 8.88060864253471 9.6718550931955 3.61947523787487
Matn4 9.55774334385245 9.6718550931955 3.61947523787487
Aspa 11.2019894580986 9.6718550931955 3.61947523787487
Sdsl 10.1023915653154 9.6718550931955 3.61947523787487
Nap1l3 7.75127233673811 9.6718550931955 3.61947523787487
Fzd2 10.1220645557165 9.6718550931955 3.61947523787487
Wasf1 9.03240978709481 9.6718550931955 3.61947523787487
Nrsn1 10.6354911872697 9.6718550931955 3.61947523787487
Astn1 10.7925738539267 9.6718550931955 3.61947523787487
Clu 13.5983529605573 9.6718550931955 3.61947523787487
Mpdz 8.32927856543386 9.6718550931955 3.61947523787487
Ptprz1 12.0382369531969 9.6718550931955 3.61947523787487
Slc38a3 10.8166071967361 9.6718550931955 3.61947523787487
Pnkd 7.94774313935273 9.6718550931955 3.61947523787487
Psd3 9.8101357262565 9.6718550931955 3.61947523787487
Mapk8ip2 9.87069703339273 9.6718550931955 3.61947523787487
Sh3gl2 10.2972814395233 9.6718550931955 3.61947523787487
Cds2 11.7491341147645 9.6718550931955 3.61947523787487
Rdh5 10.9233258006673 9.6718550931955 3.61947523787487
Cdh2 8.77407003276626 9.6718550931955 3.61947523787487
Eno2 9.25973411153003 9.6718550931955 3.61947523787487
Fads2 10.5140153274623 9.6718550931955 3.61947523787487
Cyp2d22 10.1626866901141 9.6718550931955 3.61947523787487
Rtn2 8.94498894094621 9.6718550931955 3.61947523787487
Ugt8a 12.7018385788676 9.6718550931955 3.61947523787487
Gstm7 9.01750731015746 9.6718550931955 3.61947523787487
Tmeff2 11.2770301632643 9.6718550931955 3.61947523787487
Timp3 10.1682027976717 9.6718550931955 3.61947523787487
Serpina3n 10.0644243835216 9.6718550931955 3.61947523787487
Hrh1 8.88121991062278 9.6718550931955 3.61947523787487
Dtna 10.7956631104148 9.6718550931955 3.61947523787487
Sptbn1 12.5880459403491 9.6718550931955 3.61947523787487
Ift81 10.2606312869312 9.6718550931955 3.61947523787487
S100b 12.1309005846078 9.6718550931955 3.61947523787487
Aox1 8.61992743142811 9.6718550931955 3.61947523787487
Fam19a5 8.79205762740973 9.6718550931955 3.61947523787487
Nat8 10.052721438573 9.6718550931955 3.61947523787487
Kcnj10 12.928670725356 9.6718550931955 3.61947523787487
Mia 8.84306775487093 9.6718550931955 3.61947523787487
Bbox1 10.2635323810052 9.6718550931955 3.61947523787487
Mbp 14.1436377001564 9.6718550931955 3.61947523787487
Gabrb1 12.5494137452753 9.6718550931955 3.61947523787487
Mark1 9.02114627842245 9.6718550931955 3.61947523787487
Kif3a 10.3728329704421 9.6718550931955 3.61947523787487
Atp2b2 8.83300359575718 9.6718550931955 3.61947523787487
Tmem47 9.61788953348146 9.6718550931955 3.61947523787487
Csrp2 8.69044174640932 9.6718550931955 3.61947523787487
Ndrg1 12.6321531839714 9.6718550931955 3.61947523787487
1700019G17Rik 8.13695908440202 9.6718550931955 3.61947523787487
Ntrk2 13.0650304318696 9.6718550931955 3.61947523787487
Ptprf 12.1872185958646 9.6718550931955 3.61947523787487
Fgfr2 10.762410710978 9.6718550931955 3.61947523787487
Pard6g 10.119484303871 9.6718550931955 3.61947523787487
Gucy1b3 7.89947645136552 9.6718550931955 3.61947523787487
Vsnl1 8.70371547931966 9.6718550931955 3.61947523787487
Hapln2 9.37608876494138 9.6718550931955 3.61947523787487
Mobp 13.3707033220499 9.6718550931955 3.61947523787487
Irx5 8.44907189520258 9.6718550931955 3.61947523787487
Cyp7b1 9.17100737484147 9.6718550931955 3.61947523787487
Slc7a10 11.6416786957646 9.6718550931955 3.61947523787487
Ldb2 9.21758279997783 9.6718550931955 3.61947523787487
Nkx2-2 8.7207002465186 9.6718550931955 3.61947523787487
Pvrl3 8.21660583400353 9.6718550931955 3.61947523787487
Cttn 11.4288027861462 9.6718550931955 3.61947523787487
Myb 9.42327882620716 9.6718550931955 3.61947523787487
Fxyd1 10.274295109677 9.6718550931955 3.61947523787487
Cplx2 9.9742701090117 9.6718550931955 3.61947523787487
Dzip1 8.51685808900385 9.6718550931955 3.61947523787487
Syne1 10.8417354130536 9.6718550931955 3.61947523787487
Sytl2 9.30050839601482 9.6718550931955 3.61947523787487
Rapgef4 9.77415242399713 9.6718550931955 3.61947523787487
Enah 12.7500127248684 9.6718550931955 3.61947523787487
Vcan 8.24849340458499 9.6718550931955 3.61947523787487
Gpr19 10.7746044542155 9.6718550931955 3.61947523787487
Epdr1 11.4003621785749 9.6718550931955 3.61947523787487
Bace1 10.861462794643 9.6718550931955 3.61947523787487
Ak4 9.37814006793641 9.6718550931955 3.61947523787487
Fgfr3 12.3271079999719 9.6718550931955 3.61947523787487
Elavl2 7.73238839409427 9.6718550931955 3.61947523787487
Pdgfra 10.0285315763383 9.6718550931955 3.61947523787487
Nedd4 11.229407430526 9.6718550931955 3.61947523787487
Ncam1 12.0755223790558 9.6718550931955 3.61947523787487
Gria2 8.97287630639596 9.6718550931955 3.61947523787487
Atp1b2 12.6145160049897 9.6718550931955 3.61947523787487
Zbtb20 12.0032381434625 9.6718550931955 3.61947523787487
Klf9 12.4314109962805 9.6718550931955 3.61947523787487
Igfbp5 11.309259423397 9.6718550931955 3.61947523787487
Acsbg1 11.7312066259718 9.6718550931955 3.61947523787487
Acss2 9.43166183433384 9.6718550931955 3.61947523787487
Glrb 8.0021679095705 9.6718550931955 3.61947523787487
Myo10 10.435972268281 9.6718550931955 3.61947523787487
Nkain4 12.1048931795819 9.6718550931955 3.61947523787487
Shroom3 8.69078299935291 9.6718550931955 3.61947523787487
Rnd2 10.7084047661386 9.6718550931955 3.61947523787487
Prkd1 8.66346342225819 9.6718550931955 3.61947523787487
Ttyh1 9.77146352540632 9.6718550931955 3.61947523787487
Fjx1 9.63865571210509 9.6718550931955 3.61947523787487
Slc32a1 8.65461684568253 9.6718550931955 3.61947523787487
Rims2 9.32043002165273 9.6718550931955 3.61947523787487
Kcnd2 10.2533148838821 9.6718550931955 3.61947523787487
Kif5c 12.33750223143 9.6718550931955 3.61947523787487
Nsg1 9.45735713666468 9.6718550931955 3.61947523787487
Sc4mol 11.4773233824578 9.6718550931955 3.61947523787487
Efnb3 10.1845622575954 9.6718550931955 3.61947523787487
Gpm6b 11.5474054865728 9.6718550931955 3.61947523787487
Irs1 9.55181985645958 9.6718550931955 3.61947523787487
Hes5 10.9736844001052 9.6718550931955 3.61947523787487
Scg5 8.17589433165664 9.6718550931955 3.61947523787487
Napb 9.61496625816601 9.6718550931955 3.61947523787487
Lgi1 9.28908379669491 9.6718550931955 3.61947523787487
Cap2 9.04921843396325 9.6718550931955 3.61947523787487
Id4 11.8493570787227 9.6718550931955 3.61947523787487
Ints6 11.5928341118569 9.6718550931955 3.61947523787487
Ptprk 9.71161337043388 9.6718550931955 3.61947523787487
Cbln1 8.91808601458973 9.6718550931955 3.61947523787487
Add3 11.6364200676523 9.6718550931955 3.61947523787487
Cspg4 10.2054408143622 9.6718550931955 3.61947523787487
Slco1c1 10.4434301344282 9.6718550931955 3.61947523787487
Wnt7a 9.1218454939637 9.6718550931955 3.61947523787487
Clic4 11.7511639089466 9.6718550931955 3.61947523787487
Agt 12.6639093369737 9.6718550931955 3.61947523787487
Timp4 12.0255668092896 9.6718550931955 3.61947523787487
Scn8a 7.88721980365302 9.6718550931955 3.61947523787487
Gap43 10.1052733513797 9.6718550931955 3.61947523787487
Ednrb 11.1916096722584 9.6718550931955 3.61947523787487
Ncan 10.0801725002911 9.6718550931955 3.61947523787487
Atp1a1 11.6281255799588 9.6718550931955 3.61947523787487
Dner 10.9596102771902 9.6718550931955 3.61947523787487
Tmem246 9.51167948241492 9.6718550931955 3.61947523787487
Ptgds 11.169279581623 9.6718550931955 3.61947523787487
Slc44a1 11.8604376166979 9.6718550931955 3.61947523787487
Camk2g 11.9345436644349 9.6718550931955 3.61947523787487
Sez6l2 11.4571064349089 9.6718550931955 3.61947523787487
Tspyl4 10.9158801989997 9.6718550931955 3.61947523787487
Elovl7 8.32146655750228 9.6718550931955 3.61947523787487
Gpr37l1 13.6055485593859 9.6718550931955 3.61947523787487
Fam216a 10.1157816663416 9.6718550931955 3.61947523787487
Susd4 8.81513312833784 9.6718550931955 3.61947523787487
Polr3h 10.7276051481794 9.6718550931955 3.61947523787487
Lrrc48 10.7481015852733 9.6718550931955 3.61947523787487
Homer2 9.70647673881319 9.6718550931955 3.61947523787487
Tmem51 10.5456709055559 9.6718550931955 3.61947523787487
Adhfe1 8.58706955913147 9.6718550931955 3.61947523787487
Selm 9.28818736852301 9.6718550931955 3.61947523787487
Asrgl1 12.4474167201195 9.6718550931955 3.61947523787487
Aldh1l1 10.353701575491 9.6718550931955 3.61947523787487
Spon1 11.6872765519132 9.6718550931955 3.61947523787487
Phldb1 10.4655410529164 9.6718550931955 3.61947523787487
Rapgef3 10.9289786654534 9.6718550931955 3.61947523787487
Mmd2 12.3882562860985 9.6718550931955 3.61947523787487
Nrbp2 9.74065390103488 9.6718550931955 3.61947523787487
Tspan2 10.2979548250295 9.6718550931955 3.61947523787487
Samd4 11.2536590493976 9.6718550931955 3.61947523787487
Gprc5b 11.6761632696965 9.6718550931955 3.61947523787487
Plekhf1 9.52282662768719 9.6718550931955 3.61947523787487
Cyp2j9 11.2604781674777 9.6718550931955 3.61947523787487
Calml4 10.8515814082313 9.6718550931955 3.61947523787487
Aldoc 14.1436377001564 9.6718550931955 3.61947523787487
Rsph9 10.7027349184456 9.6718550931955 3.61947523787487
Cdh22 9.47150293903898 9.6718550931955 3.61947523787487
Cald1 9.92251449352079 9.6718550931955 3.61947523787487
Slain1 8.91270354886856 9.6718550931955 3.61947523787487
Ptprd 12.1561631723913 9.6718550931955 3.61947523787487
Gpsm2 8.9874810829397 9.6718550931955 3.61947523787487
Sox10 10.2704184068679 9.6718550931955 3.61947523787487
Rarres2 10.0249885069284 9.6718550931955 3.61947523787487
Cdh10 9.30212180129951 9.6718550931955 3.61947523787487
Tyro3 7.31938150635248 9.6718550931955 3.61947523787487
Zcchc18 10.046287451475 9.6718550931955 3.61947523787487
Slc12a5 10.4353818824905 9.6718550931955 3.61947523787487
Aqp4 11.9281967563778 9.6718550931955 3.61947523787487
2610034M16Rik 7.64465517816482 9.6718550931955 3.61947523787487
Plp1 13.2296815633837 9.6718550931955 3.61947523787487
Prrx1 8.31046407446054 9.6718550931955 3.61947523787487
S100a16 12.543757248835 9.6718550931955 3.61947523787487
Edil3 8.84065275838268 9.6718550931955 3.61947523787487
Ppp1r3c 11.524844192771 9.6718550931955 3.61947523787487
Csrp1 11.1184471363991 9.6718550931955 3.61947523787487
Dtx1 11.8747928827204 9.6718550931955 3.61947523787487
Caln1 9.33698426179087 9.6718550931955 3.61947523787487
Dusp26 8.82746892647451 9.6718550931955 3.61947523787487
Amot 10.663292400675 9.6718550931955 3.61947523787487
Armcx1 9.30321401956502 9.6718550931955 3.61947523787487
Cuedc1 10.4607754600808 9.6718550931955 3.61947523787487
Sox6 9.2375097758347 9.6718550931955 3.61947523787487
Trav9d-3 9.87702617477123 9.6718550931955 3.61947523787487
Cldn10 8.98049228410441 9.6718550931955 3.61947523787487
Ddc 9.25465113656916 9.6718550931955 3.61947523787487
Vit 8.08415714738498 9.6718550931955 3.61947523787487
Nefl 9.64124734921565 9.6718550931955 3.61947523787487
Sorl1 11.872896115063 9.6718550931955 3.61947523787487
Ntm 9.77620567755304 9.6718550931955 3.61947523787487
Alcam 8.98932012877662 9.6718550931955 3.61947523787487
Ddx3y 8.99760294320375 9.6718550931955 3.61947523787487
Gpm6a 9.52112411854564 9.6718550931955 3.61947523787487
Ndrg4 11.4386352606227 9.6718550931955 3.61947523787487
Tlcd1 11.0731792426073 9.6718550931955 3.61947523787487
Trib2 9.67866320006478 9.6718550931955 3.61947523787487
Tmeff1 9.13837349921676 9.6718550931955 3.61947523787487
Srebf1 12.4399199833346 9.6718550931955 3.61947523787487
Cnn3 11.4046894253462 9.6718550931955 3.61947523787487
6330403K07Rik 12.9025150865121 9.6718550931955 3.61947523787487
Celf4 10.4363639701048 9.6718550931955 3.61947523787487
Fa2h 9.69315153382292 9.6718550931955 3.61947523787487
Phlpp1 11.0900016452889 9.6718550931955 3.61947523787487
Thra 10.6598861961384 9.6718550931955 3.61947523787487
Fbxo2 10.6104160303239 9.6718550931955 3.61947523787487
Scara3 8.59964707552854 9.6718550931955 3.61947523787487
Amph 9.75883019736006 9.6718550931955 3.61947523787487
Metrn 11.3156656042785 9.6718550931955 3.61947523787487
Zfp612 9.49031188217745 9.6718550931955 3.61947523787487
Copg2os2 10.8892635810236 9.6718550931955 3.61947523787487
Armcx4 8.61390112523675 9.6718550931955 3.61947523787487
Gabrg1 10.3978889665085 9.6718550931955 3.61947523787487
Adora1 10.559121385165 9.6718550931955 3.61947523787487
Abca8a 8.52429608073533 9.6718550931955 3.61947523787487
Nkx6-2 9.33357503135072 9.6718550931955 3.61947523787487
Atp1a2 12.2883860137603 9.6718550931955 3.61947523787487
Spag5 8.3674022118656 9.6718550931955 3.61947523787487
Gnai1 8.14078225303949 9.6718550931955 3.61947523787487
Rassf9 8.34156182829441 9.6718550931955 3.61947523787487
Tmem163 9.23466241861339 9.6718550931955 3.61947523787487
Tmcc2 11.1582279137749 9.6718550931955 3.61947523787487
Slc14a1 8.28374015367485 9.6718550931955 3.61947523787487
Pacrg 9.87842074501876 9.6718550931955 3.61947523787487
Dmkn 9.05994975936614 9.6718550931955 3.61947523787487
Ptch1 12.8007707356869 9.6718550931955 3.61947523787487
Tril 12.878935252398 9.6718550931955 3.61947523787487
Mt2 11.6489026980646 9.6718550931955 3.61947523787487
Ppap2b 14.0154807212823 9.6718550931955 3.61947523787487
Rimklb 9.63748987040977 9.6718550931955 3.61947523787487
Bcat1 9.85426909717818 9.6718550931955 3.61947523787487
Tmem205 10.9019377673122 9.6718550931955 3.61947523787487
Pla2g7 11.3440481521053 9.6718550931955 3.61947523787487
Fmn2 10.2125600075973 9.6718550931955 3.61947523787487
Ptpn13 7.98033291864828 9.6718550931955 3.61947523787487
Rhpn2 7.75455634925254 9.6718550931955 3.61947523787487
Antxr1 10.952047622079 9.6718550931955 3.61947523787487
Tekt1 9.50014375422798 9.6718550931955 3.61947523787487
Lrrc23 10.680093004362 9.6718550931955 3.61947523787487
Sh3gl3 10.4950659353697 9.6718550931955 3.61947523787487
Anln 10.2241896296717 9.6718550931955 3.61947523787487
Chchd10 10.732622202788 9.6718550931955 3.61947523787487
Cd38 10.8439117882039 9.6718550931955 3.61947523787487
Abat 11.3666725491926 9.6718550931955 3.61947523787487
Ppargc1a 10.258495606068 9.6718550931955 3.61947523787487
Lgi4 10.2253452052086 9.6718550931955 3.61947523787487
Fermt2 11.7857653645894 9.6718550931955 3.61947523787487
Lrig1 11.4696223738212 9.6718550931955 3.61947523787487
Slc20a2 10.758749355844 9.6718550931955 3.61947523787487
Coro2b 9.66800943844104 9.6718550931955 3.61947523787487
Tbcel 11.1151473777844 9.6718550931955 3.61947523787487
Gpt2 10.775729294394 9.6718550931955 3.61947523787487
Erbb3 9.12585519743015 9.6718550931955 3.61947523787487
Nrcam 10.583660402182 9.6718550931955 3.61947523787487
Neo1 10.7302097344831 9.6718550931955 3.61947523787487
Limch1 11.6100951752043 9.6718550931955 3.61947523787487
Unc5b 9.49732010706161 9.6718550931955 3.61947523787487
Stmn3 11.0260679435337 9.6718550931955 3.61947523787487
Gria1 10.5744587579379 9.6718550931955 3.61947523787487
AI464131 9.24219740868005 9.6718550931955 3.61947523787487
Fhod3 8.19222482870684 9.6718550931955 3.61947523787487
Elavl3 9.12616671911126 9.6718550931955 3.61947523787487
Mapk10 10.1444042606198 9.6718550931955 3.61947523787487
Impad1 11.0852613251161 9.6718550931955 3.61947523787487
Cpeb3 8.95644112034774 9.6718550931955 3.61947523787487
Fdft1 12.1215768826786 9.6718550931955 3.61947523787487
Pkp4 12.6327212789697 9.6718550931955 3.61947523787487
Ahi1 10.4812008073756 9.6718550931955 3.61947523787487
Gli2 9.80376897088784 9.6718550931955 3.61947523787487
Sash1 11.8182629721233 9.6718550931955 3.61947523787487
Tm4sf1 10.4839457406919 9.6718550931955 3.61947523787487
Mlc1 11.3954211460098 9.6718550931955 3.61947523787487
Ndrg2 13.7269286064237 9.6718550931955 3.61947523787487
Atp6v0e2 12.3426461129668 9.6718550931955 3.61947523787487
Uchl1 10.2024840256733 9.6718550931955 3.61947523787487
Tnk2 12.3623894712941 9.6718550931955 3.61947523787487
Gjb6 11.3842659865462 9.6718550931955 3.61947523787487
Efhd1 9.01029752416826 9.6718550931955 3.61947523787487
Bex1 12.0867002954975 9.6718550931955 3.61947523787487
Scg3 12.3137780024066 9.6718550931955 3.61947523787487
Cacnb3 8.1880413775376 9.6718550931955 3.61947523787487
Kcnk1 11.441037259696 9.6718550931955 3.61947523787487
Heph 7.72525429589897 9.6718550931955 3.61947523787487
Sept4 11.8903936505776 9.6718550931955 3.61947523787487
Car2 13.223488129484 9.6718550931955 3.61947523787487
Mog 10.1747174981889 9.6718550931955 3.61947523787487
Kcnn2 9.82219734996211 9.6718550931955 3.61947523787487
Gng11 10.948848801772 9.6718550931955 3.61947523787487
Cadps 7.81610393333184 9.6718550931955 3.61947523787487
Ngef 10.8512596380024 9.6718550931955 3.61947523787487
Klk6 9.36975655407607 9.6718550931955 3.61947523787487
Rhou 11.726424351989 9.6718550931955 3.61947523787487
Hsd11b1 11.0448542188049 9.6718550931955 3.61947523787487
Acot1 9.09429392726626 9.6718550931955 3.61947523787487
Itih3 13.7975601079007 9.6718550931955 3.61947523787487
Cyfip2 9.96455576312648 9.6718550931955 3.61947523787487
Tenm3 8.56769663168537 9.6718550931955 3.61947523787487
S1pr5 9.39183662007515 9.6718550931955 3.61947523787487
Reln 9.15558754251436 9.6718550931955 3.61947523787487
Gdpd3 11.3588845342608 9.6718550931955 3.61947523787487
Trps1 9.46729754013949 9.6718550931955 3.61947523787487
Cntn1 12.1032589311879 9.6718550931955 3.61947523787487
Rgs7 8.93961397563577 9.6718550931955 3.61947523787487
Tagln3 10.2908659884499 9.6718550931955 3.61947523787487
Scg2 8.29840438554384 9.6718550931955 3.61947523787487
Cacna2d2 9.38198852631347 9.6718550931955 3.61947523787487
Cdh11 8.84647630909159 9.6718550931955 3.61947523787487
Fabp7 11.5197921995004 9.6718550931955 3.61947523787487
Wnt4 10.2185600607298 9.6718550931955 3.61947523787487
Serpinh1 9.68229647577242 9.6718550931955 3.61947523787487
Gpr37 9.62225843268542 9.6718550931955 3.61947523787487
Cacng4 10.8919122950745 9.6718550931955 3.61947523787487
Acsl6 11.8475374495652 9.6718550931955 3.61947523787487
Zfp521 8.09829242034367 9.6718550931955 3.61947523787487
Dpp6 8.08520890682988 9.6718550931955 3.61947523787487
Spsb4 8.67164107927901 9.6718550931955 3.61947523787487
Dbndd2 12.6356585479304 9.6718550931955 3.61947523787487
Pcolce2 9.42366776645897 9.6718550931955 3.61947523787487
Slc1a2 9.16932096670068 9.6718550931955 3.61947523787487
Fam20b 9.11527656915312 9.6718550931955 3.61947523787487
Slc6a1 11.9440339247071 9.6718550931955 3.61947523787487
Nckap1 12.5719379462279 9.6718550931955 3.61947523787487
Farp1 11.1280070413302 9.6718550931955 3.61947523787487
Csgalnact1 9.89680993286022 9.6718550931955 3.61947523787487
Dpcd 12.1512978379478 9.6718550931955 3.61947523787487
1190005I06Rik 8.57626872705811 9.6718550931955 3.61947523787487
Zdhhc2 8.9289523411944 9.6718550931955 3.61947523787487
Fam213a 12.8482853629428 9.6718550931955 3.61947523787487
Pcp4l1 9.41583700412269 9.6718550931955 3.61947523787487
Gal3st1 8.96412137898636 9.6718550931955 3.61947523787487
Fez1 12.2347566797208 9.6718550931955 3.61947523787487
D430019H16Rik 10.3377206380491 9.6718550931955 3.61947523787487
Adcy2 11.5154606759377 9.6718550931955 3.61947523787487
Mag 11.4910690637414 9.6718550931955 3.61947523787487
