Tgfbi 10.1729708775644 4.93500392988065 4.62401960189951
Sgpl1 9.54910293773426 5.27583858251893 4.81026448491676
Junb 11.5780026398467 7.46133741467012 4.59204509074203
Lcp1 11.8463632704423 4.66851498237419 4.20347802610564
Txnip 13.6993914736524 6.98389576611816 6.88560416841154
Sgk1 13.2007291352408 9.84862858392542 6.20570917560768
Cd9 11.8962881279299 6.80205848169233 5.32532813546558
Tpst2 11.1246231388186 7.68229222371668 7.1032100879545
Cd83 13.2264749464343 7.78596843927305 6.06644405055544
Serpinf1 9.41188678958694 5.07549049586416 4.62880560532279
Sipa1 11.1257432146877 6.72672069799379 6.22019723845819
Btg2 11.4968904593275 7.10188162635114 5.97926516593524
Tnfaip2 9.08145533726492 4.18063468293034 3.86288811729229
Litaf 12.5127367018525 8.03066881723626 7.43397986211779
Lamp2 11.6172171151883 7.78641239178869 6.5511814414272
Cd82 9.38715719713112 5.98482661595826 5.41259198707221
Tubb6 9.94309885815544 5.93861858360534 5.44567427657032
Pfkfb3 9.98570488271776 5.42103393812285 5.10385798044884
Cd164 13.2504873032464 9.58102652552264 7.82182997634366
Ier2 13.4150634942812 6.28194403279105 5.89921573628976
Pnp 12.8627608953087 7.38273051383748 6.50059571548264
Nfe2l2 11.3735710823378 6.73455034227525 4.82374264589697
Socs3 12.8363611039744 4.13016211157324 3.9551399383798
Sparc 11.723215805215 7.29600877882025 4.56344461262826
Scamp2 12.0782300087712 8.00232237086805 7.33265954875321
Acss1 9.58139552895345 6.24947909569669 5.09139951095787
4632428N05Rik 12.9592128362635 5.3462484103887 4.86414135045814
Spint1 10.3415667614487 6.21180332667127 5.4657487411959
Afp 8.20241684612463 3.7494247076714 3.68041399184013
Clic1 11.3846871257571 6.02822364158204 5.64060901941532
Plxnb2 11.1751053377305 7.22252974783634 6.80662977388277
Tspo 8.96653892538565 5.26887427603858 4.60880115376368
Irf8 12.5606886061131 5.82159120766371 5.56339822936688
Fkbp7 9.58447874704344 6.03074416263765 5.18731297817635
Tbxas1 9.77227819439976 6.22915783641231 6.13400368048659
Slc39a8 8.3702572354114 4.41290373900794 4.142685531178
Parvg 10.3224146114506 6.62082453991444 6.20966698330367
Mcl1 12.1472433486191 8.2577755385005 5.79304293462213
Rps6ka1 12.439882687873 8.46518131611565 6.95702476228777
Npc2 12.9151308001633 9.2565733384382 7.70672373208977
Trpv2 10.5912774798385 7.23883657754411 6.46618387355072
Tnfaip8 9.91373565516323 4.36659719340695 4.26213355492432
Fcgrt 9.65042068842126 6.04116694858975 5.75078606585639
Slc40a1 11.6365802495677 7.00697363649813 5.12278090585984
C1qb 13.3846079047961 9.32301557245373 3.8482855700776
Cyp4v3 11.0721852303594 6.59576545971423 6.4786572635343
Syngr2 11.4559121689701 5.06159947553113 4.58631627998655
Pmp22 12.2653168767854 6.29540060669931 5.5685360474655
Tmbim1 10.1081327824941 6.594751150608 6.20546303237839
Ccl6 10.223717633042 4.84558529154138 4.60423346568249
Cd14 13.3052539164274 7.4100069196549 6.24922668043149
Pycard 11.8185468367102 5.37510353855472 5.20937006224531
C1qa 13.2380236204344 6.45793260895147 6.00600249993657
Il16 10.7022595486227 7.14761155129122 5.92445927003974
Slc7a7 11.052383619296 5.71304384264131 5.09844524902621
Klf4 12.698526861476 5.42102583901495 4.4591057169682
Sertad1 10.6747710405396 7.00359203890759 5.71957572126689
Jun 13.1567215574815 9.49876828535505 5.34515601831813
Srgn 13.2509970787582 6.12769838586117 5.76346322949223
Nfkbiz 12.6860754101133 6.73396924985193 4.45850102464772
Tgm2 11.7718766956168 6.20508100636139 5.06926536710772
Plek 13.0669588958399 6.4247117373374 5.49873280635384
Itgb5 13.3318370523038 7.10431790608017 3.77614957233948
Elf1 9.08676867890006 4.64349179575281 4.15620411831384
Rgs1 11.2541972267774 4.96358239607727 4.56171371944514
Ier5 13.0591463203827 9.31993842828542 5.99103369159451
Cd79b 8.31573716498709 4.88864946762427 4.64366974527332
Snx5 12.5628056055199 7.39932829294488 6.69875441397187
Elk3 10.4901390004177 6.45272356908632 4.368639806378
Gab1 9.65193276191746 5.7272154887136 5.02784079592312
Naglu 9.26626288253695 5.86730052105125 5.34516961995485
Laptm5 13.2497958585741 9.33468352957084 3.94972047429721
Pygl 8.42622724597409 4.93715340540155 4.37630823620446
Slc25a37 10.6378478547555 6.79002703881752 6.2828777425115
Serinc3 10.8737843005988 6.85429274016496 6.2571747403233
Ctsz 13.0341451754765 7.66664549216374 6.49394111236744
Fcgr1 12.3056772228307 4.78525383971695 4.46000707736694
Slc16a6 11.601886645942 7.5033986777144 5.4917488769058
Pdlim4 9.4700059993897 5.40581411279079 4.62200890464752
Ccl9 11.5606702750711 5.25426682573599 4.86504780197613
Tmem176b 13.0401808488191 9.02831799126015 8.14969957247684
B4galt1 11.050190662426 7.64346309962986 7.31473287771244
Tnfrsf1b 11.5849644137814 6.75149281961449 5.99882039376666
Inpp5d 12.5199395399242 7.23616200393931 6.77793896653747
Tlr4 9.52419084436795 4.79283602498466 4.21267100568605
Pmaip1 7.94812896443572 4.12960131755901 3.95525705346034
Aif1 11.8782125697407 5.4374118503268 4.86331375512989
Lims1 11.3895886323577 7.80616431930511 6.68109021274161
Klf6 12.1614928848338 6.48372086601433 5.602636123373
Crybb1 12.3010895138039 6.81391808099815 6.19522619636155
Fcer1g 12.6409109862305 6.92489844885908 6.12574368988077
Ctsh 12.8519091129382 5.90473993722806 5.63382665908869
Gpsm3 9.66649074936397 5.49331266994505 5.30353816478618
Ncf4 10.7081144474155 5.45282059067244 5.1206128412353
Ggta1 10.3145780373454 4.29304104383723 4.17042003277463
Lcp2 10.3889718130272 5.11012192787015 4.67598197801251
Ngp 12.4329204009581 6.51734803679004 5.66247061329372
Spi1 10.2850028049619 6.20940335806255 5.76504672364756
Csf3r 10.4703586336665 6.91269091007448 5.58207744049078
Ms4a6b 11.1222234312687 5.26488912312136 4.94937309918456
Hcls1 8.83239317939796 4.91783575947979 4.7145797240695
Pabpc1 11.1513836653323 5.57596924463295 4.73116606103227
Plxdc2 12.0633823649962 7.5999143979579 4.94860459639152
Cxcl10 9.83264446685726 5.29636407629259 5.09023116291693
Maff 10.2395219098757 6.33980498737179 5.92021266324963
Cysltr1 9.33333349087416 4.67241080467139 4.12626325470404
Bcl10 11.3928955143517 7.66618465892302 6.77481748883583
Cebpa 9.88957255483431 6.07981767707325 5.81468472288051
Cttnbp2nl 11.7204560544011 5.95929084163971 5.72797886087196
Lyl1 9.97533629065994 5.8795214725465 5.34411363882501
Ptpn18 10.4025712369028 6.57851101114887 6.23667624421669
Tlr2 11.9268402473875 6.2020524558 5.39197367078538
Cd163 7.66769719158114 4.11568201466342 3.96983925090634
Serpine1 9.52331793271942 6.14583587320111 4.54611809501912
Mlxipl 10.549742788076 6.66016692425969 5.25372690241674
Cd37 10.9048574016166 6.70723950609943 6.013571059932
Map3k8 10.2849700718244 5.18174614954767 5.01570113014003
Myd88 10.7278217724093 6.5882951553197 5.72627561187443
Ccl12 10.5112043294489 4.60508548691203 4.43034225007353
Pon3 9.20297150005047 4.44153206074516 4.24162107326605
S100a8 13.0395448654869 4.71316361469282 4.65998502436898
Il10rb 10.7116513838826 6.23062976637336 5.43628884752054
C3ar1 11.7072754362155 6.8577507005392 5.46895549797152
Fgd2 12.1304825880125 6.39299899121876 6.13112843432861
Rela 11.8428094359349 8.31238319281745 7.4521250211699
Ccl3 13.4953964323281 5.28475311946748 4.60845107638815
Ms4a6d 11.3799791784438 4.7940331154796 4.39355728982923
Ier3 13.4963591841383 8.36859730809389 6.83894119523746
Nupr1 9.93831898336817 6.04567707025216 4.89705857743965
Camp 12.113738407204 6.17394513899271 5.57078954358396
Chil3 11.1159878878753 4.54338999408499 4.09892908781288
Arap3 9.86775374576886 4.43360637855562 3.9612281124002
Tlr7 11.2112407400947 5.39641604059259 5.03958640982083
Trim25 10.8969751411857 6.46455033689982 5.63988145454734
Hpgd 12.0107499612859 4.91064334231072 4.54829652145589
Mcm3 8.92535440058905 4.95952348850329 4.90065847525401
Morc3 9.98783898123944 6.62412347615876 4.80651232382406
Slc11a1 11.4154854568916 6.775781926025 5.7851867193678
Ccl2 9.49866288250659 5.59562848581274 5.32643981105472
Cd86 11.6419705628058 5.14254140997539 5.05368187192216
Sat1 12.159300186165 6.52063091388662 4.96135888755228
Prkd3 9.70383275414416 5.79117324713062 4.92492767474781
Gpr84 11.5935377294956 6.20126639312345 5.50690516806087
Vamp8 11.9027573726861 7.38395440420131 6.06008237332047
Tcirg1 11.3257053795282 6.86867741669421 6.42718276485538
Sqrdl 11.0518617676912 7.4771551869479 5.51760141440274
Trim12a 8.5835260320544 4.21058864457158 3.98684137575027
Zfhx3 11.2942984484453 5.71757645769726 4.39354050334753
Slc15a3 11.5219827541908 5.53359252856518 5.35547304858546
Rel 9.30153835661437 5.59542334282235 5.11719518269989
Tsc22d3 11.4721491337919 5.84243063806306 5.24455971459829
Sla 12.3378861062474 7.5724379412808 5.65039614819248
Tgfbr1 13.4953964323281 8.97702593294647 5.08012562765651
Snap23 8.47917138557207 4.46068392824475 4.06297060071235
Asph 11.1131392793095 6.8498651276972 4.84781012874797
Ivns1abp 12.7182126498181 9.02953461092494 8.1343533373955
Adcy7 11.9646243532397 6.45104752192631 4.88123453616227
Rbm39 10.4094928984617 6.12796328938933 4.67434817006867
Mrc2 8.85958477054983 5.50766575985553 5.15707226114776
Vamp3 10.8638436564196 7.0066222564417 6.01368135878878
Bmp2k 11.3162621163235 6.24272094117186 4.94334509320167
Gpr56 11.0473777353108 7.62770523349758 6.95910462033141
Lgals9 9.80576100376818 6.01474886717824 5.49673407795768
Trem2 11.528689695107 7.221523463898 6.41069630486621
Gna15 8.93153578094543 5.49920998922706 5.22084510637194
Birc3 10.7521481640029 6.46503950640891 5.6866477830509
Igsf6 8.68495551282954 4.45021649624812 4.15432778164027
Samsn1 8.95535277925432 4.62736984153162 4.41326881372996
Il1a 10.5450729398403 4.76743878348476 4.20985873125172
Hpgds 9.14123713383759 5.66252210778172 4.95464993428281
Naip5 11.1347547074536 4.573609941699 4.22403665349478
Ccl4 12.7516225784521 7.56739618321475 6.06224423681959
Itpr2 10.8613975316724 6.08116771512264 5.69966234118506
Stat6 10.5031698578152 5.85262447334432 4.81711063307556
Tapbp 11.4240903434095 7.3026250884013 6.73933243210434
Msn 10.7217422633417 6.18967895905432 5.94513321959617
Abca1 12.0785728549459 8.65127122267156 7.04358181548405
Adam17 10.581995677351 6.46595284219644 5.67474976547788
Dapp1 10.626591308075 5.1752432042445 5.01363065655213
Clec4a2 10.1190075949126 5.25840474115696 4.89222957824514
Fli1 10.0832277034328 3.8564653863032 3.75279876812183
Ets1 9.75745818736726 6.06425297618308 3.77241400875061
Ptprc 12.4215732421658 4.8389758571143 4.28237324520287
Fosb 11.9818678393755 6.11948202500071 5.10674167811115
Ccr5 11.7087776692335 5.31315792320622 4.34932606271241
Il6ra 12.6405285425734 6.38758084894546 5.41388525078822
Tgif1 8.50458243562559 4.80353346616779 4.73836244312988
Pla2g15 12.3512186582331 7.89308023459478 6.90322635334391
Itga6 11.5906633280243 7.48858435554714 5.8982102693851
Ifi30 11.4062018650154 6.14917607295461 5.82482523275343
Cables1 10.7158993683559 6.33410707285793 5.78477521197859
Zfp36l1 12.7019764996359 7.13928023950784 4.78951345702166
Gpr34 12.142699851518 4.50969115017875 4.10969342478379
Rrad 10.0026571297703 5.46349980016245 5.28507882860244
Cr1l 11.6955153199688 8.28713951522231 7.39859670980213
Rnase4 13.0771643703574 5.88444806974552 5.29849010080769
Hk2 12.3164140648536 7.62970619453399 5.78165580063101
Map4k4 8.81854047498591 5.18889253022464 4.20465785069395
Fam111a 8.33832002390926 4.90468185284336 4.3911987996293
Hfe 11.3196450739578 6.54125957748376 5.81788212249695
Pmepa1 11.4586918603674 7.83776330841314 5.88389802164749
Pik3cg 10.1537853547168 5.49239327276822 5.32422554131314
Tlr3 9.63659550839082 5.56019831063401 4.86114334823985
Prkcd 11.3607793398998 6.81240861108983 6.57410182335308
Mertk 13.0985151577591 6.76112878686988 5.47005574537594
Cd84 9.96224237530016 4.66518949086563 4.52521904198472
Ly86 13.8305038298173 7.74062720201327 6.57228231391377
Vav1 10.4997459843954 4.21501143353048 3.88026957176115
Psmb8 9.25112032483099 5.86280846228966 5.66981627793435
Stt3a 9.80513059719094 6.04647426541641 4.64670447345278
Fos 13.9327205870223 10.3366566909047 8.59303606060218
Ube2d3 9.21870316023409 5.64053162470583 5.15181341079099
Cfh 10.8438396260437 3.88155788204792 3.47880392120755
Tnfrsf13b 9.66545251361214 5.10123571812865 4.55063889187281
Hhex 10.060418644213 5.7382236191004 5.5585326384574
Entpd1 9.58873000960094 4.4143952544304 4.30322549039105
Ptgs1 12.1626150793908 5.75144610199053 4.53854109418312
Adrb1 10.5218876655346 7.13546439428364 4.81351179289299
Stk17b 9.80355004387352 5.65385980298863 5.07934888607098
Frrs1 10.6966078261321 5.44442944181807 5.28800621688495
Lyz2 12.5660138290276 6.90316004809754 6.60086130343218
Ssfa2 10.4026641404164 6.62387148143925 5.8047347131939
Galnt4 9.11869231898454 4.9955290144733 4.73355525574206
Ctc1 11.7422487728519 7.76313738112566 7.17319436173987
Unc93b1 11.3066168079527 7.21578807788879 6.71817331084476
Mob1a 11.6304802850351 7.55679880388045 6.20728638145163
Cmtm6 12.2803328178186 8.93472920654157 4.73603170607577
Wls 8.21516176510327 4.73890146898106 4.48064602771295
Tmem63a 11.3727165126659 8.01947278392059 7.07006193797789
Tmem176a 10.8465428280293 7.08641706012378 6.68455308685602
Tspan14 11.2007785813707 7.52686490587631 6.39828996346859
Lpcat3 11.4786154330381 7.65908146805577 7.12350303335442
Hvcn1 10.2856187487951 6.0455228819117 5.38769329057753
Edem1 10.5644676490564 4.6343259201698 4.35871299549412
Icam1 12.144222640413 5.24613211142943 4.69063358921124
Rbl1 8.51194870241016 5.05553055699979 4.47373704315625
Rcsd1 12.3223507478265 7.23947117548347 6.62479581373922
Npl 10.119227368812 5.6387900550964 4.94930348676785
Tmem140 8.46080936763924 4.55679171124353 4.4385658186346
0610040J01Rik 10.8106638816197 5.35802354130122 5.25888810254983
Tm6sf1 11.273380881778 7.45301804658619 3.97992256504799
Cklf 11.3324839569912 6.10855178831635 5.49359176236582
Casp8 9.83591177234681 5.02423474152168 4.76187604492126
Tmed5 10.4601759587631 6.06369936117676 5.24782308546242
F11r 12.1638127271072 6.26820730428638 6.0677633524514
Eva1a 8.63294613398656 4.63211427216202 4.36771262679188
Tor4a 10.4213155961976 6.83015541904572 5.81993358989084
Ptbp1 9.02225932629817 5.42442916502677 4.98264579160634
Plxdc1 10.9642741564864 7.10770649796597 5.95740930549628
Lpxn 10.730982217212 5.26181967625233 4.72136024406742
Siglec5 8.337886172674 4.02711358486613 3.84875896476019
P2ry6 11.5909433501351 4.99786459205187 4.59774869703173
H2-K1 12.7949568117272 8.47412381473096 6.65037187700853
Tgfbr2 12.4312251246194 6.79654125548486 5.27276809326129
H2-Ab1 8.4512011309411 4.93739703079633 4.8149700609914
Ceacam1 8.73427463823456 4.88208534867444 4.50733597479886
Mlph 9.52478746573067 6.14436813215472 5.23543275647083
Ncf1 9.01873662127703 5.53302811100674 5.30729136179314
Il13ra1 9.69650941211153 4.65212881299508 4.26652942685659
Adap2 10.4876327911899 6.00209440531767 5.07103297254518
Lrba 12.293139019726 8.96742393911113 7.91573821500875
Nmi 8.7449893077744 5.16164590356826 4.9126048003602
Pld1 10.7880824610021 7.11014297774578 6.17824493439745
Pon2 9.26937417743214 4.37774892131237 3.82747710738137
Gem 8.28009388336886 4.05693317619508 3.75879458934732
Rrbp1 12.1135184174842 8.5669841777548 6.18804866911315
Vwa5a 10.3690918760756 5.76456511060717 5.26048169967594
Glul 11.9439234863599 6.8366501830504 5.60212709895116
Arrb2 11.5161791808491 7.18381318835019 6.16815228840066
Pros1 11.4244912078995 5.65596727537395 4.52307808297086
Ifih1 8.66416697609045 5.28306793408334 4.96360401561844
Rin2 10.1302854085197 6.21157175467127 5.12341920145492
Tifa 10.6649959627868 6.93021764421075 6.1863873139323
Arhgap17 11.0358082941061 7.30230161750401 4.59797956258496
Slc46a1 9.39593470371558 5.86593450691197 5.08239079372753
Armc5 10.592420015339 7.23983846920669 6.57788198045644
Parp12 9.52345845288495 5.16044449659817 4.92499508559152
Trim47 10.122871565472 5.82262266391337 5.38548498769473
Fmnl3 8.92058913443164 5.58137343226108 5.33037734936407
Arsg 8.21968836256545 4.36296218307431 4.09042249011852
Sash3 11.2528818012755 6.95234142730855 5.97020565616223
Themis2 9.94919523666928 5.33189749600765 5.06868561227705
Mpeg1 13.5339312443488 6.94215703049133 6.65410920363881
Cd48 9.99176185857167 4.76482689899998 4.62874099830324
Akna 10.5978331936346 4.84352784184952 4.49572338823292
Sult1a1 9.92143049281146 6.05359906544912 5.81528698368736
Fes 10.5840546362038 6.90503497143323 6.58311810508287
Cep152 9.68353142517718 6.19879162291215 5.73623056557532
B2m 13.2088860971046 9.10235078086152 8.37513525076622
Egr2 11.2144151601674 6.13026529002437 4.07820530471568
Ccrl2 11.4107831106411 6.46138373609205 6.0120892896071
Lcn2 11.7182561949748 4.64644824376128 4.30773371660585
Hbb-b2 7.86146929235822 4.08815874487021 4.05176853924503
Myo1g 9.04216166021584 5.68082915135886 5.1481474469035
Tmem173 11.1696407087511 7.78901622420826 6.85425915487332
AF251705 12.0057126252299 7.5705460652586 7.15782187125991
Hmha1 10.4487011332694 6.48200823203241 5.70226073927241
Chn2 8.31244073196833 4.67412154906011 4.28481678033783
Gmip 10.2055870255081 6.6883127322489 6.14489316821996
Nckap1l 11.1526856630168 6.22611084491681 5.81644417071588
Abcc3 9.7509259850256 6.23473900266153 5.62763833050607
Rnf130 12.3284705937932 8.70695431788968 7.59020841972052
Rhoh 10.7637079698635 5.58945925764593 4.99561945025903
1700017B05Rik 11.7522974287947 6.30599808001232 5.35430682109527
Gusb 11.4803411718158 5.13544741577991 4.72760784713057
Lair1 10.6612900224916 5.2759819002295 4.9161965309348
P2ry12 12.4385715566921 5.31643123563904 4.73000462664374
Rnf19b 9.65744414029616 5.0893035248878 4.7801702103241
Epb4.1l2 12.5432840929574 7.90754080520207 6.35243657767945
Pld4 12.1700437011819 5.90114477549957 5.56682108097318
D15Ertd621e 10.0624486421296 5.14788253653056 4.24802577128693
Lrrfip1 10.7224886700699 6.16143518303912 4.87871703284056
AU020206 9.79768698851007 5.99679590258843 5.24616807778462
Fermt3 11.4207362066657 4.35982672273433 3.91317811191633
Plk3 11.036823711972 7.0061879101096 6.20225020136687
Ankrd44 11.5679366187782 6.07988967041647 4.66819612337113
H2-Aa 11.2644036954394 5.36867998463525 4.56479248430112
Fam105a 11.8820924454901 7.88544869888671 6.84675444371262
Rap1b 10.5897063292161 6.28975588100496 4.86817698152741
Herpud1 12.5116726598182 8.42294420547702 7.80104881979086
Cd300a 10.0530239896872 5.53639931298281 5.12173149660268
Wipf1 10.3652831365882 6.54479169176878 5.66699671463316
Tmem179b 9.57494076147868 5.69573686267903 5.50617478012255
Lyz1 12.2502412289951 6.27258570578869 4.43432467619679
Clcf1 8.68466038510135 3.88086970420602 3.73554286128562
Adrb2 8.29734945321406 4.24806127638471 4.15396893927696
Lrrk1 9.1635528470806 4.8782040693968 4.64902006224173
Zfp36l2 12.4004422821899 6.67582711291367 5.91001331881463
Il10ra 11.9867649941734 5.22252725837961 4.74382141561522
Hexb 13.9214339669789 9.84799269880268 6.10252112189995
D530037H12Rik 10.4018822600769 6.86455134403461 4.81476202567531
Rab20 9.64744268247702 4.01896328348872 3.80510834341291
Grn 13.6303783372944 8.49053991962551 7.30202743156184
2510039O18Rik 8.62794223880257 5.17957216966941 4.97951600189248
Mavs 9.23385264584594 4.86089155555833 3.63012642539397
Fam46c 12.2421510197398 4.57798243372014 4.46497002920889
Pald1 11.0128320429645 7.00184049209318 6.40774280091717
Ifngr1 12.016051864462 7.60468189223755 7.21675496507661
Tcn2 12.1195930224409 7.67925055184599 6.72081949334667
Anxa1 9.64055143138413 4.95640258473627 4.4883661992716
Cmtm3 10.0110497819572 5.60281018105797 5.36579091324123
Ppp1r15a 12.6593601245383 8.4429216666433 7.24735933818403
Slc15a4 11.356384012252 7.28191320930745 6.86578363124554
Dhrs3 10.8328899765314 6.64326854244323 6.4594958323479
Lrmp 8.89491220593798 4.53690342598089 4.21679098531082
Olfml3 13.5644607358692 7.08949004249719 6.44001854767622
Pla2g4a 9.55730250855793 5.08160376548042 4.64799367554351
Ncf2 11.109264808914 6.15269448205905 5.77604034665012
Ctss 14.1223387589978 9.99193419848201 5.30974590122255
Cd53 12.6270729328698 5.62701555587544 5.38149067038849
Fcgr3 13.3874319809845 6.08306013947456 5.29126468300512
S100a9 12.2965410503709 5.59048874295689 5.08766368255589
Dusp1 14.1813580097059 9.07784712150233 7.25643067775274
Klf2 12.9915058739807 5.62118404697243 5.44528793756485
Fcrls 13.5200887013828 6.80007235192297 6.20778326663399
Tlr1 9.55990391864875 4.25255786064714 4.09394589532386
Zfp90 9.89278120178404 6.21783346645223 5.90138430486351
Selplg 13.492313873689 7.89100784648983 7.32320352039036
Cd68 12.2825968841945 6.6581228181165 4.91337416916118
Gpr65 7.85611733273235 4.05732884067186 3.80630958156337
Csf2rb2 9.46516272602394 5.02474897845605 4.56306994142482
Atf3 13.3007390383143 5.56966634336417 5.39301023259423
C1qc 13.5695399365939 6.37978890277665 5.3282473064276
Chst7 11.0545300964632 7.08776302015616 6.0979504474668
Hck 11.7192724128215 5.60058764302172 4.95221292889799
Gcnt1 7.89240442650036 4.34134123811729 4.13447810624192
Casp4 9.17977855891737 4.99042550919614 3.9758010305085
Per1 12.1580724735259 8.67313514382428 7.91342569385717
Ehd4 10.2769858985773 6.39695276640184 5.5369256399985
Ly96 8.98885773803667 4.82870657665953 4.39688540894709
Lag3 9.94342037341401 6.29014031760186 5.81066624351037
Cxcl2 10.9236295592129 4.52123375254257 4.06816735003719
Ltf 11.9771261319803 7.62661791955868 6.57382630595911
Cx3cr1 12.8322911670036 5.95346036518928 5.59760689348685
H2-D1 12.6856010965553 8.626333728435 6.04604329074708
Stab1 10.7835801182221 5.44078127879535 5.05435237176984
Evi2a 12.5801879760248 5.32124812456421 4.90280025295056
Il6 8.3523884587654 3.95617529720762 3.87615536279355
Mrc1 8.47267687587698 4.90659302247411 4.38795794491491
Hps3 10.6281605531013 7.24015705250896 7.16127541196697
Itgb2 11.8281947861841 5.12512911514182 4.8235480390564
Psmb9 9.49408509768935 5.88414600163906 5.60894574432612
Adamts1 11.3973807177838 7.95073461052904 5.13438884276292
Ang 8.67340897437916 4.28470460439801 4.06893499775986
Sh2b2 9.32069277757714 5.38620616021135 4.44786103191035
Tyrobp 12.9035612805634 7.45947177371781 6.17702920665612
Crot 9.71542778628793 5.93805392713051 5.34005290963064
Slc29a3 11.6835560124248 7.51770996095502 6.16837856660352
Vasp 10.5290974508756 6.72812673424123 6.36075537028514
Pbxip1 10.3716503756831 6.98083261609742 6.52987385306944
Emr1 12.777781853873 6.52976927503448 6.1940757399875
Nrros 12.3519497751025 6.47992746423414 5.95038938884261
Tmem119 13.699678559052 7.06617539777006 6.23181334790555
Pnpla7 10.5843197435089 5.95510141905605 5.39129004106047
Parp14 9.10437062254361 5.29653513160277 5.27013080985838
Ttr 13.1109777518357 9.29007567345045 3.94317115629546
Havcr2 10.710530075929 4.35715404777302 4.29304663380887
Alas2 9.97256535353661 5.46871387790753 5.04016431123567
Cmtm7 10.4036329494645 5.71082076199375 4.99531208121817
Mafb 10.9849900615298 7.61130616135477 5.4292943309668
Blnk 11.8079240962002 6.6313072860949 5.71470136881426
Tmcc3 9.16895367720384 5.15891337163487 5.04170046926528
Vrk2 8.87003271247097 5.00560098938769 4.48450771467586
Alox5ap 12.5749967599795 7.15987924102004 6.06846244172594
Fyb 11.7159427823204 6.40509902917701 5.89994943678973
Sepp1 13.725757445204 10.0056671632995 6.29070548171758
Ostf1 9.88695792996933 5.5219270536822 4.79367309744791
Ctla2b 9.94438247489242 4.29750156909387 4.17842855076255
Hspa1a 11.9245276178108 8.40286468570963 6.70572751659711
Ccdc86 9.53354211585671 5.8683696500246 5.16491393300381
Slc37a2 8.79282849614854 5.37384549986352 5.14588295254087
Zfp36 13.4960506681509 7.46425218152071 6.318694051111
Abhd15 9.92497435981129 5.48683902296285 5.39208373129715
Lmo2 12.1717394598769 8.57645367342774 6.91180197517403
Cyba 11.7749627835735 5.34383155206146 5.23212808023869
Wasf2 12.4660305697947 7.48331596382168 6.82478963190161
Scarb2 11.7293389223241 7.35987699498068 6.61835163683637
Ptpn6 11.3292345329635 7.74162167822118 6.90494848231412
Tec 10.1967601761071 6.44811834142246 5.82757800699177
Cd52 8.83934325002235 4.76993410869246 4.63985629227434
Irf5 10.4417221455899 6.53933614355649 5.87669803608783
Naip2 10.8151812852359 4.507026384345 4.49019849359594
Anxa3 12.9131833282778 5.88779404104763 5.17911718937817
