Meis2 9.97477975164283 5.89136831097892 4.71966209044129
Dkk3 11.6545224565074 7.61482747817235 5.51303752827403
Neurod6 9.01302204650469 5.06657444182984 3.51768122163396
Fezf2 9.82089788596305 6.24444003497524 4.67772846243646
Ndrg1 11.4568920365188 7.53776570550454 4.98726564000318
Ldb2 11.9037150517848 8.32738084081659 5.61342224219943
Pou3f1 10.1581289482486 6.38701021015661 4.7972397474335
Grp 12.5208492671463 7.43982551814485 5.01277778717973
Sorcs3 10.791173395123 6.88999041769805 5.75012356994654
Tyro3 8.7320444681604 5.1856310261554 3.59958013557715
Nov 12.9332504495334 6.24230497962868 4.61534582085877
Npr3 8.376820314988 4.40387337664652 4.14858787765763
Pde1a 11.576310757797 7.22706139769162 4.75051347630158
Dcn 13.2711667571379 6.44232258685656 5.79694518576689
Nr4a2 9.51270136526919 6.000340757865 5.38846732850972
