Pabpn1 12.3072527403954 8.95210821641032 7.01731272299872
Aldh1a1 13.2615615923923 8.87176173575076 7.3380080102475
Slc6a3 12.1371035741795 6.86759834038265 5.32069861109172
Amy1 9.66607742416108 5.24691050814933 4.26102482000977
Col11a1 8.0890648495971 4.58638139279341 4.50652631773104
Sptbn1 12.0166506859243 7.69982416114421 7.52524974496975
C78859 9.18968031161653 5.32686838014486 4.19264309922194
Th 12.7763940436081 7.00444357404445 6.37675181627083
Lce1i 10.4962835429763 7.10593191431146 7.0419918825299
Mobp 12.5450597346535 8.75455999138612 4.77584970486148
Gcnt2 7.44717898261756 4.05402735357564 3.99321274931267
Prkcg 9.79156178966424 5.82377811672642 5.81821913136918
Tenm1 10.0191445066129 6.35445538479753 5.230349556003
Syne1 10.7170835984773 7.09171966139859 5.41030377973355
Foxa2 9.00494864799056 5.32524676806633 5.09925258989498
Rapgef3 10.0752681860958 6.68306170897469 5.05570570343527
Ptprd 11.926177881145 8.42316485165001 4.88303478949701
Meg3 13.191532562752 8.96068621813469 7.43611036887689
Ryr3 10.2141364237253 6.42349861740247 5.58660259534807
Rian 10.1040923544206 4.80740205322926 4.22689942023917
Defa15 8.04809370028315 4.69799800120214 4.56407495006408
Snhg11 13.1578455886044 8.50989245765138 5.53072100695146
Col6a1 9.61137249542857 5.84239608312941 5.81143551580236
Card10 10.5362019257461 7.12704725738578 6.60153439265904
Chrna6 9.22740224088423 5.3448075179859 5.30812172231055
Cacna2d2 13.0823178251403 8.83273830690676 6.09289363913205
Cadps2 12.6465891789857 8.25017964185044 5.2858427762905
