Tnfrsf19 13.0018564991993 8.10852833263749 5.78438497086622
Fkbp10 9.12410383749549 5.70498393203938 5.02838799654429
Vcam1 12.3929491233355 7.97356793401619 4.17667822175593
Cyr61 10.9959600609751 6.21397216510652 5.31132379650959
Gldc 10.7486757444651 6.91177542952071 4.81864523381248
Glud1 13.0938298200263 9.65194636352664 8.81133855299086
Elovl2 10.7045883816083 6.11198591707067 4.46723733144665
Aldh1a1 12.9479740462605 8.79035279191164 4.91083185213284
Ppic 9.14722961732418 5.25663736173259 4.56964296592442
Id3 11.0919275863145 7.72609836729329 5.08396485684179
Smpdl3a 12.0857533868173 8.70716951484021 6.35063583156457
Lcat 10.4268306042058 6.71192583683494 5.38176170031208
Ntsr2 13.5433900397122 9.25953107866997 5.6046423440907
F3 12.046858941471 7.67754195304586 4.67022883387009
Fmo1 11.328392264092 7.28090581841364 5.6545514355694
Tspan7 12.1971439474922 8.38065103789221 6.76139709994884
Slc15a2 12.8515915560421 8.67656827980375 5.41913892705713
Prodh 11.5570945696488 7.72524946512431 6.24676524896141
Wwtr1 11.2891910474882 7.11548805446319 5.16238956278244
Entpd2 11.0209535809569 7.48099829606171 5.8809410400868
Fzd2 10.9219675636019 7.10228016373748 5.60291895561546
Osmr 8.05891078594142 4.48412505237408 4.0802541436846
Ptprz1 12.2939710035561 8.45137502125564 5.36549932674315
Slc38a3 11.9946206880177 7.75784785084805 6.77804029047535
Dio2 13.7075714520868 8.89362325189946 5.51646922921436
Fads2 11.6100482486408 7.7465154287922 5.65063663086259
Cyp2d22 10.5032782141718 6.53902075825844 5.33196616924745
Cyp4f14 10.4876568274442 5.94666946326152 4.70077295456906
Tmem47 11.0487403533928 6.33313517926745 4.61894488212708
Cyp7b1 10.9183729902927 7.53473916696872 4.29029118758351
Slc7a10 11.9907195457607 7.1100693688871 6.06385938274544
Myo6 11.2983410380988 7.84937128372059 5.96351969177271
Chrdl1 8.70484370492258 4.84431116701002 4.56702501229397
Fxyd1 11.6471131690215 8.26999420476654 6.80589986239062
Hapln1 9.15497826699135 4.9044122379726 3.85524498467993
Fgfr3 12.978403379467 8.58967706740724 6.41941202582802
Phkg1 9.24460946071246 5.17376397957314 4.18005410530396
Acsbg1 12.5561219741604 7.63053358337577 5.59765783693688
Tgfb2 9.58391514634977 6.08297066891797 4.27911471826422
Slco1c1 12.9156129450902 7.02160492740425 5.24881526570061
S1pr1 12.8954296083567 8.24575573386833 7.10444036188896
Axl 10.376813463072 6.06487562650691 5.355760923259
Cbs 10.9440294202575 7.00260915658835 5.6554690331904
Gdf10 9.61775046588976 6.26634369749395 4.85207213352657
Ccdc80 12.2804139354384 7.9405343489527 6.41406058706844
Adhfe1 11.0055411814471 7.11016759224154 4.6720850471396
Aldh1l1 11.7969252409185 7.8558797400483 5.01444793609626
Emp2 11.5813403849635 6.97565170467197 6.15981457697499
Aqp4 13.3317577866316 9.06741559097566 4.71603833228904
Col4a5 8.46756084170596 4.17448901639837 3.79288841046499
Amot 11.5651260492706 8.11407181935325 5.28008360120294
Cldn10 11.427477768378 6.78023666605213 5.35527558045897
Cth 10.6632472716645 6.29662527716855 4.69458908876681
Slc1a3 13.1185958759032 8.02153579215394 4.66991795434454
Tlcd1 11.8706489810631 7.79418120349652 5.88384639023709
Nhsl1 10.0215222567882 6.65573388285204 4.83827363309643
Gabrg1 11.3801334964114 8.0371308248944 4.80976699759845
Ttpa 10.3132942933807 6.02930284116664 4.57370814408383
Atp1a2 12.7730230034308 9.21834585546994 4.8929456713222
Slc14a1 9.97550775801048 5.34904223834777 4.32949978585977
Btbd17 9.29219035907704 5.65529065797593 4.62150418887049
Tril 12.4923090063915 8.64996319199974 4.9823880328696
Itih5 11.6030915588945 7.71833948971334 5.7014671489561
Pla2g7 13.0044315423776 7.9062077333253 5.55020500577856
Cd38 10.6533207272686 5.7822149982743 5.19432761208185
Lgi4 9.96023816448966 6.56261693791128 6.07427595927644
Lrig1 10.6582805228039 6.82870075464659 4.43384348196135
AI464131 10.7536473694453 6.01001340545454 4.0796034767499
Mlc1 12.8557599857415 7.61418418264131 4.44471550487851
Gjb6 12.1555953563466 7.6708071876843 4.57588074090212
Heph 8.11704224431769 4.30088453677684 3.93622938489713
Grin2c 11.0798354491927 6.4778885027186 5.16237174486628
Cyp4f15 10.9460279593568 6.05780975496235 5.24619529253243
Myoc 9.34548543543468 5.88200728468953 4.6594079922311
Slc1a2 11.9669799727402 6.66575609595815 5.34082484773998
Igfbp2 11.5269113352783 7.3418053885111 5.41807412588111
