Tppp3 10.7940547651326 7.05184216998758 6.08051980038777
Hspb8 10.7091786563235 6.29387367024914 6.0208250481719
Tmsb10 9.99351772953214 5.78678891211623 4.84301145361585
Trpc3 11.1003964994168 6.61404600130255 5.56322095844606
Sncg 10.3504767184407 5.04004964608015 4.57738507879294
Resp18 11.4908949806773 6.95643853736374 4.67646062265379
Unc119 11.300606434165 7.32063852104248 6.61144362054135
Cxcl14 10.9392485818273 5.81645307874706 4.52680114628922
Pcbd1 12.0412416278747 7.8974729594182 6.60780225297392
Hebp2 9.89745573051577 6.46988049076432 6.40022046276255
Ctse 7.75311067996897 4.40363532701861 4.21014740619289
Mt3 12.15679341395 8.37264334800517 7.21445085508407
Sln 9.26648127721676 4.92783534941212 4.88150877728435
Ngfr 9.84547745196339 6.38979475209997 5.82337650571833
Slc5a7 8.3474119889148 4.75717793601517 4.67358194012153
Slc18a3 11.756889799387 5.31406783353527 4.76913686055883
Ecel1 11.4517182872967 7.04341261702846 6.14396771046237
Ache 11.6732551009221 6.87609076951692 6.23133633212406
Stmn2 11.2504417263556 7.40450070663358 4.5170715092632
Zic1 11.5025038048557 6.86755527397791 4.78259312991831
Tspan17 10.3807320024579 6.95645815675472 5.14050439860481
Uqcr10 10.2979553371495 6.21159298456997 6.02461097298676
Wif1 7.21052566701038 3.87471617768599 3.86909130851906
Lhx8 11.9203627402028 6.5644597592609 4.17942884592345
Hopx 10.5357568589324 6.55737837110877 6.34741408749349
Mela 9.99359065743726 4.43724692178199 4.11775710167302
Tacr3 9.31354863939639 5.22709047153261 4.44180621849592
Gpx3 10.7986483584317 6.77118961819527 6.52733719416105
Fkbp1b 11.8822590838469 8.08487885498407 6.22266460656391
Crabp2 10.4512801955294 5.69887229480493 5.10097789925837
Trap1a 7.38683310570154 4.03184468996645 4.03055272679832
