Tgfbi 10.1729708775644 6.08162012200264 6.02135587609442
Junb 11.5780026398467 7.63094949348929 6.26542797519658
Lcp1 11.8463632704423 7.50857599164346 4.9201990637601
Fuca2 9.96271289402937 6.4207230333962 6.30074814539922
Cd34 10.5911587485583 6.02571150197519 5.00659246686424
Sipa1 11.1257432146877 7.16763351455453 6.01950473344771
Tubb6 9.94309885815544 5.55005136128387 5.5331393301455
Rab32 7.60118101811754 4.2127752780352 3.99981900666139
Spint1 10.3415667614487 5.46889363859369 5.16408388874819
Afp 8.20241684612463 4.7259588417552 3.80361198014354
Slc39a8 8.3702572354114 4.96932603339565 4.01446995802196
Trpv2 10.5912774798385 7.10428206618868 6.41870662009512
C1qb 13.3846079047961 9.82684017939656 5.56277024172312
Pmp22 12.2653168767854 8.53050335512514 8.51753917131149
Il16 10.7022595486227 6.60646907352934 5.69778346907529
Slc7a7 11.052383619296 6.51618735552467 5.36303225733662
Srgn 13.2509970787582 9.72518086984642 6.64571299787026
Myh9 12.5865032254667 9.22915562203212 8.75046805531008
Ctsb 11.5122543783846 6.93070872360705 6.26095328146377
Tgm2 11.7718766956168 8.42176966550378 7.46776237954128
Camk1 9.85042383776096 6.26654769628462 5.57085336144781
Cd79b 8.31573716498709 4.86159993546094 4.59929911521537
Snx5 12.5628056055199 8.75071324085356 8.64475315089014
Abhd12 10.8674156786795 7.39634812006118 6.8078417127468
Rgs19 10.139947557409 6.39510960418203 5.30964823313771
Fcgr1 12.3056772228307 8.41948728377507 5.18545048635948
Ccl9 11.5606702750711 7.62210304833934 5.00966240110747
Pmaip1 7.94812896443572 4.24031707267853 4.10175859875905
Aif1 11.8782125697407 7.11808276193394 5.3011847970685
Crybb1 12.3010895138039 7.88511263218251 7.27920101187162
Fcer1g 12.6409109862305 7.70874442584053 6.15373768489707
Ctsh 12.8519091129382 7.93948074349541 7.17004743131145
Ncf4 10.7081144474155 6.95444874680259 5.55267128149079
Ggta1 10.3145780373454 5.6785373094711 4.46661001713131
Calcrl 7.84138491604448 4.35307279046982 3.84235711424841
Lcp2 10.3889718130272 6.67124485227208 5.04671057057665
Ms4a6b 11.1222234312687 6.31628119304595 5.10536584963947
Cxcl10 9.83264446685726 5.39663961162332 5.37246308095619
Cttnbp2nl 11.7204560544011 8.23066166667294 7.13875075427197
Tlr2 11.9268402473875 7.50107318726611 5.93421231163831
Cd163 7.66769719158114 4.04498740062028 3.99631115675485
Cd37 10.9048574016166 6.82374728798975 5.88943996913532
Map3k8 10.2849700718244 4.9494028958687 4.69106469994995
Myd88 10.7278217724093 6.26877058243073 6.25891487179659
Ccl12 10.5112043294489 5.63390949619235 4.67802671455965
H2-Oa 8.7917936065526 5.20739497644174 5.17456457016188
Slamf9 11.1882832385642 7.13079898221538 6.73208369351746
S100a8 13.0395448654869 9.48434744715832 4.60129311517723
Il10rb 10.7116513838826 6.62919039146077 5.91534926679208
C3ar1 11.7072754362155 7.16430904709488 5.44762747655399
Ccl3 13.4953964323281 9.79637270717056 6.00522833140131
Ms4a6d 11.3799791784438 6.69468001479522 4.77041381393469
Ier3 13.4963591841383 9.47675389566965 8.16072535093409
Camp 12.113738407204 7.54685779038609 5.44873284938602
Arap3 9.86775374576886 6.44014709446293 4.22102335323081
Tlr7 11.2112407400947 6.40580862501261 4.83065834443496
Hpgd 12.0107499612859 4.90695776969409 4.36825282550341
Slc11a1 11.4154854568916 7.26890003781033 5.55874489800826
Ccl2 9.49866288250659 5.81098430290273 5.31200195462168
Cd86 11.6419705628058 7.12784707105203 5.24791932275485
Gpr84 11.5935377294956 7.18571837043467 6.00448394508542
Vamp8 11.9027573726861 8.45846228581131 7.631939410951
Tcirg1 11.3257053795282 7.83173835171465 7.10270324138001
Trim12a 8.5835260320544 4.24031707267853 3.98130044158145
Gdi2 8.09982445011505 4.58707704327366 4.56839763770028
Sla 12.3378861062474 8.90829683266379 5.91760821969124
Mrc2 8.85958477054983 5.49510011358082 5.238460163512
Gpr56 11.0473777353108 7.51026967558085 7.36734583507313
Lgals9 9.80576100376818 6.20791407777098 5.24114250611553
Trem2 11.528689695107 8.17360963449951 6.45678425481078
Clec5a 7.95490858776694 4.62922368034818 4.49595622362278
Igsf6 8.68495551282954 4.57103870751629 4.02522598179701
Naip5 11.1347547074536 6.57203558617211 4.53263335867253
Ccl4 12.7516225784521 9.41884563846622 6.99400742038759
Tapbp 11.4240903434095 8.09851166760672 7.9952384318771
Dapp1 10.626591308075 7.12956981903299 5.90354118634261
Fli1 10.0832277034328 6.03620819844267 4.04407268011523
Il6ra 12.6405285425734 8.27214586096156 6.86859835716773
Itga6 11.5906633280243 8.05274907055378 7.62460869284633
Ppt1 10.4935757800321 6.91507092056032 6.87734004095292
H2-DMa 11.3395300052483 7.4656831696477 6.9695181831721
Rassf5 12.1314858616268 8.38950980188663 5.81294947964441
Prkcd 11.3607793398998 7.82992759607837 6.3021800753721
Cd84 9.96224237530016 5.76332987288284 4.68853713589737
Pik3cd 8.99966364024255 5.60941621729692 5.04334474843637
Cfh 10.8438396260437 5.4242810857933 4.06681659549475
Tnfrsf13b 9.66545251361214 6.24102114833877 4.98183254484354
Entpd1 9.58873000960094 6.24774441632334 4.61138895493853
Ptgs1 12.1626150793908 8.79671819691338 5.68964378723673
Mgat1 11.5154477989229 8.17438851314925 8.12372880144338
Bin1 11.0156047084342 7.45825064812287 6.95702429189312
Pdk1 10.616493115329 7.04710489730661 6.67880772013433
Unc93b1 11.3066168079527 7.89226914931018 6.62338383125657
Edem1 10.5644676490564 6.93007732153501 6.01348304715545
Tmem140 8.46080936763924 4.5793256193228 4.23397748479676
Tm6sf1 11.273380881778 7.85692527268762 5.10846276187458
F11r 12.1638127271072 8.2606470947784 6.09123456934581
Trim34a 8.69868770830196 5.3023302937335 5.12832539108475
Plxdc1 10.9642741564864 7.49251288055897 6.41156908962788
Siglec5 8.337886172674 4.13385474113472 3.98015232254307
Fcrl1 9.27554865404005 5.6782674853825 5.13741267253624
P2ry6 11.5909433501351 6.38347738901593 5.10736200575724
Mlph 9.52478746573067 5.25238712133091 5.11981765858292
Il13ra1 9.69650941211153 6.07953758790798 4.84689218866028
Vwa5a 10.3690918760756 5.9783824651251 5.09367397898818
Arrb2 11.5161791808491 6.8944718581801 5.90755646055815
Pros1 11.4244912078995 7.46011673559665 6.08550576684055
Arhgdib 10.7800288131728 6.86135766731881 6.12126822700486
Trim47 10.122871565472 6.74714041601005 5.10818714923087
Rps9 12.5526443081372 8.45425828963059 8.02477854557567
Sash3 11.2528818012755 6.68681380098116 5.90316139246355
Cd48 9.99176185857167 5.78745781343913 4.7049329672102
Lcn2 11.7182561949748 7.29619133706373 4.21241213071809
Tmem173 11.1696407087511 6.77710155963701 5.95654928562033
BC028528 9.01173787915138 5.23627357655078 4.86586466423056
Acsl5 10.8519435402484 7.25033706907701 7.18831230747963
Rhoh 10.7637079698635 6.22339317843939 5.62818892443407
1700017B05Rik 11.7522974287947 6.88365491024111 5.43148409826158
Gusb 11.4803411718158 8.11154135497631 6.62553062085998
Lair1 10.6612900224916 6.70651507882054 5.23847105761347
Rnf19b 9.65744414029616 5.78076754658086 4.92537040496696
Pld4 12.1700437011819 8.07566530651332 6.18953169793478
Fermt3 11.4207362066657 6.51111776816614 4.42023763439998
H2-Aa 11.2644036954394 5.28946378456521 5.00299540660235
Rap1b 10.5897063292161 7.08691774569275 6.55977157987512
Cd300a 10.0530239896872 6.69734555300981 5.15217100986695
Clcf1 8.68466038510135 4.91977550816482 3.75292228487641
Il10ra 11.9867649941734 8.04857145901766 4.9772401703796
Rab20 9.64744268247702 5.72268449866913 4.65590886653128
Ifitm6 9.1396048659572 5.45808698699311 5.24442575820937
Lgals3bp 9.38516852690337 5.83129258872416 5.55646506821494
Slc15a4 11.356384012252 7.68089146466674 7.35559587993374
Dhrs3 10.8328899765314 6.9479837627273 6.92035732194763
Olfml3 13.5644607358692 9.78724568307741 6.83942544196908
Pla2g4a 9.55730250855793 6.1700933726074 5.91970876571158
Ncf2 11.109264808914 7.18399478874221 5.67321121690956
Fcrls 13.5200887013828 9.54965424145219 6.43038428677933
Tlr1 9.55990391864875 5.68460262506168 4.37012309037062
Cd68 12.2825968841945 7.78225941579537 5.98876331591521
Ebi3 9.38512048892932 5.79364121904971 5.48245367577132
Csf2rb2 9.46516272602394 4.92138339642812 4.77973622735812
Hck 11.7192724128215 8.21473747034521 5.2141801781003
Ehd4 10.2769858985773 6.85080958999571 5.95363298281179
Ly96 8.98885773803667 4.35237689450221 4.19801358852111
Lag3 9.94342037341401 5.72554918549385 5.54118351031365
Ltf 11.9771261319803 8.33552497357431 6.28067784760466
Stab1 10.7835801182221 6.83536063924988 5.44447076418927
Evi2a 12.5801879760248 9.01951285260832 8.57670410975645
Il6 8.3523884587654 4.01029935830274 3.7288788929998
Ptger3 7.74890432623238 3.99074059745939 3.80766129279783
Mrc1 8.47267687587698 4.02057959884331 3.48901948967623
Smap2 11.0753111415981 6.48095024986634 6.32069310963838
Itgb2 11.8281947861841 8.17697505613979 5.27613067878625
Ang 8.67340897437916 4.36158180309535 4.0190897402345
Emr1 12.777781853873 7.61162411448246 5.75389176437117
Nrros 12.3519497751025 8.62184591957144 5.38898164588563
Fyb 11.7159427823204 7.42856391337901 6.30950058858222
Ctla2b 9.94438247489242 6.10729286647974 4.20606402655295
Abhd15 9.92497435981129 6.52865125879171 5.24179746942546
Iffo1 10.7047839194148 7.34457232434193 7.07539565595521
Spata13 11.8360921296241 7.93268165874083 7.7459390030312
Irf5 10.4417221455899 7.07125053368884 5.79206739440639
Naip2 10.8151812852359 5.5222353270713 4.52317525178388
Anxa3 12.9131833282778 8.03042668726479 5.91082258786764
