Cyr61 10.1177044550445 6.18209575812152 5.79852379447311
F3 11.9474319451514 7.3351496899198 5.48710083604749
Slc38a3 11.8553876765167 7.64913611558096 6.6513632110678
Cyp2d22 10.8365481139835 6.79207569022392 5.49711348094178
Sorcs2 9.98803577691761 6.13737245424865 5.30886444934887
Cyp4f14 9.67489580591138 6.0263596304588 4.76364203252385
Cyp7b1 10.6279033013097 6.94410923830011 4.44375775027275
Slc7a10 12.2900981803109 7.10910428714118 6.08796739355356
Phkg1 8.90994630130679 5.13972504345318 4.64698148691276
Acsbg1 12.1437391983005 8.01757443193055 5.9895517652976
S1pr1 12.261631814222 8.48187934976983 7.50514464777654
Aldh1l1 11.6109010833616 7.34670330666333 5.07929748800235
Aldoc 11.7750983992992 7.77917546633914 5.28035061837025
Aqp4 12.9483666417877 8.22312584231426 4.64886897400818
Cldn10 10.9023686731994 6.9597147700068 5.5643019713366
Slc1a3 12.472434147682 8.03205064638754 7.15633431527307
Tlcd1 11.8398312913122 7.87093565806854 5.80420336577983
Gabrg1 11.2282473533949 7.11548549918736 4.64252265230819
Slc14a1 9.37407469070602 5.41372567659541 4.79659837839262
Tril 12.7808449547726 8.78031396935503 5.0842856135487
Pla2g7 12.3548768936651 7.69045396955657 6.360631560078
Cd38 10.357064384044 6.13372832907425 5.61866325109908
Lrig1 11.1543627448314 6.92078095665377 4.47336382714762
AI464131 10.4927876247177 6.40328402105944 4.12114563277672
Mlc1 12.2348830805864 8.30595328978263 4.42727209763104
Gjb6 12.0328702999436 7.79413215071722 4.74807908865654
Hsd11b1 12.0756319882888 7.86541322311129 7.23731475581607
Grin2c 10.8357165985743 6.17598231532381 5.29118274338158
Cyp4f15 10.907872911598 6.61719052740758 5.31781258761767
Slc1a2 11.0991054003123 6.95179962795111 5.4595288975824
