Golm1 13.1709345745481 8.01746581207868 7.08726260678362
Cdc42 12.2436389401093 8.22092482835767 7.31502093506658
Srsf2 9.40037755656191 5.75391721796277 5.66614278110177
Lbr 9.44263213579448 5.83377047491668 5.54335257428177
Tgfbi 10.1729708775644 4.66293191570835 4.57396454796607
Sgpl1 9.54910293773426 4.80421005402416 4.69576861770486
Mgst1 8.2714639401547 4.78592358978175 4.64317925371533
Junb 11.5780026398467 7.43242937244627 7.30694032484858
Creg1 11.4502595824185 7.62908668081572 6.99704133993069
Marcks 10.25492957013 6.38615133138424 5.54883437160709
Lcp1 11.8463632704423 4.42941766189111 4.32777026819968
Vcam1 8.18118631825557 3.96546550781469 3.95307483622981
Txnip 13.6993914736524 6.89116022106638 6.73883327518658
Cd24a 8.93508939538895 4.86684655317824 4.56518500311494
Sgk1 13.2007291352408 7.8416657029444 7.66139924310201
Flii 10.5065121486884 6.6865746080628 6.05353712031513
Cd9 11.8962881279299 5.53658583820846 5.04532814172071
Ifrd1 11.3040305700896 7.94973132413087 6.7878173137658
Cd34 10.5911587485583 6.15274659858153 5.86715061367432
Hist1h1c 11.8476499855546 7.02497293209337 5.03413419777243
Ywhaz 9.99123940936416 6.5991623396248 6.01925671429344
Cd83 13.2264749464343 8.58600865862356 6.04299406120733
Serpinf1 9.41188678958694 4.79588580430628 4.68234405561457
Rdx 10.7244040179248 6.972144789438 5.4985335705282
Pnrc2 11.0423202308249 6.85778983536977 6.32710263470065
Sipa1 11.1257432146877 6.6997597799671 6.38933698678949
Btg2 11.4968904593275 6.79008371404322 6.59201389333843
Tnfaip2 9.08145533726492 3.91150992360167 3.89122221617427
Plod1 9.23012146683775 5.87794270271558 5.69028953545627
Litaf 12.5127367018525 7.81161115755882 7.68900475342491
Lamp2 11.6172171151883 6.66254707427637 5.6211185715545
Snx18 11.9105809619856 7.91446639635697 7.52499742900298
Ctsc 12.6065842886925 4.45236788291099 4.3320179321284
Rcbtb2 9.51693799161507 4.96318090379554 4.78196253861507
Cd82 9.38715719713112 5.97376572483938 5.51813058061698
Cat 9.95722339224243 6.52076875807119 5.83191354671129
Tubb6 9.94309885815544 5.6483655139879 5.36682568382021
Pfkfb3 9.98570488271776 5.44724395105741 5.08663936832184
Cd164 13.2504873032464 9.72259236346144 8.23090951919689
Ier2 13.4150634942812 6.23507056279022 6.1600247792081
Rab32 7.60118101811754 3.86016305148678 3.81735058647927
Pnp 12.8627608953087 7.12020484204795 6.70401595148988
Nfe2l2 11.3735710823378 4.84558763857338 4.71492051079917
Slc13a3 8.06868956027001 4.35791949475816 4.21788239887784
Socs3 12.8363611039744 4.21631858983797 4.15022522619743
Sparc 11.723215805215 4.55637099675062 4.55537111799748
Scamp2 12.0782300087712 7.97628476153719 7.64595888336014
Acss1 9.58139552895345 5.00661075054242 4.92796782512944
4632428N05Rik 12.9592128362635 5.12352501259295 4.91551209161094
Spint1 10.3415667614487 6.36638675980176 5.86459803952784
Smpdl3a 8.89619561075724 5.55488137075425 4.70571855474999
Afp 8.20241684612463 3.95714247164638 3.81369224269578
Stxbp3a 9.18980767526913 4.51241813464442 4.23280890736878
Clic1 11.3846871257571 5.68165166417966 5.10135196922863
Serpine2 12.4306055788881 8.21852101143191 8.1532128281725
Plxnb2 11.1751053377305 7.56097702236207 7.10873470863568
Tspo 8.96653892538565 4.4638207230197 4.40782152735941
Irf8 12.5606886061131 5.70677502040311 5.5924282636653
Dnajb1 11.4072973894197 7.68380383547182 7.58348878093699
Mical1 8.88736256308852 4.32055698272226 4.23901454532075
Fkbp7 9.58447874704344 6.0009288417278 5.38970195099958
Tbxas1 9.77227819439976 6.40315481246274 5.99929589205026
Slc39a8 8.3702572354114 4.19738789222393 4.13538865665847
Parvg 10.3224146114506 6.52257221184849 5.84939390128917
Mcl1 12.1472433486191 7.23929892541612 6.49866707501688
Numb 12.2270194543794 8.72172741323211 8.61607087580201
Fam107b 10.6475155947746 6.72467776381844 5.63311241146732
Rps6ka1 12.439882687873 7.36835679510282 7.34295793852596
Npc2 12.9151308001633 8.46455970521342 8.45638938548748
Trp53inp1 9.74512065236671 5.55145144727791 5.50775623096493
Erap1 8.15112431133349 4.58672695944141 4.50276476535905
Tnfaip8 9.91373565516323 4.52566631577346 4.35044787847274
Fcgrt 9.65042068842126 5.72932496244176 5.71942772058373
Mfng 10.1100884876208 6.2499331716698 5.9848420440017
Tmem206 10.2057688234462 6.18250497707719 6.0326418002789
Slc40a1 11.6365802495677 6.07560548064881 5.49136841716693
C1qb 13.3846079047961 3.84806633860435 3.83647284260402
Cyp4v3 11.0721852303594 6.17397149585372 6.15353614656263
Qk 12.3621647632087 5.007169517428 4.41632011446172
Syngr2 11.4559121689701 4.78471223744273 4.53755953130671
Plekho1 10.6038456884602 5.96009235271802 5.43170948453233
Pmp22 12.2653168767854 5.2362268545616 5.04669196809572
Tmem123 9.14930394547842 3.81009337635659 3.7185193590536
Ccl6 10.223717633042 4.78212005438613 4.47916196850302
Cd14 13.3052539164274 7.04806595209688 6.89920700044586
Tob2 11.2284375997777 5.15295947653177 4.57138334079253
Pycard 11.8185468367102 5.31848407154783 5.28792869477631
Hsd17b4 10.5840630235995 7.20843345647283 6.84516523865536
C1qa 13.2380236204344 6.14408168910106 5.86190843603014
Il16 10.7022595486227 5.93504113955605 5.71843084156967
Slc7a7 11.052383619296 5.51608122606619 5.47919726067047
Klf4 12.698526861476 4.9278783040842 4.66106594650526
Sertad1 10.6747710405396 7.23989424108257 6.74726309574041
Jun 13.1567215574815 8.70126613055548 8.69406849275582
Srgn 13.2509970787582 5.71424614301454 5.64855780565334
Cks2 9.81957354136534 5.52824937463497 5.47327439200592
Myh9 12.5865032254667 9.16160286377189 8.2709210520598
Nfkbiz 12.6860754101133 4.73247730761468 4.45973762978401
Tgm2 11.7718766956168 5.56135157569102 5.44396878700488
Plek 13.0669588958399 5.9273804019926 5.3269274475642
Itgb5 13.3318370523038 3.95572823634787 3.76334326463988
Elf1 9.08676867890006 4.158353398011 4.13889759886897
Zfp68 9.42067994106581 6.0477858994193 5.31661401827058
Rgs1 11.2541972267774 4.76804292481329 4.5664753884045
Ier5 13.0591463203827 9.00812859340656 7.06668609078878
Slc12a2 9.27545350413279 5.54689552412558 5.4313794324848
Mknk1 10.6885605319743 7.0561098518448 6.98385300880667
Cd79b 8.31573716498709 4.73329377961891 4.46938662808052
Snx5 12.5628056055199 6.61163523857756 6.36084705000019
Elk3 10.4901390004177 4.62057248369996 4.31419777244798
Gab1 9.65193276191746 5.28738138959095 5.25044060491171
Soat1 9.02708526356189 5.33187001705335 4.88582770568473
Naglu 9.26626288253695 5.90505691852984 5.47937211435366
Laptm5 13.2497958585741 4.10617565395559 3.92578591930484
Ube2j1 8.69405240386572 5.03807095551523 4.72432842688861
Slc25a37 10.6378478547555 7.11507062257093 6.05932264165179
Ptgr1 10.0953671914278 5.53447135376775 5.35899787073434
Rgs19 10.139947557409 6.18010362525852 5.31822715962437
Dok1 9.09517514267858 5.47940170372846 5.21044898047461
Serinc3 10.8737843005988 6.54391492496099 6.46602259960776
Ctsz 13.0341451754765 4.16500763966381 4.09088271933916
Fcgr1 12.3056772228307 4.87533819712774 4.8336267459442
Slc16a6 11.601886645942 6.21100541906464 5.3537607888177
Pdlim4 9.4700059993897 4.83677893331542 4.70230503758376
Ccl9 11.5606702750711 5.03710569042997 4.90597689906323
Trim30a 9.82440837349698 6.40886396904927 6.37280410116922
Tmem176b 13.0401808488191 7.79430117844716 7.70133082749048
St6galnac4 9.99597436944815 6.51667716599492 6.38567880536105
Tnfrsf1b 11.5849644137814 6.39363286349116 6.38403484296948
Inpp5d 12.5199395399242 7.2641407344675 7.13977509907657
Tor1aip2 7.23703840489046 3.76476892800227 3.66081749380854
Aff1 10.5286978143419 6.09446186800962 5.60203024737824
Tlr4 9.52419084436795 4.6025627674454 4.44502412765742
Pmaip1 7.94812896443572 4.20600395547454 4.09066469647799
Aif1 11.8782125697407 6.0027385151898 5.3421217048815
Lims1 11.3895886323577 7.15236871254509 6.48812416971608
Syk 11.2305153374971 7.07129245508112 6.77944631349887
Klf6 12.1614928848338 6.26189233799645 6.11983770086644
Crybb1 12.3010895138039 6.44578723104619 5.97525244550642
Fcer1g 12.6409109862305 6.47033587542633 6.16226398669455
Ctsh 12.8519091129382 5.65050711457593 5.57929582240496
Gbp3 8.5913202656342 4.70055480529641 4.6616756867126
Gpsm3 9.66649074936397 5.46200390222334 5.3298443310241
Dusp16 10.4070344793422 6.90440537573996 5.81564532121152
Ncf4 10.7081144474155 5.07095765241105 5.00309189873834
Ggta1 10.3145780373454 4.34076642235051 4.14247357507999
Calcrl 7.84138491604448 4.02865949268333 3.8196985482314
Lcp2 10.3889718130272 5.59982692488856 4.77179782927224
Fech 9.4374346620204 5.64328036696924 5.06234248701078
Ngp 12.4329204009581 6.64861840226322 6.43408911302025
Spi1 10.2850028049619 5.90260046263923 5.8358474659737
Atp7a 10.1404314445784 5.57322433169105 5.28349322083946
Csf3r 10.4703586336665 7.13291952699602 6.41997462663509
Ms4a6b 11.1222234312687 5.6329991796601 5.60043193933473
Hcls1 8.83239317939796 4.87998789530444 4.7794043536433
Pabpc1 11.1513836653323 4.67335119871244 4.60721508265005
Skap2 11.9890479352489 8.55930234738876 8.12976119186698
Cebpb 11.6879517821222 7.06025181580638 6.01048522294052
Plxdc2 12.0633823649962 7.91655192784573 7.4658785613325
Cxcl10 9.83264446685726 5.11041011304076 5.0082002101707
Maff 10.2395219098757 6.49591531140651 6.38842857781956
Cysltr1 9.33333349087416 4.62671457564461 4.39522946761995
Bcl10 11.3928955143517 7.30615469286021 7.17199597508151
Cttnbp2nl 11.7204560544011 6.397522580769 5.88702045125943
Gltp 10.7931375238269 7.41652145560975 7.18403880363353
Lyl1 9.97533629065994 5.56674857306659 5.14967443376752
Ptpn18 10.4025712369028 6.59620186552854 6.4697647180487
Tlr2 11.9268402473875 5.95065065423287 5.84843992081663
Cd163 7.66769719158114 4.15096986709116 4.08019986062205
Serpine1 9.52331793271942 5.19530308208337 4.99861841660672
Sox4 9.95630765129675 5.36581667061151 5.19465977766964
Mlxipl 10.549742788076 6.86212141348556 6.40101645593238
Cd37 10.9048574016166 6.36115917279613 6.30092705722866
Map3k8 10.2849700718244 5.03749448822347 5.01266981695994
Myd88 10.7278217724093 6.53424423511424 6.48427019092411
Ccl12 10.5112043294489 4.67501849675953 4.43173992338298
Arhgap4 9.36525554969312 5.70567716007957 5.56909834932589
Pon3 9.20297150005047 4.29246913317814 4.24420505497022
Ss18 11.2969679127442 7.86306312241646 7.85801077651203
S100a8 13.0395448654869 4.697831289639 4.58323047945659
Il10rb 10.7116513838826 5.4796621469705 5.32140855516045
C3ar1 11.7072754362155 6.62419462521426 6.47702615605033
Ripk1 10.1243899929041 6.76234935532524 6.71629853470837
Fgd2 12.1304825880125 6.34467121038615 6.14778378944828
Rela 11.8428094359349 8.03991443356711 7.37698157791863
Ccl3 13.4953964323281 5.10838799053776 4.96233717253266
Ms4a6d 11.3799791784438 4.5238940122943 4.42948937606219
Ier3 13.4963591841383 7.88761204278062 7.57718493463142
Nupr1 9.93831898336817 5.03664353937553 4.95596225255712
Camp 12.113738407204 5.71560551651578 5.59500296642687
Chil3 11.1159878878753 4.38608952845298 4.35700654636839
Arap3 9.86775374576886 4.18665721678429 3.9660853024814
Tlr7 11.2112407400947 5.45639647454668 5.3036488328902
Tnpo1 10.0306104853679 5.66745444408556 5.61318064207443
Csf1r 14.0460007158016 8.27708590727771 7.71082678893096
Trim25 10.8969751411857 5.42713702790491 5.38605157322532
Hpgd 12.0107499612859 5.41022871552432 4.60591929072748
Nfatc3 8.87143809052763 4.57271240594269 4.44965871933788
Igbp1 8.44112158382207 5.10424572820519 5.05472470426502
Mcm3 8.92535440058905 5.03880912590283 4.78912376860223
Slc35c2 8.33928859547465 4.74266388949228 4.557226366854
Morc3 9.98783898123944 5.81254511649231 5.01096939314275
Hnrnpdl 8.72090703574884 5.36162578144955 4.76359788486709
Pttg1ip 11.4910938890536 7.60654773917346 7.34275282910304
Slc11a1 11.4154854568916 6.41157672050571 6.4045144784049
Ccl2 9.49866288250659 5.31193063639592 5.11625478014554
Cd86 11.6419705628058 5.03240902409316 4.8887113926283
Sat1 12.159300186165 5.71298413261094 4.53923518162476
Prkd3 9.70383275414416 5.42789271184837 5.00679281626996
Gpr84 11.5935377294956 6.55916571721469 6.03809390181437
Anp32e 9.87054100376129 6.22002120712003 5.39351720324131
Ptp4a2 12.4237248998575 8.02765872414541 7.27005584774482
Vamp8 11.9027573726861 6.3970516713115 6.19584944643644
Tcirg1 11.3257053795282 6.51713088672941 6.43218743179309
Sqrdl 11.0518617676912 6.80130884200958 5.97243718452082
Trim12a 8.5835260320544 4.02488712550006 3.95559498460864
Zfhx3 11.2942984484453 4.97201296087921 4.65191053572432
Slc15a3 11.5219827541908 5.32119984304594 5.25404297842999
Rel 9.30153835661437 5.89290013127787 5.74292400647212
Tsc22d3 11.4721491337919 5.42880648358006 4.89698790054299
Sla 12.3378861062474 8.37299295064169 6.36044851813362
Myl12a 11.9122596630422 7.20376761638598 6.84506589986526
Sgpp1 7.73906578784567 3.99207495978924 3.86931180693417
Tgfbr1 13.4953964323281 6.5102671550733 5.54673036991009
Snap23 8.47917138557207 4.14118501109134 4.05659148159458
Cd2ap 10.1956964097835 6.28952068086535 5.71943052885175
Asph 11.1131392793095 5.00729328649988 4.86081175722648
Ivns1abp 12.7182126498181 7.48283804187103 7.10678453851275
Adcy7 11.9646243532397 7.90124291678277 4.81865930478879
Rbm39 10.4094928984617 5.16248240690916 4.76851014007199
Vamp3 10.8638436564196 6.55824927909608 6.34150436469482
Bmp2k 11.3162621163235 5.50471835589954 5.3381714633591
Gpr56 11.0473777353108 7.53673127822281 7.33896735631357
Tial1 9.4359355915161 5.30509482337305 5.08299240768191
Lgals9 9.80576100376818 5.74383810000107 5.51429523882026
Trem2 11.528689695107 7.20518101531763 6.53107558362637
Gna15 8.93153578094543 5.43361853064434 5.37794067331541
H2-M3 10.536790243709 6.90174771369378 6.54483616855829
Birc3 10.7521481640029 6.40025364388293 6.24523769274187
Igsf6 8.68495551282954 4.13730833510787 4.09815254811585
Npnt 8.06075026556426 4.4728763299965 3.92301961737422
Samsn1 8.95535277925432 4.75150872029285 4.54214467577732
Il1a 10.5450729398403 4.6094293163643 4.38520223465889
Hpgds 9.14123713383759 5.39318703642012 5.16391863270155
Naip5 11.1347547074536 5.18303013175104 4.41569099714821
Ccl4 12.7516225784521 7.61079915554365 7.29932096502108
Klf3 8.44575749935971 4.89463284035545 4.82394524299196
Itpr2 10.8613975316724 5.82313964180841 5.46360032040201
Stat6 10.5031698578152 5.62751325480525 5.46688193374202
Tapbp 11.4240903434095 7.15905348946075 6.57739409310087
Msn 10.7217422633417 6.29643552292041 5.94423353886878
Bcl6 9.97529153752311 5.49110571008289 5.06128879767568
Abca1 12.0785728549459 6.24452176060461 5.90082589489326
Adam17 10.581995677351 5.6717611871773 5.59508566073666
Dapp1 10.626591308075 5.05745703534294 5.03997437125163
Eif4e2 10.4408061867562 5.82724799206538 5.74196319844368
Igfbp4 8.34195517657038 4.59603277532945 4.48084490727647
Tor3a 8.29536283274872 4.90809965178997 4.90795226136475
Clec4a2 10.1190075949126 5.06779172508839 4.9341962577996
Fli1 10.0832277034328 3.79891381750575 3.68911695842091
Mitf 10.3277193773821 5.53268955562606 5.45652104757571
Ets1 9.75745818736726 3.88137392468326 3.86099497852185
Fosb 11.9818678393755 6.5391150444455 5.73551083845159
Ccr5 11.7087776692335 4.37550473203231 4.34297486202312
Il6ra 12.6405285425734 5.70546271680925 5.53867487631454
Tgif1 8.50458243562559 4.9908074746832 4.82119155248439
Pla2g15 12.3512186582331 8.14777134060546 8.08536612996956
Itga6 11.5906633280243 6.10139141220082 5.92953983234064
Ifi30 11.4062018650154 6.1919543325044 6.01558680452728
Cables1 10.7158993683559 6.78144752251325 6.57062653949159
Zfp36l1 12.7019764996359 4.91080227402462 4.84155100590607
Id2 12.1636087237592 8.57248854747396 8.4800285143494
Gpr34 12.142699851518 4.2696011279805 4.07710725844479
Rrad 10.0026571297703 5.43476316855556 5.40235376689255
Cr1l 11.6955153199688 7.96662879996691 7.73413876269425
Ndel1 9.26249492481989 5.75625791729007 5.46020678147138
Rhog 11.2037880767617 7.72266987185754 7.24431205625429
Rnase4 13.0771643703574 5.8556478435595 5.42726352851698
Hk2 12.3164140648536 6.71277397941213 6.39231313667377
Map4k4 8.81854047498591 4.46611253796329 4.32815135439751
Hfe 11.3196450739578 6.62167696823978 6.03140437457964
Lgals8 10.4212717683181 6.78509991414806 6.49643231537167
Pmepa1 11.4586918603674 6.89171700043809 6.34173322253588
Pik3cg 10.1537853547168 5.659708108922 5.51174630388262
Tlr3 9.63659550839082 5.0227857302928 4.87338610298386
Zfp191 9.3297917384235 5.96000417121528 5.87701098691628
Prkcd 11.3607793398998 7.06598102088727 6.74408410593919
Mertk 13.0985151577591 5.54571367054447 5.38915382007461
Cd84 9.96224237530016 4.54249657945397 4.44989309062843
Ly86 13.8305038298173 6.47964485942321 6.319379767513
Vav1 10.4997459843954 4.09908098613338 4.05829053304021
Hspb1 8.451298682913 5.0595691220245 4.92418627644491
Psmb8 9.25112032483099 5.84508123574849 5.69441998340906
Thrsp 10.4262173926383 7.00659781219663 6.41256215320371
Pag1 12.6736213180298 6.57775212502012 5.42100270225976
Pim1 9.24702344557165 5.73979748311075 5.73655218131886
Stt3a 9.80513059719094 5.14313399037712 5.12875919526596
Ube2d3 9.21870316023409 5.27674184576024 5.05132074067101
Gtpbp4 9.99149792789418 6.01347010071546 5.52539361063462
Cfh 10.8438396260437 3.55783536248266 3.5377469403152
Tnfrsf13b 9.66545251361214 5.32616811374614 5.11698860884565
Arhgap5 9.66667158377136 4.84686952231253 4.49443059446546
Cebpd 10.5744174492867 4.32778916482535 4.28979445531144
Smim3 9.32886126195367 5.91670742765771 5.82783941582678
Hhex 10.060418644213 6.2172545186902 5.61101594040775
Entpd1 9.58873000960094 4.21263728859205 4.16051426119613
Clic4 7.99796597515948 4.60392637802341 4.51352479121394
Chtop 9.2893607361788 5.46719834810209 4.75131930690192
Ptgs1 12.1626150793908 4.57350386851489 4.44048298706085
Adrb1 10.5218876655346 6.53646290145354 6.16030188145961
Stk17b 9.80355004387352 5.84866576072096 5.38687178071382
Frrs1 10.6966078261321 5.58345239221449 5.20451265612446
Lyz2 12.5660138290276 6.88163543246707 6.69447617059631
Ssfa2 10.4026641404164 6.2169370913203 6.17290086086442
Galnt4 9.11869231898454 4.70854244836995 4.58644218711074
Ctc1 11.7422487728519 7.92955518292119 7.86132251598746
Unc93b1 11.3066168079527 7.36223306003027 7.05956858224708
Mob1a 11.6304802850351 6.91382936320231 6.50488771641523
Cmtm6 12.2803328178186 6.20199705715522 5.83838145145908
Tmem168 7.87593937989302 3.98297897779494 3.69581901992691
Tmem63a 11.3727165126659 7.97126786799859 7.91029176445935
Tspan14 11.2007785813707 7.57431458527857 6.97421422305128
Lpcat3 11.4786154330381 7.60459256847451 7.44839826695187
Gatad2a 8.37574485244743 5.04948608134885 4.49936063808551
Hvcn1 10.2856187487951 5.43629869608787 5.38872957926398
Edem1 10.5644676490564 4.80903011688931 4.5355761046843
Icam1 12.144222640413 5.22696396365665 5.19096353359211
Ptbp3 11.2952745829932 7.86761625078253 7.14781727328553
Epb4.1 9.13203469587656 5.61204597313811 5.49905475674601
Prkab1 10.8728158992286 7.53785459249842 6.93433792141886
Rbl1 8.51194870241016 4.59414297756114 4.38250731529745
Rcsd1 12.3223507478265 7.55487837771003 7.1958040125438
Papola 9.7983668125658 6.26178462558489 5.85612055261205
Npl 10.119227368812 5.22687667635284 5.08081105925456
Smox 10.9458769613614 7.09890247250331 6.65384514343613
Tmem140 8.46080936763924 4.30016240888711 4.24802854968832
Nupl1 10.5642751187147 6.59115779475327 5.81937925622501
0610040J01Rik 10.8106638816197 5.46246078059859 5.05629178782016
Tmem189 8.95256705982007 5.32418010153476 4.74277792391833
Leprot 11.7196070074919 8.00326253350302 7.90409457817456
Tm6sf1 11.273380881778 4.2084849338752 3.98583521882883
Cklf 11.3324839569912 6.63990551141178 5.40067628116987
Casp8 9.83591177234681 5.35043706905565 4.982116122401
Tmed5 10.4601759587631 5.49967900796446 4.83220450363326
F11r 12.1638127271072 6.47450039973499 5.98941884684785
Sumf1 8.58546051764774 4.8714673377267 4.46353775787297
Ifi35 9.02633293785675 5.4375592536395 5.34145283631715
Eva1a 8.63294613398656 4.32092830157691 4.29561650698356
Reep3 10.7593284719606 4.5671653468296 4.37027222720126
Tor4a 10.4213155961976 6.72798139239769 6.37872951919885
Ptbp1 9.02225932629817 5.54086749954531 5.32883131321391
Lpxn 10.730982217212 5.10893809028199 4.95731613353704
Siglec5 8.337886172674 3.90146311371966 3.88644002108725
Fcrl1 9.27554865404005 5.72020813012416 5.60326477290158
Sppl2a 11.1847931951435 6.52293647117594 6.26216336019634
Clcc1 8.84964031540294 4.628629040855 4.50700255945121
P2ry6 11.5909433501351 4.53742803321654 4.3829601154912
Wsb1 12.1955534450875 8.75428414115245 8.73512708246358
Ighm 11.6041085325057 8.21411301352709 6.60282575580242
H2-K1 12.7949568117272 7.50645272735817 7.16593509318769
Tgfbr2 12.4312251246194 5.50401666798015 5.21560229235336
H2-Ab1 8.4512011309411 4.94569045473223 4.56377785444502
Zfp62 8.82946491221294 4.42323207533392 4.41445871189756
Ceacam1 8.73427463823456 4.6439058621008 4.55452886917179
Tmem33 11.226600780059 7.8520432935478 6.94786529094855
Mlph 9.52478746573067 5.89797258815693 5.80936365995248
Ncf1 9.01873662127703 5.37835578212219 5.27412238284909
Il13ra1 9.69650941211153 4.27738521175091 4.22781423546986
Adap2 10.4876327911899 5.10421058843639 4.97531684508834
Elovl1 10.5746736199238 6.6501069896059 6.44989422107485
Lrba 12.293139019726 8.50412925630084 8.39323664007119
Nmi 8.7449893077744 4.9499073374405 4.74768804157377
Pld1 10.7880824610021 6.67138834933493 6.26838680735873
Pon2 9.26937417743214 4.06890603304834 3.90440213559123
Capn3 10.437566906065 5.22204078470232 4.81541130395419
Gem 8.28009388336886 4.05034274952244 3.98186623398073
Btg1 12.8272407508816 6.02970530181804 5.55423901736872
Tor1aip1 9.84392113236668 6.42280547712935 5.96120434240158
Rrbp1 12.1135184174842 7.81542245910783 7.24715628952827
Vwa5a 10.3690918760756 5.19518114351528 5.10607592976717
Glul 11.9439234863599 5.38798024679707 5.25494462360789
Arrb2 11.5161791808491 7.00443287116916 6.85396053581943
Pros1 11.4244912078995 4.86098373543636 4.76204391173369
Ifih1 8.66416697609045 5.29858694835941 5.05694311342458
Snx20 9.44398648759649 5.97464166563828 5.8897945446173
Frmd4b 12.1297792575394 4.33991643750024 4.02812934157592
Rin2 10.1302854085197 5.48330565001405 5.15169266795876
Tifa 10.6649959627868 6.71059235916261 6.54147856950896
Scpep1 11.1953957844899 7.37970241813446 7.12471045775279
Arhgap17 11.0358082941061 5.34554588674448 5.14968299986988
Phgdh 11.0663668828628 5.35001216274654 5.05021769057424
Tiparp 8.62149168113237 5.16497937556893 4.92088488088604
Gspt1 9.71364664625164 6.19301182446646 5.36364287526409
Armc5 10.592420015339 6.42202226034227 6.30545206221881
Parp12 9.52345845288495 4.63937527591478 4.63018711965264
Trim47 10.122871565472 5.30280570994648 5.29732386264672
Lgals3 8.71732817427299 4.81933219728397 4.76591244226337
Fmnl3 8.92058913443164 5.53363510125802 5.45202781649466
Ythdc1 10.2538614977374 6.14956919060621 5.67310095641377
Cln5 10.8301910413553 6.48383409628847 6.23090660259034
Jmjd1c 12.7042728123964 9.06850904567691 8.82026362260727
Plcg2 11.2395812321787 7.72424640251816 7.5552114187438
Arsg 8.21968836256545 4.07405783800426 4.03957545640536
Sash3 11.2528818012755 7.08271490096103 6.59535289988334
Themis2 9.94919523666928 5.21320725682058 5.18358734209004
Stard8 9.02643397069546 5.57746890186793 5.4659252224149
Mpeg1 13.5339312443488 6.9552588369559 6.79901037103205
Xist 12.7732517233129 4.34962222833929 4.27580926134655
Cd48 9.99176185857167 4.79209878558054 4.55115694420283
Akna 10.5978331936346 4.8561344764044 4.51412479935805
Sult1a1 9.92143049281146 5.8930189121353 5.77375730608061
Fes 10.5840546362038 6.93132383923585 6.89773230853749
Cep152 9.68353142517718 5.81204121983814 5.79059762813566
B2m 13.2088860971046 9.59874290499309 7.7803431560709
Egr2 11.2144151601674 5.54768252288762 5.09795725387137
Ifnar2 10.7729811608627 7.38799455031269 6.9795910648384
Ccrl2 11.4107831106411 6.43952665983528 6.36168590204912
Lcn2 11.7182561949748 4.36792513768122 4.33142874089776
Hbb-b2 7.86146929235822 4.12519005647964 3.95262466469895
Dnttip2 9.86861476867215 6.50161292873116 5.76857066825593
Tmem173 11.1696407087511 7.55887899510093 7.53665369690732
Erbb2ip 10.9250560248273 4.7489247010153 4.32032757645834
AF251705 12.0057126252299 7.26600630541197 7.19859309189528
Hmha1 10.4487011332694 6.02716302630787 5.59816608145374
Ebf3 7.92178463883767 4.36959180367658 4.22879333578778
3110043O21Rik 10.5711912767164 6.58470103879331 5.71630043414001
Chn2 8.31244073196833 4.38426288521257 4.16323998368778
Gmip 10.2055870255081 6.63803238097985 6.63325097716849
Nckap1l 11.1526856630168 6.98309080226009 6.58239589137475
Abcc3 9.7509259850256 5.71629037960696 5.66764543996197
Rnf130 12.3284705937932 8.34082861887975 8.10473482988325
Rhoh 10.7637079698635 5.4133259892232 5.20809961083487
Zfp869 8.96011949792631 5.04523472465966 4.94676942680083
1700017B05Rik 11.7522974287947 6.36030511628157 5.96481907499187
Gusb 11.4803411718158 4.9189087176658 4.708491046932
Lair1 10.6612900224916 5.11714624141722 5.01180927224632
Twf2 10.9336973935694 7.06255650533556 6.49362594065816
P2ry12 12.4385715566921 5.0602879843268 4.94450431845049
Rffl 9.95681769336364 4.86231390923522 4.40111003901093
As3mt 8.44174997882226 4.96884094889699 4.87701824219864
Apoe 11.7960795852016 5.76576376167735 5.18426470806168
Rnf19b 9.65744414029616 5.14170932176921 4.95233849280361
Epb4.1l2 12.5432840929574 7.52886786605148 6.67569679811877
Pnrc1 12.5803727657434 8.27216834213678 8.20273584957305
Wnk1 11.4737635469995 8.10914153099436 6.71107612684803
Pld4 12.1700437011819 5.68650540268623 5.674659199044
Sesn1 11.2277121133864 7.40768474835935 7.28493184003523
D15Ertd621e 10.0624486421296 4.42822042126053 4.27099763379404
Lrrfip1 10.7224886700699 5.20387500098566 4.81690911825335
AU020206 9.79768698851007 5.33403016150525 5.18732453361149
Fermt3 11.4207362066657 4.00954224453193 3.87740724795563
Znrf2 10.0659626701785 5.366733247541 4.89387381857527
Cerk 10.9762350049572 6.29018840586486 6.17138172819837
Tgif2 9.9426138283241 6.5937538624547 6.49043570603088
Plk3 11.036823711972 6.72898647550105 6.03396614454581
Dennd4c 8.61600910461238 4.85773203919693 4.84310766999767
Ankrd44 11.5679366187782 5.27808304738176 4.9362421159543
Kctd12 12.099676793357 6.31588360219001 5.16467631526891
Derl2 10.680099364936 6.58823583457371 5.76280224951764
H2-Aa 11.2644036954394 5.41373980280274 5.24614723861516
Herpud1 12.5116726598182 9.01869299772414 7.49384528495638
Cd300a 10.0530239896872 5.52243966860945 5.51096442317398
Osbpl11 9.8672262594844 5.33713792393674 5.13744954589298
Tmem243 7.86982402649837 4.40065366651566 4.36951033949262
Ppp1r14b 10.60262239368 6.7743460739726 6.7717818311429
Wipf1 10.3652831365882 6.69231837544008 5.86910941429928
Tmem179b 9.57494076147868 5.97590254330884 5.94353327711209
Lyz1 12.2502412289951 4.6062568603132 4.30131088715475
Zfp110 10.6738601357144 5.11434390180424 4.68097140735666
Clcf1 8.68466038510135 3.86818421949818 3.84530424316594
Adrb2 8.29734945321406 4.4090997054851 4.22133053575477
Hmgb2 9.04290768492065 4.09690028958557 4.01219110870352
Lrrk1 9.1635528470806 4.86257563677131 4.70656920023353
Zfp36l2 12.4004422821899 6.33724316857226 6.22319952990716
Il10ra 11.9867649941734 5.24142267856888 5.19820741989077
Hexb 13.9214339669789 4.61928974580414 4.57454718485589
D530037H12Rik 10.4018822600769 5.23120303378867 4.85799860880313
Rab20 9.64744268247702 4.00643574037726 3.85874704209234
Slc9a3r1 10.5341792603602 6.43538892865363 5.85854026300067
Vim 8.20604281286246 3.54285108995095 3.53555557026506
Grn 13.6303783372944 9.17943219606857 8.52930229006821
2510039O18Rik 8.62794223880257 4.80758372918073 4.77596260277154
Mavs 9.23385264584594 4.30695305040829 3.58169972110395
Capza1 12.1559600269588 6.91440592598549 6.31899067822869
Bach1 11.7684659473826 5.42306852211616 5.18355551936908
D9Ertd306e 8.20712585253381 4.31871774651989 4.29437121090132
C79242 8.41316050528701 4.87962647810105 4.76350523957965
Usp24 8.70392300506957 4.90135023727603 4.86263884070168
Fam46c 12.2421510197398 4.62671976606863 4.42142955944004
Ctsa 12.9644748360344 9.51003106164882 9.30390567245433
Pald1 11.0128320429645 6.64382728409267 6.23780481870589
Ifngr1 12.016051864462 7.51296346073569 7.36981731719503
Tcn2 12.1195930224409 7.47885300736052 6.99870432932406
Anxa1 9.64055143138413 4.78094077720665 4.6977779518803
Cmtm3 10.0110497819572 5.54662764939976 5.49424775016822
Ppp1r15a 12.6593601245383 7.5117142990382 7.47861128911047
Slc15a4 11.356384012252 7.82510154939452 7.70928337039027
Dhrs3 10.8328899765314 6.84913231307964 6.60597769678204
Lrmp 8.89491220593798 4.71699422673816 4.46952946757662
Olfml3 13.5644607358692 6.92636481690642 6.21804350505503
Pla2g4a 9.55730250855793 4.97298413784305 4.86305156990052
Ncf2 11.109264808914 5.52315739008015 5.37189384319663
Ctss 14.1223387589978 5.38838626490736 5.25004989675212
Cd53 12.6270729328698 5.33387884412183 5.25521467368044
Fcgr3 13.3874319809845 5.62913882304289 5.45481742494646
Eed 10.9617675756505 7.32264518430311 6.10617704226343
S100a9 12.2965410503709 5.81342368590763 5.02751019664428
Dusp1 14.1813580097059 9.77024775496752 8.71711384408873
Lgmn 13.4068999504885 9.07018718925643 8.22424525195954
Klf2 12.9915058739807 5.66218344239125 5.46407579458758
Fcrls 13.5200887013828 6.45799188913094 6.34615554815649
Cd302 10.5380268757257 6.09331640525576 5.84557626316509
Tlr1 9.55990391864875 4.24494494764812 4.06952361212696
St3gal6 9.54566709615045 5.20889745995964 5.07588608614252
Selplg 13.492313873689 7.89107235613141 7.66268233189379
Cd1d1 7.73376427805144 4.22549202572345 4.14716481470672
Cd68 12.2825968841945 5.91802929330758 5.00868865475595
Gpr65 7.85611733273235 3.86652688605564 3.86217956858119
Casp1 8.72506021576845 5.0717133506733 4.5109680589679
Csf2rb2 9.46516272602394 5.06537132127128 4.95142295449861
Atf3 13.3007390383143 5.38737009598987 5.36313324990585
C1qc 13.5695399365939 5.76435587321807 5.61478193374971
Hck 11.7192724128215 5.51663761714977 5.48196065302765
Tmem100 8.25603072192118 4.69131824040278 4.6467703161986
Casp4 9.17977855891737 4.97837475443728 4.68911119804547
Ehd4 10.2769858985773 6.82444922690722 6.67339363826266
Ly96 8.98885773803667 4.65548663423886 4.4885502708304
Lag3 9.94342037341401 6.51802717096757 5.83130291172982
Cxcl2 10.9236295592129 4.53894465902433 4.32284230601934
Ltf 11.9771261319803 7.62424407990458 7.21539527578555
Cx3cr1 12.8322911670036 5.98314510252236 5.68040463760036
H2-D1 12.6856010965553 6.98313614967507 6.17316727624888
Stab1 10.7835801182221 5.31048070778099 4.96431324455489
Evi2a 12.5801879760248 5.06246423592975 4.75205492570913
Il6 8.3523884587654 4.20232831843767 3.90170029236162
Mrc1 8.47267687587698 5.00203950365683 4.47836345727622
Hps3 10.6281605531013 7.26668452376031 6.55445620337908
Itgb2 11.8281947861841 5.27742393574175 4.97182701751207
Psmb9 9.49408509768935 5.77049801787177 5.4948678925732
Selenbp1 8.46209954721546 4.44192812611599 4.35566871439372
Adamts1 11.3973807177838 5.61003152375881 5.40031433712393
Ang 8.67340897437916 4.09808092296332 3.98493136601624
Sh2b2 9.32069277757714 4.89340207467104 4.76253624496078
Tyrobp 12.9035612805634 6.59857820786058 6.41740259055324
Crot 9.71542778628793 5.35842556570501 5.34338022197552
Slc29a3 11.6835560124248 6.51748595347757 6.3779550733332
Vasp 10.5290974508756 6.64201684006836 6.43088596707447
Pbxip1 10.3716503756831 6.38826310544832 6.25553568946673
Emr1 12.777781853873 6.41975911357815 6.20468069925555
Nrros 12.3519497751025 7.39590737164967 6.64864947473678
Tmem119 13.699678559052 6.77277784954252 6.75543959021061
Pnpla7 10.5843197435089 5.72621305015488 5.55566312658456
1810011O10Rik 8.37120216738482 4.30506611270363 4.16670588597119
Arhgap12 10.1499261899352 6.6820976580594 5.44713102745104
Ttr 13.1109777518357 4.03616704202923 4.02227978733809
Havcr2 10.710530075929 4.31729542467608 4.28282774947582
Alas2 9.97256535353661 5.23453534899306 5.13025309089122
Cmtm7 10.4036329494645 5.59506808354597 5.5379830742014
Mafb 10.9849900615298 5.42368349510791 5.25320623213273
Blnk 11.8079240962002 6.93993171895039 5.80155169798287
Tmcc3 9.16895367720384 4.97384597264064 4.89111747764426
Notch2 11.035203297165 5.35046650158906 5.28406920246718
Vrk2 8.87003271247097 4.60184203875152 4.42056198638691
Daglb 9.94097644340737 6.14732140359343 5.85322385686807
Alox5ap 12.5749967599795 7.16362411308226 6.38832854866253
Fyb 11.7159427823204 6.65188630376111 6.02068723590759
Sepp1 13.725757445204 6.43862426013851 6.35663250448802
Nup153 10.6766538500239 7.18401143771755 6.86187778671055
Ostf1 9.88695792996933 4.78103162512632 4.77416941074768
Ctla2b 9.94438247489242 4.22581512898807 4.16542873783435
Sall3 9.56740794423544 6.2322159703844 6.08326458235747
Hspa1a 11.9245276178108 8.04592932937032 7.83474072659957
Ccdc86 9.53354211585671 5.73783509276529 5.10277726083693
Zfp36 13.4960506681509 7.22719761444429 7.20663534118386
A130040M12Rik 11.8363253924045 7.00957275718719 6.56962125035813
Abhd15 9.92497435981129 5.24182600169939 5.08945758130004
Lmo2 12.1717394598769 7.43066002092356 6.6904509164061
Cyba 11.7749627835735 5.11963503034237 4.96974129353669
Spata13 11.8360921296241 5.94523733090853 5.14013674395095
Wasf2 12.4660305697947 7.67397576368735 7.28463649455681
Scarb2 11.7293389223241 7.45598676163618 7.18043185747773
Foxn2 8.74176920330284 5.00341307365797 4.98115252479788
Ptpn6 11.3292345329635 7.62559446781227 7.52052846176123
4833441D16Rik 9.33372525445037 5.47906607358537 5.42748418443606
Tec 10.1967601761071 6.73439278258491 6.30067252026087
Cd52 8.83934325002235 4.59018923347896 4.55916161929842
Irf5 10.4417221455899 6.76162996539938 6.27574672057079
Naip2 10.8151812852359 4.48134597039286 4.41974039974055
Anxa3 12.9131833282778 5.2286589957904 5.18845794768478
Crlf3 9.91526820013791 4.91820835922755 4.65419574973552
