Nr2f2 10.523952948599 7.15088340308123 6.43182014390126
Pdzrn3 9.67835330398492 5.98169286728233 5.03812846307236
Meis2 11.2590079611119 7.31181986087126 4.90336072283527
Pcbp3 10.7083029849782 7.34912698230503 4.66493041095197
Amy1 9.84844051367849 5.00222426324653 4.88236554501494
Dpysl4 10.4743607640575 6.7097679267517 5.03906782646128
Cdhr1 11.9592697896081 7.37112346155432 5.17559589999576
Lmo1 12.8068968261219 8.15408279996186 6.06404122551877
Zfpm2 10.076931171395 6.18893324624513 4.67804891405062
Vstm2b 11.6136558755149 8.1194088472472 5.61109666532929
Sptbn1 12.4829885602153 8.53233140500512 7.31601998314536
Pclo 10.7682307164179 7.08981066990557 4.25784235011152
Igf1 11.876012743947 6.55339953186984 5.98952440734474
Uncx 8.61501274422442 5.21717296321822 4.12121415487858
C78859 8.14825401850655 4.76434830939859 4.25228378509869
Pcdhb21 9.46209146778359 5.21591545132909 4.99139728267565
Gabrr2 11.3900422464153 5.47337468493573 5.0988008919076
Hs6st2 12.0509428095265 8.63063577514704 5.01777070948594
Ptprt 10.0883491389803 6.51941261178713 5.26644054111732
Syne1 11.1671748848144 6.77114856122131 5.60402553972163
Lhx1 8.16874804216237 4.53498561252534 4.07636210562144
Kcnc1 11.8869611675475 8.44747807679314 6.8460635414177
Spon1 12.1637059910301 8.49417689845696 6.55813748586868
Cplx3 12.1789460434468 6.24821940528714 5.66109169862279
Pcdh20 11.5004920523971 7.606116521188 5.10710900067104
Otx2 11.532431364904 5.94164231146641 4.84315272851511
Ntm 11.2063080303985 7.87923401316856 5.19949902805342
6430548M08Rik 11.0594985369565 7.70176807154222 6.48696914842728
Meg3 12.9350316624143 9.08538166086428 7.46489972085518
2610507B11Rik 10.8532293448453 7.46052159501273 7.2427217439124
Ryr3 10.4402049998606 6.67729318680213 5.68079453371508
Rian 9.98763820094976 4.30957362484583 4.22827928247585
Fmn2 11.2562018937241 6.16702076614929 5.41869859201754
Snhg11 12.2980702702031 8.93488846331431 5.50353999834229
Frmd5 11.9916097346698 8.5356789975404 5.75337237451649
Rpp25 10.0156936848964 6.67921032075417 4.87029906574136
Reln 13.4483567875156 8.15756579525151 5.59065428789919
Ssbp2 11.098495192133 7.6372038633686 6.64697946234268
Ppargc1b 10.1843583538682 6.65455865750698 6.49617861046469
Chrna6 11.2758979961949 6.00949567835248 5.24604931684203
Cacna2d2 12.810701861179 8.31497480043604 6.03704981597976
Scgn 10.1060232544293 6.77839109585586 6.43621825095206
Chrna3 8.98881926733504 5.18882131516886 4.98793022646068
Slc6a1 12.3781793266405 9.03776903918377 4.53115881623332
Ablim1 11.1264229860478 7.76758709393725 7.67575503221913
