Uhrf1 10.386684234343 6.15766670639169 5.01564659018774
Dpysl3 13.9345956392802 8.34094938752891 5.06713950889698
Ccnb1 8.37080526261544 4.4839830563516 2.75414004507416
Rrm2 12.9634031331029 9.06027111412805 6.89579596761329
Ccnd2 8.82563099408014 5.30641283602648 3.39247220226482
Shcbp1 10.6184135123768 7.07343137682195 4.61698302617791
Ttc3 10.5778277682166 6.86724848361703 6.49137996648079
Rnd3 11.9154465696221 8.55036837008443 1.97590782162453
Bub1b 9.74677766018317 5.1025837295901 4.08901119675714
Psrc1 10.028272638721 6.59133338578098 3.18653820921747
Gnb1 9.54235530520102 5.13580984640048 3.69386498480615
Tacc3 9.55968490574288 5.91852969457048 4.14394436115881
Zfp704 12.5944702025786 7.83863690584711 5.64209632251849
Rad51ap1 10.5189170770487 7.05182830567844 4.31380805139185
Tekt2 8.81175372886264 5.34828290185257 2.16594869119502
Sgol1 10.4293897616319 5.29414572610119 3.27079794541194
Dlx1as 12.4746851799003 7.07488004195089 2.07154748336909
Fzd3 7.0638605642801 3.5575650664396 2.00372633860866
St8sia2 11.2226493793179 6.88107512655968 4.49360774316596
Murc 7.60857865199936 4.15788121395003 3.87503411568637
Sez6 10.660395894893 5.7937903996822 2.34898802205408
Arx 13.4966113841841 9.70974192032095 2.88377649752969
Ypel1 8.13673615627288 4.78041363288984 3.28411423658947
Myt1l 9.9741104274681 4.27390848313077 3.74460915921546
Insm1 10.3206058661954 6.97735686587787 4.91329067140554
Cplx2 12.5802749309734 8.80150406532126 5.4531325990072
Gsx2 8.66898938282432 5.34637364454752 4.65282767009553
Add2 10.2453914377753 5.5211595837899 3.59083564004129
Gad2 11.3819333487526 6.21688824665267 5.97851312794257
Cdc25c 7.90553020049957 4.47758798043719 1.66764786662128
Slc32a1 12.0269294619112 7.83215532245624 3.72109102197964
Aspm 9.57208942682863 3.52368209650838 3.3397720299275
Tiam2 12.2653011390962 7.78064839405514 3.84914427724224
Igfbpl1 10.702439539696 4.04387615986337 2.86320893954551
Hnrnpa1 13.0702065489807 9.4440365801219 8.4652324806709
Bub1 9.83368894313306 5.39570576155244 2.71246304603355
Aurkb 10.1579469348506 5.67000291635673 3.94049912534278
Tmem2 12.4116465067002 9.08347953983446 7.03287310240608
Ccdc99 8.63940700036778 4.83653248008217 4.57826521736802
Celsr3 10.8504092257582 6.71045917445269 4.29691245795251
Ska1 7.73387798823829 4.36116551625712 1.88426899958838
Slit1 9.97031121933161 6.5238957312342 5.82145215840516
Epha3 9.4311560229026 4.66096145575598 1.83333767663204
Hmmr 9.88508905784511 6.41944981297325 5.68662085936409
Hist2h2bb 10.6191453259581 7.11863408385884 5.12136358494895
Cacng5 11.9024329469058 8.03647898110043 5.48489562526924
Meg3 12.2818116646952 7.81096863703917 3.61049088754251
Mki67 12.7094554794273 8.15861982234557 6.60659184657457
Rian 9.72799611639459 3.5522997634594 1.96566155133144
Stil 9.58704497065603 4.9667037145739 4.75725135202341
Top2a 12.5076915003704 7.80112281099549 6.76637956537945
Cdca7 12.1507226149423 7.62659639182045 5.35770808136501
Ncapg 9.13527825256646 3.99908978911658 3.12993581088165
Kif2c 10.941852872351 6.34747833891936 5.00655878300673
Mis18bp1 9.77393249943339 6.1071509999899 5.79028007218402
Zbtb12 9.66099477855166 6.11119391272161 4.65699472095424
D0H4S114 14.5431129646127 11.1987888057521 9.27881618293905
Sox11 13.2176577332235 6.841016843396 3.1841365541798
Cenpe 10.1423464410496 4.10323080307723 3.42512474452188
Slco5a1 9.89335952479939 4.63852676687492 3.6799682827091
D13Ertd37e 5.99830626461195 1.94735480439456 1.37761747201392
AA408251 8.16625904405512 3.86894491296757 3.26375918666583
Plk1 9.57748025372478 6.24042532835428 5.88414855356914
Pole 10.0179486705905 6.49681766501102 4.04112446462921
Rem2 10.3082077869223 6.52918907581455 4.53336304299519
Dlx2 11.6229700181093 6.61265820925532 5.62661087615892
Dpysl5 9.85059526570607 6.04589956576369 3.33651769354241
Dlx1 13.693982648136 5.81255221406837 1.21139385483115
Gdpd3 13.4552595909992 8.41629406864853 6.72058741291962
AI594671 8.21162318451587 4.78223740637304 0.626069339445489
Dlx5 10.4277270585794 5.62218305689204 3.83270841464329
Bcl11b 12.2514554897541 7.39408277716623 2.57485919969783
Vash2 9.81601776282799 6.49327847378365 5.06566848698697
Zfp7 8.88333355424293 5.42028386867078 4.3740775109767
Adamts7 8.61006367610178 3.36162046392549 2.70833794494535
Ube2c 11.281950366668 6.66849307915498 5.16547071132933
Frat2 11.4378764970775 7.68710975484072 6.32472587052791
