Cldn11 13.3198163207992 8.71323945962519 5.10688833482752
Mcam 9.41116497664335 5.88321612553086 3.10486358480775
Apod 13.0095172788289 9.46104867351612 6.65669294176069
Wfdc18 9.99987848669589 5.70220954548568 4.90176348414791
Mal 15.1574782618239 10.4808724057767 7.30225200720333
Grb14 13.9356401749326 8.12892915415846 5.92243520967004
Gng4 7.67079051628715 3.92211388030798 2.54420600890425
Ppp1r14a 13.0550218160831 5.79224555949091 1.29688248622248
Larp6 11.1966776193028 7.17651224302046 3.24857016780686
Sgk2 10.7054090409001 7.18823366953699 5.85629884550587
Ugt8a 13.8882869272901 9.83596234924777 3.44769018046253
Tmeff2 14.0664420721041 9.45977379971936 2.76226570913411
Il23a 8.80828450105593 4.84290333715906 3.9804273405914
Spock1 8.73839758970826 5.33500064460509 3.85635214665298
Ninj2 10.6870904627323 7.30838088341968 3.88454506464865
Rcan2 8.34154246079313 3.81436185820227 1.87652762581534
Tll2 6.53359022470635 2.98971856379836 1.26671274856158
Sytl2 11.6765827311309 7.19312749470252 6.18074890402512
Gjc3 9.18280492978141 5.79823525932309 3.48461213450851
Oprl1 8.83428787486802 5.02225278442892 4.16190974812197
Tubb4a 12.6925534355812 8.76352305063274 6.02413171321427
Ptgds 12.6570513326879 8.6420126066686 6.98827221701772
Pdlim2 12.9870052227115 8.95455812604301 8.18169723842248
Lims2 12.4129049316538 7.45805168292157 5.62569147043228
Tspan2 13.9686579860056 8.24703690149344 4.16168804006683
Sox10 13.1531846810068 7.3409964251012 3.65013721296641
Dusp26 12.7604785116438 9.42987540640108 3.82683757030214
Prkcq 11.1491100188938 7.70107567696866 5.63703921393098
Ddc 11.9520888038079 7.64783155925415 5.86439027592631
Fa2h 12.5357702739538 9.13186437718936 6.86278647459229
Nkx6-2 11.0036460088978 7.01649051052299 3.89652720392579
Grik1 8.74646210717454 4.8659486595145 3.34954780244235
Tmem163 11.3108697248136 7.72796041939528 3.25673752836451
Slc9a3r2 10.1716749028126 6.78045721628594 3.5529049126127
Ggct 11.4118060353397 7.58163670920082 7.05493236874877
Tmod2 9.92537947405776 6.49712905900333 2.62510016073355
Kazn 8.92405176130786 3.87489241945881 2.58754072757613
Mela 9.71095261353712 5.11278606912919 3.2256361793831
E330034G19Rik 8.69542253089997 5.33802798707976 5.08743890807897
Erbb3 10.9952354299393 7.51318004890275 6.6911333461585
Plekhh1 10.5942679624983 6.79372501954899 4.55537970288891
Gjc2 10.1597029733032 6.59776526542736 5.99084891693147
B3gnt9-ps 9.32988297468403 5.76261533139418 1.03141029410723
Gm98 11.77595372991 6.51057714522489 3.15472970360009
Gjb1 8.29889771616671 3.97203829509211 1.91759371493356
Mog 13.1404977560054 7.19150844328211 2.52765711157469
Pllp 12.6144723836719 7.78332056662772 6.72301173654866
Josd2 12.3830756775055 8.86334312817553 7.35708461022057
Cdk18 9.85734671916219 4.33099048453206 2.42987289892931
S1pr5 12.3148430365381 7.22170093556028 1.95214048118146
Ctsk 10.5596196343514 6.68878174715415 6.10123614250119
Tnni1 10.9118628145821 4.42479223444554 3.24258865012719
Prickle1 11.9061873444009 8.36529255548446 7.22979263750121
Gal3st1 12.0730682028586 7.78527195072685 6.94418065704528
Esrp1 5.759297883173 2.23341685528463 2.16427196386089
Mag 12.8581061442912 8.76896726051645 7.98076659807692
