Tgfbi 10.1729708775644 6.48136766522571 4.39929254810101
Lcp1 11.8463632704423 6.54253089613295 4.30384271785147
Cd83 13.2264749464343 7.33253601054776 5.46760366000024
Sipa1 11.1257432146877 7.3418942836987 6.2705610750382
Tnfaip2 9.08145533726492 5.41171946985969 3.90938496248937
Ier2 13.4150634942812 9.69468367704587 7.24714853089301
Socs3 12.8363611039744 8.56541291856443 3.97205409412914
4632428N05Rik 12.9592128362635 8.5415323116162 4.94331304315933
Spint1 10.3415667614487 6.04454743322073 5.24550868690377
Afp 8.20241684612463 4.00295844663226 3.67344248135971
Clic1 11.3846871257571 7.82834679197473 5.531612312166
Irf8 12.5606886061131 5.68961955401995 5.26456347095361
Dnajb1 11.4072973894197 7.89888848247663 7.1740994659532
Tbxas1 9.77227819439976 6.33174419574021 5.87008524134087
Parvg 10.3224146114506 6.64966980808574 5.37422725470616
Rps6ka1 12.439882687873 8.61247985516514 7.34958880677563
Mfng 10.1100884876208 6.29645069260037 5.70896372010233
Slc40a1 11.6365802495677 6.71490542019539 5.75023241859544
C1qb 13.3846079047961 5.42539881776521 3.83068808838896
Ccl6 10.223717633042 4.7983627257379 4.03552154616294
Cd14 13.3052539164274 7.3671090478413 6.21023750281762
Pycard 11.8185468367102 6.46349510642077 5.34282302649461
C1qa 13.2380236204344 6.79619507799752 5.33609111025791
Il16 10.7022595486227 5.77183110568697 5.41265998594255
Slc7a7 11.052383619296 5.63997329733051 5.03663127912715
Srgn 13.2509970787582 6.72323200718175 5.47421460448953
Myh9 12.5865032254667 8.30259122807837 7.48509965256063
Nfkbiz 12.6860754101133 9.01509674025659 5.09318990283767
Tgm2 11.7718766956168 7.37425460582834 5.42908231900096
Plek 13.0669588958399 6.58429311083287 5.62816621977849
Rgs1 11.2541972267774 4.81476930652975 4.49611178010265
Cd79b 8.31573716498709 4.65093844747627 4.4934322580607
Snx5 12.5628056055199 8.74322301829395 6.93587472715214
Elk3 10.4901390004177 5.94285367156471 4.58082542781666
Laptm5 13.2497958585741 6.94687033766548 3.924858647603
Slc25a37 10.6378478547555 7.14200489922263 5.98476891652526
Rgs19 10.139947557409 6.23180393052296 4.89065854889183
Serinc3 10.8737843005988 7.12954683826985 6.38611252440271
Fcgr1 12.3056772228307 5.19916937473759 4.30330119549108
Slc16a6 11.601886645942 7.39628332441336 5.56189755709091
Ccl9 11.5606702750711 5.05064825810123 4.76518007473604
Trim30a 9.82440837349698 6.49166461152126 5.40183422074916
B4galt1 11.050190662426 7.26528272610345 5.88045000984756
Tnfrsf1b 11.5849644137814 6.85661352832195 5.86931841419234
Inpp5d 12.5199395399242 7.05239428264685 6.37902170466278
Tlr4 9.52419084436795 5.39631702931634 4.37068768968368
Aif1 11.8782125697407 5.355272977548 4.83825259090339
Syk 11.2305153374971 6.81755880392657 6.25840045633185
Klf6 12.1614928848338 8.07623800420153 6.36049639269645
Crybb1 12.3010895138039 7.08209731650036 6.36077378270638
Fcer1g 12.6409109862305 6.68644556678451 5.75976797852344
Ctsh 12.8519091129382 6.15077847447325 5.22024058670489
Gpsm3 9.66649074936397 5.56051938106019 4.7364446976166
Ncf4 10.7081144474155 5.19101904639527 5.03022763332238
Lcp2 10.3889718130272 5.03854386258962 4.585449791962
Ngp 12.4329204009581 6.26997685043968 5.36261460038037
Spi1 10.2850028049619 6.18045858373353 5.81130222021241
Csf3r 10.4703586336665 6.76018400272679 5.28496346950008
Ms4a6b 11.1222234312687 5.12314688324487 4.80464936892423
Hcls1 8.83239317939796 4.90978422817752 4.67981998844964
Pabpc1 11.1513836653323 6.5625055496324 4.48904748728624
Cebpb 11.6879517821222 7.77197094511532 5.96651418547065
Plxdc2 12.0633823649962 8.11552730176005 5.66924270890735
Cxcl10 9.83264446685726 5.71770609381287 5.10627041503462
Cysltr1 9.33333349087416 4.49137353613829 3.97498158043732
Cebpa 9.88957255483431 6.33528596935101 5.38380156966058
Cttnbp2nl 11.7204560544011 7.29045965740083 5.87307428159624
Lyl1 9.97533629065994 5.40311504496292 5.00808319290835
Ptpn18 10.4025712369028 6.65829093892167 5.84206858091136
Tlr2 11.9268402473875 6.04995742449317 5.61223153227021
Cd163 7.66769719158114 4.18761188595023 4.00698240595656
Serpine1 9.52331793271942 5.31868647093702 4.55096264931616
Mlxipl 10.549742788076 6.50891463461889 5.21555903382265
Cd37 10.9048574016166 6.38778636459445 5.23937524342889
Map3k8 10.2849700718244 4.9862782575433 4.72712359836643
Myd88 10.7278217724093 6.79202525661221 5.82020322541081
Ccl12 10.5112043294489 4.62968838426337 4.3699841286835
Arhgap4 9.36525554969312 5.4592958752879 5.22662239444309
H2-Oa 8.7917936065526 5.41025992352914 5.06445512702474
Pon3 9.20297150005047 4.58228717393754 4.34712121780517
Slamf9 11.1882832385642 7.74135040758183 6.23418305717221
S100a8 13.0395448654869 4.7885394642365 4.56840761268702
Il10rb 10.7116513838826 6.75002384829767 5.1843828855007
C3ar1 11.7072754362155 6.62707863398373 5.49524619496107
Fgd2 12.1304825880125 6.76986426828248 5.88744492652777
Ccl3 13.4953964323281 5.10250177120308 4.78149470025753
Ms4a6d 11.3799791784438 4.69006950820139 4.43444782975352
Ier3 13.4963591841383 8.19734904055093 7.31257395881137
Camp 12.113738407204 5.75771688538101 5.39397535754377
Klk8 10.2464469222101 5.90072722625541 5.44513171610949
Chil3 11.1159878878753 4.51265172236652 3.98565394485572
Arap3 9.86775374576886 4.42608114333626 3.9678689065322
Tlr7 11.2112407400947 5.33498571146942 4.80203492618888
Csf1r 14.0460007158016 9.25391739287785 6.89135482270313
Hpgd 12.0107499612859 6.17725961022062 4.25575785311922
Slc11a1 11.4154854568916 6.58814503400445 5.37932362073853
Ccl2 9.49866288250659 5.33668991864872 5.17871720524132
Cd86 11.6419705628058 5.31222579987698 4.80822690633596
Gpr84 11.5935377294956 6.2908589209515 5.42186730903971
Trim12a 8.5835260320544 4.57036745669591 3.95388488670858
Zfhx3 11.2942984484453 5.44898716058592 4.42821159695666
Slc15a3 11.5219827541908 5.37474736106341 5.15938459805087
Clec7a 9.36335652990378 5.99189196067336 4.79536037402359
Sla 12.3378861062474 7.75726401804837 5.65911024478971
Tgfbr1 13.4953964323281 7.84282290994256 5.6122516837578
Adcy7 11.9646243532397 7.82535445600535 4.98400411261117
Lgals9 9.80576100376818 5.81592546391912 5.21064613634544
Trem2 11.528689695107 6.88019652870357 6.22259236630116
Gna15 8.93153578094543 5.37894030682777 5.07446231866315
Birc3 10.7521481640029 6.46504631826045 5.99541735217754
Igsf6 8.68495551282954 4.31382207867886 4.11240089125489
Samsn1 8.95535277925432 4.85239537545716 4.48098893073957
Il1a 10.5450729398403 4.53873596953401 4.28144067286583
Hpgds 9.14123713383759 5.38703927091516 4.93699994581231
Naip5 11.1347547074536 4.77954034087113 4.0778907317531
Ccl4 12.7516225784521 7.53250281779754 6.04032297581112
Stat6 10.5031698578152 6.18385335351802 4.82797719168827
Clec4a2 10.1190075949126 5.15814778175921 4.95653616289534
Fli1 10.0832277034328 4.05653878901008 3.82704553073746
Ets1 9.75745818736726 5.0276773928573 4.07565753986073
Ptprc 12.4215732421658 4.76628422718945 4.2993356290835
Fosb 11.9818678393755 8.33189288307672 5.70076218565759
Ccr5 11.7087776692335 4.74832148339532 4.39910053357316
Il6ra 12.6405285425734 5.79256338352504 5.4674404553904
Tgif1 8.50458243562559 5.02396479604009 4.54548962452585
Pla2g15 12.3512186582331 8.27175140398368 6.55015811800935
Ifi30 11.4062018650154 6.98085934471776 6.06080456295381
H2-DMa 11.3395300052483 7.39778381898045 6.26767533018356
Gpr34 12.142699851518 4.24735620779817 3.77984796070272
Rrad 10.0026571297703 5.99869172859247 5.19296735852156
Rnase4 13.0771643703574 6.30249587838249 5.29820679475776
Hk2 12.3164140648536 7.54330354130325 6.0642464018834
Hfe 11.3196450739578 6.82843899035436 5.89432509815409
Naalad2 9.64837692903074 6.30428934616746 5.31884447594111
Pik3cg 10.1537853547168 5.74186497109731 5.04232302703857
Cd84 9.96224237530016 4.64715020809375 4.37905805068392
Ly86 13.8305038298173 6.71813495312781 5.4125605820803
Vav1 10.4997459843954 4.19082876138753 4.00542803212677
Cfh 10.8438396260437 3.95561273223361 3.47201992206918
Tnfrsf13b 9.66545251361214 5.1210068356755 4.36826484674107
Hhex 10.060418644213 5.98873075303376 5.19664241324966
Entpd1 9.58873000960094 5.41836694407512 4.116551520866
Ptgs1 12.1626150793908 8.15171915208274 4.8917408270187
Adrb1 10.5218876655346 7.1997552107537 5.59256229742118
Lyz2 12.5660138290276 7.27170967443277 6.15336786408876
Ctc1 11.7422487728519 7.7981867800379 7.14006369871045
Unc93b1 11.3066168079527 7.12309548065043 6.4439312129138
Hvcn1 10.2856187487951 5.69539126016849 5.44865413314561
Edem1 10.5644676490564 6.67364714877859 4.53839898325617
Icam1 12.144222640413 5.62932186249002 4.817046557671
Ptbp3 11.2952745829932 7.89696536692812 5.92998689641198
Rcsd1 12.3223507478265 7.61492864417104 6.51795523050755
Tmem140 8.46080936763924 4.61974106533785 4.44992289714396
Cd177 8.01898297885642 4.56618843539989 4.13994955020151
Casp8 9.83591177234681 5.25584278208953 4.93355128870551
F11r 12.1638127271072 6.47421835555653 5.55242820437481
Ifi35 9.02633293785675 5.67806258934872 5.40595715446117
Tor4a 10.4213155961976 6.65853093798046 5.63946132529933
Lpxn 10.730982217212 5.16854539244607 4.44530829280474
Siglec5 8.337886172674 4.05705816340207 3.77036134033044
Fcrl1 9.27554865404005 5.65039642728572 5.19502226226958
P2ry6 11.5909433501351 4.69790410296226 4.06920057390885
H2-K1 12.7949568117272 7.87004992606892 7.48836803646989
Tgfbr2 12.4312251246194 7.94959633174541 5.81812236696082
Ceacam1 8.73427463823456 4.81908051699912 4.5123349405543
Mlph 9.52478746573067 5.82638350739033 5.16100243561962
Ncf1 9.01873662127703 5.48240919110757 4.99976349762357
Il13ra1 9.69650941211153 6.27255433273293 4.27727213742821
Adap2 10.4876327911899 5.29432817815273 5.11876514945733
Capn3 10.437566906065 5.08526134474293 4.60494150515957
Arrb2 11.5161791808491 6.88906714488906 6.68091764814601
Pros1 11.4244912078995 7.67312248899215 4.72650173087217
Arhgap17 11.0358082941061 7.35632196853585 4.86415738826303
Trim47 10.122871565472 6.20167158262627 5.29482990427421
Plcg2 11.2395812321787 7.68581662426736 7.19335659144685
Mlxip 11.0131464704826 7.58416990758003 7.25631726808095
Sash3 11.2528818012755 6.9133218512957 5.42576770155678
Themis2 9.94919523666928 5.28934407050662 5.05583246860767
Mpeg1 13.5339312443488 7.22796664292013 5.73132712766911
Cd48 9.99176185857167 4.84390494093593 4.40124785415277
Akna 10.5978331936346 6.18136923143859 4.69601152439903
Fes 10.5840546362038 6.76644929333094 5.9118015735218
Cep152 9.68353142517718 5.99908914397236 5.61905872590778
Egr2 11.2144151601674 6.64694026668869 4.10846932253815
Ccrl2 11.4107831106411 6.45450975987282 5.98155537579111
Lcn2 11.7182561949748 4.48643212856983 4.25725007053289
Hbb-b2 7.86146929235822 4.19126071251433 3.89199785297726
Gimap6 8.28896486111756 4.9293055428677 4.63566980310779
Tmem173 11.1696407087511 7.73993837375591 6.01551354568029
AF251705 12.0057126252299 7.35134463390404 6.44021746092671
Hmha1 10.4487011332694 5.95701052027791 5.26613878264888
Gmip 10.2055870255081 6.38049014078827 5.65682911041975
Nckap1l 11.1526856630168 6.28825316777945 5.013897288144
Abcc3 9.7509259850256 5.5815680140851 5.06860265344043
Rhoh 10.7637079698635 5.43599396548022 4.91358313914915
1700017B05Rik 11.7522974287947 6.77028738944311 5.65656648497992
Lair1 10.6612900224916 5.75142843680148 4.86544243682821
P2ry12 12.4385715566921 5.60181048013121 4.71652991783209
Rnf19b 9.65744414029616 5.62698210025474 4.80879856321509
Pld4 12.1700437011819 6.04572566436609 5.29359135999431
Lrrfip1 10.7224886700699 7.35085739739572 4.8935839377492
AU020206 9.79768698851007 5.54854856713689 4.98073339311844
Fermt3 11.4207362066657 4.56689328831135 3.8539658435053
Ankrd44 11.5679366187782 7.97077543824978 5.37651635649269
H2-Aa 11.2644036954394 5.901796407339 4.73004405563209
Fam105a 11.8820924454901 8.41081230383185 5.63000811108723
Cd300a 10.0530239896872 5.48588266102037 4.90438669585356
Lyz1 12.2502412289951 6.31786227702252 4.32367043123999
Clcf1 8.68466038510135 3.98875778685919 3.71091196583424
Adrb2 8.29734945321406 4.39510365946474 4.23844934701821
Lrrk1 9.1635528470806 5.26553322769104 4.57628046149364
Il10ra 11.9867649941734 5.07830871626257 4.75464232454158
Hexb 13.9214339669789 9.01647010220702 7.7360689463682
D530037H12Rik 10.4018822600769 6.79220296500816 4.58524842804882
Rab20 9.64744268247702 5.23563748836109 3.84270979029116
Grn 13.6303783372944 9.71088335257339 8.0864822638328
Ifitm6 9.1396048659572 5.75534156416507 5.55059895034356
D9Ertd306e 8.20712585253381 4.5680566495844 4.27331934675801
Fam46c 12.2421510197398 6.20156969086751 4.73728477574904
Pald1 11.0128320429645 6.87738515647429 6.04177991218809
Ifngr1 12.016051864462 8.16639418263365 7.18891825361817
Anxa1 9.64055143138413 5.50784314375885 4.44159638977647
Lrmp 8.89491220593798 4.6354002109201 4.39188000046562
Olfml3 13.5644607358692 7.00377907435011 6.23052616076697
Ncf2 11.109264808914 6.38251615062032 5.50078996475406
Il7r 9.22711297999003 5.87207280862152 4.91730626805072
Ctss 14.1223387589978 7.92303161285023 4.87658137569968
Cd53 12.6270729328698 5.4930839978124 5.17020025880134
Fcgr3 13.3874319809845 6.31520032530511 5.29641192538617
S100a9 12.2965410503709 5.09689008610335 4.62592265758225
Lgmn 13.4068999504885 9.85670662546285 8.51713958740525
Klf2 12.9915058739807 7.91147782883444 5.523056680265
Fcrls 13.5200887013828 6.45733750423518 5.7959268764905
Tlr1 9.55990391864875 4.24161659169494 4.05840630415318
Selplg 13.492313873689 7.6967211257056 6.1076395875444
Cd68 12.2825968841945 5.82327143731421 4.76541363919399
Gpr65 7.85611733273235 3.89823891709225 3.82603190318494
Casp1 8.72506021576845 4.61558580740577 4.28295638816182
Csf2rb2 9.46516272602394 5.0844261957941 4.62893654126565
Atf3 13.3007390383143 8.61687276489438 5.42221277027929
C1qc 13.5695399365939 6.09843415042538 5.01544478043098
Hck 11.7192724128215 5.48753171641102 4.92244586620906
Gcnt1 7.89240442650036 4.38060764302673 4.12748879953043
Casp4 9.17977855891737 4.73707756195769 4.04231865947399
Ehd4 10.2769858985773 6.75820634088773 5.2157150321493
Ly96 8.98885773803667 5.44378892881747 4.51191438820989
Lag3 9.94342037341401 6.16283349481784 5.41396751334057
Cxcl2 10.9236295592129 4.60666484487787 4.25809123810906
Ltf 11.9771261319803 7.59506200712197 6.12253769776927
Cx3cr1 12.8322911670036 6.42486285684078 5.23389671959309
H2-D1 12.6856010965553 7.88393714764849 7.30268111675944
Stab1 10.7835801182221 5.30213789334777 5.06042024682084
Il6 8.3523884587654 4.62155026639093 3.81501585194091
Pdgfb 10.6620659529342 7.3220183098575 5.85692280671495
Mrc1 8.47267687587698 4.48536640923007 4.36161912698446
Itgb2 11.8281947861841 5.15544673986484 4.58166773618385
Psmb9 9.49408509768935 5.87814079348022 5.43687030408018
Ang 8.67340897437916 4.13299576943541 3.9975003386623
Sh2b2 9.32069277757714 5.28610899377967 4.56821105394987
Tyrobp 12.9035612805634 6.56334839108599 5.55606918848462
Emr1 12.777781853873 6.67123441802088 5.78900953848703
Nrros 12.3519497751025 8.214887729662 5.83697581563261
Tmem119 13.699678559052 6.97956918481131 5.97764909426802
Parp14 9.10437062254361 5.68321186370573 5.18277149033948
Ttr 13.1109777518357 7.28577693898412 3.96499051335878
Havcr2 10.710530075929 4.44889610661731 4.28521712586862
Alas2 9.97256535353661 5.26125197440867 4.90859822371161
Cmtm7 10.4036329494645 5.79057491963712 4.90903434803662
Blnk 11.8079240962002 6.93733429424864 5.00969524270058
Alox5ap 12.5749967599795 6.89443751472476 5.98423894344375
Fyb 11.7159427823204 6.15610756079379 5.91902122908462
Ctla2b 9.94438247489242 4.49333047123547 4.07411123988661
Zfp36 13.4960506681509 9.13435481605012 7.05207322252232
Abhd15 9.92497435981129 5.45125319986934 5.0132986077871
Cyba 11.7749627835735 7.2208760537873 5.04444357952445
Spata13 11.8360921296241 8.34533645345595 5.1083352788049
Ptpn6 11.3292345329635 7.56353003219969 6.38976245064492
4833441D16Rik 9.33372525445037 5.64347923446087 4.84799699769179
Tec 10.1967601761071 6.7939127307009 5.50631106776156
Cd52 8.83934325002235 4.93786211669127 4.63744773967287
Irf5 10.4417221455899 6.53760304505555 5.35728346137952
Naip2 10.8151812852359 4.64459716780555 4.31674313585229
Anxa3 12.9131833282778 6.22398798825391 5.16132852893431
