Gsn 12.0947437131818 8.20133606830832 5.00237660156055
Cldn11 11.0025792781615 5.3465150405748 4.14528812033772
Lrrn1 11.1056033097281 7.69986196633117 4.60148211898854
Trim59 11.305740626732 6.20345681088925 5.61495227343418
Apod 11.7571125075769 8.3229104953961 6.52921096082449
Lpar1 10.8852160595138 7.37697392780134 5.8735891097759
Mal 13.6878163290402 7.07251695911528 5.08306565574635
Grb14 11.6733838958395 8.16717181379054 5.35603632630792
Ppp1r14a 11.5234709442082 4.83549318705074 4.16118505652804
Ugt8a 12.4493285962226 6.46428130163085 4.28212134295299
Mbp 14.2055774089716 8.87745606162304 5.78205434006944
Ndrg1 12.5453715582979 8.08745275787001 5.02046277268235
Mobp 12.7222118183231 6.4052528031111 4.94628031058871
Gamt 10.8856487958201 7.42216610059653 5.94649867443452
Ptgds 11.3007317291869 6.96925419292406 5.35561665336073
Pdlim2 11.921526337496 8.38313546985625 5.59876338696851
Lims2 10.8366637561544 7.4066611376803 6.79586193965953
Tspan2 12.4704726603147 7.69600397077957 4.98636577100943
Slain1 10.5366663962957 6.99438801977761 3.86114617590751
Sox10 12.2394609072739 8.68654076873901 6.79154814410186
Plp1 13.4372358367962 9.0288709467337 4.53849216521838
Ddc 10.5422259059515 6.17401646507736 5.0823039584059
Fa2h 11.5624359909165 8.20756575094281 6.06144965488036
Nkx6-2 9.4127649839408 5.23458331236368 4.95526510138348
Anln 10.3372305835462 6.24677938287057 4.65919978138414
Erbb3 9.64812175390488 5.85232465205242 5.36578152901755
Plekhh1 8.34644232348542 4.91591991079646 4.54127053347375
Mog 11.2881149977553 4.36837379654269 4.07963766454297
Josd2 11.0152918615086 7.15805881791587 6.41442641850981
S1pr5 10.6327011002434 5.09591155689196 4.18161982504653
Adamts4 9.76276546567216 6.10884977084473 5.36068414234117
Mag 11.2480923206372 7.61598841716767 5.99714753330129
