Tgfbi 10.1405547174483 6.69150274134593 6.25642205053278
Junb 11.5348729987463 7.27470172961184 6.19708130480567
Lcp1 11.8379992138945 6.71226010631307 4.6255714107042
Fuca2 9.96921471576404 6.57429000502082 6.15900195567432
Cd34 10.3774455408259 5.04463878398916 4.95365264470671
Tpst2 11.0906169506107 7.26977600525715 7.26199524557535
Cd83 13.1517119399809 9.48758713067987 7.5937735776195
Serpinf1 9.39104855160023 5.43097330629383 4.86986189022869
Sipa1 11.0491157826369 6.54629196313698 6.12833803074717
Coro1a 12.5292545103329 8.17145603555715 6.38000267747073
Tnfaip2 9.10265124910753 5.14674926900673 4.47926216583833
Ctsc 12.6316085285889 8.82493534628462 6.92649762211331
Tubb6 9.85242182153089 5.75061949283726 5.5657147265275
Rab32 7.66476517985337 4.09561232953332 3.9580795900704
Socs3 12.872389729541 9.48064354176178 9.45701237626611
4632428N05Rik 13.023417651154 8.72034502152509 6.11289296630151
Spint1 10.3486258835977 5.5832487966286 5.21862942539154
Slc2a5 10.7420519945533 7.3860592831113 6.71212819838074
Afp 8.25927872186671 4.02348761932565 3.77604847842366
Irf8 12.5830920544812 7.56960293350871 5.87322725201126
Slc39a8 8.53981315614105 4.16718188897593 4.08151539956223
Parvg 10.3515058485033 6.61670721721409 5.94015545044007
Rgs10 13.3720136026536 8.42449739285529 8.15428653030505
Rps6ka1 12.4350911117328 8.2706104578365 7.45928153448368
Trpv2 10.4057308624763 6.36283810608177 6.35689419786604
Sirpa 12.5100346647181 8.47022153469127 7.87922733851523
Bid 9.70997295918282 6.21160140358838 6.01582504387329
Slc40a1 11.6104164701375 6.64633141923351 5.67086421570323
C1qb 13.334449855087 6.78257125551698 5.47345046973853
Syngr2 11.4772980236412 6.5990070266429 6.4127106716749
Pmp22 12.2561794765965 8.48841109967583 7.35835067486151
Ccl6 10.2968696260595 6.96310616375551 5.65604827812643
Cd14 13.2858211222074 9.08258002015048 7.94583797558051
Pycard 11.7476509071618 7.40586568380696 6.65356917514462
Il16 10.5721616851226 6.8661663674361 5.78043499640487
Slc7a7 10.8083190565862 6.64466252633687 5.25909138660879
Srgn 13.2068622416084 7.38752604675907 6.51454227915836
Myh9 12.4734956086251 8.57962287878031 7.47224535895301
Nfkbiz 12.6004495355117 9.17274409772691 8.24994902551519
Ctsb 11.3351839332484 6.45969135145127 6.28482652263447
Tgm2 11.642946111078 7.77471990447651 7.6894381164647
Plek 13.0477422121131 8.75279855237208 7.1303396060727
Itgb5 13.2913066952736 9.62334771198382 8.46563896980037
Rgs1 11.0898478208524 7.10655618774568 5.82111161021044
Cd79b 8.0542253469498 4.59451225760846 4.58745551787257
Snx5 12.5389716579728 8.70509045873787 8.57275357063301
Elk3 10.437348137504 7.03719829490292 5.82923178675464
Abhd12 10.8934072370804 6.79916116856031 6.42423942993562
Rgs19 10.1981713053925 6.18970121108033 5.61872190065294
Serinc3 10.9280820038238 6.74246101809107 6.26442094713988
Ctsz 13.0485403305481 9.65643395530836 9.35209996634115
Fcgr1 12.2838802885119 6.68275632918252 5.15656029946903
Slc7a8 10.3858843005765 6.59848533359507 6.30554466123816
Ccl9 11.3508771596472 5.39516713578984 5.04564962192077
Trim30a 9.8600658104235 6.08519175983032 6.00900075609569
St6galnac4 9.97513933820492 6.4839556927713 6.45625453001526
Tnfrsf1b 11.7294024065306 6.77936519472788 6.15339404824942
Inpp5d 12.4783900860876 7.9771661865135 6.6158729053851
Tlr4 9.37755048286687 5.80771479418916 4.73580027168975
Aif1 11.8099905233592 5.60755076577105 5.33494513134481
Syk 11.1736838971837 6.72644388670874 5.84243476263852
Crybb1 12.2532048432707 7.23265151890403 6.57777665972575
Fcer1g 12.6825054501545 6.3227944360301 6.09336707349372
Ctsh 12.8742742032151 7.63796304777926 7.17829721596291
Gpsm3 9.5878408034758 5.81349562432327 5.45932427286724
Ncf4 10.7305401881173 6.68310775228969 5.54737140309656
Ggta1 10.3021085784473 6.08408156481074 5.16501920084958
Calcrl 7.87647545215041 4.03506417857333 3.96926267057197
Ptpre 10.843721694117 6.98725728516927 6.49414579791699
Lcp2 10.4299333406719 5.97122831108902 5.00291109387848
Ngp 12.2995043542679 7.38308271638493 5.51146530393862
Spi1 10.3859436109085 6.04121273048549 6.01098267126789
Csf3r 10.5303261448833 6.73832256139147 5.79286760230684
Ms4a6b 11.2757685053458 6.1986691691124 4.99038466354584
Skap2 12.0094790306754 8.05318578811857 7.83887699685925
Cebpb 11.6743509032076 7.8999745164631 7.88944226277646
Acsl4 9.87812877005563 6.30541860080714 6.07808717219435
Plxdc2 12.0529683323577 8.29215679416028 7.59855683199496
Cxcl10 9.7662958946731 5.48448139498584 5.40590981730989
Lyl1 10.013448973115 5.84639266808952 5.33037988927245
Ptpn18 10.350655093353 6.60787654182804 6.11644830125113
Tlr2 11.864186632689 6.73897690443904 5.9396644573205
Cd163 7.48039184356858 3.98108143068916 3.65370423568293
Serpine1 9.57269546409715 5.51448521709816 4.84987927800712
Mlxipl 10.5927739153422 7.10284963867304 7.07577491310492
Cd37 10.9462016903761 6.10970304572707 5.77801706081458
Map3k8 10.1917146557049 5.63172363082624 4.89919408328964
Rgs2 12.7232804969309 9.31284290801304 9.03243697282705
Myd88 10.7885966963584 6.21411927931412 6.11250075030085
Ccl12 10.4751595691536 4.73361735951185 4.28827382147512
H2-Oa 8.62773488286702 5.21377073956677 4.6740899991811
Pon3 9.10935515291671 5.73147649164603 4.94137115760123
Slamf9 11.2066876411094 7.02591608162732 6.56023093790728
S100a8 12.9638824039872 5.76813881674369 4.67357513275462
Il10rb 10.594105170653 6.53337565788655 5.95502356003854
C3ar1 11.6182149621142 5.59406146323693 5.46870284863365
Fgd2 12.1293203269256 6.70001073324299 6.24129000549823
Ccl3 13.5496556060224 6.9758148288609 6.01319832030144
Ms4a6d 11.498084859003 5.58451528595324 4.65520211068526
Ier3 13.5855914649438 8.38789648272965 8.34259123099343
Nupr1 9.98636391280088 6.60970400150749 6.01856001547138
Camp 11.8351935968853 5.55341750394754 5.43097330629383
Klk8 10.1637978906065 5.68605956418755 5.56117080411382
Chil3 10.6986949112657 5.40529079769404 4.38221040640058
Arap3 10.0084235335535 5.55027836322475 4.36381618190744
Tlr7 11.1690114771889 5.59679348176338 4.86769845107433
Hpgd 11.9284845304822 4.85893850856847 4.43302872065288
Rab3il1 10.4344246472987 6.65886298667407 6.63297659838086
Slc11a1 11.348119903574 6.18817435800313 5.71554479499709
Ccl2 9.39365889899599 5.41792878138038 5.34740975955677
Cd86 11.7078926817195 6.22171484622785 5.30195881345456
Gpr84 11.5922078227709 6.4378005125329 6.19111497316025
Vamp8 11.7887532870376 7.1991088545062 5.89779479966331
Tcirg1 11.327613036728 7.28277087243144 7.13316416668021
Trim12a 8.60607054794922 4.03701113480125 3.92708262738743
Slc15a3 11.5031029092383 6.03262658038342 5.84578988924105
Rel 9.37584581713377 5.68989489795542 4.91104975285906
Tsc22d3 11.4805096636109 6.68715609190679 6.67427075303327
Gdi2 8.00873014742919 4.61035467178044 4.54071696056358
Sla 12.412369723073 7.00359677010563 5.83686035391792
Itga9 7.48681708147096 4.1415527337377 4.09570985231381
Asph 11.1601915655921 7.04570363842545 6.93009546594266
Adcy7 12.0401852065097 7.94388922680126 6.3303711533847
Rbm39 10.3141735206265 6.7704084697837 6.57090322048806
Bmp2k 11.469593488735 7.01109280782436 6.75515780197871
Lgals9 9.7144470271434 5.31581003975166 5.28267286277288
Trem2 11.3744113100813 6.79679404612251 6.57993217755554
Clec5a 8.13171145547263 4.78612660706807 4.39854868099022
Birc3 10.6680989517335 6.62036813997094 6.40812748448202
Igsf6 8.76352354526292 4.47008505223304 4.38430819246693
Samsn1 9.02117009275432 5.13916707306363 4.87552897298098
Il1a 10.5627537042988 5.81907068449818 5.07594076657091
Hpgds 9.22555193578103 5.78974947512444 5.2493814600982
Naip5 11.1748062850229 6.10945675228134 4.53899024315787
Ccl4 12.655502757357 8.12431805520109 7.04864095158621
Stat6 10.5002673668222 6.23266627789416 5.17352294510618
Dapp1 10.6616079104408 6.05409997458474 6.03239084324495
Clec4a2 10.2600474435221 4.89495337758104 4.85479210628338
Fli1 10.0941254445629 5.13916707306363 3.95427042538521
Mitf 10.3401241655234 6.60462675538395 6.59936111389408
Itgam 7.72351039802672 4.32966108623163 4.285426088861
Ptprc 12.5235480291392 8.18866056317589 5.83110960178202
Fosb 11.9510983205342 7.90609409884381 7.58034114393363
Ccr5 11.7396919362898 7.15035062784841 4.83804368259053
Il6ra 12.6715970650916 8.15512250280799 6.95157158578879
Pla2g15 12.3259450180791 8.47939891142437 7.0967419215944
Itga6 11.5653613108728 7.88569716189303 7.59963239351687
Ppt1 10.5128922707995 6.94151759672603 6.51678918990721
Ifi30 11.3781163789488 8.00444240356075 7.61453710026668
H2-DMa 11.2573253131557 7.05098895100561 6.14877812212557
Gpr34 12.096128861767 7.04570363842545 4.73770713991316
Rnase4 13.1184612117893 9.17723756512559 8.23867232915084
Hk2 12.3862706589026 8.25987189915224 6.83127495974403
Rassf5 12.1407417630094 7.1302635198703 5.80182463859872
Hfe 11.337741662807 7.12978053707573 6.59478078118703
Btk 9.78197374603171 6.37797929561012 6.08702925935013
Prkcd 11.3204144141644 6.95837007018657 6.31073650123316
Mertk 13.1217916703296 8.49818523584753 8.13873182281625
Cd84 9.78822716908046 5.15058636042562 4.62757064840057
Ly86 13.8305038298173 8.68908260769408 7.04163960231788
Vav1 10.4293295887311 6.04739882502396 4.31503825690981
Cfh 11.031443374587 4.6436853195722 4.09348004485315
Tnfrsf13b 9.62154101704082 5.15952073293683 4.99617221956931
Cebpd 10.4638830746908 6.88975025395406 6.77007290064832
Entpd1 9.37032387449548 5.7593667199441 4.8486659844782
Ptgs1 12.2066936221392 6.72091382405031 5.43122199334999
Adrb1 10.605744756129 6.4534890800408 6.32607695476491
Frrs1 10.4433587610755 6.09584833773707 5.69192339467497
Lyz2 12.4203041170638 7.91419762123782 6.98691979797189
Mgat1 11.5604266826461 8.23442701410801 8.15637938055513
Bin1 11.0382210028973 7.50419691729985 6.96251556971886
Pdk1 10.5414287781071 6.51550714612489 6.34672194194868
Unc93b1 11.4209147437175 7.26021207323284 6.56311606131373
Cmtm6 12.3089984078596 8.98268314214273 8.92160349877569
Edem1 10.6216568370496 6.45763669943344 6.01544744139146
Icam1 12.0685839298591 8.18621280482204 6.18638860555951
Rcsd1 12.2491457547791 8.35431516704654 7.07240903916912
0610040J01Rik 10.7636422265407 6.23719572702048 6.22029331016254
Tm6sf1 11.2609540254992 6.46179697959639 5.04256040745164
Cd177 7.89852531580111 4.33837153714585 4.20668083405557
Casp8 9.83466998065678 6.39335672734074 5.36031013870617
F11r 12.1660086110926 7.6643408509556 6.12804924202875
Trim34a 8.56320405975431 5.20533421181319 5.04538644615595
Plxdc1 11.0459664793296 7.01334007383487 6.43228982680393
Glipr1 8.85932478234233 5.21242145287598 5.17194041138091
Lpxn 10.7589192457976 6.6699215606673 4.72261330065902
Siglec5 8.37803746411404 4.24513726470344 3.97471954280906
Mylip 12.4448215476567 8.26291000482164 7.55008213226821
Fcrl1 9.2345619860761 5.28046610780627 5.16358919768942
P2ry6 11.5687601975602 6.49954892671124 5.12807574429624
Ighm 11.7506088279992 7.03419142416784 6.27398265845887
Tgfbr2 12.4852370462276 7.67471185630845 7.44806220001063
Mlph 9.42445206203504 5.18782358739191 5.17691845939738
Ncf1 8.82497080443061 5.46207658432089 5.19014732019734
Il13ra1 9.86451620775328 4.93527337055885 4.8183781511497
Adap2 10.5685173068896 7.19500271743872 6.32502518385905
Lrba 12.2919124748407 8.61665178815963 8.55707748369046
Pld1 10.7972506121956 6.95782313025144 6.72863662032289
Capn3 10.5561819143241 6.16841198514844 6.01018618654267
Vwa5a 10.3889653824051 5.34182441029771 5.12925486902556
Arrb2 11.4717203569511 6.7270298111057 5.89476023810894
Pros1 11.415313090188 6.73959832511228 6.39539666440907
Rin2 10.0137972126995 5.98402962422767 5.327946303111
Arhgdib 10.677726097009 6.20681359103719 6.20031883994633
Tifa 10.6723597482397 6.40548839299839 6.36039194526115
Arhgap17 11.1079285558079 7.15852012547967 6.6110720169891
Trim47 10.0914805439239 5.47583458933583 5.35631839057393
Slc25a45 10.8446724447982 7.47423292055847 7.43590248319676
Cln5 10.9138121274813 7.4469559408813 7.41486592384838
Rps9 12.5848141252414 8.30208412095582 7.07823906624524
Sash3 11.2827116875116 6.69647315307384 5.73508003659854
Themis2 10.0072343518523 5.97912940421017 5.26453973625318
Mpeg1 13.5781184656323 8.76531829045449 7.11187766325637
Cd48 10.0036336466823 5.29798403551863 4.73677764677785
Sult1a1 9.83315975441973 5.86286937863331 5.68216873173269
Fes 10.6453727108248 7.1427623834102 5.87959792660123
B2m 13.1977909317878 7.93399930315795 7.82683445936537
Ccrl2 11.412796081801 7.50031460974523 6.71882276228436
Lcn2 11.5003470873269 5.16928057363226 4.20137660287228
Gimap6 8.35675485784954 4.60292016066363 4.49624405855882
Myo1g 9.16480303343511 5.22851286349033 5.21359900908754
Tmem173 11.0209006256616 6.22417217623207 6.05438700800756
BC028528 8.86286621957845 4.87777097788781 4.52615572788555
AF251705 12.004730998868 7.9000178518875 7.25727693842083
Acsl5 11.0808418750629 7.4302484820917 7.27035057792814
Hmha1 10.4033953674837 6.98763858863666 5.75275344300517
Rreb1 9.70547877386974 6.2648882203997 6.12781610908146
Abcc3 9.76277744586897 5.55027836322475 5.39987674656409
Rhoh 10.549623104043 5.94948250364945 5.67884155122446
1700017B05Rik 11.7692217223209 6.36818553655318 5.73429801540638
Gusb 11.5188785741544 6.52995064318831 6.46912144582686
Lair1 10.6130187631943 5.26081947610841 5.20871759891408
P2ry12 12.4746819840061 8.73945527851456 6.08115754730429
Rnf19b 9.48505322764021 5.61560665379908 4.8196768102352
Pld4 12.0206051656766 7.19733735021099 6.11157906124759
Fermt3 11.3312647513459 6.47715884417116 4.6457347969541
Plk3 11.1217064828555 6.9255176634948 6.60429447251997
Ankrd44 11.6744535697079 8.18312917463275 7.95848200007895
Kctd12 12.185543532286 8.70063376918564 6.90524532112339
H2-Aa 10.7894269702174 5.66963453294105 5.20047593730919
Fam105a 11.8900076562701 7.83921611746437 6.92758221765939
Rap1b 10.6193054132584 7.24736225722184 6.54639712216308
Herpud1 12.5159313960105 9.00947578117021 7.93214032857801
Cd300a 9.88309640091064 5.86237789534139 5.15038799096246
Lyz1 12.1662559978148 8.70856385941475 6.66122384413735
Clcf1 8.65510766759181 3.91336965751667 3.80680569445272
Lrrk1 9.2169215889832 5.88240789074928 5.4241587470312
Il10ra 11.9839212283458 6.09891758803774 5.08634997775818
Rab20 9.52042754395053 4.58449420882591 4.56492846081019
Grn 13.5521140781199 9.82061955232524 8.77007148317502
Ifitm6 8.80714987866973 5.31255843998768 5.23723157142352
Ifngr1 12.0357079893049 8.51383420970396 7.988820072346
Tcn2 12.2009774284341 7.91385301252073 7.89107209880759
Anxa1 9.44951730885527 5.54979841453702 5.47422476844199
Ppp1r15a 12.6949179793628 9.05005609229595 8.95290208416789
Lgals3bp 9.25382226037274 5.62574070682665 5.52311687864492
Dhrs3 10.9504578835445 6.9629431464124 6.65073020481423
Lrmp 8.81165282774176 5.48589043002729 4.68829397048837
Olfml3 13.5847807250187 8.18350581854891 6.74871921742459
Slc16a7 9.27113242542194 5.56080218108725 4.98731684824509
Pla2g4a 9.53408946100642 6.10288770045134 5.91695919478872
Ncf2 10.9263417405773 6.56751553846196 5.69855604674785
Il7r 9.24960705759555 5.56878822878527 5.42921183943297
Cd53 12.7058528961117 8.6306483484664 6.4673757234421
Fcgr3 13.3678397073662 9.22669357552983 7.5357723986347
Hps4 12.4032005490264 8.68484784451742 8.14661720493067
S100a9 12.1512954978643 6.30541860080714 4.50797117319859
Klf2 12.9546948291203 8.48522001009719 7.15863101877212
Fcrls 13.538343734353 7.7216568125516 6.35567373803816
Tlr1 9.60520010506197 4.88460414251727 4.45036099563312
St3gal6 9.57804078151655 6.17245642163516 5.5377271551202
Cd68 12.2655547644002 6.51019717251422 6.23266627789416
Ebi3 9.33772747039388 5.502343646579 5.34664227078768
Casp1 8.69693600519687 4.90918825893132 4.68042154301197
Csf2rb2 9.47900201616068 4.91968111274709 4.85010723969497
C1qc 13.5961558255427 8.28071090093681 6.47079447226431
Chst7 10.8148655259312 7.43698764504285 6.40220174948542
Hck 11.7859620796645 6.76394552431713 5.07385647246134
Casp4 9.26315299804554 5.319458167819 4.51966438194955
Ehd4 10.3117326305577 6.10217328318647 5.96734662155777
Ly96 8.91937274322914 4.38578025814758 3.97161010488106
Lag3 9.80016274610109 5.52868151178418 5.26913346978839
Ltf 11.851175722853 7.72055512482942 6.29706014094332
Stab1 10.7605924600716 5.51979180294964 5.15370149903096
Evi2a 12.5942263303086 8.50420801433634 7.87993431066067
Il6 8.13911235858362 4.03766802854725 3.93109679565372
Ptger3 7.82651729191345 4.38720745290928 4.02323467657312
Pdgfb 10.7325445782435 6.04309194029621 5.70920295826105
Mrc1 7.99313411604932 4.05980267356146 4.01480124017159
Hps3 10.8090339030534 6.98304877395208 6.75536589441381
Smap2 11.0381503511469 6.88205305075434 6.35123209723286
Itgb2 11.9243168449721 7.71358240566797 5.278800837467
Psmb9 9.4278289264293 6.05670599288411 5.91723583314624
Ang 8.34675454689537 4.22998000938295 4.00886603603762
Tyrobp 12.872201384089 7.22484488497191 7.12987042650517
Ptplad2 9.63872914137264 5.95442792101025 5.62213773654693
Emr1 12.7903721087621 6.49087175487174 5.74115278901328
Nrros 12.3097176638707 7.50412982883544 5.59879971950457
Tmem119 13.7335005220805 10.3657537152618 7.12133834001376
Havcr2 10.538253418377 6.01387206320856 4.65540062094852
Cmtm7 10.4128713125775 5.81147755303475 5.36149708906392
Blnk 11.8256575206264 7.32824392551931 5.80465920468696
Tmcc3 9.18215566840257 5.03228983722363 4.99164662401645
Daglb 9.97127658837575 6.07878676523721 5.96760860013926
Alox5ap 12.5974435879102 7.96511860053353 6.77766600509437
Fyb 11.6377216118874 6.38776052007772 6.25877797966941
Ostf1 9.94784613426571 6.59037309021032 6.20709161931877
Ctla2b 9.67840248028284 5.25559366513076 4.19500035468956
Zfp36 13.4481818753213 8.46170984470531 8.40725934389069
Lmo2 12.173746157097 7.97867082175598 7.23726730319942
Cyba 11.683487063587 7.38676438119181 6.79711077849653
Spata13 11.8423721764084 8.36042957505253 7.39634812006118
Ptpn6 11.3447432428118 7.60711663843269 6.99364227925805
Cd52 8.77120540091781 5.39849365996742 5.34408116911759
Irf5 10.3658986193304 6.33271126127209 5.84790741574098
Naip2 10.6301514409205 4.62179460571386 4.55652713184325
Anxa3 12.8961234593997 6.69468001479522 5.86665393631764
