Ddr1 11.5312914608039 9.6718550931955 3.53610523471519
Gja1 13.599525412071 9.6718550931955 3.53610523471519
Plat 9.93290625679142 9.6718550931955 3.53610523471519
Gsn 12.5443287591461 9.6718550931955 3.53610523471519
Scd2 8.65824374888771 9.6718550931955 3.53610523471519
Stmn1 13.6471519598225 9.6718550931955 3.53610523471519
Tnfrsf19 9.22976994029339 9.6718550931955 3.53610523471519
Ndn 10.8548605950847 9.6718550931955 3.53610523471519
Atp9a 9.95911953585724 9.6718550931955 3.53610523471519
Scd1 10.8637650218134 9.6718550931955 3.53610523471519
Carhsp1 10.7242214691625 9.6718550931955 3.53610523471519
Sqle 11.7224213775623 9.6718550931955 3.53610523471519
Cldn11 10.6325337001188 9.6718550931955 3.53610523471519
Fabp5 10.2947058862724 9.6718550931955 3.53610523471519
Lrrn1 11.2267118709609 9.6718550931955 3.53610523471519
Sparcl1 13.1715882015927 9.6718550931955 3.53610523471519
Trim59 11.3582367681246 9.6718550931955 3.53610523471519
Ccnd2 9.88967797929929 9.6718550931955 3.53610523471519
Prnp 13.7546270008213 9.6718550931955 3.53610523471519
Olig1 13.1674408133433 9.6718550931955 3.53610523471519
Plekhb1 12.9777190760185 9.6718550931955 3.53610523471519
Il33 10.6641205869138 9.6718550931955 3.53610523471519
Ptn 11.2457057773325 9.6718550931955 3.53610523471519
Fstl1 10.3236269132366 9.6718550931955 3.53610523471519
Olig2 9.09852564544096 9.6718550931955 3.53610523471519
Capn2 10.3410043784977 9.6718550931955 3.53610523471519
Nfib 10.7805130759785 9.6718550931955 3.53610523471519
Serpinb1a 11.0869764544918 9.6718550931955 3.53610523471519
Gsta4 10.5228649547218 9.6718550931955 3.53610523471519
Apod 12.4217156792735 9.6718550931955 3.53610523471519
Gstm1 11.7828477533947 9.6718550931955 3.53610523471519
Cryab 13.2479924498639 9.6718550931955 3.53610523471519
Igdcc4 10.2735028220608 9.6718550931955 3.53610523471519
Thbs3 9.61733926477317 9.6718550931955 3.53610523471519
Me1 9.38880667975548 9.6718550931955 3.53610523471519
Plod2 9.41360090464332 9.6718550931955 3.53610523471519
Tppp3 11.9223201877303 9.6718550931955 3.53610523471519
Efs 8.59294380858978 9.6718550931955 3.53610523471519
Bcan 11.3379882229456 9.6718550931955 3.53610523471519
Htra1 13.066596993166 9.6718550931955 3.53610523471519
Osbpl1a 11.7172482929371 9.6718550931955 3.53610523471519
Snap25 8.04283832648546 9.6718550931955 3.53610523471519
Tspan6 11.1517551099999 9.6718550931955 3.53610523471519
Sox2 10.2071855576819 9.6718550931955 3.53610523471519
Sdc2 10.713376509061 9.6718550931955 3.53610523471519
Acot7 11.1132531970889 9.6718550931955 3.53610523471519
Hspa2 9.79570364159204 9.6718550931955 3.53610523471519
Lpar1 11.7225949143041 9.6718550931955 3.53610523471519
Ntsr2 13.1758508929617 9.6718550931955 3.53610523471519
Psip1 8.71751227634834 9.6718550931955 3.53610523471519
Eif2s3y 9.12201088008529 9.6718550931955 3.53610523471519
Fah 10.920490026342 9.6718550931955 3.53610523471519
Mal 13.7428825060175 9.6718550931955 3.53610523471519
Dmd 9.13991839237147 9.6718550931955 3.53610523471519
Sorbs1 11.2935496619804 9.6718550931955 3.53610523471519
Elovl6 10.2536864372087 9.6718550931955 3.53610523471519
F3 10.9308580190903 9.6718550931955 3.53610523471519
Nap1l5 11.6034488971918 9.6718550931955 3.53610523471519
Kcna1 11.5704589938342 9.6718550931955 3.53610523471519
Gpd2 11.0261463014038 9.6718550931955 3.53610523471519
Calb1 8.39426966988425 9.6718550931955 3.53610523471519
Rab33a 10.5155877883071 9.6718550931955 3.53610523471519
Ncald 9.81053286017731 9.6718550931955 3.53610523471519
Ackr3 10.1394915999641 9.6718550931955 3.53610523471519
Slc6a9 10.6479941019882 9.6718550931955 3.53610523471519
Rsph1 10.7042080910311 9.6718550931955 3.53610523471519
Grb14 10.5984181402247 9.6718550931955 3.53610523471519
Amy1 8.35341357217711 9.6718550931955 3.53610523471519
Fhl1 12.0555961395411 9.6718550931955 3.53610523471519
Mapt 11.0577034015941 9.6718550931955 3.53610523471519
Vldlr 9.78325874585992 9.6718550931955 3.53610523471519
Abhd3 11.5959469722755 9.6718550931955 3.53610523471519
Cyp2j6 7.88453236490393 9.6718550931955 3.53610523471519
Cpeb1 8.61718272736561 9.6718550931955 3.53610523471519
Cml1 10.7091601433534 9.6718550931955 3.53610523471519
Cpd 11.6563458240788 9.6718550931955 3.53610523471519
Bhlhe40 10.0729130057458 9.6718550931955 3.53610523471519
Slco3a1 9.06312866544232 9.6718550931955 3.53610523471519
Gpld1 12.705207459076 9.6718550931955 3.53610523471519
Cfl2 11.7576494411077 9.6718550931955 3.53610523471519
Prkcz 9.88050767440009 9.6718550931955 3.53610523471519
Ppp1r14a 10.5716565099468 9.6718550931955 3.53610523471519
Stmn4 13.2729455808446 9.6718550931955 3.53610523471519
Dhcr24 10.3636409668663 9.6718550931955 3.53610523471519
Nr2f1 9.27056292005601 9.6718550931955 3.53610523471519
Gstt1 9.39845443710849 9.6718550931955 3.53610523471519
Pfn2 11.7299716914898 9.6718550931955 3.53610523471519
Omg 12.1392436094266 9.6718550931955 3.53610523471519
Hspa4l 10.1118674116945 9.6718550931955 3.53610523471519
Entpd2 10.1780055589936 9.6718550931955 3.53610523471519
Apcdd1 9.60776778053051 9.6718550931955 3.53610523471519
Larp6 9.65122781007262 9.6718550931955 3.53610523471519
Pde8a 10.4255442595037 9.6718550931955 3.53610523471519
Tnfaip6 9.07319236301528 9.6718550931955 3.53610523471519
Sh3d19 9.24862386564277 9.6718550931955 3.53610523471519
Aspa 12.6132339370583 9.6718550931955 3.53610523471519
Nap1l3 8.61875839577521 9.6718550931955 3.53610523471519
Wasf1 9.05088534308299 9.6718550931955 3.53610523471519
Astn1 10.1856199145388 9.6718550931955 3.53610523471519
Clu 13.3864840944191 9.6718550931955 3.53610523471519
Mpdz 9.83360586503478 9.6718550931955 3.53610523471519
Ptprz1 11.955502429136 9.6718550931955 3.53610523471519
Sgk2 10.0296082855009 9.6718550931955 3.53610523471519
Psd3 10.0120411904052 9.6718550931955 3.53610523471519
Sh3gl2 10.2521575066924 9.6718550931955 3.53610523471519
Cds2 12.3346263523757 9.6718550931955 3.53610523471519
Cdh2 8.11410653022675 9.6718550931955 3.53610523471519
Eno2 8.27728525374903 9.6718550931955 3.53610523471519
Fads2 9.67246691709929 9.6718550931955 3.53610523471519
Cyp2d22 9.29093959601702 9.6718550931955 3.53610523471519
Rtn2 7.97293561245142 9.6718550931955 3.53610523471519
Ugt8a 13.5238166395942 9.6718550931955 3.53610523471519
Gstm7 10.1451153743855 9.6718550931955 3.53610523471519
Tmeff2 12.497898090944 9.6718550931955 3.53610523471519
Timp3 9.53836095592653 9.6718550931955 3.53610523471519
Serpina3n 9.70745866516013 9.6718550931955 3.53610523471519
Hrh1 8.6329437566858 9.6718550931955 3.53610523471519
Dtna 10.3489010269726 9.6718550931955 3.53610523471519
Sptbn1 11.686268912348 9.6718550931955 3.53610523471519
S100b 11.2247862047682 9.6718550931955 3.53610523471519
Aox1 8.37631216186526 9.6718550931955 3.53610523471519
Magt1 10.2642400961977 9.6718550931955 3.53610523471519
Kcnj10 12.9042428412329 9.6718550931955 3.53610523471519
Mia 8.49426776649723 9.6718550931955 3.53610523471519
Bbox1 10.5894116779644 9.6718550931955 3.53610523471519
Mbp 14.2811007700053 9.6718550931955 3.53610523471519
Nkain1 11.0211860530334 9.6718550931955 3.53610523471519
Gabrb1 12.252030877029 9.6718550931955 3.53610523471519
Arhgap23 10.6549347290415 9.6718550931955 3.53610523471519
Lss 8.55745110871835 9.6718550931955 3.53610523471519
Ninj2 9.31773670515934 9.6718550931955 3.53610523471519
Kif3a 9.99584715118043 9.6718550931955 3.53610523471519
Pard3 8.60248125549376 9.6718550931955 3.53610523471519
Tmem47 9.80425610382204 9.6718550931955 3.53610523471519
Csrp2 8.80115772982733 9.6718550931955 3.53610523471519
Ndrg1 13.431458827799 9.6718550931955 3.53610523471519
1700019G17Rik 8.09811449612478 9.6718550931955 3.53610523471519
Ntrk2 12.6020263165986 9.6718550931955 3.53610523471519
Ptprf 11.7950356510671 9.6718550931955 3.53610523471519
Fgfr2 11.9992682338554 9.6718550931955 3.53610523471519
Hapln2 10.0885491179233 9.6718550931955 3.53610523471519
Mobp 12.3266558560614 9.6718550931955 3.53610523471519
Irx5 8.6061603656238 9.6718550931955 3.53610523471519
Cyp7b1 9.23994963419474 9.6718550931955 3.53610523471519
Slc7a10 10.9747605433131 9.6718550931955 3.53610523471519
Trpc1 8.35642601391356 9.6718550931955 3.53610523471519
Nkx2-2 8.66564042300463 9.6718550931955 3.53610523471519
Ttyh2 10.5097048039929 9.6718550931955 3.53610523471519
Cttn 11.6322725203898 9.6718550931955 3.53610523471519
Myb 8.46427581314098 9.6718550931955 3.53610523471519
Syne1 10.8050494151828 9.6718550931955 3.53610523471519
Sytl2 10.5607148810251 9.6718550931955 3.53610523471519
Enah 12.2466893137797 9.6718550931955 3.53610523471519
Spry2 8.30843405690474 9.6718550931955 3.53610523471519
Vcan 7.69007192305198 9.6718550931955 3.53610523471519
Gpr19 10.7901411588866 9.6718550931955 3.53610523471519
Epdr1 11.1276397177144 9.6718550931955 3.53610523471519
Bace1 11.3123640413318 9.6718550931955 3.53610523471519
Ak4 8.70712089100283 9.6718550931955 3.53610523471519
Fgfr3 12.0980897993558 9.6718550931955 3.53610523471519
Il1rap 10.0361541616072 9.6718550931955 3.53610523471519
Pdgfra 9.96346729945257 9.6718550931955 3.53610523471519
Nedd4 11.2517011299943 9.6718550931955 3.53610523471519
Ncam1 12.0808445712979 9.6718550931955 3.53610523471519
Atp1b2 11.8715673400735 9.6718550931955 3.53610523471519
Zbtb20 11.9606933899539 9.6718550931955 3.53610523471519
Klf9 12.3031855115352 9.6718550931955 3.53610523471519
Igfbp5 10.6754697365899 9.6718550931955 3.53610523471519
Acsbg1 10.1635801137453 9.6718550931955 3.53610523471519
Acss2 9.86387306816535 9.6718550931955 3.53610523471519
Glrb 9.03642316078986 9.6718550931955 3.53610523471519
Cyp51 10.2324422011042 9.6718550931955 3.53610523471519
Myo10 9.51576912493666 9.6718550931955 3.53610523471519
Nkain4 11.2284974025517 9.6718550931955 3.53610523471519
Shroom3 9.14449320304943 9.6718550931955 3.53610523471519
Rnd2 10.1207721686161 9.6718550931955 3.53610523471519
Prkd1 8.72633541468881 9.6718550931955 3.53610523471519
Ttyh1 9.26478272803524 9.6718550931955 3.53610523471519
Mak 9.95402293013327 9.6718550931955 3.53610523471519
Fjx1 8.42533547377206 9.6718550931955 3.53610523471519
Rims2 8.75484312588851 9.6718550931955 3.53610523471519
Kcnd2 9.10159755791092 9.6718550931955 3.53610523471519
Kif5c 9.42263724743183 9.6718550931955 3.53610523471519
Sc4mol 11.9436784407934 9.6718550931955 3.53610523471519
Efnb3 11.2848005517396 9.6718550931955 3.53610523471519
Gpm6b 11.5323519071574 9.6718550931955 3.53610523471519
Irs1 8.89484029592231 9.6718550931955 3.53610523471519
Hes5 10.6466797784944 9.6718550931955 3.53610523471519
Lgi1 8.46725345624175 9.6718550931955 3.53610523471519
Tubb4a 10.5537792429999 9.6718550931955 3.53610523471519
Id4 11.8680209349575 9.6718550931955 3.53610523471519
Ints6 10.5240879401528 9.6718550931955 3.53610523471519
Ptprk 9.41248484717191 9.6718550931955 3.53610523471519
Cspg4 9.3671682895635 9.6718550931955 3.53610523471519
Slco1c1 10.3304201537887 9.6718550931955 3.53610523471519
Wnt7a 8.94900908943385 9.6718550931955 3.53610523471519
Clic4 12.2615193317442 9.6718550931955 3.53610523471519
Agt 11.7261089793638 9.6718550931955 3.53610523471519
Timp4 11.102318688453 9.6718550931955 3.53610523471519
Sv2a 10.7915951277896 9.6718550931955 3.53610523471519
Hs3st1 8.78393587247838 9.6718550931955 3.53610523471519
Scn8a 7.41715529127061 9.6718550931955 3.53610523471519
Ednrb 10.6859748269838 9.6718550931955 3.53610523471519
Ncan 9.30477113862403 9.6718550931955 3.53610523471519
Qdpr 12.9015376937904 9.6718550931955 3.53610523471519
Dner 11.0959097865702 9.6718550931955 3.53610523471519
Tmem246 9.52143876617026 9.6718550931955 3.53610523471519
Idi1 10.1248744353691 9.6718550931955 3.53610523471519
Ptgds 12.1126566748679 9.6718550931955 3.53610523471519
Slc44a1 12.8350920309578 9.6718550931955 3.53610523471519
Sez6l2 12.5581804409331 9.6718550931955 3.53610523471519
Tspyl4 11.2580232040303 9.6718550931955 3.53610523471519
Gdpd1 9.90538682758693 9.6718550931955 3.53610523471519
Elovl7 9.53536637963627 9.6718550931955 3.53610523471519
Tmem98 10.3082578936243 9.6718550931955 3.53610523471519
Gpr37l1 12.9160704647804 9.6718550931955 3.53610523471519
Lrrc48 10.5810553013147 9.6718550931955 3.53610523471519
Cdc42ep1 9.28828247183169 9.6718550931955 3.53610523471519
Tmem51 9.35867012612685 9.6718550931955 3.53610523471519
Adhfe1 8.365679862455 9.6718550931955 3.53610523471519
Asrgl1 11.556727650967 9.6718550931955 3.53610523471519
Aldh1l1 9.39368168429485 9.6718550931955 3.53610523471519
Spon1 11.4171337971916 9.6718550931955 3.53610523471519
Tmem87a 10.4840098803785 9.6718550931955 3.53610523471519
Phldb1 11.7535806917416 9.6718550931955 3.53610523471519
Rapgef3 10.9187157385014 9.6718550931955 3.53610523471519
Mmd2 12.447774443694 9.6718550931955 3.53610523471519
Nrbp2 10.2310914418309 9.6718550931955 3.53610523471519
Tspan2 12.7413604115274 9.6718550931955 3.53610523471519
Samd4 10.1462242991411 9.6718550931955 3.53610523471519
Gprc5b 12.0868504688087 9.6718550931955 3.53610523471519
Cyp2j9 10.240672092368 9.6718550931955 3.53610523471519
Calml4 11.079816862841 9.6718550931955 3.53610523471519
Aldoc 13.7785879333191 9.6718550931955 3.53610523471519
Rsph9 9.93391624700459 9.6718550931955 3.53610523471519
Cald1 10.3023792709836 9.6718550931955 3.53610523471519
Slain1 10.3650890934816 9.6718550931955 3.53610523471519
Ptprd 12.8198370714325 9.6718550931955 3.53610523471519
Gpsm2 9.46075165566607 9.6718550931955 3.53610523471519
Car8 7.66421292345546 9.6718550931955 3.53610523471519
Sox10 11.4660317768936 9.6718550931955 3.53610523471519
Mboat2 10.1048035169896 9.6718550931955 3.53610523471519
Cdh10 10.3998495187683 9.6718550931955 3.53610523471519
Fam81a 9.93086354804882 9.6718550931955 3.53610523471519
Tyro3 7.82754785680202 9.6718550931955 3.53610523471519
Zcchc18 9.73314404600449 9.6718550931955 3.53610523471519
Aqp4 11.8703008322647 9.6718550931955 3.53610523471519
2610034M16Rik 7.51350430428929 9.6718550931955 3.53610523471519
Plp1 13.391917583562 9.6718550931955 3.53610523471519
Prrx1 8.80919666902076 9.6718550931955 3.53610523471519
S100a16 12.5191998405947 9.6718550931955 3.53610523471519
Edil3 10.5150839133116 9.6718550931955 3.53610523471519
Ppp1r3c 10.9940891574308 9.6718550931955 3.53610523471519
Dock5 10.0996878014688 9.6718550931955 3.53610523471519
Csrp1 11.1889082955906 9.6718550931955 3.53610523471519
Dtx1 10.8617209145244 9.6718550931955 3.53610523471519
Amot 9.57824094127427 9.6718550931955 3.53610523471519
Armcx1 9.48128856373106 9.6718550931955 3.53610523471519
Cuedc1 10.1686902750545 9.6718550931955 3.53610523471519
Sox6 9.51118323885238 9.6718550931955 3.53610523471519
Plagl1 8.98148177988531 9.6718550931955 3.53610523471519
Ddc 9.53838946416899 9.6718550931955 3.53610523471519
Sorl1 11.5416042656312 9.6718550931955 3.53610523471519
Cadm4 9.36678530152134 9.6718550931955 3.53610523471519
Ntm 9.09241755944232 9.6718550931955 3.53610523471519
Alcam 8.92872276544658 9.6718550931955 3.53610523471519
Ddx3y 10.0613593222043 9.6718550931955 3.53610523471519
Gpm6a 9.5766675955645 9.6718550931955 3.53610523471519
Ndrg4 10.0396893473155 9.6718550931955 3.53610523471519
Tlcd1 10.9092679381019 9.6718550931955 3.53610523471519
Trib2 9.74616620570163 9.6718550931955 3.53610523471519
Tmeff1 9.98913902150823 9.6718550931955 3.53610523471519
Slc45a3 9.46127935984453 9.6718550931955 3.53610523471519
Srebf1 12.1002968435306 9.6718550931955 3.53610523471519
Cnn3 11.5453666786216 9.6718550931955 3.53610523471519
6330403K07Rik 13.0819914316162 9.6718550931955 3.53610523471519
Celf4 8.02011670205185 9.6718550931955 3.53610523471519
Fa2h 11.4860449468234 9.6718550931955 3.53610523471519
Phlpp1 11.4506158959587 9.6718550931955 3.53610523471519
Thra 10.6324001416052 9.6718550931955 3.53610523471519
Fbxo2 10.468143562268 9.6718550931955 3.53610523471519
Amph 10.5364742627816 9.6718550931955 3.53610523471519
Metrn 10.4909129865206 9.6718550931955 3.53610523471519
Zfp612 9.3332516993758 9.6718550931955 3.53610523471519
Copg2os2 9.66622844535143 9.6718550931955 3.53610523471519
Armcx4 7.87252141522298 9.6718550931955 3.53610523471519
Gabrg1 10.2730297052325 9.6718550931955 3.53610523471519
Adora1 10.3300906589556 9.6718550931955 3.53610523471519
Abca8a 8.6119040411459 9.6718550931955 3.53610523471519
Nkx6-2 8.95980348585882 9.6718550931955 3.53610523471519
Atp1a2 11.7363490734992 9.6718550931955 3.53610523471519
Gnai1 8.70763223809973 9.6718550931955 3.53610523471519
Rassf9 7.95218823846212 9.6718550931955 3.53610523471519
Tmem163 9.22573302577969 9.6718550931955 3.53610523471519
Tmcc2 9.71756869296379 9.6718550931955 3.53610523471519
Pacrg 9.24817529938959 9.6718550931955 3.53610523471519
Dmkn 8.78437794569035 9.6718550931955 3.53610523471519
Ptch1 12.4870308092251 9.6718550931955 3.53610523471519
Tril 12.136496807599 9.6718550931955 3.53610523471519
Mt2 11.3246815864131 9.6718550931955 3.53610523471519
Ppap2b 13.4446289484282 9.6718550931955 3.53610523471519
Rimklb 9.46601039086888 9.6718550931955 3.53610523471519
Bcat1 9.64049169110491 9.6718550931955 3.53610523471519
Pla2g7 10.695822805607 9.6718550931955 3.53610523471519
Fmn2 9.48513294997862 9.6718550931955 3.53610523471519
Rhpn2 7.51674232445082 9.6718550931955 3.53610523471519
Antxr1 11.2542483034453 9.6718550931955 3.53610523471519
Tekt1 9.29670322330167 9.6718550931955 3.53610523471519
Lrrc23 10.2091765597233 9.6718550931955 3.53610523471519
Sh3gl3 11.3794862953876 9.6718550931955 3.53610523471519
Anln 11.1431221179362 9.6718550931955 3.53610523471519
Abat 9.73803539968095 9.6718550931955 3.53610523471519
Ppargc1a 9.4527070607401 9.6718550931955 3.53610523471519
Fermt2 11.8785053953322 9.6718550931955 3.53610523471519
Lrig1 10.8477681110867 9.6718550931955 3.53610523471519
Slc20a2 10.9112853192594 9.6718550931955 3.53610523471519
Coro2b 10.0220593925818 9.6718550931955 3.53610523471519
Tmem56 7.50462648229358 9.6718550931955 3.53610523471519
Erbb3 10.9250127425416 9.6718550931955 3.53610523471519
Nrcam 9.98039256736647 9.6718550931955 3.53610523471519
Neo1 10.9195509477789 9.6718550931955 3.53610523471519
Plekhh1 9.09316720639471 9.6718550931955 3.53610523471519
Limch1 11.579497116216 9.6718550931955 3.53610523471519
Unc5b 10.7061908369975 9.6718550931955 3.53610523471519
Stmn3 8.64504769374079 9.6718550931955 3.53610523471519
Gria1 9.53193930846523 9.6718550931955 3.53610523471519
AI464131 8.34050143707493 9.6718550931955 3.53610523471519
Fhod3 8.12163632506066 9.6718550931955 3.53610523471519
Elavl3 9.58988798084672 9.6718550931955 3.53610523471519
Cachd1 10.1895435723684 9.6718550931955 3.53610523471519
Frmd5 9.79758258384163 9.6718550931955 3.53610523471519
Cacnb4 9.03461401641994 9.6718550931955 3.53610523471519
Impad1 11.4772834725878 9.6718550931955 3.53610523471519
F2r 10.0156786773117 9.6718550931955 3.53610523471519
Cpeb3 8.39444306777192 9.6718550931955 3.53610523471519
Fdft1 11.9620748736494 9.6718550931955 3.53610523471519
Pkp4 11.6314598705028 9.6718550931955 3.53610523471519
Ahi1 9.8916919190848 9.6718550931955 3.53610523471519
Gli2 9.40541685644794 9.6718550931955 3.53610523471519
Sash1 11.2945741185946 9.6718550931955 3.53610523471519
Tm4sf1 10.8078471796409 9.6718550931955 3.53610523471519
Mlc1 10.4370075289539 9.6718550931955 3.53610523471519
Ndrg2 12.4087832732578 9.6718550931955 3.53610523471519
Klf15 9.20644418694938 9.6718550931955 3.53610523471519
Atp6v0e2 11.9160415663464 9.6718550931955 3.53610523471519
Tnk2 11.5246099226473 9.6718550931955 3.53610523471519
Gjb6 10.8871257869672 9.6718550931955 3.53610523471519
Efhd1 11.0176115787843 9.6718550931955 3.53610523471519
Bex1 11.2552888305879 9.6718550931955 3.53610523471519
Scg3 11.8769359887878 9.6718550931955 3.53610523471519
Kcnk1 10.7097598040786 9.6718550931955 3.53610523471519
Sept4 12.8392505630585 9.6718550931955 3.53610523471519
Car2 13.7602790654054 9.6718550931955 3.53610523471519
Mog 11.2402216647763 9.6718550931955 3.53610523471519
Kcnn2 9.15540088803356 9.6718550931955 3.53610523471519
Gng11 12.2667631551037 9.6718550931955 3.53610523471519
Cadps 8.29512966662309 9.6718550931955 3.53610523471519
Ngef 10.2173701363559 9.6718550931955 3.53610523471519
Klk6 10.0611465877924 9.6718550931955 3.53610523471519
Rhou 12.250707398841 9.6718550931955 3.53610523471519
Acot1 9.31994088819532 9.6718550931955 3.53610523471519
Itih3 13.6608138748926 9.6718550931955 3.53610523471519
S1pr5 11.0046189733668 9.6718550931955 3.53610523471519
Gdpd3 11.740704163712 9.6718550931955 3.53610523471519
Trps1 9.1228360977056 9.6718550931955 3.53610523471519
Cntn1 11.0274688703822 9.6718550931955 3.53610523471519
AI594671 7.55855632653762 9.6718550931955 3.53610523471519
Spock3 7.49143249431303 9.6718550931955 3.53610523471519
Ank 12.3269624679234 9.6718550931955 3.53610523471519
Tagln3 9.09241769436774 9.6718550931955 3.53610523471519
Car14 10.7970725573807 9.6718550931955 3.53610523471519
Kif21a 8.52625741742307 9.6718550931955 3.53610523471519
Cdh11 9.42570357151261 9.6718550931955 3.53610523471519
Fabp7 11.275338966825 9.6718550931955 3.53610523471519
Wnt4 9.17854960685298 9.6718550931955 3.53610523471519
Serpinh1 9.2115886164474 9.6718550931955 3.53610523471519
Gpr37 10.8763729535052 9.6718550931955 3.53610523471519
Pex5l 8.41701057957539 9.6718550931955 3.53610523471519
Psat1 12.4398535979372 9.6718550931955 3.53610523471519
Acsl6 11.2538471669368 9.6718550931955 3.53610523471519
Zfp521 8.41913485474188 9.6718550931955 3.53610523471519
Dbndd2 13.2313597746784 9.6718550931955 3.53610523471519
Pcolce2 10.0226625065992 9.6718550931955 3.53610523471519
Slc6a1 11.3576837871578 9.6718550931955 3.53610523471519
Nckap1 12.4683887899978 9.6718550931955 3.53610523471519
Arap2 11.0535329121482 9.6718550931955 3.53610523471519
Arhgef10 8.77213764954724 9.6718550931955 3.53610523471519
Csgalnact1 10.2378107754762 9.6718550931955 3.53610523471519
Plce1 9.68165289488255 9.6718550931955 3.53610523471519
Adamts4 9.76781934198753 9.6718550931955 3.53610523471519
Zdhhc2 8.53930854338448 9.6718550931955 3.53610523471519
Fam213a 12.383118202262 9.6718550931955 3.53610523471519
Slc22a23 9.32264699419226 9.6718550931955 3.53610523471519
Gal3st1 9.50034570413183 9.6718550931955 3.53610523471519
Fez1 12.8982111372961 9.6718550931955 3.53610523471519
Ankrd28 10.1334765930194 9.6718550931955 3.53610523471519
Leprel4 9.45816576552741 9.6718550931955 3.53610523471519
Adcy2 10.1233781304265 9.6718550931955 3.53610523471519
Mag 12.0276528548921 9.6718550931955 3.53610523471519
Pls1 9.9627397349835 9.6718550931955 3.53610523471519
