Tgfbi 10.214108505107 4.98040795849604 4.62346821230133
Sgpl1 9.58944930363067 5.08106354578316 4.68601113739332
Lcp1 11.9186828085383 4.35072594919968 4.20277528588307
Txnip 13.6926905825169 6.88276076979401 6.78603683130338
Cd9 11.7908634776503 6.86470610108534 5.26433471302009
Tmed3 11.4464261292316 8.07212687285223 7.76061681557995
Cd83 13.2161047162533 7.79117676277419 6.44648916158397
Serpinf1 9.44570354298151 5.12710003713947 4.58180495596213
Sipa1 11.028832104782 6.78417860577912 6.16275647393905
Tnfaip2 9.07410944533167 4.29898525954533 3.83420164056368
Litaf 12.5687309938788 7.76008891183846 7.60862327273865
Lamp2 11.5544716379291 7.90611388101993 6.53617983574923
Snx18 11.8255448234537 8.40005742094844 6.60542783707962
Tubb6 9.94746027053954 5.8857652258368 5.56918970991616
Pfkfb3 9.98273426377903 5.71034340176231 5.1785913367339
Cd164 13.2308857274045 9.710878704243 7.90153231544345
Ier2 13.4029366730924 6.83215110251809 6.2936036976064
Pnp 12.8799287012372 7.51201699202336 6.87904428757547
Nfe2l2 11.356253934114 6.33815455686999 4.69893233962887
Socs3 12.8477426387797 4.21475943389951 4.0820509504322
Sparc 11.7443656880018 6.9620103487442 4.62801986662309
Scamp2 12.1490850674193 7.75082926473287 7.37630972194549
Acss1 9.50387495272519 5.75383603436116 5.03256819807399
4632428N05Rik 12.9633024758073 5.4771768618286 4.92658001412572
Spint1 10.3283172527647 6.14731342154884 5.60905249372817
Afp 8.35050803873215 3.75182860822475 3.6935860922438
Clic1 11.3122330580261 5.94459177635451 5.59468680798981
Serpine2 12.4124107865698 9.02845061172244 6.95410147482829
Plxnb2 11.1496648391028 7.14354423048551 7.00589773650259
Tspo 8.89121618445163 5.05064793182125 4.52066794697362
Irf8 12.5462653592052 5.86291987811766 5.25743024409748
Fkbp7 9.39487954845409 5.8965720096026 5.25420242147884
Slc39a8 8.14296708004609 4.41367327691528 4.12511168366806
Parvg 10.4281853264487 6.87879523113024 6.11422267378654
Mcl1 12.2077605709068 8.1104589586748 6.20539240358593
Rps6ka1 12.3511118887686 8.44089098645913 7.00592823690853
Npc2 12.8935384047443 8.84816473307444 7.64599797978768
Tnfaip8 10.106166018297 4.4223238439478 4.18431365745138
Fcgrt 9.49114216971545 6.04401677783392 5.85410437867148
Slc40a1 11.6873175794834 7.10681794926392 5.17096651346996
C1qb 13.3809165744448 8.95006049350522 3.80761996110455
Cyp4v3 11.0156233140278 6.76278932494787 6.61171365947449
Syngr2 11.5324666076936 5.01904176596396 4.51285653683366
Pmp22 12.2434056339285 6.28650489028684 5.39949011306267
Tmbim1 10.0554907798174 6.73040160946365 6.3584816907201
Ccl6 10.4831140019336 4.95852661378702 4.50665578577864
Cd14 13.3794861542207 7.6474334660153 6.43053062217846
Pycard 11.7530559991681 5.49147846279482 5.39000913118898
C1qa 13.1874316054276 6.49328357936355 5.97088956076349
Il16 10.5676116874908 7.20149368120759 5.97191822131194
Slc7a7 10.9326702827516 5.61764154174375 5.0953872097447
Klf4 12.8356975471887 5.74585380809686 4.61081355647837
Sertad1 10.6760235504756 6.92298951835101 6.05087801402352
Jun 13.1513958362792 9.46527966631087 5.44731269035053
Srgn 13.2795222117037 6.30147407511242 5.63178959851007
Nfkbiz 12.6921044506167 6.8116980577147 4.50524010447958
Tgm2 11.6702792723547 6.26423827034137 5.0848531718276
Plek 13.0385446953369 6.73808604150613 5.40723066715144
Itgb5 13.3122301859398 6.73844179750813 3.73250581081544
Elf1 9.08464008124719 4.68348401637257 4.15638946920608
Rgs1 11.3590498478886 4.93407689806257 4.53549395019057
Cd79b 8.10777669835161 4.73841124877928 4.65184112403556
Snx5 12.5419589726741 7.56145125612315 6.18149573033778
Elk3 10.4319956263106 6.34675797579932 4.4835378125977
Gab1 9.8252745536932 5.98320403789199 4.9510007446497
Naglu 9.2020102640205 5.8051045421229 5.22584894287654
Laptm5 13.25292607905 9.09433254571072 3.87115127787598
Pygl 8.54904715943291 4.33600195593472 4.25070883047392
Slc25a37 10.7377469263125 6.77193513761831 6.26743600139834
Serinc3 10.7887820532689 6.78569297683761 6.35749764177387
Ctsz 12.9968566741552 7.36721400183536 5.8319685856673
Fcgr1 12.2955371160684 4.84753981153326 4.54077613208296
Slc16a6 11.5647594820405 7.02749646826318 5.8069394496753
Pdlim4 9.51167808110339 5.18443421978611 4.6418545764851
Ccl9 11.4677327663853 5.14496218808269 4.83576735387922
Tmem176b 13.0534256974988 8.7854198458148 7.94301149075872
B4galt1 11.1336165305587 7.63722474835788 7.25140586671396
Tnfrsf1b 11.7452188608572 6.78676064294179 6.1549941737355
Inpp5d 12.4577394438636 7.23488219987564 6.38504317840431
Tlr4 9.57555684780965 4.80399501726965 4.21089531509556
Pmaip1 7.97566326054479 4.03237234870014 3.94351765841202
Aif1 11.8214348072249 5.81307396533122 5.01591388195158
Lims1 11.3701224038562 7.9301438771214 6.72435074866546
Klf6 12.2250639567383 6.41341924474436 5.15483433546479
Crybb1 12.2648088011919 6.55770425597136 6.43876744727313
Fcer1g 12.6718396223893 6.85710886760097 6.16139401955148
Ctsh 12.87251521366 5.67297211563384 5.59549421434584
Gbp3 8.52766426384374 5.16606306150026 4.45964449797268
Gpsm3 9.55595780536678 5.72240832414277 5.17887944196563
Ncf4 10.7292352869563 5.38229903745435 4.99825219146769
Ggta1 10.3002208247185 4.45226387330086 4.16712088531435
Lcp2 10.4089431447829 5.06185290753128 4.85313262714198
Ngp 12.7574775005176 6.4900160856569 5.34514950009221
Spi1 10.4190424481911 6.36020636661182 5.89807367526075
Ms4a6b 11.2554621340409 5.02326884915989 4.80504201944783
Hcls1 8.70906636115833 4.82667913129488 4.75602711228339
Pabpc1 11.1781404360411 5.87388220897164 4.67641882687372
Skap2 12.056136723105 8.63111016276974 6.20485880333101
Cebpb 11.5932508063623 8.25386386466914 5.75844365480146
Plxdc2 12.0745716973584 7.16940388667106 5.24372695358728
Cxcl10 9.72683118350032 5.23489462274279 4.96000451971346
Maff 10.2074887860116 6.46099982221826 6.06060030993437
Cysltr1 9.25437959121948 4.67732219402737 4.05242041360707
Bcl10 11.4178380984863 7.60620557089061 6.83462257868436
Cebpa 9.84230025530157 6.23796369211649 5.89243473160229
Cttnbp2nl 11.6991350325633 6.06668918777762 5.57968132216797
Lyl1 9.96552235514374 5.71413772530877 5.36665710041084
Ptpn18 10.3344380846283 6.6714368970055 6.5254831851176
Tlr2 11.9276981137555 6.33462771568522 5.38076717183358
Cd163 7.96377468160987 4.23109739871712 3.97197196892105
Serpine1 9.65311808101758 5.68558977842667 4.53476929349532
Mlxipl 10.5385226388773 6.63305833350985 5.2987868901711
Cd37 10.9003612304416 6.57497248822205 5.94695500654835
Map3k8 10.2772018482877 5.35651460120762 4.82229269976532
Myd88 10.6605178444686 6.87838588192188 5.70924134310274
Ccl12 10.6391731596107 4.69595532911664 4.49123931343213
Jam2 8.93482451958042 5.57340621309698 5.13183713720587
Pon3 9.25424963832735 4.47940557342201 4.23802866381289
Slamf9 11.1460693903532 7.72936950080651 6.64513658716618
S100a8 13.1710031765985 4.74792502972424 4.51704874364443
Il10rb 10.5493104181091 6.61871511899595 5.43280727046573
C3ar1 11.7048817822179 6.56800058197265 5.53390238836372
Ripk1 10.2351943744533 6.84599817973444 6.00574977858578
Fgd2 12.0963667807367 6.32571733672943 5.99799398597832
Rela 11.8418378886618 8.18249462445658 7.25729028273578
Ccl3 13.5359936909524 5.36328673605381 4.6470512736016
Ms4a6d 11.4841310922632 4.90232360314516 4.45936917717086
Ier3 13.5124048716238 8.12658782727293 6.76348469494133
Nupr1 9.91190169343546 5.87964707853035 4.90460801627274
Camp 12.4507582747533 6.22467871941796 5.50995832455533
Chil3 11.4871946767607 4.53606894486655 4.02197077054607
Arap3 9.99309938625579 4.42657649251434 4.06333713717435
Tlr7 11.1537008662761 5.49703282478909 5.12048290964839
Trim25 10.6548242070809 6.43744226324685 5.4948912213486
Hpgd 11.9738918982247 4.80791156208988 4.48322263516997
Mcm3 9.01275163949269 4.98351756040922 4.93937023415165
Slc11a1 11.3948658681908 7.00196622367854 5.86673900621725
Ccl2 9.3887194295731 5.47721129626277 5.11531382702237
Cd86 11.6527693006629 5.22724323973063 5.06103983599264
Sat1 12.1225916774621 6.70793740590624 4.9596789339041
Prkd3 9.77821211859841 5.85828257015931 4.92053618955114
Gpr84 11.5263505075912 6.26874201682145 5.57653713460254
Vamp8 11.7850542682879 7.20839951077009 5.78269812613744
Tcirg1 11.2860007996333 7.08330835417426 6.68226034455754
Sqrdl 11.1213981292751 6.65114229990225 5.96681149081559
Trim12a 8.39694276788024 4.29092501369743 3.98249469299637
Zfhx3 11.2191522315493 5.74283540241509 4.34730665060009
Slc15a3 11.3995649353571 5.43065755829948 5.32518332848596
Rel 9.43208070521036 5.72566076176051 4.98059646242799
Tsc22d3 11.5894187043498 5.87144318158302 5.38176945907128
Sla 12.4329217789332 7.0258789697115 5.78517920295839
Tgfbr1 13.5090583473981 8.93199268258638 4.95055635046516
Snap23 8.48388126836494 4.87826264608243 4.00213911959335
Asph 11.0774007157198 6.82161117511952 4.88709734046181
Ivns1abp 12.6904399495339 9.1747879157278 7.89101949555852
Adcy7 11.9949098164077 6.62003800296148 5.24000698708436
Rbm39 10.2573002722239 6.45718679220697 4.62204840251362
Vamp3 10.8864314514484 7.07516336678004 6.00031163894054
Bmp2k 11.294755197974 6.4821012535431 4.9089625492516
Lgals9 9.69958847858634 5.58731743820328 5.56156848143933
Trem2 11.303795824757 6.97886040100335 6.67288890310675
Birc3 10.6915102166933 6.46901489278249 5.61373209893151
Igsf6 8.83394697282607 4.56640764750944 4.10459746613633
Samsn1 8.81738530496463 4.81615278017587 4.29617915395768
Il1a 10.5376640185961 4.77372705116193 4.21421089107621
Hpgds 9.22775583355141 5.85497748166359 5.01636800802891
Naip5 11.0978070538461 4.70118371761422 4.39186331027688
Ccl4 12.6588721873418 7.58747776303071 6.0076393066919
Klf3 8.5494364974985 4.98678645361189 4.7446823989028
Itpr2 10.8475742428576 6.1139687691845 5.62384104068613
Stat6 10.468465477124 5.61383666066134 4.80681381871733
Tapbp 11.4198825404039 7.1915836553273 6.52583981116287
Msn 10.8303816272 6.12836454251911 5.76685221403435
Abca1 12.0542577742267 8.58486579392607 6.7814639319198
Adam17 10.5495689245511 6.65400370937573 5.63560283088111
Dapp1 10.6129812986097 5.28102719254797 4.92093192703796
Clec4a2 10.1399334143348 5.22339604369267 4.75806840046996
Fli1 10.1221580891138 3.96257184061695 3.75797315013537
Ets1 9.52298260959165 5.97796351325769 3.75528099532908
Ptprc 12.4924457080349 5.55337518236882 4.31206299343946
Fosb 12.0153263432166 6.2346530102712 5.02380955427567
Ccr5 11.6775104276773 4.83667581876299 4.35632520321673
Il6ra 12.6762370901779 6.36735813995188 5.67164228117685
Tgif1 8.32241012578398 4.97797987663006 4.63799951743253
Pla2g15 12.3402771280608 7.98589446820187 6.87795712190741
Itga6 11.5191682655928 7.46044458871622 6.11500312176055
Ifi30 11.3741036101554 6.34672073208887 5.85047527733165
Cables1 10.7296553966912 6.81616741855247 5.85950744501024
H2-DMa 11.302506340632 7.50801837176869 6.36019858093177
Zfp36l1 12.768092682973 7.25839798592154 4.8334251670294
Gpr34 12.0465417111213 4.29645276412566 3.95914759420623
Rrad 10.0218987777276 5.35365431852274 5.1113313650277
Rhog 11.1977184303104 7.75003255312743 6.79249239433558
Rnase4 13.0645450224258 5.8184794657069 5.36178977288495
Hk2 12.2311857728962 7.4523258194875 6.00670767356609
Map4k4 8.66154547476686 5.33902160508918 4.29269938744036
Fam111a 8.38937991141375 4.85367722627847 4.39297433842341
Hfe 11.261965590755 6.43061230233577 5.58598817730126
Pik3cg 10.1391450667911 5.70589595387966 5.47021981774066
Tlr3 9.57440918362698 5.65436078489005 4.77716417831104
Prkcd 11.3269526908875 6.8095897982208 6.29371894227804
Mertk 13.1492058693859 6.7101820227941 5.48501232288126
Cd84 9.79853579725004 4.83303948670422 4.54144361192093
Ly86 13.8484382572477 7.83799556693726 6.23627475752904
Vav1 10.4988780096262 4.18789668907358 3.95676125566566
Stt3a 9.81012893974878 5.93247454839539 4.64742835184854
Ube2d3 9.28952001055869 5.91011076446805 5.16862236529174
Cfh 10.9189995251726 3.90174091032013 3.50807225507513
Tnfrsf13b 9.55249902249023 5.31963930811997 4.46978387783388
Hhex 10.0129558927535 5.74215758911578 5.35929016092684
Entpd1 9.36332417160173 4.44532709918973 4.27339683915842
Ptgs1 12.1460566579667 5.27050360809788 4.55421999769358
Stk17b 9.82516171443988 5.67561687609918 4.91249346368908
Frrs1 10.5118954880326 5.63887290445695 5.22403441815162
Lyz2 12.6255399097117 7.04501726114232 6.65582655278662
Ssfa2 10.3963514628908 6.51925666465688 5.45566777261445
Galnt4 9.17182977737832 5.23337322213426 4.55073576854451
Ctc1 11.7381009275171 7.51714644687416 7.21350209710593
Unc93b1 11.2638153754962 7.406717095357 6.8197972585318
Mob1a 11.6524237224905 7.81502624011738 6.15264846607077
Cmtm6 12.3249537931389 8.95990189552059 4.55940909558321
Tmem176a 10.8810789306714 7.03751638076639 6.61328537955687
Tspan14 11.1135085123949 7.51392885300042 6.46914843340818
Lpcat3 11.4010483293012 7.59411244509999 7.17066416892519
Hvcn1 10.3744362140918 6.03886357575276 5.36770415663899
Edem1 10.5468048765477 4.67366218807268 4.47376161246711
Icam1 12.0835121128031 5.32165247298545 4.86911562919184
Rbl1 8.60653858129746 4.97244159359358 4.36028710890634
Rcsd1 12.3327371826167 7.37908660229589 6.4797603867715
Npl 9.96550349349474 5.83815214419782 4.9559432393361
Smox 10.8887798416497 7.47929920004035 6.57428750940707
Tmem140 8.37653073680301 4.64980679275701 4.36449495243592
0610040J01Rik 10.8216796982396 5.50496713167962 5.17838385888269
Tm6sf1 11.2414066824985 7.19243272027702 3.90915775812657
Cklf 11.4118605648373 5.83917981365993 5.42494154076252
Cd177 8.34962699286364 4.70274427126358 4.1148532928889
Casp8 9.75678338176791 5.17780043402819 4.80518393669925
Tmed5 10.5709139699701 6.12607081178797 5.30336254430516
F11r 12.1396861374846 6.26791345871415 6.14020023694398
Ifi35 9.14048261664104 5.56295928821662 5.29842039706474
Eva1a 8.74419904985229 4.49486317404306 4.23441399080228
Tor4a 10.2205590701386 6.82972192786311 5.311005637863
Ptbp1 9.15244960297567 5.62698153535277 5.05783273642016
Plxdc1 10.9345884722293 7.41592431591092 6.28284205996411
Lpxn 10.7275528959061 5.10103777972759 4.46209205646361
Siglec5 8.28941632201165 3.99394466967461 3.83933272126149
P2ry6 11.5574667748729 4.92986927238965 4.57753564580914
H2-K1 12.7949568117272 7.96821631607153 6.61580847193224
Tgfbr2 12.4393744689228 6.47074746872612 5.22943215224779
Ceacam1 8.80282175058088 4.56211268687144 4.51980022195175
Mlph 9.57489838859243 6.10743099036287 5.22114119350034
Ncf1 8.88584686160739 5.51138473035697 5.25500831521497
Il13ra1 9.84239214017086 4.48138207620925 4.22536436259688
Adap2 10.5722797031115 5.88968143678488 5.14285734286791
Nmi 8.82202505346961 5.30921904198713 4.99846536589017
Pld1 10.8239587790307 6.99362174545974 5.95949339777941
Pon2 9.33868555313833 4.15554667329183 3.95951551468259
Casp7 8.39895339652514 4.97332918254036 4.55323238102372
Gem 8.28519304309807 3.93907077977737 3.83728981368373
Rrbp1 12.1135184174842 8.47407005709745 6.09393896897316
Vwa5a 10.3106484906387 5.99335925100628 5.09575712754416
Glul 11.9280143428985 6.8240361463157 5.12594295930468
Arrb2 11.4983554070217 6.64646625364245 6.07424778492015
Pros1 11.4603712254362 5.56831022044052 4.55693926040605
Ifih1 8.92117937270675 5.15000301323207 5.00676769762233
Rin2 10.1168098461982 6.52229977370946 5.23405312716453
Tifa 10.8074268423842 6.67617046052196 6.32059319714315
Rnasel 8.39126279341044 5.02101263965932 4.34761303335208
Arhgap17 10.9767981793134 7.46651511193052 4.77923004230892
Armc5 10.6011926392315 7.18122542926056 6.80050516466586
Parp12 9.49139397984138 5.11401448316242 4.78250928263872
Trim47 10.0791566495733 5.6025657583087 5.33146022798856
Lgals3 9.11302237976578 5.25677656698028 4.69336207310869
Arsg 8.01567969333444 4.18156150820401 3.98971660057947
Sash3 11.249005723635 7.09256544249298 5.82054450555334
Themis2 9.99513496121799 5.50774022248445 5.08374934556742
Mpeg1 13.5931395335038 7.05772649912034 6.64441847321242
Cd48 9.95999221182058 4.76269921229217 4.51111002514298
Akna 10.7072692564892 4.84765614043224 4.41177575790489
Sult1a1 9.98708391284936 6.06313442652452 5.80368018504375
Fes 10.5551239260507 6.96652839351331 6.52126298264588
Cep152 9.74520694836984 6.06490215583631 5.75210099285217
B2m 13.1894322739796 9.0617639834851 8.10932350150444
Egr2 11.2484829324693 6.33069981894138 4.14585597049394
Ccrl2 11.3826980615646 6.53681391650671 5.76281719037183
Lcn2 12.0118513639671 4.47388532043407 4.37230972279148
Hbb-b2 7.88283645776123 4.13560083465578 4.08283368120141
Myo1g 9.24155609377298 5.90622100049206 5.01615224015527
AF251705 11.9378287827213 7.61628803856243 6.89142157443249
Hmha1 10.4292840746509 6.30458620063133 5.76897206222416
Chn2 8.18478355874505 4.74231219302019 4.28039016244414
Gmip 10.0312950363764 6.65943067996238 6.27393417204114
Nckap1l 11.1514517971807 6.37572912535714 5.70341445953767
Abcc3 9.68880748830503 5.93488951650321 5.41136085167755
Rnf130 12.3746152428166 8.61513458069287 7.59004408989215
Rhoh 10.6886747062572 5.88524025867684 4.77972069770086
1700017B05Rik 11.7630363477309 6.00750888970373 5.59784913274233
Gusb 11.4166507135997 5.12420116295022 4.72772954051051
Lair1 10.6341607739461 5.17426560299097 4.7564425872016
Twf2 10.8151730778002 7.38277825974711 6.47623594494324
P2ry12 12.3417720061336 5.21716756001584 4.67271096127669
Rnf19b 9.59453701735849 5.04670163489188 4.77615891564751
Epb4.1l2 12.5141878325852 8.12665239715691 6.51831401064423
Pld4 12.0162068213804 5.89959985279213 5.6839001642775
D15Ertd621e 10.2021769651159 5.03411200224896 4.07510137962906
Lrrfip1 10.7165591037594 6.87140082648745 4.9337978057587
AU020206 9.7250304187546 6.13848329546795 5.33114861649265
Fermt3 11.255187597153 4.5972354724045 3.76985456229509
Cerk 10.8724595448695 7.28105945765092 6.5387917917503
Plk3 11.1628299712601 6.99134448172418 6.20152199478953
Ankrd44 11.6555430067368 6.22089032018129 4.61251089386313
H2-Aa 10.95884712019 5.56231301569572 4.3399571152246
Fam105a 11.8141138102905 8.06730930660022 6.68903497850803
Rap1b 10.5311748389021 6.11143538051246 4.66656904686604
Herpud1 12.561534184029 8.31087609977208 7.99280882358595
Cd300a 9.78331319123392 5.5725554958079 5.13998625654813
Wipf1 10.4960069219755 6.85299333036332 5.58695100944042
Tmem179b 9.43460985358123 6.05910450103022 5.22135509161563
Lyz1 12.291433368859 5.95712377261932 4.34322990251328
Clcf1 8.66818372368241 3.90911751394704 3.76683428591144
Adrb2 8.06163788196254 4.24772010268028 4.1605517442164
Hmgb2 9.11494801820282 5.7836622600497 4.17311983308332
Lrrk1 9.00233842375518 5.0091445709685 4.75245272987944
Zfp36l2 12.4844215051541 6.67053737108994 6.15669187450527
Il10ra 11.9204835825207 5.31417518175939 4.82268216182428
Hexb 13.9682695694516 9.68712698241879 6.1039863054536
Rab20 9.47961105235741 4.09142469149196 3.76122593694522
Slc9a3r1 10.4708123572034 7.00088914137327 5.94035909566654
Grn 13.5694893497197 8.0838425950128 7.1882613836889
Mavs 9.31586109517846 4.88600856610713 3.55813240510376
Ifitm6 9.52062006754197 5.98804664985662 5.61849947594417
Fam46c 12.3008656779841 4.6307928223493 4.50126509387246
Pald1 10.8157904216058 7.06631121770102 6.40577490011504
Ifngr1 12.0120817823602 7.58358003090544 7.06034717504691
Tcn2 12.1131223131962 7.6637490994989 6.52267329214789
Anxa1 10.0891907764378 4.91641802957481 4.5896238768522
Cmtm3 9.80544069396922 5.78784737011147 5.37206694689485
Ppp1r15a 12.6842681011032 8.18319188188451 7.31875404199156
Slc15a4 11.4134041549916 7.8620328990987 6.93841426382079
Dhrs3 10.8664384075394 6.50512770955069 6.24532848063398
Lrmp 8.72621364395205 4.78392522188526 4.30309571640785
Olfml3 13.5589885962411 6.81493788741511 6.38078078579755
Pla2g4a 9.54677550171969 4.92082919040586 4.72733514728514
Ncf2 10.9678841319022 6.05204653112053 5.69267197106875
Ctss 14.0972400899769 9.82893532994308 5.32500142022487
Cd53 12.647448770815 5.49077973277666 5.44293292955818
Fcgr3 13.39521832835 5.88465879491684 5.3004946817003
S100a9 12.5433488948648 5.30702309738611 5.04717937668991
Dusp1 14.1600590685473 9.76780983908795 6.84455406523873
Hp 9.14524736055938 5.75806885759839 5.6484750563945
Klf2 13.0114488593516 5.6840824477896 5.64791175011669
Fcrls 13.5094801235154 6.65927228192223 6.24566379308166
Tlr1 9.47210882993985 4.2264879883735 4.02397373573664
Zfp90 9.91632744303698 6.14090947991866 5.54506514694923
Selplg 13.4608296010201 7.80664951694951 7.31492797696793
Cd68 12.242490069775 5.99545885280097 5.04207250986257
Gpr65 7.84688309866013 4.02383944406899 3.76586515978761
Casp1 8.7453943640576 5.36374694948784 4.36675541564087
Csf2rb2 9.41716750216967 4.90958322734924 4.67175590473986
Atf3 13.3007390383143 5.63336289189142 5.43581533404648
C1qc 13.5863871767458 6.26184969482989 5.48798468119407
Chst7 10.9028652320415 6.76077438372968 6.05245927644665
Hck 11.677853867497 5.77823218293554 4.88312914289877
Gcnt1 8.17673933531389 4.49665033263907 4.37363394141339
Casp4 9.24666718666705 4.85865798110351 4.11980712107146
Per1 12.0919859862754 8.69450113599356 7.82471129674339
Ehd4 10.2095137657382 6.32141693388884 5.18661358522128
Ly96 9.04291773410898 4.86192603492285 4.38226896031328
Lag3 9.95212609690159 6.47815056662937 5.96506705185517
Cxcl2 11.1862547067567 4.95480322138053 4.20570010026447
Ltf 12.2109361391241 7.81147549600461 6.84737134224938
Cx3cr1 12.8661645891936 6.03410769552934 5.6364345022786
H2-D1 12.6018887958776 8.06890814651167 5.87522674563363
Stab1 10.8319181809469 5.35146298848663 5.23796537262896
Evi2a 12.5292457386737 5.1322902011355 4.95247742169822
Il6 8.39447282799593 4.00650205675597 3.95264872030509
Mrc1 8.63837955832117 4.7929918035425 4.47632398664233
Itgb2 11.8272052895604 5.07536629159504 4.81463179495745
Psmb9 9.34845122497028 5.82355353157463 5.51191210035329
Adamts1 11.3594540869076 7.90027959540457 5.16500875996311
Ang 8.39410428367088 4.16464824827906 4.03966388405141
Sh2b2 9.22244603896785 4.87812896538678 4.58686429757446
Tyrobp 12.8882077765556 7.06832067469281 6.38655223984312
Crot 9.62011069298872 6.1840709356084 5.55673143769837
Slc29a3 11.671269772336 7.58933878053426 6.42064869366722
Vasp 10.4663497281355 6.55684510780025 6.34793979362288
Pbxip1 10.4089275516797 6.78107571895677 6.3649183918092
Emr1 12.7324162108168 6.39180245700908 5.8422214626163
Nrros 12.2035612900789 6.33094017437624 5.83501255877194
Tmem119 13.7062504747088 6.87397718306062 6.28207134443418
Pnpla7 10.5567704595249 6.11190858020421 5.50771991661914
Parp14 9.29651035265735 5.59297901270396 4.97733087816323
Havcr2 10.6395343238155 4.32047688342833 3.95192752791266
Alas2 10.1192139258561 5.54139456171226 5.07781530814202
Cmtm7 10.2158890607314 5.88252428994647 4.98345117194276
Blnk 11.7867853033936 6.63495128961432 5.67041713704035
Tmcc3 9.49652683269657 5.10300285965942 4.78993015310496
Vrk2 8.70364139558783 5.04768415824221 4.49145131040926
Alox5ap 12.5576931349978 7.05968720738826 5.93383308976098
Fyb 11.7070682335866 6.54297684708357 5.94534205742618
Sepp1 13.7057662789234 9.88134905417755 6.15407209909417
Ostf1 9.94396609736292 5.25384830281094 4.61325012875764
Ctla2b 9.98817720392032 4.24021375021786 4.12174380931754
Hspa1a 11.8296568285311 8.33214362568751 6.12424558824619
Ccdc86 9.43763910532246 5.91533513092422 5.30010155007747
Zfp36 13.4710413836478 7.56555581618153 6.30794362679659
Abhd15 10.2572440975652 5.20991867422414 5.11448154627044
Lmo2 12.1333491829634 8.36493228322447 6.4905952446922
Cyba 11.7795222099381 5.37191200571197 5.04087833523046
Wasf2 12.354976901621 7.16183707404569 6.61416185249544
Scarb2 11.803604636935 7.23478488303581 6.70107472303472
Ptpn6 11.5568573976642 7.53352282645925 6.90842210771777
Tec 10.1464631671626 6.65199300149239 5.83921034130663
Cd52 8.87459768254704 4.95589570775788 4.79040022987649
Irf5 10.4986359523617 6.43814537014766 5.67669876336855
Naip2 10.6906973938164 4.69018510813196 4.39533848131938
Anxa3 12.8939144704404 5.74308554990436 5.06627077729923
