Tnfrsf19 13.0018564991993 8.04189032390559 5.72897846104991
Fkbp10 9.12410383749549 5.73756654074754 4.95013041254554
Vcam1 12.3929491233355 8.36494692944489 4.10465795455794
Cyr61 10.9959600609751 6.40615938517156 5.28359756078328
Gldc 10.7486757444651 7.05709291475947 4.85477389018007
Glud1 13.0938298200263 9.50151136691758 8.80295711849482
Elovl2 10.7045883816083 5.86256844644973 4.3893355447652
Aldh1a1 12.9479740462605 8.73830553810668 4.81019022146969
Ppic 9.14722961732418 5.4554744411402 4.63761388133581
Lcat 10.4268306042058 6.73303502388914 5.36702277812397
Pdgfrb 9.49399287654257 5.98813433928759 4.07486074525529
Ntsr2 13.5433900397122 9.29446543438342 5.56500787484286
F3 12.046858941471 7.94459599306519 4.58097917551065
Fmo1 11.328392264092 7.26099125355486 5.72289401621614
Tspan7 12.1971439474922 8.51479774581137 6.83060263830521
Slc15a2 12.8515915560421 8.91777964521841 5.38831618021958
Prodh 11.5570945696488 7.39258748478836 6.22357663768078
Wwtr1 11.2891910474882 7.249536046121 5.17296177941161
Entpd2 11.0209535809569 7.56076109099577 6.09752845670165
Fzd2 10.9219675636019 7.08984543810332 5.47842224711448
Osmr 8.05891078594142 4.51573140033283 4.11641111970792
Ptprz1 12.2939710035561 7.51203659297723 5.73126917461125
Slc38a3 11.9946206880177 7.68413165273974 6.67226390586531
Dio2 13.7075714520868 8.6457745528198 5.72043126055286
Fads2 11.6100482486408 7.52074948177952 5.67784047550967
Cyp2d22 10.5032782141718 6.25550343464601 5.3857100450584
Dtna 11.1015860786357 7.73624526728607 4.01864364608266
Cyp4f14 10.4876568274442 5.87542522305539 4.61421228265763
Tmem47 11.0487403533928 6.51765692079681 4.89450680336095
Cyp7b1 10.9183729902927 7.56272611178247 4.44257250925284
Slc7a10 11.9907195457607 7.16985967824924 5.98961096429871
Myo6 11.2983410380988 7.78458647336899 5.96072826058992
Chrdl1 8.70484370492258 5.15514082976066 4.54648678390491
Fxyd1 11.6471131690215 8.09489901010069 6.83363431029703
Hapln1 9.15497826699135 4.95025036367161 3.82101385326474
Fgfr3 12.978403379467 8.43139712886526 6.31764337490911
Papss2 9.44814438915199 6.09468019587397 4.70845122717725
Phkg1 9.24460946071246 4.97409645711493 4.12158067184268
Acsbg1 12.5561219741604 7.59567342352372 5.57975917594
Tgfb2 9.58391514634977 6.05325375410131 4.73497243193855
Slco1c1 12.9156129450902 6.91839383550717 5.08856510096965
S1pr1 12.8954296083567 8.43058729358018 7.11590243271401
Axl 10.376813463072 6.05442572246527 5.44568443645006
Cbs 10.9440294202575 7.07071593032049 5.8089860183041
Ccdc80 12.2804139354384 8.02877795793255 6.42341744928246
Adhfe1 11.0055411814471 7.21300557973785 4.45697260051677
Aldh1l1 11.7969252409185 7.66293636127497 4.97106226767951
Emp2 11.5813403849635 6.86164490198017 6.12593257874466
Aqp4 13.3317577866316 9.05619604928238 4.54470879605827
Col4a5 8.46756084170596 4.19013219452907 3.768848989435
Amot 11.5651260492706 7.73573263568013 5.31594977297488
Cldn10 11.427477768378 6.97461679646431 5.38971165663687
Cth 10.6632472716645 6.20803369895769 4.65917697624357
Slc1a3 13.1185958759032 7.90300901226663 4.59358760283421
Tlcd1 11.8706489810631 7.7883893329761 5.70984912719953
Nhsl1 10.0215222567882 6.62810630149121 4.80423056715881
Scara3 11.5669597770191 8.18525003298373 4.7017860061865
Ttpa 10.3132942933807 6.21829589679311 4.66114587854795
Atp1a2 12.7730230034308 8.95819708355496 4.63967309253329
Slc14a1 9.97550775801048 5.5246476810138 4.30216617755505
Btbd17 9.29219035907704 5.58408110189801 4.59727519897817
Tril 12.4923090063915 8.80271895028893 5.15419601791275
Itih5 11.6030915588945 7.26541901060322 5.8270272197587
Pla2g7 13.0044315423776 8.02886738134902 5.57421110232211
Cd38 10.6533207272686 6.14210411521935 5.19663435049401
Lrig1 10.6582805228039 6.71776639174176 4.38391197098855
AI464131 10.7536473694453 6.06300469305497 4.07684547452923
Mlc1 12.8557599857415 7.64698789720409 4.29754513582169
Gjb6 12.1555953563466 7.77772231592296 4.77703050752791
Heph 8.11704224431769 4.31778886875955 3.92567285787266
Grin2c 11.0798354491927 6.18229193091877 5.28910569312816
Cyp4f15 10.9460279593568 6.04618316238314 5.25516394066952
Myoc 9.34548543543468 5.89122888871346 4.65747241048827
Slc1a2 11.9669799727402 6.82933822184567 5.49811479575361
Igfbp2 11.5269113352783 7.34421604957023 5.4157755271098
