Golm1 13.1792932323564 9.03402189348488 7.09485856486994
Tgfbi 10.214108505107 6.4266902670618 4.49303579822313
Lcp1 11.9186828085383 6.5400015398075 4.34966096137527
Cd83 13.2161047162533 7.35837760617082 5.95599817006029
Sipa1 11.028832104782 7.10134112688017 6.19874481900487
Tnfaip2 9.07410944533167 5.2638239501642 3.99391869101608
Tubb6 9.94746027053954 6.50136389102639 5.55289553723061
Ier2 13.4029366730924 9.70321789337444 7.2101930914281
Socs3 12.8477426387797 8.54371339582012 4.12024707364164
4632428N05Rik 12.9633024758073 8.5721834088109 4.95376205434351
Spint1 10.3283172527647 6.04747972300567 5.2920997834642
Afp 8.35050803873215 3.99731370480609 3.70996841822667
Clic1 11.3122330580261 7.70810020158444 5.73959438900541
Irf8 12.5462653592052 5.94515220863291 5.21988653222913
Dnajb1 11.2409766690475 7.86933025865151 7.07576045320494
Tbxas1 9.68864876043037 6.27366328379717 5.61812587571318
Parvg 10.4281853264487 6.60426251075266 5.36651618517573
Rgs10 13.3720136026536 9.00716823518346 6.06643219782233
Rps6ka1 12.3511118887686 8.14839127894604 7.41064092353406
Mfng 10.2459357618163 6.03288861597123 5.61423577031906
Slc40a1 11.6873175794834 6.69659985956782 5.77772387727663
C1qb 13.3809165744448 6.48948139073212 3.82913253879478
Ccl6 10.4831140019336 4.7941324882517 4.10969299327648
Cd14 13.3794861542207 7.15507397132877 6.21718157961361
Pycard 11.7530559991681 6.39143854087092 5.46377000988615
C1qa 13.1874316054276 7.07031031498665 5.25932815667497
Il16 10.5676116874908 6.06855560588513 5.43640926584128
Slc7a7 10.9326702827516 5.42540107288444 5.05005987522986
Srgn 13.2795222117037 6.75198326928208 5.47645666830856
Nfkbiz 12.6921044506167 8.96925728275913 5.00636983938078
Tgm2 11.6702792723547 7.48835753247217 5.93619810478876
Plek 13.0385446953369 6.75421882469653 5.76896430530144
Rgs1 11.3590498478886 4.86459402183925 4.58457017335249
Cd79b 8.10777669835161 4.74738976604864 4.53343396272611
Snx5 12.5419589726741 8.60709392017607 6.97073281146642
Elk3 10.4319956263106 6.02127829685282 4.73245549223243
Laptm5 13.25292607905 7.78077151125238 4.0485184201141
Serinc3 10.7887820532689 7.13655004701132 6.52930074133381
Fcgr1 12.2955371160684 5.20199177004714 4.42409397342882
Slc16a6 11.5647594820405 7.01110584763674 5.66278125871509
Ccl9 11.4677327663853 5.21920568657441 4.72145167947353
B4galt1 11.1336165305587 7.22024522318897 5.92156154382535
Tnfrsf1b 11.7452188608572 6.77328256954667 5.87639360660959
Inpp5d 12.4577394438636 7.55016802207374 6.35435222131684
Tlr4 9.57555684780965 5.22233541703166 4.3910018865888
Aif1 11.8214348072249 5.34099117183336 4.9913720107781
Syk 11.3160084368777 6.69629640742464 6.22974999426116
Klf6 12.2250639567383 8.11333613705797 6.43963442425175
Crybb1 12.2648088011919 7.14602442876454 6.43836847136259
Fcer1g 12.6718396223893 6.77614851525498 5.76525355148492
Ctsh 12.87251521366 6.23196895751097 5.29161878410359
Gpsm3 9.55595780536678 5.49935796034066 4.73904531918133
Ncf4 10.7292352869563 5.23768584233387 4.96773122541505
Lcp2 10.4089431447829 4.93926274875528 4.59791554463876
Ngp 12.7574775005176 6.35284948548209 5.32682178368259
Spi1 10.4190424481911 6.15250148511704 5.86792039963879
Csf3r 10.4683520496493 6.61898833163291 5.28186634501796
Ms4a6b 11.2554621340409 5.21983011264694 4.79826827157351
Hcls1 8.70906636115833 4.95532217146414 4.71448281818865
Pabpc1 11.1781404360411 6.51927441338879 4.43518063287224
Cebpb 11.5932508063623 7.71124942336773 6.2316986269071
Plxdc2 12.0745716973584 8.15742170179432 6.58716810449253
Cxcl10 9.72683118350032 5.67375396724177 5.19022250569098
Cysltr1 9.25437959121948 4.32950312927115 4.01613148733229
Cebpa 9.84230025530157 6.31674134533882 5.37744617856626
Cttnbp2nl 11.6991350325633 7.36339597781246 5.80578282528356
Lyl1 9.96552235514374 5.51322214245878 5.01222254050019
Ptpn18 10.3344380846283 6.58453498934023 5.74246959374279
Tlr2 11.9276981137555 5.9773326796732 5.49946770339879
Cd163 7.96377468160987 4.2863446988853 4.00567498585874
Serpine1 9.65311808101758 5.26080754341872 4.50413403745752
Mlxipl 10.5385226388773 6.53646141057624 4.96087724430701
Cd37 10.9003612304416 6.47097491563234 5.36821387624259
Map3k8 10.2772018482877 5.03360576960095 4.73214274903051
Myd88 10.6605178444686 6.78158391361336 5.70414426972033
Ccl12 10.6391731596107 4.66356526566007 4.40217125022273
Arhgap4 9.32893709991249 5.44406937530496 5.20188645738781
Pon3 9.25424963832735 4.50342565016534 4.22420504045962
Slamf9 11.1460693903532 7.69856138012408 6.19180540754575
S100a8 13.1710031765985 4.8053216055652 4.60250928441716
Il10rb 10.5493104181091 6.66206283392018 5.24481215695005
C3ar1 11.7048817822179 6.44994855432377 5.5117226170233
Fgd2 12.0963667807367 6.88748709932733 5.89498690664935
Ccl3 13.5359936909524 5.14802007108403 4.35898614505466
Ms4a6d 11.4841310922632 5.30245771741373 4.41784920946763
Ier3 13.5124048716238 8.01782153086218 7.26924538986743
Camp 12.4507582747533 5.76164675789847 5.37560928998811
Klk8 10.1827990465209 5.90586792939217 5.49996950487239
Chil3 11.4871946767607 4.47872104807376 3.8904363306835
Arap3 9.99309938625579 4.45376277188154 4.02643702197368
Tlr7 11.1537008662761 5.33204912566389 4.80011965385167
Csf1r 14.0292728577336 10.2115700835624 6.94153207766805
Hpgd 11.9738918982247 6.25017782263228 4.2518210109095
Slc11a1 11.3948658681908 6.58665630891989 5.26033213959333
Ccl2 9.3887194295731 5.31192995858894 5.11127025020561
Cd86 11.6527693006629 5.2996229941637 4.86251909317764
Gpr84 11.5263505075912 6.07975759791536 5.39832060975313
Tcirg1 11.2860007996333 7.90546368791345 6.71584591658251
Trim12a 8.39694276788024 4.60920694088508 4.00787012741344
Zfhx3 11.2191522315493 6.06309084238521 4.51727329646906
Slc15a3 11.3995649353571 5.53195622967356 5.26123310824408
Rel 9.43208070521036 5.57287830064071 5.08136325894172
Sla 12.4329217789332 7.88145189818186 5.66357111193482
Tgfbr1 13.5090583473981 7.80945098784355 5.79987690261472
Adcy7 11.9949098164077 7.3888484421562 5.22203893845977
Lgals9 9.69958847858634 5.86514703243759 5.16850696474246
Trem2 11.303795824757 6.69803626590561 6.25222314809369
Gna15 8.99367862824198 5.35603252913696 4.8528060028926
Birc3 10.6915102166933 6.48324365153174 5.96669496876328
Igsf6 8.83394697282607 4.38348123721111 4.14210026861705
Samsn1 8.81738530496463 4.68210977999722 4.5092111371554
Il1a 10.5376640185961 4.45811858792822 4.31556511941403
Hpgds 9.22775583355141 5.28335483949766 4.93798365059779
Naip5 11.0978070538461 4.59751645550504 4.12269423951733
Ccl4 12.6588721873418 7.35535126534351 5.92481410603678
Stat6 10.468465477124 6.10022592902111 4.90109124508075
Clec4a2 10.1399334143348 5.16592141612227 4.72501873341744
Fli1 10.1221580891138 4.11929721140346 3.8555957283079
Ets1 9.52298260959165 4.97162452241859 4.48052326661455
Ptprc 12.4924457080349 4.79371461171972 4.32818407879988
Fosb 12.0153263432166 8.34825899406382 5.81559843474219
Ccr5 11.6775104276773 5.31478800490302 4.40943472646783
Il6ra 12.6762370901779 6.19400394712194 5.49661909980489
Pla2g15 12.3402771280608 7.98797249331432 6.53765299268062
Ifi30 11.3741036101554 6.94752860482151 5.75383606612909
H2-DMa 11.302506340632 7.63697395005271 6.33287612457681
Gpr34 12.0465417111213 4.28851061206842 3.85738820827396
Rrad 10.0218987777276 5.84866725794747 5.21983531481357
Rnase4 13.0645450224258 6.35729533640877 5.32265078684232
Hk2 12.2311857728962 7.47356025556999 6.16927143864668
Hfe 11.261965590755 6.75146571734827 5.65269832445921
Naalad2 9.57573482021452 6.24238224304857 5.32958760795903
Pik3cg 10.1391450667911 5.66858490286755 5.05662773243967
Cd84 9.79853579725004 4.6859905121706 4.4765998311657
Ly86 13.8484382572477 7.19906850027676 5.47292877380112
Vav1 10.4988780096262 4.23704153586091 4.06416904143059
Cfh 10.9189995251726 4.18272233770709 3.53060225793687
Tnfrsf13b 9.55249902249023 4.88626830760133 4.26560507136761
Hhex 10.0129558927535 5.90885187701637 5.23179486975569
Entpd1 9.36332417160173 5.39586785584299 4.14154413792623
Ptgs1 12.1460566579667 7.67932651722935 4.91035920632071
Lyz2 12.6255399097117 7.1203227784355 6.1509230451104
Ctc1 11.7381009275171 7.80687669564597 7.14395331297709
Unc93b1 11.2638153754962 7.12752787612934 6.5491578447359
Sfpq 11.5941111598284 8.03239931730409 6.40239229047525
Hvcn1 10.3744362140918 5.81323592795349 5.53127990034244
Edem1 10.5468048765477 6.62344792773819 4.63660048535325
Icam1 12.0835121128031 5.62860585818088 4.72759869796304
Ptbp3 11.2821230739434 7.90645161965272 6.63691311054227
Rcsd1 12.3327371826167 7.61181291344039 6.50745689279492
Tmem140 8.37653073680301 4.61323806591947 4.4000060420071
Tm6sf1 11.2414066824985 7.40443700091704 4.40410099577717
Cd177 8.34962699286364 4.49722523811275 4.10846540811356
Casp8 9.75678338176791 5.26353228042028 4.96549702708134
F11r 12.1396861374846 6.37995938828444 5.63587327576629
Ifi35 9.14048261664104 5.78486998763687 5.24534536773196
Tor4a 10.2205590701386 6.71712222653889 5.26000853575061
Lpxn 10.7275528959061 5.15260868812229 4.47237266121148
Siglec5 8.28941632201165 4.04746095258263 3.74432109583228
Fcrl1 9.22764356004362 5.50637687433029 5.20434558893709
P2ry6 11.5574667748729 4.69426933976739 4.03795642718023
H2-K1 12.7949568117272 7.91675394179473 7.41907064685338
Tgfbr2 12.4393744689228 7.0899038920077 6.10349124249712
Ceacam1 8.80282175058088 4.76894423895193 4.50117329468959
Mlph 9.57489838859243 5.82976107267957 5.15216999461991
Ncf1 8.88584686160739 5.55915955159665 4.97265425759001
Il13ra1 9.84239214017086 6.12506566856192 4.30615588065765
Adap2 10.5722797031115 5.44971889527019 5.06912708386363
Capn3 10.3369957490321 5.08772733775735 4.4921176450543
Arrb2 11.4983554070217 6.97260416770946 6.60201752352753
Pros1 11.4603712254362 7.72147922933284 4.78009603289982
Arhgap17 10.9767981793134 7.40895424366644 5.03149879647414
Trim47 10.0791566495733 6.12867821393421 5.32120666072118
Lgals3 9.11302237976578 5.71058166718058 4.71958700721333
Plcg2 11.1549584884923 7.73219369108816 7.15635105233822
Mlxip 11.0084570885722 7.57155249924168 7.18405982455034
Sash3 11.249005723635 6.90380350520023 5.41956561936546
Themis2 9.99513496121799 5.34487792166184 5.08785542767124
Mpeg1 13.5931395335038 7.32439376757553 5.84895815284574
Cd48 9.95999221182058 4.7926701382887 4.40506777869269
Akna 10.7072692564892 6.30685136602571 4.77641832833858
Fes 10.5551239260507 6.79799592223108 5.97389970078652
Cep152 9.74520694836984 6.05942889222579 5.58338913846848
Ccrl2 11.3826980615646 6.30374565455516 5.76670994500818
Lcn2 12.0118513639671 4.42130335501603 4.31040121832162
Hbb-b2 7.88283645776123 4.27537346408065 4.00215046316287
Gimap6 8.28531118681062 4.9191680692149 4.48503274332432
Myo1g 9.24155609377298 5.69144264776271 4.95185414579976
Tmem173 11.0989726590541 7.34766320033189 6.11839875035468
AF251705 11.9378287827213 7.3863419372467 6.51479315326381
Hmha1 10.4292840746509 5.99166966870957 5.3353039395179
Ebf3 8.03327435115078 4.68215466118544 4.30463913870757
Gmip 10.0312950363764 6.20942749501713 5.69117142016643
Nckap1l 11.1514517971807 6.25084703868174 5.0298361576048
Abcc3 9.68880748830503 5.72415487831779 4.98308033102252
Rhoh 10.6886747062572 5.31377233887641 4.80755170866794
1700017B05Rik 11.7630363477309 6.73617476301257 5.80353962747104
Lair1 10.6341607739461 5.6162504949113 4.80610623385509
P2ry12 12.3417720061336 5.47619608040815 4.77807387871148
Rnf19b 9.59453701735849 5.59026800231502 4.95024237178406
Pld4 12.0162068213804 5.92118006583932 5.36978902320772
Lrrfip1 10.7165591037594 7.37206619135064 5.49095970931085
AU020206 9.7250304187546 5.7378942002805 5.01218574102918
Fermt3 11.255187597153 4.55387894830786 4.00521050053768
Ankrd44 11.6555430067368 7.92933258048467 5.40201508520838
Kctd12 12.2024123826132 8.29466921773506 6.69187713324406
H2-Aa 10.95884712019 5.87914623282467 4.72993839162858
Fam105a 11.8141138102905 8.3166681608475 5.65627677002646
Herpud1 12.561534184029 9.14037128830544 8.16183800376301
Cd300a 9.78331319123392 5.48002637933853 4.86747612348341
Lyz1 12.291433368859 6.25309816923464 4.44087893406191
Clcf1 8.66818372368241 3.97187392139086 3.77261094002187
Adrb2 8.06163788196254 4.35003150981635 4.0770889952778
Lrrk1 9.00233842375518 5.33616718658293 4.58399302849785
Il10ra 11.9204835825207 5.00201156436931 4.74768182739732
Hexb 13.9682695694516 9.42964912127379 8.31337615197927
D530037H12Rik 10.2863068988974 6.73964888432981 4.48938854079583
Rab20 9.47961105235741 5.16188626045292 3.88988966431658
Grn 13.5694893497197 9.70833902329731 8.23635398192322
Ifitm6 9.52062006754197 5.80081248648256 5.52789274383001
D9Ertd306e 8.17933645172779 4.57991117361171 4.27686171045656
Fam46c 12.3008656779841 6.09196314670781 4.70933666595408
Pald1 10.8157904216058 6.94782896566438 6.01029938524752
Ifngr1 12.0120817823602 8.17259832635399 7.14002981240136
Anxa1 10.0891907764378 5.69833679255291 4.44420665830085
Lrmp 8.72621364395205 4.56574381643461 4.3871748223975
Olfml3 13.5589885962411 7.09040848397993 6.28975126044941
Ncf2 10.9678841319022 6.30001209574259 5.61753560587891
Ctss 14.0972400899769 9.23271698787888 5.0346193278809
Cd53 12.647448770815 6.16432743405644 5.25985803517771
Fcgr3 13.39521832835 6.54938369772801 5.32937002236251
S100a9 12.5433488948648 5.09964384474925 4.6176665844257
Hp 9.14524736055938 5.63722004022848 5.20994519874522
Lgmn 13.3423749152836 9.88281768848597 8.34712526651585
Klf2 13.0114488593516 7.88146794505982 5.64491391924281
Fcrls 13.5094801235154 6.6992344867997 5.70339213109349
Tlr1 9.47210882993985 4.37571108290681 4.09948829509949
Selplg 13.4608296010201 7.89038986105701 6.17855439697933
Cd68 12.242490069775 5.9442740483404 4.79517477710137
Gpr65 7.84688309866013 4.09780286541528 3.84267881010623
Casp1 8.7453943640576 4.99288900497885 4.42587851356415
Csf2rb2 9.41716750216967 4.98936728452841 4.44240426682549
Atf3 13.3007390383143 8.66118254483082 4.94389180462186
C1qc 13.5863871767458 6.50394117430114 5.06999283718323
Hck 11.677853867497 5.55426523436409 4.88396841195701
Gcnt1 8.17673933531389 4.36465057813315 4.10027975863644
Casp4 9.24666718666705 4.77531775337109 3.95468267410931
Ehd4 10.2095137657382 6.4049413026605 5.10291532936658
Ly96 9.04291773410898 5.26280812373408 4.54580538147514
Lag3 9.95212609690159 6.08228261411537 5.31814986334685
Cxcl2 11.1862547067567 4.72178130718909 4.2651454905782
Ltf 12.2109361391241 7.41601467988046 6.18348884657993
Cx3cr1 12.8661645891936 6.63941201189069 5.24301901232038
H2-D1 12.6018887958776 7.82150432857253 7.30382194234889
Stab1 10.8319181809469 5.60114286153916 5.0447011016942
Il6 8.39447282799593 4.51086396125208 3.81160307279388
Pdgfb 10.784427213788 7.35241878859628 5.86804884639032
Mrc1 8.63837955832117 4.49510459152803 4.20402352331907
Itgb2 11.8272052895604 5.1079532362647 4.66490632348897
Psmb9 9.34845122497028 5.87014678404128 5.51609894359118
Ang 8.39410428367088 4.12842638533381 4.02939185330652
Sh2b2 9.22244603896785 5.35911055610375 4.65854392127065
Tyrobp 12.8882077765556 6.79607430159679 5.58237878264742
Emr1 12.7324162108168 6.96354520883988 5.90082154490804
Nrros 12.2035612900789 8.12728826777458 5.91310183630322
Tmem119 13.7062504747088 7.25956044704407 5.87719910794758
Parp14 9.29651035265735 5.72222105507414 4.93628201424827
Havcr2 10.6395343238155 4.51927973531948 4.20022564243988
Alas2 10.1192139258561 5.3601367715519 4.88319499112531
Cmtm7 10.2158890607314 5.80704799538327 4.90821407091375
Blnk 11.7867853033936 6.9536341361102 5.11259475991045
Alox5ap 12.5576931349978 6.98398520379818 6.25264244592967
Fyb 11.7070682335866 6.33748208877743 5.90822750443344
Ctla2b 9.98817720392032 4.35591196992405 4.10275894411499
Zfp36 13.4710413836478 9.09379325918594 6.38703812397868
Abhd15 10.2572440975652 5.42041744403193 5.01508336021239
Cyba 11.7795222099381 7.2209700868719 5.03614215057363
Spata13 11.8423721764084 8.36640260276718 5.40210500436071
Ptpn6 11.5568573976642 7.63886966985657 6.4340502451849
4833441D16Rik 9.111877090883 5.64260626557077 4.79934172443645
Tec 10.1464631671626 6.700097763269 5.5620101541267
Cd52 8.87459768254704 4.84096977082417 4.57876314738366
Irf5 10.4986359523617 6.38344181732177 5.25957921732905
Naip2 10.6906973938164 4.60202665702036 4.3651447139998
Anxa3 12.8939144704404 6.43722969830238 5.12148495332872
