Gsn 12.0527454208956 8.60694960371961 5.24609437035362
Olig2 10.5134962976283 7.10488215165191 4.26088102543691
Ppp1r14a 11.6070383774202 7.47548200908941 4.20707108428109
Mobp 12.6822897772673 7.99527381223133 4.70994976448284
Gamt 10.9161521166954 7.42291099315304 6.04878405875266
Pdlim2 11.8575800900644 8.11773858156122 5.63128459612472
Lims2 10.9870655921249 7.50652593169317 6.74430117744349
Tspan2 12.4414173999691 8.52692976049116 4.84390924016187
Ddc 10.4394186847722 6.45543865250104 5.06104972913014
Nkx6-2 9.41820653434992 5.65240969916088 5.07686757858814
Mog 11.1815938446091 6.50992202917533 4.05632999264306
Pllp 11.0418250961641 7.46441061289208 6.82690678604468
Josd2 11.0368637361755 7.50201513931555 6.71730136806925
S1pr5 10.5748872353364 7.20870771653867 4.3536199346291
