Syt4 8.91110348808871 9.622252605329 3.50714129164259
Stmn1 13.6042490925563 9.622252605329 3.50714129164259
Chgb 10.7943633737034 9.622252605329 3.50714129164259
Npdc1 10.7900424529461 9.622252605329 3.50714129164259
Ndn 12.405826398186 9.622252605329 3.50714129164259
Atp9a 10.7184970192647 9.622252605329 3.50714129164259
Cdk16 10.137537787045 9.622252605329 3.50714129164259
Tubb3 10.5410795909953 9.622252605329 3.50714129164259
Sqle 10.3572890194595 9.622252605329 3.50714129164259
Fabp5 11.4873702279013 9.622252605329 3.50714129164259
Fabp3 11.5665857923749 9.622252605329 3.50714129164259
Map4 11.1676767280249 9.622252605329 3.50714129164259
Syngr3 11.2964972984057 9.622252605329 3.50714129164259
Nsg2 10.2270329392402 9.622252605329 3.50714129164259
Prnp 12.3426523556839 9.622252605329 3.50714129164259
Hmgb3 9.65399300127732 9.622252605329 3.50714129164259
Ptn 10.2115323156379 9.622252605329 3.50714129164259
Fstl1 9.0903410582622 9.622252605329 3.50714129164259
Ass1 8.83441109863641 9.622252605329 3.50714129164259
Klhl13 10.9073110533703 9.622252605329 3.50714129164259
Ndufc1 11.8797939396811 9.622252605329 3.50714129164259
Rgs4 9.95008819987337 9.622252605329 3.50714129164259
Mllt11 12.9685647702916 9.622252605329 3.50714129164259
Dync1i1 9.83706265669156 9.622252605329 3.50714129164259
Ndufb7 12.0104328438136 9.622252605329 3.50714129164259
Gabarapl1 11.7157835245059 9.622252605329 3.50714129164259
Higd1a 9.19018623478454 9.622252605329 3.50714129164259
Ttc3 9.53136097665867 9.622252605329 3.50714129164259
Sepw1 10.1973433768224 9.622252605329 3.50714129164259
Gad1 10.5043948313564 9.622252605329 3.50714129164259
Ptprn 9.51629420585964 9.622252605329 3.50714129164259
Me1 9.10450023691756 9.622252605329 3.50714129164259
Frzb 8.90156831351998 9.622252605329 3.50714129164259
Coq7 11.431487503213 9.622252605329 3.50714129164259
Snap91 10.6549226648733 9.622252605329 3.50714129164259
Tppp3 10.8892136638332 9.622252605329 3.50714129164259
Prkar1b 13.3490972727195 9.622252605329 3.50714129164259
S100a10 12.2234003193859 9.622252605329 3.50714129164259
Mea1 9.5184669846338 9.622252605329 3.50714129164259
Parva 8.56696555588904 9.622252605329 3.50714129164259
Snap25 12.455698572235 9.622252605329 3.50714129164259
Ndufb2 12.409763326093 9.622252605329 3.50714129164259
Gstm5 11.4945503695201 9.622252605329 3.50714129164259
Fkbp3 11.9476158151002 9.622252605329 3.50714129164259
Abhd8 10.2958694466252 9.622252605329 3.50714129164259
Tspan6 9.21642836872823 9.622252605329 3.50714129164259
Pcsk1n 12.0386416876043 9.622252605329 3.50714129164259
Hspb8 10.3017790334299 9.622252605329 3.50714129164259
Pfdn1 11.2553170481638 9.622252605329 3.50714129164259
C1qtnf4 8.91377272311899 9.622252605329 3.50714129164259
Pcdh8 9.79222696278605 9.622252605329 3.50714129164259
Ceacam10 8.33968355454135 9.622252605329 3.50714129164259
Ckmt1 9.75082831904641 9.622252605329 3.50714129164259
Acot7 12.088883472968 9.622252605329 3.50714129164259
Arl2bp 9.04221309664829 9.622252605329 3.50714129164259
Psip1 9.14226925465075 9.622252605329 3.50714129164259
Rab27b 8.03355356616625 9.622252605329 3.50714129164259
Tmsb10 8.91390710953017 9.622252605329 3.50714129164259
Lynx1 10.0131497458089 9.622252605329 3.50714129164259
Arl6 10.8602296338378 9.622252605329 3.50714129164259
Fxyd6 10.0510332699647 9.622252605329 3.50714129164259
Bex2 11.8072017393487 9.622252605329 3.50714129164259
Elovl6 8.46337728671321 9.622252605329 3.50714129164259
Nap1l5 12.9755732062988 9.622252605329 3.50714129164259
Sept3 10.3189920570972 9.622252605329 3.50714129164259
Gng3 12.1247344784375 9.622252605329 3.50714129164259
Calb1 10.8966628778625 9.622252605329 3.50714129164259
Cyb561 10.816535998764 9.622252605329 3.50714129164259
Pcbp3 8.05807226805345 9.622252605329 3.50714129164259
Rab33a 9.41318999239876 9.622252605329 3.50714129164259
Ncald 11.5344277084826 9.622252605329 3.50714129164259
Trpc3 9.76811247473292 9.622252605329 3.50714129164259
Kcna5 7.65903775985888 9.622252605329 3.50714129164259
Ppp1r14c 9.33951353604801 9.622252605329 3.50714129164259
Cplx1 12.4852691147212 9.622252605329 3.50714129164259
Sncg 11.1277046506953 9.622252605329 3.50714129164259
Atp6v1g2 11.5187500197392 9.622252605329 3.50714129164259
Rab15 11.4455622776107 9.622252605329 3.50714129164259
Synj2bp 10.6067583166276 9.622252605329 3.50714129164259
Cep19 11.4520184469279 9.622252605329 3.50714129164259
Fhl1 11.4268917272015 9.622252605329 3.50714129164259
Mapt 10.0311004430665 9.622252605329 3.50714129164259
Pdxp 10.4201028822724 9.622252605329 3.50714129164259
Pak3 9.31621955989924 9.622252605329 3.50714129164259
Gng4 8.7689458092231 9.622252605329 3.50714129164259
Pdlim7 9.19874769267832 9.622252605329 3.50714129164259
Cpeb1 8.29806745100169 9.622252605329 3.50714129164259
Pop5 12.3921227903938 9.622252605329 3.50714129164259
Resp18 11.6448725744672 9.622252605329 3.50714129164259
Ngb 9.70072299245629 9.622252605329 3.50714129164259
Slco3a1 8.87591705067605 9.622252605329 3.50714129164259
Nap1l2 10.1094256502893 9.622252605329 3.50714129164259
Eef1a2 12.0587722742457 9.622252605329 3.50714129164259
Cfl2 11.9659904798148 9.622252605329 3.50714129164259
Prkcz 9.69995692558338 9.622252605329 3.50714129164259
Chd3os 11.3330787612265 9.622252605329 3.50714129164259
Nrip3 11.8115952989757 9.622252605329 3.50714129164259
Stmn4 10.4613600705681 9.622252605329 3.50714129164259
Gspt2 8.52917951468682 9.622252605329 3.50714129164259
Unc119 11.0175034111374 9.622252605329 3.50714129164259
Chga 10.3311558898644 9.622252605329 3.50714129164259
Ina 10.781469854736 9.622252605329 3.50714129164259
Pfn2 12.4508987764142 9.622252605329 3.50714129164259
Ddx25 9.23521269673524 9.622252605329 3.50714129164259
Fn3k 9.08900501236068 9.622252605329 3.50714129164259
Rbfox1 10.4962641542659 9.622252605329 3.50714129164259
Foxg1 9.46152313178666 9.622252605329 3.50714129164259
Rnf112 8.20340080783754 9.622252605329 3.50714129164259
Larp6 8.96674818562853 9.622252605329 3.50714129164259
Atp1b1 11.4942778688983 9.622252605329 3.50714129164259
Cxcl14 10.6103432925035 9.622252605329 3.50714129164259
Smarcd3 10.3843148925301 9.622252605329 3.50714129164259
Nap1l3 9.74630444726058 9.622252605329 3.50714129164259
Socs2 8.85936311436955 9.622252605329 3.50714129164259
Wasf1 9.71824799601966 9.622252605329 3.50714129164259
Limk2 10.0447380980525 9.622252605329 3.50714129164259
Nrsn1 11.2283923991674 9.622252605329 3.50714129164259
Astn1 9.33602011456171 9.622252605329 3.50714129164259
Lin7b 11.1989576050308 9.622252605329 3.50714129164259
Pcbd1 11.8354262887683 9.622252605329 3.50714129164259
Tnnt2 7.77809111733537 9.622252605329 3.50714129164259
Tesc 12.6346150107436 9.622252605329 3.50714129164259
Pnkd 8.71233497792715 9.622252605329 3.50714129164259
Psd3 8.91833093714631 9.622252605329 3.50714129164259
Ccdc109b 9.54528781413227 9.622252605329 3.50714129164259
Sh3gl2 11.4575586381881 9.622252605329 3.50714129164259
Cds2 11.7735271445595 9.622252605329 3.50714129164259
Cdh2 8.04766664997006 9.622252605329 3.50714129164259
Eno2 11.1471368842984 9.622252605329 3.50714129164259
Necab2 10.2182619994427 9.622252605329 3.50714129164259
Drd2 9.62805316176087 9.622252605329 3.50714129164259
Rtn2 9.07923833324129 9.622252605329 3.50714129164259
Tmeff2 9.2348411117753 9.622252605329 3.50714129164259
Gdnf 8.82893901027955 9.622252605329 3.50714129164259
Dtna 7.12364012844727 9.622252605329 3.50714129164259
Cacna2d3 10.2340459957628 9.622252605329 3.50714129164259
Cdk14 10.6656864079114 9.622252605329 3.50714129164259
Zfp423 7.71957709165271 9.622252605329 3.50714129164259
Bcl11a 10.1814108056587 9.622252605329 3.50714129164259
Gng13 9.97153750651971 9.622252605329 3.50714129164259
Matn2 7.60192156633885 9.622252605329 3.50714129164259
Fam19a5 9.53976921929326 9.622252605329 3.50714129164259
Nkain1 10.7165229594828 9.622252605329 3.50714129164259
Gabrb1 9.9354056378949 9.622252605329 3.50714129164259
Mark1 9.47036732566984 9.622252605329 3.50714129164259
Lor 9.34433809114081 9.622252605329 3.50714129164259
Slc8a1 8.52479722169696 9.622252605329 3.50714129164259
Tubg2 8.31762406367382 9.622252605329 3.50714129164259
Gbx2 7.70368064325039 9.622252605329 3.50714129164259
Chn1 9.04432761124597 9.622252605329 3.50714129164259
Th 9.791441708001 9.622252605329 3.50714129164259
Epha5 9.76815455316999 9.622252605329 3.50714129164259
Mt3 11.7360838453294 9.622252605329 3.50714129164259
Aes 10.4515198429573 9.622252605329 3.50714129164259
Doc2b 10.5806325141487 9.622252605329 3.50714129164259
Ntsr1 8.46134385591671 9.622252605329 3.50714129164259
Kcnq2 10.0735090799153 9.622252605329 3.50714129164259
Vamp2 9.52374447005565 9.622252605329 3.50714129164259
Ptprf 9.13970308398472 9.622252605329 3.50714129164259
Gucy1b3 9.23755511062244 9.622252605329 3.50714129164259
Sln 8.9360760721535 9.622252605329 3.50714129164259
Arx 9.19224631285379 9.622252605329 3.50714129164259
Hs6st2 9.33766103164709 9.622252605329 3.50714129164259
Vsnl1 10.2121885513433 9.622252605329 3.50714129164259
Nrg3 7.95828578199132 9.622252605329 3.50714129164259
Epb4.1l1 9.09226057208178 9.622252605329 3.50714129164259
Gnao1 11.068562024565 9.622252605329 3.50714129164259
Myt1l 9.39243975498361 9.622252605329 3.50714129164259
Gabrb3 7.8471336487573 9.622252605329 3.50714129164259
Ngfr 9.63044349257959 9.622252605329 3.50714129164259
Sh3rf1 8.73902037093907 9.622252605329 3.50714129164259
Gabra1 9.61497628567547 9.622252605329 3.50714129164259
Cttn 11.8619565420293 9.622252605329 3.50714129164259
Cend1 9.81179081122918 9.622252605329 3.50714129164259
Rcan2 8.6756422390405 9.622252605329 3.50714129164259
Slc5a7 8.08695226806446 9.622252605329 3.50714129164259
Cplx2 10.2166888652968 9.622252605329 3.50714129164259
2010204K13Rik 11.0590309275424 9.622252605329 3.50714129164259
Sytl2 9.87490792293714 9.622252605329 3.50714129164259
Fam184b 7.70818855009727 9.622252605329 3.50714129164259
Sult4a1 9.29424262933246 9.622252605329 3.50714129164259
Rapgef4 9.61122296770854 9.622252605329 3.50714129164259
Enah 10.8383772762781 9.622252605329 3.50714129164259
Rit2 12.1607907298164 9.622252605329 3.50714129164259
Epdr1 10.8534211332294 9.622252605329 3.50714129164259
Pip5k1b 7.45530017700986 9.622252605329 3.50714129164259
Vamp1 9.66991238638476 9.622252605329 3.50714129164259
Elavl2 12.1950558233124 9.622252605329 3.50714129164259
Nedd4 10.1613154389693 9.622252605329 3.50714129164259
L1cam 10.1156457973449 9.622252605329 3.50714129164259
Ncam1 10.2591098435674 9.622252605329 3.50714129164259
Cdh8 7.94349545627826 9.622252605329 3.50714129164259
Oprl1 8.60667507453052 9.622252605329 3.50714129164259
Slc18a3 10.6346299545703 9.622252605329 3.50714129164259
Lhx6 9.61531214067426 9.622252605329 3.50714129164259
Hras 11.4189926620679 9.622252605329 3.50714129164259
Glrb 9.74275723188004 9.622252605329 3.50714129164259
Nefm 7.99053825088959 9.622252605329 3.50714129164259
Atp5k 13.2557205004669 9.622252605329 3.50714129164259
Actl6b 8.87299026356482 9.622252605329 3.50714129164259
Rab3b 10.3515290471815 9.622252605329 3.50714129164259
Ecel1 11.0362256552351 9.622252605329 3.50714129164259
Rab3a 11.248561074946 9.622252605329 3.50714129164259
Rasgrf1 11.4172404519903 9.622252605329 3.50714129164259
Arpp19 10.5761689220949 9.622252605329 3.50714129164259
Ly6h 10.9225081143072 9.622252605329 3.50714129164259
Ache 11.2295511991604 9.622252605329 3.50714129164259
Pcdhb9 8.58879070503431 9.622252605329 3.50714129164259
Rnd2 10.5858183666723 9.622252605329 3.50714129164259
Isl1 11.7724934974431 9.622252605329 3.50714129164259
Fjx1 8.25831072068664 9.622252605329 3.50714129164259
Polr3k 9.74681620013374 9.622252605329 3.50714129164259
Slc32a1 8.88125962085357 9.622252605329 3.50714129164259
Cntnap2 8.8329917513611 9.622252605329 3.50714129164259
Rims2 8.25420296786872 9.622252605329 3.50714129164259
Cartpt 9.85182801291538 9.622252605329 3.50714129164259
Kcnd2 8.18714278748246 9.622252605329 3.50714129164259
Kif5c 8.90410919703967 9.622252605329 3.50714129164259
Syt17 11.0350082101576 9.622252605329 3.50714129164259
Ncbp2 9.80516279489361 9.622252605329 3.50714129164259
Nsg1 10.4156119901609 9.622252605329 3.50714129164259
Avpi1 9.795567773114 9.622252605329 3.50714129164259
Thy1 11.990140426658 9.622252605329 3.50714129164259
Fgf1 9.26631869896751 9.622252605329 3.50714129164259
Scg5 10.5183729872262 9.622252605329 3.50714129164259
Napb 10.9979244479017 9.622252605329 3.50714129164259
Lgi1 9.42592252674079 9.622252605329 3.50714129164259
Nop10 10.6301195016141 9.622252605329 3.50714129164259
Plxnc1 9.49821624124593 9.622252605329 3.50714129164259
Cap2 8.88079299868074 9.622252605329 3.50714129164259
Hdgfrp3 9.28534531621115 9.622252605329 3.50714129164259
Id4 9.27703792165398 9.622252605329 3.50714129164259
Ints6 10.9787998155281 9.622252605329 3.50714129164259
Stmn2 11.1458155031913 9.622252605329 3.50714129164259
Cbln1 8.54215366458916 9.622252605329 3.50714129164259
Gdap1 10.270847340771 9.622252605329 3.50714129164259
Sv2a 10.7230774789384 9.622252605329 3.50714129164259
Gpr83 10.2321748934808 9.622252605329 3.50714129164259
Zic3 9.0237964714151 9.622252605329 3.50714129164259
Ptbp2 10.2243557725937 9.622252605329 3.50714129164259
Zic1 11.749232830813 9.622252605329 3.50714129164259
Scn8a 7.68710930651943 9.622252605329 3.50714129164259
Gap43 12.5132963398632 9.622252605329 3.50714129164259
Cdh13 9.86449655712217 9.622252605329 3.50714129164259
Cygb 9.56011714977874 9.622252605329 3.50714129164259
Dner 11.8802352097861 9.622252605329 3.50714129164259
Tmem246 10.6305581607969 9.622252605329 3.50714129164259
Zwint 9.70051244294974 9.622252605329 3.50714129164259
Vat1 9.67268571113413 9.622252605329 3.50714129164259
Snap47 12.1658053582119 9.622252605329 3.50714129164259
Chchd6 11.3363267498416 9.622252605329 3.50714129164259
Idi1 10.1060853304017 9.622252605329 3.50714129164259
Apbb1 10.0570951751553 9.622252605329 3.50714129164259
1110008P14Rik 11.5550599614463 9.622252605329 3.50714129164259
Sez6l2 10.3747135258219 9.622252605329 3.50714129164259
Tspyl4 11.7791116103153 9.622252605329 3.50714129164259
Tmem242 9.78783166492882 9.622252605329 3.50714129164259
2010107G23Rik 10.2425707498502 9.622252605329 3.50714129164259
Nme1 12.7966341709636 9.622252605329 3.50714129164259
Pmm1 9.63567860194657 9.622252605329 3.50714129164259
Fam216a 10.2537814843689 9.622252605329 3.50714129164259
Parm1 8.31477356933091 9.622252605329 3.50714129164259
Susd4 8.6322807894634 9.622252605329 3.50714129164259
Mtfp1 10.3968276545709 9.622252605329 3.50714129164259
Tspan17 9.88080855859624 9.622252605329 3.50714129164259
Ube2e2 10.9975662089853 9.622252605329 3.50714129164259
Uqcr10 10.0227772175854 9.622252605329 3.50714129164259
Homer2 8.91664807250861 9.622252605329 3.50714129164259
Selm 11.8192268327639 9.622252605329 3.50714129164259
Rufy3 9.95422394876016 9.622252605329 3.50714129164259
Arhgef7 9.63423358323871 9.622252605329 3.50714129164259
Zfp428 9.74187094600864 9.622252605329 3.50714129164259
Flywch2 10.2275608620456 9.622252605329 3.50714129164259
Cgref1 10.6621881198586 9.622252605329 3.50714129164259
Mmd2 9.06711371789481 9.622252605329 3.50714129164259
2900011O08Rik 11.8081205502845 9.622252605329 3.50714129164259
Aldoc 10.1607955149326 9.622252605329 3.50714129164259
Smyd2 11.1340816695164 9.622252605329 3.50714129164259
Cdh22 9.47753852773078 9.622252605329 3.50714129164259
Slain1 7.587408477131 9.622252605329 3.50714129164259
Atp1a3 8.85647177686963 9.622252605329 3.50714129164259
Klhdc8a 10.0544997975559 9.622252605329 3.50714129164259
Gpr85 8.1750372861236 9.622252605329 3.50714129164259
Cdh10 8.5856967275649 9.622252605329 3.50714129164259
Neto1 9.74067943111545 9.622252605329 3.50714129164259
Fam81a 10.4494624821491 9.622252605329 3.50714129164259
Zcchc18 9.68603168278051 9.622252605329 3.50714129164259
Prima1 9.76422238382417 9.622252605329 3.50714129164259
Slc12a5 10.9974126605301 9.622252605329 3.50714129164259
Tfr2 8.81778427149953 9.622252605329 3.50714129164259
Slc1a1 9.39771440403572 9.622252605329 3.50714129164259
Fam84a 8.59030634697126 9.622252605329 3.50714129164259
Grb10 9.71889536188161 9.622252605329 3.50714129164259
Stau2 10.6608564213221 9.622252605329 3.50714129164259
Edil3 9.63372016167634 9.622252605329 3.50714129164259
Diras1 9.66783844582078 9.622252605329 3.50714129164259
Rab40b 8.21099570993599 9.622252605329 3.50714129164259
Olfm1 11.1178426549396 9.622252605329 3.50714129164259
Ccrn4l 10.1240519658461 9.622252605329 3.50714129164259
Caln1 9.75726029159663 9.622252605329 3.50714129164259
Dusp26 12.1458001505297 9.622252605329 3.50714129164259
Olfm3 10.4400332654474 9.622252605329 3.50714129164259
Nfatc2 10.2855314267531 9.622252605329 3.50714129164259
Armcx1 10.4853683380678 9.622252605329 3.50714129164259
Dusp15 8.56089354865167 9.622252605329 3.50714129164259
Ttc39c 8.93216941235578 9.622252605329 3.50714129164259
Nefl 9.90646805130686 9.622252605329 3.50714129164259
Alcam 9.95845432399107 9.622252605329 3.50714129164259
Serpinb1b 9.72000866261596 9.622252605329 3.50714129164259
Scn3b 10.5585477189944 9.622252605329 3.50714129164259
Cacng5 9.26483393990225 9.622252605329 3.50714129164259
Ntng1 8.38235810084056 9.622252605329 3.50714129164259
Gpm6a 10.6208020165799 9.622252605329 3.50714129164259
Gnaz 9.26418393116029 9.622252605329 3.50714129164259
Ndrg4 13.1832339671375 9.622252605329 3.50714129164259
Tmeff1 9.49507704842748 9.622252605329 3.50714129164259
Slc6a15 10.1855535797053 9.622252605329 3.50714129164259
6330403K07Rik 12.8274718194474 9.622252605329 3.50714129164259
Ppp2r5b 9.56755101902794 9.622252605329 3.50714129164259
Celf4 11.3505494608942 9.622252605329 3.50714129164259
Tsr2 10.6742464374688 9.622252605329 3.50714129164259
Thra 12.0514164235213 9.622252605329 3.50714129164259
Fbxo2 9.11623336359068 9.622252605329 3.50714129164259
Mtmr7 9.10700446840063 9.622252605329 3.50714129164259
Mal2 9.46155936852085 9.622252605329 3.50714129164259
Amph 11.0105160196659 9.622252605329 3.50714129164259
Zfp612 9.82324165040472 9.622252605329 3.50714129164259
Copg2os2 10.5550865770205 9.622252605329 3.50714129164259
Ccdc85a 7.94510764824533 9.622252605329 3.50714129164259
Armcx4 8.47014949960699 9.622252605329 3.50714129164259
Gabrg1 9.93326167896869 9.622252605329 3.50714129164259
Clip4 7.70193838699122 9.622252605329 3.50714129164259
Rbfox3 7.97259862562004 9.622252605329 3.50714129164259
Lhx8 12.2795410927278 9.622252605329 3.50714129164259
Rasd2 12.4110202613856 9.622252605329 3.50714129164259
Zfp931 10.1976497900867 9.622252605329 3.50714129164259
Cda 8.95202771869186 9.622252605329 3.50714129164259
Arhgap20 9.48265141156197 9.622252605329 3.50714129164259
Cystm1 11.4196240049156 9.622252605329 3.50714129164259
Uqcrq 12.5379768210828 9.622252605329 3.50714129164259
Phpt1 10.9480594865866 9.622252605329 3.50714129164259
Acyp2 11.5027910825154 9.622252605329 3.50714129164259
Snrnp25 11.4148052045787 9.622252605329 3.50714129164259
Tmem158 10.0384768231255 9.622252605329 3.50714129164259
Slitrk1 8.60355964907966 9.622252605329 3.50714129164259
Bex4 10.6067762366525 9.622252605329 3.50714129164259
Hcfc1r1 11.4839186779383 9.622252605329 3.50714129164259
Nkiras1 11.091529068524 9.622252605329 3.50714129164259
Lysmd2 10.5214283750166 9.622252605329 3.50714129164259
Hopx 10.6097332876519 9.622252605329 3.50714129164259
Ndufaf5 10.3462994416512 9.622252605329 3.50714129164259
Pacrg 8.9172635106364 9.622252605329 3.50714129164259
Ngfrap1 12.952584855874 9.622252605329 3.50714129164259
Dda1 10.6812772110602 9.622252605329 3.50714129164259
Ggct 11.1803287883893 9.622252605329 3.50714129164259
2610524H06Rik 9.25926039287756 9.622252605329 3.50714129164259
Spryd7 10.5987189861237 9.622252605329 3.50714129164259
Rtn1 12.5815776190091 9.622252605329 3.50714129164259
Bcat1 10.3909918406164 9.622252605329 3.50714129164259
Tmod2 8.47388250298347 9.622252605329 3.50714129164259
Lypd1 10.4186476087104 9.622252605329 3.50714129164259
Timm8b 12.1469590681675 9.622252605329 3.50714129164259
Sh3gl3 10.6429045338819 9.622252605329 3.50714129164259
Rab3c 7.71786383734988 9.622252605329 3.50714129164259
Sec62 10.0592774807684 9.622252605329 3.50714129164259
Mela 9.89977042303996 9.622252605329 3.50714129164259
Swi5 12.4976361899415 9.622252605329 3.50714129164259
Dos 10.3108214993758 9.622252605329 3.50714129164259
Reep1 11.7422708968559 9.622252605329 3.50714129164259
Chchd10 11.4260434470042 9.622252605329 3.50714129164259
Abat 10.2065285692152 9.622252605329 3.50714129164259
Clvs1 10.4232095674458 9.622252605329 3.50714129164259
Asns 10.2894524463668 9.622252605329 3.50714129164259
Fermt2 8.93909187862191 9.622252605329 3.50714129164259
Fam174b 9.08210677337694 9.622252605329 3.50714129164259
Serf1 9.48504443727731 9.622252605329 3.50714129164259
Coro2b 9.35721419091838 9.622252605329 3.50714129164259
Rnf157 11.8736185457016 9.622252605329 3.50714129164259
Tmem56 7.50828237987064 9.622252605329 3.50714129164259
Nrcam 8.20309807816049 9.622252605329 3.50714129164259
Morn4 10.2322178123101 9.622252605329 3.50714129164259
Ccl27a 9.76705795323751 9.622252605329 3.50714129164259
Spock2 9.17566967518011 9.622252605329 3.50714129164259
Rnf208 10.6671237421053 9.622252605329 3.50714129164259
Stmn3 12.6209321683721 9.622252605329 3.50714129164259
Gria1 9.02532593676623 9.622252605329 3.50714129164259
Kctd17 9.59998162300604 9.622252605329 3.50714129164259
Fhod3 7.98291958691139 9.622252605329 3.50714129164259
Fgf14 7.82816152418967 9.622252605329 3.50714129164259
Elavl3 8.13000319541828 9.622252605329 3.50714129164259
Tln1 10.8440947485271 9.622252605329 3.50714129164259
Uqcc2 12.4950242298439 9.622252605329 3.50714129164259
Cacnb4 9.52536710716279 9.622252605329 3.50714129164259
Tacr3 9.17218619407948 9.622252605329 3.50714129164259
Mapk10 10.7063072440626 9.622252605329 3.50714129164259
Dennd6a 9.1919479937981 9.622252605329 3.50714129164259
F2r 10.7092112344638 9.622252605329 3.50714129164259
Lrrtm1 8.05466578930921 9.622252605329 3.50714129164259
Fdft1 12.0030756780719 9.622252605329 3.50714129164259
A530058N18Rik 7.17641184445007 9.622252605329 3.50714129164259
Phactr1 8.48836982275652 9.622252605329 3.50714129164259
Ahi1 10.0471126388881 9.622252605329 3.50714129164259
Atp6v0e2 12.4600740343473 9.622252605329 3.50714129164259
Uchl1 12.7930754825766 9.622252605329 3.50714129164259
Syp 10.2967260255505 9.622252605329 3.50714129164259
Crmp1 9.5112242313242 9.622252605329 3.50714129164259
Uqcr11 13.0935413046906 9.622252605329 3.50714129164259
Tnk2 10.8941760877499 9.622252605329 3.50714129164259
Mgst3 10.0952537140448 9.622252605329 3.50714129164259
Pcsk2 10.2372368963954 9.622252605329 3.50714129164259
Crabp1 9.18916969800087 9.622252605329 3.50714129164259
Ykt6 9.88982130035278 9.622252605329 3.50714129164259
Nipsnap1 10.19585112661 9.622252605329 3.50714129164259
Bex1 13.25781727295 9.622252605329 3.50714129164259
Scg3 9.59150554085081 9.622252605329 3.50714129164259
Cacnb3 10.4392318979117 9.622252605329 3.50714129164259
Arhgdig 11.8105394705426 9.622252605329 3.50714129164259
Kcnk1 9.8075170202392 9.622252605329 3.50714129164259
Cd200 9.73870964897217 9.622252605329 3.50714129164259
Rpp25 7.91619022148636 9.622252605329 3.50714129164259
Ctnna2 10.1853853537528 9.622252605329 3.50714129164259
Cadps 10.4470517221854 9.622252605329 3.50714129164259
Stard10 10.1604657659171 9.622252605329 3.50714129164259
Gpx3 10.9897280023409 9.622252605329 3.50714129164259
Kcnk2 9.30943367337651 9.622252605329 3.50714129164259
Cdkl2 8.97656041229881 9.622252605329 3.50714129164259
Dll3 8.95795289530739 9.622252605329 3.50714129164259
Cyfip2 9.56869338483076 9.622252605329 3.50714129164259
Pde1a 9.07483945139392 9.622252605329 3.50714129164259
Dbndd1 10.3678718719639 9.622252605329 3.50714129164259
Ptger2 7.97646308477995 9.622252605329 3.50714129164259
Pacsin1 9.10426634100329 9.622252605329 3.50714129164259
Fkbp1b 12.1711025929069 9.622252605329 3.50714129164259
Cntn1 10.7072894677961 9.622252605329 3.50714129164259
Sh3yl1 8.94325038554118 9.622252605329 3.50714129164259
Spock3 8.3452947528707 9.622252605329 3.50714129164259
Scn1a 7.76839197363305 9.622252605329 3.50714129164259
Kcnip4 8.02162956672721 9.622252605329 3.50714129164259
Rgs7 11.0866008370623 9.622252605329 3.50714129164259
Tagln3 11.3735068905844 9.622252605329 3.50714129164259
Rgs17 10.2526498094294 9.622252605329 3.50714129164259
Scg2 9.33920323184297 9.622252605329 3.50714129164259
Kif21a 9.0684364368087 9.622252605329 3.50714129164259
Cacna2d2 10.5490241195766 9.622252605329 3.50714129164259
Cdh11 8.21698025441055 9.622252605329 3.50714129164259
Crabp2 8.95904620927158 9.622252605329 3.50714129164259
Lrrc3b 9.2608661267259 9.622252605329 3.50714129164259
Acsl6 8.35997920973767 9.622252605329 3.50714129164259
Tram1l1 9.46892408082206 9.622252605329 3.50714129164259
Map1lc3a 11.8504654261814 9.622252605329 3.50714129164259
Zfp521 9.70952814237012 9.622252605329 3.50714129164259
Dpp6 9.23847199467582 9.622252605329 3.50714129164259
Cadps2 10.1778128266536 9.622252605329 3.50714129164259
Nol3 9.63556892265136 9.622252605329 3.50714129164259
Fam92a 11.4358894743691 9.622252605329 3.50714129164259
Fgf12 9.31032233926847 9.622252605329 3.50714129164259
Vstm2a 8.78435149901427 9.622252605329 3.50714129164259
Slc6a1 9.37457805078841 9.622252605329 3.50714129164259
Krt10 8.83655777699763 9.622252605329 3.50714129164259
Nckap1 12.0634837623072 9.622252605329 3.50714129164259
Slc41a2 8.02158422591793 9.622252605329 3.50714129164259
Zdhhc2 9.72055992818841 9.622252605329 3.50714129164259
Svop 9.51659305687281 9.622252605329 3.50714129164259
Cltb 11.4585021234111 9.622252605329 3.50714129164259
Fez1 9.33860733909485 9.622252605329 3.50714129164259
Nlgn2 10.6083989140133 9.622252605329 3.50714129164259
D430019H16Rik 10.4268658484284 9.622252605329 3.50714129164259
Adcy2 11.3120758904188 9.622252605329 3.50714129164259
Mterfd3 8.10907569814749 9.622252605329 3.50714129164259
Gm1976 8.86013055099674 9.622252605329 3.50714129164259
Pcp4 13.9115931085429 9.622252605329 3.50714129164259
Gal 9.43930033164335 9.622252605329 3.50714129164259
