Tnfrsf19 12.1156697239951 7.53856233351246 5.68339683663098
Cyr61 10.1177044550445 5.80905711024029 4.95492327417547
Elovl2 9.83895831865411 5.54497780625136 4.45565126083742
Pdgfrb 9.71629560913977 5.17409182024775 4.08534269184721
Ntsr2 13.6055748398178 9.31919805005687 5.58918420367047
F3 11.9474319451514 7.3351496899198 4.71773921339825
Fmo1 10.4550000631851 6.14632078337552 5.73772352482539
Slc15a2 12.4237797743405 8.88983403286968 5.9524947674137
Prodh 11.3932900135866 7.54174191854592 6.96659134166326
Gpld1 12.3135701271047 8.32605796546298 5.48774260337228
Entpd2 11.4902850369583 7.10547874270075 6.02303731557629
Fzd2 11.0958067545779 6.7610538343235 5.67732830397279
Ptprz1 12.0564337659456 6.57411608590863 4.19119894334704
Slc38a3 11.8553876765167 7.64913611558096 6.6513632110678
Dio2 12.3177001399104 8.59776638277128 5.62421153196209
Cyp2d22 10.8365481139835 6.31358519895291 5.25040103828422
Timp3 10.6719760515122 6.74210979774961 5.27198638563551
Aox1 8.72046017370168 4.99915173300598 4.63531762489879
Cyp4f14 9.67489580591138 6.0263596304588 4.76364203252385
Tmem47 10.6592460772236 6.43133201812493 4.79209737830817
Cyp7b1 10.6279033013097 6.94410923830011 4.44375775027275
Slc7a10 12.2900981803109 7.10910428714118 5.80443764855274
Fgfr3 13.0445492374123 8.585855690737 5.46870456511388
Atp1b2 13.2020952683659 9.20973706165799 6.39293019786014
Igfbp5 11.305619647262 6.95974717295262 5.24231645614223
Phkg1 8.90994630130679 5.13972504345318 4.63783312377003
Acsbg1 12.1437391983005 7.50684228584878 5.72981528078007
Slco1c1 12.6736146753653 7.26087201924723 5.14193836242912
S1pr1 12.261631814222 8.48187934976983 6.25699595869903
Ncan 11.5710807168993 7.86027124315498 5.4259098685396
Cbs 10.5584146556914 6.85511670089438 5.77851015661185
Ccdc80 11.5892608231095 7.07149615359047 5.64301532592615
Aldh1l1 11.6109010833616 7.2448918549792 5.07929748800235
Aldoc 11.7750983992992 7.77917546633914 5.28035061837025
Egfr 9.21767320344795 5.15805197409627 4.86034029105882
Emp2 10.8755551545408 6.87123265441663 5.64304298762862
Aqp4 12.9483666417877 8.22312584231426 4.3255810124435
Col4a5 7.75846706425486 3.86566082753621 3.80476066434356
Amot 11.1599181191627 7.25146726513863 5.41240953190396
Cldn10 10.9023686731994 6.9597147700068 5.40158361491504
Slc1a3 12.472434147682 8.03205064638754 4.65016428251025
Tlcd1 11.8398312913122 7.87093565806854 5.80420336577983
Scara3 11.0956687038331 6.97186044073172 4.7179147984649
Atp1a2 12.6890236469513 8.40733061849813 4.60445935939904
Slc14a1 9.37407469070602 5.41372567659541 4.41179164486008
Tril 12.7808449547726 8.78031396935503 5.0842856135487
Itih5 10.93068630591 7.13473649469446 4.43739411745713
Pla2g7 12.3548768936651 7.78204834490246 6.360631560078
Cd38 10.357064384044 6.13372832907425 5.33866917167167
Lrig1 11.1543627448314 6.92078095665377 4.47336382714762
AI464131 10.4927876247177 6.0525202372192 4.12114563277672
Mlc1 12.2348830805864 7.6499086537543 4.42727209763104
Gjb6 12.0328702999436 7.79413215071722 4.74807908865654
Kcnk1 12.5918240117427 8.93687105844936 5.63028753795731
Hsd11b1 12.0756319882888 7.86541322311129 6.92013627346962
Grin2c 10.8357165985743 6.17598231532381 5.29118274338158
Cyp4f15 10.907872911598 6.04811464525073 5.31781258761767
Slc1a2 11.0991054003123 6.67240554797528 5.4595288975824
Igfbp2 10.8035894005494 7.06013641522064 5.89028538797454
