Emb 10.1334387312905 6.37161975060669 6.3288122107903
Chgb 14.1143843937646 9.20825971635311 5.14534247418188
Tubb3 11.7055569729001 8.00012654289375 4.7855155496312
Syngr3 12.2553678416613 8.08683592720163 6.79911164054727
Ptprn 10.8242448469188 7.27334730813994 5.9145073822877
S100a10 11.716669002637 7.39352432312227 6.88197430872462
Ckmt1 11.3626063269817 7.75499695209762 6.20321522664196
Cyb561 13.1466497384346 7.30570032000179 6.62458328649542
Sncg 12.0874505216659 4.72846786992501 4.67647573284155
Resp18 12.1106183936326 6.61104418499131 4.5459271669421
Ngb 10.9643454226255 7.16879964925481 6.27354959667923
Chga 11.9202664172517 7.72708816968818 5.68511287056998
Phox2a 10.1850692834441 4.56927850708542 4.46042183599913
Lin7b 11.2951140408749 7.64715632046269 4.98288748540114
Calcr 10.4010641098624 4.33605953662492 4.08403693932573
Pcbd1 12.6375522847884 8.64899613510418 6.6336162091344
Ccdc109b 9.21155256504288 5.52325658544028 4.88740642370902
Gch1 9.97210437088045 5.83822137369251 4.50766325771102
Th 13.405074786262 6.37956973368719 6.09173929514892
Mab21l1 9.00065364314323 4.56471813081076 4.3224900875517
Klk1b27 8.21123037754194 4.47343736417928 4.32558890842097
Slc6a2 8.99967733031043 4.86231727015391 4.75621592779504
Elavl2 11.8671310290373 7.85079670615831 4.1285820834763
L1cam 12.048285964683 7.7119793401775 6.48327847155784
Sstr2 10.6958344988867 6.64369888773145 5.88036235755581
Rab3b 10.7564065305193 6.67115262628536 5.60511933871419
Rasgrf1 12.1134691896341 7.64876438173047 5.01168017207476
Ache 11.7357480406377 6.41937575478635 5.51492128297947
Pnck 11.5313390829552 7.91621733237611 6.44282909942907
Cntnap2 11.2138372406583 6.68382369311281 4.21511872050042
Cartpt 9.36320629325585 5.64768115543302 4.99060717831556
Syt17 12.635231097103 7.69648556360613 6.18064342865622
Stmn2 11.8650146266492 6.47683625914754 4.36831138373712
Tfap2b 9.80856070607832 4.46341281111185 4.31514033296945
Asb4 10.3873697436932 5.0318793602597 4.76782290598581
Gap43 13.0536203498895 8.36441776427836 5.49995186618478
Cdh13 11.6673159927913 7.45462631721317 5.60376761224575
Cygb 10.24821357313 6.72230813454488 5.67881502288717
Zwint 10.6220456962348 6.74394267737945 5.98809753003561
Vat1 11.6295301901987 7.58818166491363 5.79974257880332
Eya2 8.83065047013744 5.05297459354162 4.48229647287267
Cgref1 11.0928425804054 7.03680879691129 5.98086775812956
Cdh22 10.7462895684129 7.19853655633101 5.79571277744103
Grb10 10.8099442146358 6.40447511576042 5.22737308108464
Rbp4 10.6603738350993 6.87830734626439 5.77287959084446
Nefl 12.8398808085023 8.78678253530697 4.80568127155108
Scn3b 11.9236775621045 8.46132585024523 4.92327883194082
Cacng5 11.4766038948185 7.3219370055027 5.82969210575745
Susd2 11.1344587931266 5.64227752273965 5.32843377854928
Ovgp1 10.725202908933 6.62767255114217 5.10852786877105
Meg3 12.6287456392978 8.0529362087868 6.41952489427687
Calca 12.305055969501 4.80889512254432 4.29579339813619
Cda 10.0443769050118 5.67170554592162 5.52877167572676
4922501L14Rik 9.46422085553411 5.93888710488469 5.44424543281854
Baiap3 12.1249031494743 6.22542739327138 5.36048456747448
Rian 10.3398004248877 4.57742900209243 4.51045342118126
Snhg11 11.9081975857192 7.06892215343847 5.45950784587109
Uchl1 13.9880185228127 9.29760172465946 5.54056984821276
Arhgdig 11.9374905170689 8.42642998112498 5.67824206921836
Gpx3 12.7386909910338 6.91940262986285 6.71249625685809
Fkbp1b 12.6338221249556 7.93914540105932 6.46570466543837
Kcnh2 10.3497061813428 6.71333082630957 5.69217642195293
Dlk1 10.5786723599366 6.240753862469 5.75817240396842
Chrna6 9.52814336309869 5.44098806926748 5.39871120720063
Dbh 12.6379549709189 5.32193886355076 5.21456400522136
Scg2 11.4711163639658 6.95334275706183 4.75841697685294
Dpp6 10.9320718133222 7.41036072792869 4.82896963022492
Chodl 11.6032760059852 5.25604003643027 4.76944638848915
Gal 12.2636226787615 5.4572236381668 5.25252946338638
