Golm1 13.1792932323564 9.00798600744821 7.072245433692
Tgfbi 10.214108505107 6.42760590968009 4.46013589978078
Lcp1 11.9186828085383 6.53455136653717 4.27293477202973
Cd83 13.2161047162533 7.34798243594742 5.98208336741143
Sipa1 11.028832104782 7.08816733072318 6.28794660356074
Tnfaip2 9.07410944533167 5.08804174719091 3.98503116994914
Socs3 12.8477426387797 8.15208093846307 4.09535359757643
4632428N05Rik 12.9633024758073 8.4562148510701 4.97762993460247
Spint1 10.3283172527647 6.0746340641451 5.29534277995258
Afp 8.35050803873215 4.10619393253315 3.71174859544629
Clic1 11.3122330580261 7.85647974180966 5.64506696919542
Irf8 12.5462653592052 5.97023192160954 5.14151060014373
Tbxas1 9.68864876043037 6.23922463040891 5.7471116077309
Parvg 10.4281853264487 6.58966318822966 5.39128565569759
Rgs10 13.3720136026536 8.90205171410603 6.00549133041487
Rps6ka1 12.3511118887686 8.16758442779243 7.48463095668721
Mfng 10.2459357618163 6.06660324878678 5.59349258916627
Slc40a1 11.6873175794834 6.79878357631009 5.79911581085605
C1qb 13.3809165744448 7.25719716118041 3.84772220935599
Ccl6 10.4831140019336 4.82329341961249 4.09802037367063
Cd14 13.3794861542207 6.96694004761832 6.33712614359413
Pycard 11.7530559991681 6.37903891936612 5.36517823988916
C1qa 13.1874316054276 7.46973379834006 5.09269046789414
Il16 10.5676116874908 5.87507467052902 5.3813251325882
Slc7a7 10.9326702827516 5.56043319307967 5.08509957624273
Srgn 13.2795222117037 7.04129439474061 5.46363071551231
Nfkbiz 12.6921044506167 8.76968503487333 5.00889432513561
Tgm2 11.6702792723547 7.70210295328009 5.82594629067912
Plek 13.0385446953369 6.79127540827066 5.80762316211704
Itgb5 13.3122301859398 9.90853628036109 4.42557603427683
Rgs1 11.3590498478886 4.91393704355761 4.5797250733342
Cd79b 8.10777669835161 4.75395207687518 4.52789893644884
Snx5 12.5419589726741 8.6752858916907 7.00682917838566
Elk3 10.4319956263106 6.16620949512316 4.74606063774405
Laptm5 13.25292607905 8.2984540113582 4.02667978735629
Serinc3 10.7887820532689 7.2710246509894 6.52000348292425
Fcgr1 12.2955371160684 5.22340019699882 4.49832220879983
Slc16a6 11.5647594820405 6.86276717929368 5.50241413600463
Ccl9 11.4677327663853 5.31308005016647 4.81298849003731
Trim30a 9.81298833801394 6.32961970549063 5.41787898438781
B4galt1 11.1336165305587 7.24447269328523 5.92349946940639
Tnfrsf1b 11.7452188608572 6.91653560737044 5.85258448828886
Inpp5d 12.4577394438636 7.48161720557308 6.35597875382451
Tlr4 9.57555684780965 5.02354108037154 4.39896135835391
Pmaip1 7.97566326054479 4.55703159028664 3.98901889441887
Aif1 11.8214348072249 5.4155302825646 4.94035128090784
Syk 11.3160084368777 6.73480728641169 6.15912312657101
Klf6 12.2250639567383 8.17274722909545 6.40088749623075
Crybb1 12.2648088011919 7.17765301770871 6.42271841539627
Fcer1g 12.6718396223893 6.7692411276363 5.78104100169057
Ctsh 12.87251521366 6.3928682309376 5.30796510781758
Gpsm3 9.55595780536678 5.46829439387039 5.18919800891654
Ncf4 10.7292352869563 5.1927792053217 4.85269602783883
Ggta1 10.3002208247185 5.6908661206901 4.0915828818183
Lcp2 10.4089431447829 4.90959741729284 4.59797340214007
Ngp 12.7574775005176 6.29759985176799 5.31557426818716
Spi1 10.4190424481911 6.1404019023994 5.85733536767413
Csf3r 10.4683520496493 6.6834053011435 5.26267891256216
Ms4a6b 11.2554621340409 5.30135794851652 4.75199873390149
Hcls1 8.70906636115833 4.8437727869454 4.68330860081943
Pabpc1 11.1781404360411 6.10610358368073 4.23041358337533
Skap2 12.056136723105 8.55348114135535 6.79375203440394
Cebpb 11.5932508063623 7.83262407527931 6.15768194856054
Plxdc2 12.0745716973584 7.96014225301625 6.45390595559479
Cxcl10 9.72683118350032 5.50928194957338 5.1683835444137
Cysltr1 9.25437959121948 4.35723992448976 3.95900535622561
Cttnbp2nl 11.6991350325633 7.3465773375625 5.71562011438646
Lyl1 9.96552235514374 5.68321864075052 4.99037716690558
Ptpn18 10.3344380846283 6.58942049495262 5.58126482703644
Tlr2 11.9276981137555 5.95246691251992 5.52366150742338
Cd163 7.96377468160987 4.35418067021057 4.04264439211599
Serpine1 9.65311808101758 5.27332990278574 4.5826919988731
Mlxipl 10.5385226388773 6.53133675988428 4.95927792917159
Cd37 10.9003612304416 6.50065515657784 5.34059284776231
Map3k8 10.2772018482877 5.01062194611698 4.71971112332105
Myd88 10.6605178444686 6.82784913730502 5.72533183850061
Ccl12 10.6391731596107 4.63749635977425 4.44425446781923
Arhgap4 9.32893709991249 5.45198572148074 5.32345623675766
Pon3 9.25424963832735 4.66572870631199 4.31398652205413
Slamf9 11.1460693903532 7.75216637322868 6.20420725032835
S100a8 13.1710031765985 4.93008563521797 4.60102681834827
Il10rb 10.5493104181091 6.53599212030897 5.26114464995674
C3ar1 11.7048817822179 6.32400865878473 5.3109121926608
Fgd2 12.0963667807367 6.31211440245624 5.93624687798242
Ccl3 13.5359936909524 5.17833023910646 4.51647656829541
Ms4a6d 11.4841310922632 5.24835326799395 4.49812940292336
Ier3 13.5124048716238 7.9157930459747 7.29320698260852
Camp 12.4507582747533 5.78030641210216 5.3806893479914
Klk8 10.1827990465209 5.95588152190738 5.5711319813696
Chil3 11.4871946767607 4.47234689114735 3.85564531901123
Arap3 9.99309938625579 4.4159102040228 4.05384290794932
Tlr7 11.1537008662761 5.31845907260173 4.78609978417396
Csf1r 14.0292728577336 10.6598184378661 6.8013031906346
Hpgd 11.9738918982247 6.29523256266115 4.30104796143119
Slc11a1 11.3948658681908 6.56151841184724 5.55630741869778
Ccl2 9.3887194295731 5.35728325996905 4.93237175242407
Cd86 11.6527693006629 5.19038160855297 4.81081766854463
Gpr84 11.5263505075912 6.15911656635238 5.32737554038853
Trim12a 8.39694276788024 4.46357073250253 4.00952553673998
Zfhx3 11.2191522315493 6.00900354752866 4.51005605567324
Slc15a3 11.3995649353571 5.49497915404735 5.23311185945401
Rel 9.43208070521036 5.52881621428713 5.0561960882021
Sla 12.4329217789332 7.81015970748813 5.72856306835371
Tgfbr1 13.5090583473981 7.80916984271151 5.84000644459078
Adcy7 11.9949098164077 7.43461534269534 4.93078859559897
Lgals9 9.69958847858634 5.83099444013701 5.25357662029584
Trem2 11.303795824757 6.67269051878479 6.30976893029418
Gna15 8.99367862824198 5.44618404822657 4.89508697444916
Birc3 10.6915102166933 6.49816416842079 5.97656099662861
Igsf6 8.83394697282607 4.44802245741269 4.15239891705593
Samsn1 8.81738530496463 4.67323965446738 4.43821618315275
Il1a 10.5376640185961 4.47364851804096 4.36913781021809
Hpgds 9.22775583355141 5.32742930666886 4.92801611727081
Naip5 11.0978070538461 4.6071585439965 4.07902582363656
Ccl4 12.6588721873418 7.30992092116167 5.86406799427228
Stat6 10.468465477124 6.19979881168865 4.89499571793428
Clec4a2 10.1399334143348 5.11829245201067 4.88038193794205
Fli1 10.1221580891138 4.27751756156978 3.83514700091609
Ets1 9.52298260959165 5.028107878576 4.42701100675282
Ptprc 12.4924457080349 4.97169693417949 4.32545275007937
Ccr5 11.6775104276773 4.76389555562315 4.38959004289629
Il6ra 12.6762370901779 6.1687642329799 5.53441642687228
Tgif1 8.32241012578398 4.84441892204125 4.53542475730125
Pla2g15 12.3402771280608 7.82614097529173 6.50811613305572
Ifi30 11.3741036101554 7.30657712262821 5.95843125355782
H2-DMa 11.302506340632 7.76598207316467 6.45947944636726
Gpr34 12.0465417111213 4.29962184343579 4.02824880784566
Rrad 10.0218987777276 5.91439412995518 5.14909365777462
Ndel1 9.33926152391583 5.81717974211142 4.8926348142829
Rnase4 13.0645450224258 6.33103860697284 5.02852110279954
Hk2 12.2311857728962 7.48676634008317 6.15213562750578
Hfe 11.261965590755 6.72231190854532 5.61544493558026
Naalad2 9.57573482021452 6.19736301053643 5.29651507674092
Pik3cg 10.1391450667911 5.73738715702052 4.99988540699041
Cd84 9.79853579725004 4.65693947435341 4.50236405943943
Ly86 13.8484382572477 7.32270857251645 5.53427473309651
Vav1 10.4988780096262 4.15860145039172 3.95208536756467
Cfh 10.9189995251726 4.33054823567659 3.52255893080816
Tnfrsf13b 9.55249902249023 4.88904952627216 4.35829656765996
Hhex 10.0129558927535 5.87782146171187 5.23847989345039
Entpd1 9.36332417160173 5.53588320326248 4.19320105677034
Ptgs1 12.1460566579667 7.63538358323005 4.9201753827082
Lyz2 12.6255399097117 7.15245946590418 5.94417062454589
Ctc1 11.7381009275171 7.73568326805304 7.26756370724147
Unc93b1 11.2638153754962 7.2767877587732 6.55292031535937
Cmtm6 12.3249537931389 8.69818135440359 5.70332790097772
Hvcn1 10.3744362140918 5.9043771795052 5.27247522877549
Edem1 10.5468048765477 6.8313793796782 4.63888417875886
Icam1 12.0835121128031 6.38216719391081 4.87658175187449
Ptbp3 11.2821230739434 7.90172318337457 6.44785844288371
Rcsd1 12.3327371826167 7.66894502683224 6.28890381832693
Tmem140 8.37653073680301 4.61647400162216 4.47398573084944
Tm6sf1 11.2414066824985 7.36706882190704 4.36330922008645
Cd177 8.34962699286364 4.51499751967371 4.10074963502635
Casp8 9.75678338176791 5.27926530983234 4.99774336553834
F11r 12.1396861374846 6.40510553782286 5.67380715654642
Ifi35 9.14048261664104 5.66089558744106 5.31780854132074
Tor4a 10.2205590701386 6.83724743932927 5.48546268943577
Lpxn 10.7275528959061 5.21420673074829 4.48119232150531
Siglec5 8.28941632201165 3.99130777768218 3.78730808301599
Fcrl1 9.22764356004362 5.61297265970855 5.28578111414049
P2ry6 11.5574667748729 4.68783178733573 4.30083792153558
H2-K1 12.7949568117272 7.85575193091619 7.27179767323754
Tgfbr2 12.4393744689228 7.10069962866206 6.00231496624437
Ceacam1 8.80282175058088 4.81586217886608 4.48697964038782
Mlph 9.57489838859243 5.76761364575473 5.13011595474762
Ncf1 8.88584686160739 5.4463100786368 5.2196530847698
Il13ra1 9.84239214017086 5.499798318112 4.29652800504416
Adap2 10.5722797031115 5.33328000421424 4.97485239178243
Capn3 10.3369957490321 5.07081602917809 4.5056273453004
Arrb2 11.4983554070217 7.01517294504746 6.62601604451019
Pros1 11.4603712254362 7.39207433974594 4.79626878425565
Arhgap17 10.9767981793134 7.37942950975776 5.00917807567313
Trim47 10.0791566495733 6.56186250088837 5.34116667347271
Lgals3 9.11302237976578 5.7551226392241 4.73217593936885
Plcg2 11.1549584884923 7.63026392465499 7.15049462112006
Sash3 11.249005723635 6.9461406052721 5.40222391354521
Themis2 9.99513496121799 5.44181229807543 4.99252179096231
Mpeg1 13.5931395335038 7.13138787216 5.75790353122935
Cd48 9.95999221182058 4.7922647124346 4.2713356711434
Akna 10.7072692564892 6.62663941705133 4.782267287155
Fes 10.5551239260507 6.77417888549863 5.93130636245784
Cep152 9.74520694836984 5.90458059081334 5.60571437663602
Ccrl2 11.3826980615646 6.29732206068699 5.70692394501564
Lcn2 12.0118513639671 4.48242480976175 4.32662189718894
Hbb-b2 7.88283645776123 4.27910998034925 3.99177512066829
Gimap6 8.28531118681062 4.93338451440198 4.6170432991729
Myo1g 9.24155609377298 5.70489940113389 4.79864550074019
Tmem173 11.0989726590541 7.26541592168675 6.08705201268659
AF251705 11.9378287827213 7.46544041495703 6.33337302952858
Hmha1 10.4292840746509 6.02078655493069 5.34691068864841
Ebf3 8.03327435115078 4.65778743300163 4.05186445455206
Gmip 10.0312950363764 6.25865094388076 5.75577005777489
Nckap1l 11.1514517971807 6.32935222897973 4.88678426562665
Abcc3 9.68880748830503 5.77243543224675 4.967021788811
Rhoh 10.6886747062572 5.34632838707919 4.76554004556271
1700017B05Rik 11.7630363477309 7.34141138323772 5.8090182307701
Lair1 10.6341607739461 5.63233562556744 4.81778025044535
P2ry12 12.3417720061336 5.6912053472515 4.80890758557073
Rnf19b 9.59453701735849 5.72624592831789 4.9851871445065
Pld4 12.0162068213804 5.87795084196547 5.35894157618784
Lrrfip1 10.7165591037594 7.02407347037351 5.42827221617476
AU020206 9.7250304187546 5.6340851528371 5.1088582427091
Fermt3 11.255187597153 4.54860795198349 3.98921023338027
Ankrd44 11.6555430067368 7.97273538942428 5.274726991495
Kctd12 12.2024123826132 8.27970535041031 6.49754334460286
H2-Aa 10.95884712019 5.88540916664079 4.69567877735486
Fam105a 11.8141138102905 8.19294025024847 5.95258786084075
Herpud1 12.561534184029 9.08728671974159 8.11490416985848
Cd300a 9.78331319123392 5.54709934324718 4.84496685891362
Lyz1 12.291433368859 6.41255023840504 4.48495146132617
Clcf1 8.66818372368241 3.98178265885231 3.74335504501784
Adrb2 8.06163788196254 4.37988819585089 4.17249667108642
Lrrk1 9.00233842375518 5.35038770660782 4.6244146765121
Il10ra 11.9204835825207 5.07294116336137 4.80112399967867
Hexb 13.9682695694516 9.48381122879374 8.12898360093781
D530037H12Rik 10.2863068988974 6.903534094856 4.40364259852075
Rab20 9.47961105235741 5.15945660526233 3.90283220536703
Grn 13.5694893497197 10.182142497977 8.01082817325982
Ifitm6 9.52062006754197 5.85917192094329 5.51271455332007
D9Ertd306e 8.17933645172779 4.56860747089937 4.31329515381098
Fam46c 12.3008656779841 6.08105857568189 4.68524428064403
Pald1 10.8157904216058 6.75400541747764 6.01594333351461
Ifngr1 12.0120817823602 8.32450074790656 7.13689622106574
Anxa1 10.0891907764378 6.1958609514779 4.48051663619203
Lrmp 8.72621364395205 4.59704508939876 4.3328009580308
Olfml3 13.5589885962411 6.98084118846015 6.08441178470241
Ncf2 10.9678841319022 6.31000692067712 5.58954955351041
Il7r 9.09542824054331 5.75862095961414 4.90848810933638
Ctss 14.0972400899769 9.71792937949928 5.13940664384887
Cd53 12.647448770815 6.420472676637 5.17099115957211
Fcgr3 13.39521832835 6.81366410186989 5.38558199189929
S100a9 12.5433488948648 5.16334907794621 4.65511953343684
Hp 9.14524736055938 5.70582737612256 5.27679795929508
Klf2 13.0114488593516 8.88662738504177 5.62791022342499
Fcrls 13.5094801235154 6.68318015900102 5.56088216098945
Tlr1 9.47210882993985 4.28684257441123 4.08016517858592
Selplg 13.4608296010201 7.83481766582791 6.21574761531593
Cd68 12.242490069775 5.81212991227833 4.89726340357513
Gpr65 7.84688309866013 4.28378804483786 3.8477771247184
Casp1 8.7453943640576 5.0745231196777 4.17620454387694
Csf2rb2 9.41716750216967 5.03981638012677 4.42017704009661
Atf3 13.3007390383143 8.33713056298996 4.91980104733251
C1qc 13.5863871767458 7.06792090554154 5.1230897462742
Hck 11.677853867497 5.51197808327304 4.613580653524
Gcnt1 8.17673933531389 4.30499984135731 4.12396031434698
Casp4 9.24666718666705 4.74621620394402 3.90611837736323
Ehd4 10.2095137657382 6.43459227847615 5.19361318352432
Ly96 9.04291773410898 5.25223124443828 4.56067436661477
Lag3 9.95212609690159 6.14193542751945 5.22836806335992
Cxcl2 11.1862547067567 5.00607635795836 4.2873563212166
Ltf 12.2109361391241 7.48218488966734 6.18254306883166
Cx3cr1 12.8661645891936 6.94585569049999 5.28023427224278
H2-D1 12.6018887958776 7.8807066842136 7.12029964373831
Stab1 10.8319181809469 5.64603082309413 5.05665980904981
Il6 8.39447282799593 4.19177730787933 3.83281813759597
Pdgfb 10.784427213788 7.27702957924589 5.83135531004206
Mrc1 8.63837955832117 4.48714200689805 4.11481343912311
Itgb2 11.8272052895604 5.11152837199564 4.62672852633843
Psmb9 9.34845122497028 5.90796373784791 5.33593352551144
Ang 8.39410428367088 4.22330081284532 4.02365378595369
Sh2b2 9.22244603896785 5.30109955433679 4.66749085362606
Tyrobp 12.8882077765556 6.65399689104854 5.52564246585815
Emr1 12.7324162108168 6.91718224518301 5.51726729187898
Tmem119 13.7062504747088 7.10705212908822 5.49290060916939
Parp14 9.29651035265735 5.61877937872457 4.8815013320211
Ttr 13.2596253146871 8.68486881586701 3.96721337396479
Havcr2 10.6395343238155 4.47895736713258 4.22863087116464
Alas2 10.1192139258561 5.44082077385283 4.94038149244576
Cmtm7 10.2158890607314 5.8340525870963 4.89726773057391
Blnk 11.7867853033936 6.91944630104433 5.15493080528775
Alox5ap 12.5576931349978 7.36302849808717 6.0706148227439
Fyb 11.7070682335866 6.70226836889514 6.03095995071335
Ctla2b 9.98817720392032 4.46868136299752 4.12444044676367
Zfp36 13.4710413836478 9.86675409800298 6.32560402240174
Abhd15 10.2572440975652 5.43432038716633 4.98051586118747
Cyba 11.7795222099381 7.2410334102754 5.13632764588303
Spata13 11.8423721764084 8.38072687498825 5.49145844698439
Ptpn6 11.5568573976642 7.71542045370176 6.46698347458954
Tec 10.1464631671626 6.70710264723814 5.46234221431193
Cd52 8.87459768254704 4.88334512792185 4.5684152116115
Irf5 10.4986359523617 6.49219692206878 5.50093789970726
Naip2 10.6906973938164 4.57255431465154 4.26667648395476
Anxa3 12.8939144704404 6.37446772221145 5.1603152805911
