Ddr1 11.455512240537 7.55810552120781 4.59180683344434
Gja1 11.5319342670045 6.73585579481843 4.50225108793156
Ehd1 11.8811534615138 8.2535116798878 7.45729782340343
Cryab 9.77847684899266 5.98178316621349 4.37916521136262
Dmd 9.45086705720657 6.03954756829325 4.02971559073028
Npy2r 8.58677605623346 4.89668441439824 3.73235920096101
Cdhr1 9.61794551468342 6.11640890742725 4.97729099663009
Apcdd1 11.0921318347139 6.09535358098247 5.22757141432555
Tdo2 8.50987684993266 4.20148217639765 4.08749271026513
Lhx9 8.30168263310071 4.83550388372746 4.21298870009105
Mbp 12.8954083743543 6.71381807963564 4.21935838372507
Ogn 9.36768729321152 4.22158218290028 4.1713478699097
Mobp 9.30324874298094 5.00560385847125 4.65903042168659
Cyp7b1 9.8201885116681 6.2315765003921 4.54851527851229
Zbtb20 12.5114264521774 9.02491098519632 7.34581549747793
Sema5a 9.70964015109518 4.5125911683101 4.31522507962891
Igfbp5 11.266035936147 6.05594366193725 5.04628009282288
Timp4 8.50498795105279 5.04055256512091 4.4882163020288
Cald1 10.8886330041835 6.61834518493201 5.05442710375006
Plp1 10.1424916813645 6.24825944861692 4.72436319786818
Btbd3 10.1574762425133 6.67619358546141 5.80840818909935
Trib2 9.60551187589456 5.7474765896302 4.93881360025397
B3galnt2 9.70047539985518 6.10592586519688 4.45341194443976
Dsp 12.7444948757507 4.99495665858197 4.20869565507549
Ccdc71l 11.5747240319272 7.9914185965982 6.47485948728931
Lct 10.6474038271644 5.89209717076004 4.87982495319253
Rai2 7.84084756720007 4.08380037656398 3.75617549206348
Fam131b 8.90614757081475 5.47958273006118 4.62410250591084
Pcp4 13.6135551021479 10.1934428655334 6.79009358593069
