Tnfrsf19 12.9468649736235 7.66892148474169 5.72897846104991
Fkbp10 9.23809487823485 5.64696330505173 4.95013041254554
Vcam1 12.4905064931973 8.36494692944489 4.04172577880703
Cyr61 11.2219398189934 5.8512820089748 5.24297944886059
Gldc 10.7079755259347 6.80515253194753 4.85477389018007
Glud1 13.0922984788764 9.53275007550129 8.73647432239364
Elovl2 10.4971364704757 5.48857915926372 4.33013125768465
Aldh1a1 12.4566077444824 8.58021890900404 4.7871430594503
Ppic 8.89327303717949 5.4554744411402 4.61626510542092
Smpdl3a 12.241810630879 8.82293156422377 5.54460154419593
Lcat 11.0410026946585 6.75067333082489 5.4429351603727
Pdgfrb 9.66980230227635 5.03321221877175 4.06218664059968
Ntsr2 13.5479959753493 9.29558956194301 5.56500787484286
F3 12.170861291235 7.15433354987905 4.58035442544769
Slc12a4 11.0217723548564 7.46512183604043 5.71867912492575
Tspan7 12.4300135912677 8.0411992036642 6.83060263830521
Slc15a2 12.9209288584813 8.91777964521841 5.68448028038978
Prodh 11.9191654669986 7.25143615671892 6.25242772891373
Wwtr1 11.144159451558 7.30696159573993 5.04444215188747
Gpld1 11.9669661261077 8.223629996292 5.33498349293433
Entpd2 11.8338785997951 7.56371329130886 6.09752845670165
Lhx2 11.3608732744881 7.20574653780993 4.40376222490221
Fzd2 11.9103842892574 7.20723952934517 5.47842224711448
Ptprz1 12.4344860817074 8.52500361496996 5.73126917461125
Slc38a3 12.5689053714982 7.75215456807811 6.67226390586531
Dio2 13.6972078979736 8.62353990921833 5.72043126055286
Fads2 11.5512721777708 7.55210383327193 5.67784047550967
Cyp2d22 10.7300049309132 6.20296548312753 5.3857100450584
Cyp4f14 10.6790595583826 5.86825417039159 4.61421228265763
Tmem47 10.523084290564 6.5118019460128 4.89450680336095
Mfge8 13.8976939783048 10.3401357064008 7.71935682145981
Cyp7b1 11.1706739164099 6.83533619043975 4.44257250925284
Slc7a10 12.5925975152025 7.18600241421366 5.98961096429871
Chrdl1 9.01341114730262 4.88008731830057 4.52017475333303
Fxyd1 11.9085593541225 8.10358267887391 6.83363431029703
Hapln1 8.79106852020775 4.98028833858922 3.82101385326474
Fgfr3 13.2051960746302 8.37539881235832 6.29929736982611
Papss2 9.72814242150944 6.13716001425269 4.65056276220821
Phkg1 9.15832369838292 4.99781234581536 4.11953016457666
Acsbg1 12.2564662982543 7.49318154336882 5.51145232806788
Tgfb2 9.73919027688644 5.93312669979585 4.73497243193855
Id4 13.2367727106292 9.570262841773 5.29459595058473
Slco1c1 12.8787965984781 6.87881069826513 5.09294141143865
S1pr1 13.1580874993649 8.43058729358018 7.02668057801087
Axl 10.8014214349533 6.13907347826814 5.5675733244755
Cbs 11.1144722339394 6.76454402911319 5.8089860183041
Ccdc80 12.3443186835103 7.16173043366218 6.16290721926786
Oplah 10.7875743274621 7.29940158690438 5.8563165798843
Tmem51 10.7657305845802 7.39017081819232 5.91339395287041
Adhfe1 10.8567818663259 7.03890329804323 4.45697260051677
Aldh1l1 12.3448151337453 7.26511536618432 4.97106226767951
Sox9 9.46104105638662 6.07053916023342 5.45331245331444
Emp2 11.9447390671465 6.86546003589796 6.09572198569462
Aqp4 13.2600202904851 8.35491154277564 4.52757721595541
Col4a5 8.14520466671327 4.21107771693549 3.76778109567086
Ppp1r3c 12.758580219737 9.02150992849116 5.76855819467782
Amot 11.205954386047 7.15450192750049 5.31594977297488
Cldn10 11.7672802277779 6.9555548445267 5.38432194132541
Cth 10.7458830325434 6.17332023373582 4.59304029019762
Slc1a3 12.9120572557712 7.90300901226663 4.5346637367542
Tlcd1 12.0026388358752 7.80161080877852 5.70984912719953
Srebf1 12.055108784428 8.72030832592136 8.0265305758075
Scara3 11.9517215321744 7.93637353988199 4.7017860061865
Gabrg1 11.6686086206442 7.22302788361436 4.71014275174121
Ttpa 10.2547945328337 6.18532499852189 4.66768036360365
Atp1a2 12.860642113609 8.50713827970064 4.39820466906806
Slc14a1 9.56091240653294 5.57340601716015 4.23416126961154
Btbd17 9.69967409301057 5.62342970378679 4.60550013542657
Tril 12.6940200578731 8.76412716206642 5.15419601791275
Itih5 11.3303487273976 7.17374979388117 5.89553314143933
Pla2g7 13.2486813035544 7.71295279108848 5.64945751147955
Cd38 10.5532551831293 6.14210411521935 5.16773594616826
Lrig1 10.7364940784037 6.7840256559468 4.38391197098855
AI464131 11.3261733254919 6.04910600500997 4.07684547452923
Mlc1 12.7808291767584 7.69855052468473 4.29754513582169
Gjb6 12.2629359260794 7.76077875585163 4.77703050752791
Pygm 10.0705480449701 6.26484359753702 5.41826158117309
Hsd11b1 12.7159958684389 9.3755259339084 7.62530030926384
Grin2c 11.9001062473218 6.19886563300862 5.28910569312816
Cyp4f15 11.6068320821582 5.92351917892852 5.25516394066952
Slc1a2 12.2329919079947 6.75738280646541 5.49811479575361
Igfbp2 11.8692974634775 7.05674365022452 5.39118186038081
Slc41a1 12.3606815817952 8.80220522270097 8.01918629261288
