Gsn 11.9974720362587 7.74807500373932 4.87739148324153
Cldn11 10.989563494437 5.34963356897276 4.195947389497
Trim59 11.0408707737212 6.08676681946835 5.55410167317322
Apod 11.7729746116521 8.4216803178563 6.40081829473245
Lpar1 10.939362542669 7.32571867855689 5.85179565910027
Mal 13.6895316094253 6.92920602260842 5.03790072057296
Grb14 11.6119798926787 7.94839412760268 5.39617389579478
Ppp1r14a 11.6711038607042 4.84588425087323 4.22424577829419
Ugt8a 12.429990590696 6.2846439577589 4.23442880885491
Mbp 14.1919653670672 9.05476526348995 5.93621633082706
Ndrg1 12.5505321583478 8.14363065715956 5.08738556712697
Mobp 12.7013965395546 6.37569282196876 4.70994976448284
Gamt 10.9241724175128 7.4631542840734 5.90032420606095
Ptgds 11.4520453546607 7.00175486164355 5.51429085116606
Pdlim2 11.8827388992676 8.11773858156122 5.59862537606953
Lims2 10.959927495707 7.50986350352656 6.7780441470529
Tspan2 12.4773535076752 7.88508665878924 4.84390924016187
Slain1 10.5574290109113 6.71399909029623 3.83785991001748
Sox10 12.3337522057949 8.67500055433596 6.81036957031292
Plp1 13.4298109096716 9.26763041804406 4.49171706756047
Ddc 10.5220964770311 6.00088697502188 5.0278302746475
Fa2h 11.6497615255053 8.18720522340077 6.1986042973475
Nkx6-2 9.39821948703139 5.11076801046992 5.02985222610151
Anln 10.3457865347584 5.92068369597722 4.84967932018866
Erbb3 9.62135792911688 5.81723136186752 5.31921067852337
Plekhh1 8.4282291018678 4.93317828410093 4.5036683081648
Mog 11.1865107954722 4.36511867684951 4.05632999264306
Josd2 11.0743692533528 7.43503801372735 6.35452347344617
S1pr5 10.6036762632208 4.96061193732179 4.39486071876747
Adamts4 9.69289750132212 6.26128231783344 5.29133783767279
Mag 11.2992265128705 7.46301176076945 5.88395804757991
