Spint1 10.4556347848619 5.66029338734861 5.25438009906996
Crybb1 12.2626330350187 7.45925601224157 6.58354007248549
C3ar1 11.6758330738416 6.37618329515428 5.35143013625577
Tlr7 11.2292178079766 6.02227561118922 4.89317457413512
Ccl2 9.51331836132254 5.64188031622865 5.33604065104754
Cd86 11.8025161112182 6.79924560355613 5.13890107065665
F11r 12.2100897444528 8.06752914534636 5.72640668126611
P2ry6 11.6478875366109 6.50464671521925 4.65840034943222
Mlph 9.60047087800013 5.32678045404208 5.20229319176306
Pros1 11.5054128386031 7.357058203295 5.85502019033013
Lair1 10.7210642612145 6.03237439161869 4.89575244381783
Il10ra 12.0130543621904 7.16386128010756 4.92357940218329
Olfml3 13.6303754126278 9.0990841923916 6.43294526551319
Fcrls 13.5949108894503 8.73129052281402 6.12453830681331
Ly96 9.13234129881125 5.38188750133039 4.17024496602065
Lag3 9.99041445226883 5.64649551204617 5.39581507474808
Stab1 10.8670295781455 6.05027432776 5.28056986225044
Ang 8.56677630482011 4.32572600525163 4.01466413939117
