Golm1 14.5043983490498 10.0751301043325 7.78139761214503
Spint1 11.6518891116016 5.61907379897585 4.16436275381914
Slc2a5 11.9974441569728 6.50616429024796 5.98032418708522
Cd14 15.0881277812882 7.83461916887712 3.29118042340838
Rgs1 13.5896768601193 6.68190368110643 4.17413083751496
Tlr4 11.0317574107723 5.22349823456314 2.07129649661133
Crybb1 13.7915412039293 6.5746228873076 4.12373201205243
Plxdc2 13.8996477516206 9.98255946958305 1.19577059363876
Cysltr1 11.0256347725584 4.17348917548795 1.2631377547857
Cttnbp2nl 8.87883912502971 4.92233645914632 2.46557769000655
Pon3 10.7415012043785 5.57787277092613 3.88882546217033
C3ar1 12.7204297002934 4.54840429164082 1.96679171878047
Fgd2 12.7508960184864 5.1362643386633 3.61362799115828
Ltc4s 11.0231381962426 5.00207748233582 3.5793300053278
Tlr7 13.2033519216098 3.27873138052089 2.18982551245347
Csf1r 15.2958067018163 7.37435364042607 4.86695098571957
Rab3il1 10.489116073033 5.51408718855533 1.87095112045526
Ccl2 11.6059175361301 5.72986356879772 4.76456486914341
Cd86 11.916029399746 4.22448478820013 3.1881225546169
Tnfrsf17 8.60459414880303 4.58968196109173 1.79609934458747
Tgfbr1 8.38914891653409 4.13402070705034 1.6090085246525
Dst 11.1447280843955 5.93314438069873 3.51590340660922
Il1a 13.7992464133504 4.69756652041899 3.07374862866604
Hpgds 10.7546555828761 5.26290657912588 3.01255381851354
Ccl4 14.1591641440691 7.66380590419611 6.25926295124209
Tgfbr2 14.2113128556156 8.74436099704905 3.47336279214592
Ccr5 13.2200275105007 5.0547113442142 3.01152416030546
Pla2g15 8.89215284369139 5.28370892573488 1.5926424042324
Gpr34 13.7060492140353 4.43047538812812 3.31114301731683
Entpd1 11.338033403695 6.70044751520481 2.53537552781183
Icam1 13.7536817049972 7.32378908836258 2.04857666161033
F11r 13.6135438604943 5.54043728394264 2.5506536506045
P2ry6 13.3953363640041 4.63151888807099 1.96848389826838
Mlph 9.08328810702397 2.94268001352475 2.19393659624079
Adap2 11.7831206630109 6.19452351951792 3.55169929623574
Pros1 12.7760310089422 8.89107675284006 6.79302096040612
Ebf3 8.54968282153806 3.89824759047991 2.95022608627691
Abcc3 11.4286648326461 4.04948385606518 3.49253348895256
Lair1 12.6725347196519 7.60977012120836 4.36388043830808
P2ry12 14.4665870344514 7.27692860906374 2.33201474908111
Kctd12 14.0471029310739 9.45890292452882 7.66833107896547
Il10ra 13.4432896995709 3.11376725950567 2.26308247711541
Hexb 15.2176222803016 11.087168878738 9.67161508030197
Pald1 12.020136834702 7.86515030121751 4.80852196982587
Ppp1r15a 13.8238492141806 10.2946797066638 7.8077227204837
Olfml3 14.6651015303204 6.72925552982514 3.4279272022546
Hps4 13.4522304927609 9.73500324207529 9.2689286158922
Lgmn 14.9249446664512 11.2905311550075 10.043766437488
Fcrls 15.1865534569242 6.63963108494763 4.50498033194192
St3gal6 11.4859449005206 7.55679817087025 6.76619782143048
Atf3 15.1055328625467 10.4254058607453 4.94601803718392
Ly96 10.571818950155 6.41461526438475 5.15435096898099
Lag3 10.655916992608 3.32258568731999 2.39423193361279
Cx3cr1 14.4165442072339 6.95758761629193 5.20027353968298
Stab1 12.3964535379575 5.55102163168922 5.13775023706145
Pdgfb 11.8011938268598 7.64962695048895 5.3886421635648
Ang 11.1928615295694 4.48227149928369 3.92348707805864
Tmem119 14.833086477742 6.76227535204577 5.65195054578313
Havcr2 12.402013747959 4.91516126254035 2.43422117303386
Mafb 10.5362240192657 4.17586002523408 2.43292332010074
Blnk 13.5246639167472 6.05799031558078 2.63578108233496
