Cldn11 13.3198163207992 7.59146291606166 3.42288631844738
Trim59 12.6313166421944 8.00543003045595 3.92657468640982
Apod 13.0095172788289 9.46104867351612 2.83452910448635
Wfdc18 9.99987848669589 5.70220954548568 2.92013118407834
Mal 15.1574782618239 9.97603052041104 1.52278561755045
Rab33a 12.866882199109 9.10115352403201 5.4957573088281
Grb14 13.9356401749326 9.92095524359438 5.92243520967004
Rasal1 8.83840894187369 3.88450956058406 2.98925713572796
Neurod6 7.12010937417921 2.50511997942249 1.27868360996739
Ppp1r14a 13.0550218160831 5.93932942456971 1.29688248622248
Sgk2 10.7054090409001 7.18823366953699 5.85629884550587
Ugt8a 13.8882869272901 8.94718413370381 3.44769018046253
Tmeff2 14.0664420721041 10.4038265309083 2.76226570913411
Il23a 8.80828450105593 4.84290333715906 3.83248982789957
Mbp 14.8224206439725 9.99462492655313 4.86084655565757
Ninj2 10.6870904627323 7.30838088341968 3.39603119768421
Ndrg1 13.900600519321 9.63233756650942 8.1649356740196
Mobp 14.1441059777101 8.46002222658153 2.99548372912778
Tll2 6.53359022470635 2.98971856379836 1.52226406905731
Gjc3 9.18280492978141 5.71526667145844 1.87252037244072
Pou3f1 11.4425456117268 6.48214046732809 3.06379533783231
6330527O06Rik 8.89907659418778 5.36004647611532 1.63212862014678
Ptgds 12.6570513326879 8.6420126066686 3.3025462756421
Pdlim2 12.9870052227115 8.95455812604301 4.37525166732177
Lims2 12.4129049316538 7.45805168292157 5.62569147043228
Tspan2 13.9686579860056 8.24703690149344 4.16168804006683
1700054N08Rik 6.89452396823527 3.35252790239295 2.76041161200122
Slain1 12.5041723493792 8.83899709513059 2.34736181082219
Sox10 13.1531846810068 7.3409964251012 3.38751759719745
Prkcq 11.1491100188938 7.70107567696866 2.9432403141358
Fa2h 12.5357702739538 7.92802439202275 4.72385336052508
Nkx6-2 11.0036460088978 7.01649051052299 3.89652720392579
Grik1 8.74646210717454 4.8659486595145 3.34954780244235
Tmod2 9.92537947405776 6.49712905900333 2.62510016073355
Kazn 8.92405176130786 4.55268776630142 2.58754072757613
Sh3gl3 13.8347240443404 8.51948801350377 4.25986737695955
Mela 9.71095261353712 5.11278606912919 1.57000186847395
Anln 12.4292031556993 8.74569692995969 4.07163886730243
E330034G19Rik 8.69542253089997 5.33802798707976 4.36415622792777
Erbb3 10.9952354299393 7.51318004890275 5.33236502372144
Plekhh1 10.5942679624983 6.22743390711878 4.55537970288891
Gjc2 10.1597029733032 6.59776526542736 3.39777287276329
B3gnt9-ps 9.32988297468403 5.05398190656122 1.03141029410723
Kalrn 11.1492391414071 7.22952465170391 2.20221081273854
Gm98 11.77595372991 6.51057714522489 3.15472970360009
Gjb1 8.29889771616671 3.4275560696739 1.84252269050947
Mog 13.1404977560054 5.83677981190055 1.29524344862439
Pllp 12.6144723836719 7.78332056662772 4.84820434546949
Josd2 12.3830756775055 8.86334312817553 8.35776150021059
Cdk18 9.85734671916219 6.14682434664401 3.98672579210941
S1pr5 12.3148430365381 5.58107538364672 1.95214048118146
Ctsk 10.5596196343514 6.68878174715415 5.48330197356234
Tnni1 10.9118628145821 6.27541110190399 3.34923390473426
Prickle1 11.9061873444009 8.36529255548446 7.25850131485435
Gal3st1 12.0730682028586 7.78527195072685 5.53163733155983
Fam131b 9.03056466128712 5.40308103441227 0.953079638048379
Tcfl5 9.56403591651643 6.19239319920031 4.54783152245403
Mag 12.8581061442912 8.66793185126969 3.83748414398768
