Tnfrsf19 11.720966566698 7.94871258811898 5.5797067057509
Cyr61 9.93682167865186 6.2615564560279 5.22778248052769
Ntsr2 13.5656677420223 9.28804727003282 5.59340645682354
F3 11.7277157052597 7.72508336021307 4.54284201995606
Gpld1 12.2275453446275 8.27857326552262 5.46823735548262
Ptprz1 12.3071254724596 8.03418939913637 5.63550858114595
Slc38a3 11.5864912232967 7.65500140727199 6.68986362585335
Cyp2d22 10.3544208143438 6.43813021954252 5.35646489745991
Cyp4f14 9.47143169472397 5.92589358945061 4.7666083235535
Tmem47 10.3801447660122 6.37708987200094 4.76000716195677
Slc7a10 12.0082796489695 7.13454622028712 6.09253505858954
Fgfr3 12.8758013458366 8.65818356129816 6.46790291103244
Acsbg1 11.9825695013646 7.59979292502848 5.56442392354876
Slco1c1 12.180723683793 7.19723078307164 5.34342470491364
S1pr1 12.1506812466013 8.36887451676841 7.11461407136167
Ccdc80 11.4911287893119 7.93903487479797 6.45601379041863
Emp2 10.8666582293216 6.99349979396088 6.25003264128609
Aqp4 12.7949308571617 9.15564517285417 4.59350530750981
Cldn10 10.717178895912 6.94109927285469 5.45936484646518
Slc1a3 12.142456319575 7.92694350888291 4.59839445352412
Tlcd1 11.6234959491504 7.81800298447077 5.7827147139831
Slc14a1 9.23149361143258 5.39051786106811 4.33820539608997
Tril 12.5902436977717 8.75502178010897 5.12106369110657
Pla2g7 12.4372974303603 8.02937228248489 5.80183483447402
Cd38 10.5524516644774 6.11968072189591 5.29372993068408
Lrig1 10.9454604765597 6.90756366395695 4.48934860530793
AI464131 10.3444233494014 6.03706706051084 4.11140538459428
Mlc1 12.2496379715212 7.61303750262151 4.44412034185019
Gjb6 11.8769269675198 7.74872546069535 4.72648312468978
Grin2c 10.3149877620821 6.41745286813182 5.28553664664995
Cyp4f15 10.1905848578415 6.08095076197 5.25846048774867
Slc1a2 11.0483562027887 6.81014973082944 5.49008593111366
