Golm1 13.2101203483476 8.92579377614738 7.03330897842526
Spint1 10.4556347848619 6.04033661694802 5.34858048855869
Cd14 13.2192161633364 7.42497254708011 6.29414871277862
Rgs1 11.2732657042253 5.24923424306104 4.55961865408923
Tlr4 9.57845928744154 5.06708612285762 4.44074579726466
Crybb1 12.2626330350187 6.95050836274533 6.55927876488959
Plxdc2 12.220003916809 8.31702271597863 6.69528516740255
Cysltr1 9.35316944313068 4.38835077214276 4.03199285973911
Cttnbp2nl 11.7987909678216 7.30680284564702 5.86813932486401
Pon3 9.25523957771624 4.87657357685399 4.26987601458918
C3ar1 11.6758330738416 6.26726841957419 5.46592922877797
Fgd2 12.1782381055303 6.47913179056946 5.98274725148587
Tlr7 11.2292178079766 5.31807985655512 4.89317457413512
Ccl2 9.51331836132254 5.35112278160627 5.02306890837729
Cd86 11.8025161112182 5.27428566607651 5.10606937401121
Tgfbr1 13.6166942261804 8.31659498341078 6.03089127621212
Trem2 11.5322766777953 6.70410417174843 6.36834435106502
Il1a 10.6384187212275 4.54069900210215 4.39409902737543
Hpgds 9.17614253947557 5.27670305375805 4.95065158530633
Ccl4 12.5978398161809 7.14844691196277 5.8642948573131
Ccr5 11.767382481339 5.18016790681391 4.45439882001552
Pla2g15 12.3789240227033 7.97763935848725 6.59886935758768
Gpr34 12.1465506323279 4.35373676950702 4.04815042224111
Entpd1 9.56126370390733 5.37077129315601 4.22704214203375
Icam1 12.1386289534114 6.01227116430824 4.86087281279718
F11r 12.2100897444528 6.43443484598641 5.72640668126611
P2ry6 11.6478875366109 4.79024534167679 4.53300431268723
Tgfbr2 12.4866445178717 7.10410635217717 6.17656043050287
Mlph 9.60047087800013 5.77710149047798 5.21996452094764
Adap2 10.5610887215136 5.47368647166482 5.132516511531
Pros1 11.5054128386031 7.357058203295 4.80443726567365
Abcc3 9.93241584290862 5.64672608587072 5.14590823163008
Lair1 10.7210642612145 5.89962939490601 4.89575244381783
P2ry12 12.4722991689815 6.03895063183401 4.85439392235695
Kctd12 12.1753321654906 8.2668379398776 6.78724729054097
Il10ra 12.0130543621904 5.07067337671319 4.8795671724727
Hexb 13.9923705283113 9.77611499358729 8.49670839759931
Pald1 11.0039759359894 7.09019134858846 6.08205118326765
Olfml3 13.6303754126278 7.00609142531116 6.43294526551319
Fcrls 13.5949108894503 6.81686883830598 6.12453830681331
Atf3 13.3208511564463 8.33591848834513 4.96998072856898
Ly96 9.13234129881125 5.38188750133039 4.65150213407099
Lag3 9.99041445226883 6.01527290254848 5.39581507474808
Cx3cr1 12.8877623961749 6.84725045645353 5.75185232608725
Stab1 10.8670295781455 5.6749941458775 5.17227155665962
Ang 8.56677630482011 4.15418881655614 4.06282279327691
Tmem119 13.7732529013683 6.92836182168451 6.3400967344187
Havcr2 10.7085581157162 4.42079539196818 4.26697231963456
Blnk 11.8561343036258 7.22773359744664 5.40376275202904
