Tnfrsf19 13.0018564991993 7.83897607653214 5.72296826338296
Fkbp10 9.12410383749549 5.64304912290944 4.95013041254554
Vcam1 12.3929491233355 8.36494692944489 4.07177466748976
Cyr61 10.9959600609751 5.8512820089748 5.18761292648214
Gldc 10.7486757444651 6.77711402636502 4.85477389018007
Glud1 13.0938298200263 9.50151136691758 8.77929349137468
Elovl2 10.7045883816083 5.49864402244932 4.11635746948841
Aldh1a1 12.9479740462605 8.62190334267693 4.59403964426099
Ppic 9.14722961732418 5.4554744411402 4.53962418691971
Lcat 10.4268306042058 6.73303502388914 5.34911240767619
Pdgfrb 9.49399287654257 5.04324115714205 3.98135982004341
Ntsr2 13.5433900397122 9.29446543438342 5.56500787484286
F3 12.046858941471 7.16335487429383 4.54910934050946
Tspan7 12.1971439474922 8.05707175263321 6.83060263830521
Slc15a2 12.8515915560421 8.91777964521841 4.96894884334644
Prodh 11.5570945696488 7.30492130484316 6.19863007642302
Wwtr1 11.2891910474882 7.249536046121 5.00623817958175
Entpd2 11.0209535809569 7.52257782607652 6.09752845670165
Lhx2 10.6192542909112 7.15329715113528 4.40376222490221
Fzd2 10.9219675636019 7.08984543810332 5.47842224711448
Osmr 8.05891078594142 4.51573140033283 4.08600252996847
Slc38a3 11.9946206880177 7.90346848757509 6.67226390586531
Dio2 13.7075714520868 9.07727714794693 5.44233767902017
Fads2 11.6100482486408 7.52074948177952 5.67784047550967
Cyp2d22 10.5032782141718 6.25550343464601 5.3857100450584
Dtna 11.1015860786357 7.73624526728607 4.01864364608266
Cyp4f14 10.4876568274442 5.87542522305539 4.61421228265763
Tmem47 11.0487403533928 6.51765692079681 4.89450680336095
Cyp7b1 10.9183729902927 6.81392002032217 4.44257250925284
Slc7a10 11.9907195457607 7.16985967824924 5.98961096429871
Myo6 11.2983410380988 7.78458647336899 5.16216662746844
Chrdl1 8.70484370492258 4.88008731830057 4.47783449628987
Fxyd1 11.6471131690215 8.09489901010069 6.83363431029703
Hapln1 9.15497826699135 5.01774176996679 3.82101385326474
Fgfr3 12.978403379467 8.37756223071037 6.15991500343
Papss2 9.44814438915199 6.09468019587397 4.6268979173821
Phkg1 9.24460946071246 4.97409645711493 4.03344883944163
Acsbg1 12.5561219741604 7.45297635770694 5.53849738068291
Id4 13.3274437479135 9.55497792664168 5.29459595058473
Slco1c1 12.9156129450902 6.87881069826513 4.9028593740487
S1pr1 12.8954296083567 8.43058729358018 6.96028825512639
Axl 10.376813463072 6.05442572246527 5.56235681321798
Cbs 10.9440294202575 6.79886753152409 5.8089860183041
Ccdc80 12.2804139354384 7.12904766850078 6.06505021918394
Adhfe1 11.0055411814471 7.04427129192428 4.45697260051677
Aldh1l1 11.7969252409185 7.2614585801619 4.97106226767951
Emp2 11.5813403849635 6.86164490198017 6.09922507206507
Aqp4 13.3317577866316 8.34323800283408 4.50035437604019
Col4a5 8.46756084170596 4.19013219452907 3.768848989435
Ppp1r3c 12.3992487774161 9.008428966919 5.76855819467782
Amot 11.5651260492706 7.44425043466746 5.31594977297488
Cldn10 11.427477768378 6.97461679646431 5.30638209506886
Cth 10.6632472716645 6.20803369895769 4.60297694104984
Slc1a3 13.1185958759032 7.90300901226663 4.4810221521194
Tlcd1 11.8706489810631 7.7883893329761 5.70984912719953
Nhsl1 10.0215222567882 6.62810630149121 4.77384526397492
Scara3 11.5669597770191 7.98216907438774 4.7017860061865
Gabrg1 11.3801334964114 7.23732713300847 4.71014275174121
Ttpa 10.3132942933807 6.21829589679311 4.63522111942237
Atp1a2 12.7730230034308 8.51374353213934 4.6123284686779
Slc14a1 9.97550775801048 5.5246476810138 4.2822745863618
Btbd17 9.29219035907704 5.58408110189801 4.52906322249981
Tril 12.4923090063915 8.80271895028893 5.15419601791275
Itih5 11.6030915588945 7.24570394861446 4.53184016353111
Pla2g7 13.0044315423776 7.67862273413462 5.56983621626184
Cd38 10.6533207272686 6.14210411521935 5.12841587639263
Lrig1 10.6582805228039 6.71776639174176 4.38391197098855
AI464131 10.7536473694453 6.06300469305497 4.07684547452923
Mlc1 12.8557599857415 7.64698789720409 4.29754513582169
Gjb6 12.1555953563466 7.77772231592296 4.77703050752791
Heph 8.11704224431769 4.31778886875955 3.90150066926732
Grin2c 11.0798354491927 6.18229193091877 5.28910569312816
Cyp4f15 10.9460279593568 6.02174837371864 5.25516394066952
Myoc 9.34548543543468 5.89122888871346 4.65747241048827
Slc1a2 11.9669799727402 6.72337972841595 5.49811479575361
Igfbp2 11.5269113352783 6.99418465121219 5.24921322996068
