Tnfrsf19 13.0170551152101 8.163665998085 5.72897846104991
Fkbp10 8.97811136320149 5.65370249908283 4.95013041254554
Vcam1 12.4630577100431 8.36494692944489 4.0733894043285
Cyr61 11.0460882561593 6.10272355470138 5.216501541294
Gldc 10.8695664176776 6.80042019526752 4.85477389018007
Glud1 13.1050940388712 9.50151136691758 8.70303045495584
Elovl2 10.7408857026568 5.98137288871517 4.25689114184314
Aldh1a1 12.8320986318527 8.67088308845813 4.72711801262258
Ppic 9.07053452265401 5.4554744411402 4.60926771268554
Id3 11.0767861088047 7.7173898267726 4.51236067735298
Lcat 10.405952604035 6.71055173531631 5.4346487655143
Ntsr2 13.4914270754374 9.19031875053108 5.56500787484286
F3 12.0807292830354 7.80972984582482 4.65795606643957
Tspan7 12.3395761770886 8.54545650013446 6.83060263830521
Slc15a2 12.8650620990656 8.91777964521841 5.65562296506404
Prodh 11.5608536791366 7.65556560324929 6.22030241220861
Wwtr1 11.3200018331765 7.12283245196259 4.9972696230099
Gpld1 11.514454332507 8.18104913737546 5.33498349293433
Entpd2 10.989456396274 7.41241140806843 6.09752845670165
Fzd2 10.8921293957318 7.10860165618878 5.47842224711448
Ptprz1 12.3462318850367 8.42411189808455 5.73126917461125
Slc38a3 11.9754534446227 7.83559164470737 6.67226390586531
Dio2 13.6873440649276 8.72070661132084 5.72043126055286
Fads2 11.6947155132253 7.61145502728635 5.67784047550967
Cyp2d22 10.4172666606301 6.52963239792586 5.3857100450584
Cyp4f14 10.4746427720886 5.84301414232827 4.61421228265763
Tmem47 11.0182730466748 6.46586431843071 4.89450680336095
Cyp7b1 11.0269260027674 7.65323969683044 4.44257250925284
Slc7a10 12.0137747448473 7.09741282544064 5.98961096429871
Myo6 11.2116892980677 7.8725535820491 5.60389353956468
Chrdl1 8.81623801658498 5.17341249285628 4.50590610757536
Fxyd1 11.6542261782819 8.0954877471776 6.83363431029703
Hapln1 9.31968731926019 4.91937645865781 3.82101385326474
Fgfr3 13.0331805406119 8.58277733139727 6.34240430975649
Papss2 9.60452933599322 6.04824414613826 4.63570276168747
Phkg1 9.11242286878067 4.98707913104816 4.10445177143012
Acsbg1 12.3590375667323 7.62213164050102 5.55553976050607
Tgfb2 9.77503571356295 5.93867673547116 4.73497243193855
Slco1c1 12.9716820180478 7.02139138613137 5.0574155705021
S1pr1 12.9711096293167 8.43058729358018 6.94448442494708
Axl 10.3617267384528 6.04014204273645 5.55343194448637
Cbs 10.8046888859182 6.93548999637349 5.8089860183041
Ccdc80 12.3418078251754 7.86437886474062 6.1610404428015
Adhfe1 11.1000301239203 7.06105154007388 4.45697260051677
Aldh1l1 11.8480830282233 7.84854454183277 4.97106226767951
Emp2 11.7321678289295 7.00188850581261 6.18592830410827
Aqp4 13.3551369171077 9.18449151840478 4.55326898329837
Col4a5 8.47992793650802 4.18054139181003 3.80944245788113
Amot 11.5629714072595 8.09084957872602 5.31594977297488
Cldn10 11.4178602030182 6.87625811432645 5.38361410639538
Cth 10.6661796277855 6.27321803298178 4.62824857934033
Slc1a3 13.0033080891387 7.90300901226663 4.58321729521685
Tlcd1 11.7543841882307 7.77209253128947 5.70984912719953
Scara3 11.5812159522506 8.17703297025662 4.7017860061865
Gabrg1 11.5316224791056 8.11238233149921 4.71014275174121
Ttpa 10.3307807528901 6.15738184825459 4.64452896619941
Atp1a2 12.7404616803696 9.2302834457622 4.55524318988835
Slc14a1 9.81781379229805 5.42927068029537 4.28053774084348
Btbd17 9.53725796320326 5.58484323597586 4.61361366190613
Tril 12.4391939251237 8.68299374565321 5.15419601791275
Itih5 11.6853205724885 7.53749890217197 5.60892888426577
Pla2g7 13.0632840169669 8.00663694591571 5.67464036725832
Cd38 10.7946916179119 6.14210411521935 5.12976015109545
Lrig1 10.5389888489859 6.67816414921865 4.38391197098855
AI464131 10.8293543114102 6.01079718886926 4.07684547452923
Mlc1 12.8150607095852 7.61923431392168 4.29754513582169
Gjb6 12.2206375095662 7.86955869453233 4.77703050752791
Heph 8.19319208774704 4.30968428304887 3.89034371915653
Grin2c 10.9861773290255 6.50152396446362 5.28910569312816
Cyp4f15 11.0197280467778 6.02472111560424 5.25516394066952
Slc1a2 11.8951987698827 6.87529756606093 5.49811479575361
Igfbp2 11.4664456503611 7.59174443503132 5.3949636994479
