Golm1 13.1792932323564 9.60202231355186 7.17247155290572
Dusp6 12.1118170992931 8.62752158545711 5.48414142705647
Tgfbi 10.214108505107 6.33529111100295 4.15844228650957
Junb 11.5499826198348 6.3983363024545 4.93629439150746
Lcp1 11.9186828085383 7.18953759689695 4.37893700996024
Txnip 13.6926905825169 8.38575644528144 5.72002381178358
Cd34 10.4821943254353 4.99452128341315 4.63934229389682
Tpst2 11.1108919206009 7.64261061522535 7.3199161278075
Cd83 13.2161047162533 8.64878712354028 5.85424622023346
Fkbp5 11.7347664490302 7.72218417239104 6.45549716361989
Sipa1 11.028832104782 6.82525543568489 6.05450179082322
Btg2 11.3906424677534 7.55101064858004 5.62953385591796
Ctsc 12.6108642775907 6.42184247829338 4.12058890903801
Ier2 13.4029366730924 8.88776283850665 6.86053236097403
Socs3 12.8477426387797 5.60645763374774 3.98518868898088
Scamp2 12.1490850674193 8.27563107607963 6.62882599249925
4632428N05Rik 12.9633024758073 5.46896821230133 4.88227216791476
Spint1 10.3283172527647 6.42628943857089 5.09669531057159
Slc2a5 10.6169587052025 7.14559953192467 6.22631514907007
Irf8 12.5462653592052 5.7806036364406 5.42292971635596
Dnajb1 11.2409766690475 7.86581904469553 7.05056292703066
Parvg 10.4281853264487 6.55231210145719 5.40702644222622
Mcl1 12.2077605709068 8.81125479280233 7.14570101605326
Mfng 10.2459357618163 5.85997422526534 5.54875480770166
Slc40a1 11.6873175794834 6.07526225052535 5.18363131345679
C1qb 13.3809165744448 5.00463416998404 3.8771315434465
Ccl6 10.4831140019336 4.64656759257188 4.24836522234667
Cd14 13.3794861542207 6.5533594129082 5.62410076254265
Pycard 11.7530559991681 7.56203098636908 4.89639270079144
C1qa 13.1874316054276 6.62239232265671 5.43511439736828
Slc7a7 10.9326702827516 5.56808492713833 4.96685967420028
Klf4 12.8356975471887 6.60830621353244 4.80510836237328
Jun 13.1513958362792 9.08275666794159 5.49723041405901
Srgn 13.2795222117037 5.95520435789336 5.05069960088599
Nfkbiz 12.6921044506167 6.88142355929791 4.61496671869815
Tgm2 11.6702792723547 6.70343051794553 5.43507802859499
Plek 13.0385446953369 7.52065574270976 5.83731891827662
Rgs1 11.3590498478886 4.81797479189127 4.33491288558587
Ier5 13.0447369736646 8.82473228011638 7.53241211201052
Laptm5 13.25292607905 5.94395812118124 4.45302463090168
Rgs19 10.0869225771368 6.70524365098135 5.9977677349716
Ctsz 12.9968566741552 8.93247233648147 6.0367353946328
Fcgr1 12.2955371160684 6.24606159639318 4.31727088388762
Slc16a6 11.5647594820405 7.12728139137529 5.92409556055441
Ccl9 11.4677327663853 4.81973642671351 4.51557948377128
Trim30a 9.81298833801394 5.98199325604234 4.88475627497319
B4galt1 11.1336165305587 7.13560418263469 5.75349681540921
Nrp1 10.6812295061732 5.87406331039419 4.95246718783499
Tnfrsf1b 11.7452188608572 6.49960078307275 5.77323359541223
Inpp5d 12.4577394438636 6.88833499425263 5.58759151362459
Tlr4 9.57555684780965 5.62086747880575 4.30817217305738
Pmaip1 7.97566326054479 4.41654568098855 3.87558148588958
Aif1 11.8214348072249 5.28659367698984 4.85181881845551
Syk 11.3160084368777 6.20579639160618 5.63492613972398
Klf6 12.2250639567383 7.05676268933417 4.68942619591812
Crybb1 12.2648088011919 7.00572114007843 6.39546547991704
Fcer1g 12.6718396223893 6.24215361221589 5.45207723144723
Ctsh 12.87251521366 5.63596056515801 5.17677106475339
Gbp3 8.52766426384374 5.12660034744939 4.65825725230284
Gpsm3 9.55595780536678 5.62980528814803 5.35048839452872
Ncf4 10.7292352869563 5.27352561071257 4.94276792858509
Ggta1 10.3002208247185 4.41119369039819 3.95633583563398
Lcp2 10.4089431447829 5.64149460313197 4.64009084484045
Ngp 12.7574775005176 6.31380239108461 5.0388271734389
Spi1 10.4190424481911 6.72715692269405 5.95124312872977
Atp7a 10.2141459779396 6.49531707595359 5.174080036923
Csf3r 10.4683520496493 6.13420353566418 4.87640374504031
Ms4a6b 11.2554621340409 5.18839860118059 4.61242632945944
Hcls1 8.70906636115833 5.15160947155332 4.56940730333375
Pabpc1 11.1781404360411 6.47095388415454 4.11625860536931
Cebpb 11.5932508063623 7.91290701156252 6.50505775311473
Plxdc2 12.0745716973584 8.747247218939 5.63386913314855
Cxcl10 9.72683118350032 5.56950156514713 4.91751203012534
Maff 10.2074887860116 6.57838805012988 6.11643043078284
Cysltr1 9.25437959121948 4.11731131608824 3.86352233586894
Cebpa 9.84230025530157 6.33508093009068 5.16895916344934
Lyl1 9.96552235514374 5.61552812760597 4.86278979265773
Ptpn18 10.3344380846283 6.47177832495116 6.08062921997043
Tlr2 11.9276981137555 6.233171065266 5.36286869539853
Cd163 7.96377468160987 4.46068017812973 4.00506223994567
Serpine1 9.65311808101758 5.36233760558231 4.42992259073416
Mlxipl 10.5385226388773 6.48734203383712 4.54510504641408
Cd37 10.9003612304416 6.06756978038614 5.5262579772993
Map3k8 10.2772018482877 5.42458603238916 4.69551272589661
Rgs2 12.8588029707337 9.34507998211178 7.33621668882123
Myd88 10.6605178444686 6.73498678007275 5.41898168189788
Ccl12 10.6391731596107 4.80196551809728 4.25959598839962
Arhgap4 9.32893709991249 5.74392853362337 5.34447689171073
Pon3 9.25424963832735 4.44026437903072 4.08894504543969
Slamf9 11.1460693903532 7.42200141407814 6.11475656888588
S100a8 13.1710031765985 4.99347174478354 4.74749055489404
Il10rb 10.5493104181091 6.6880026492551 5.15617488356173
C3ar1 11.7048817822179 5.81483169447557 5.0014138267225
Ripk1 10.2351943744533 6.87395830977673 5.49116113496455
Fgd2 12.0963667807367 6.09135295775384 5.66594033951213
Ccl3 13.5359936909524 5.31701259751245 4.35978181725661
Ms4a6d 11.4841310922632 5.01957524530322 4.58266913899562
Camp 12.4507582747533 5.75102498501476 5.35137682459498
Klk8 10.1827990465209 5.68916600573298 5.50394994860368
Chil3 11.4871946767607 4.42373533064208 3.87283088896311
Arap3 9.99309938625579 4.41149928621983 4.02548012444753
Tlr7 11.1537008662761 5.64654309622949 4.63896890424102
Csf1r 14.0292728577336 8.96509188669982 6.57868294974146
Rab3il1 10.3829864041852 6.89863207136228 6.25877560069064
Slc11a1 11.3948658681908 6.30457952175005 5.35015464774884
Ccl2 9.3887194295731 5.50449617291992 5.06364588147403
Cd86 11.6527693006629 5.30646754109533 4.82631805242641
Gpr84 11.5263505075912 6.05200552072015 5.17949629497251
Tcirg1 11.2860007996333 7.21021158803162 6.49954892671125
Trim12a 8.39694276788024 4.37403584389202 4.11548781861295
Zfhx3 11.2191522315493 5.43721520436333 4.44192097368528
Slc15a3 11.3995649353571 5.63472685721189 5.1566469140168
Clec7a 9.25038759656192 5.38594756478575 4.61249530909184
Rel 9.43208070521036 5.27680047809118 4.74952179661349
Tgfbr1 13.5090583473981 7.14298157524423 4.6279033860056
Adcy7 11.9949098164077 7.96040605775374 4.17995963513436
Gpr56 11.1033359990947 7.70681459668745 6.69694496298167
Lgals9 9.69958847858634 5.86185754663871 5.15237639420167
Trem2 11.303795824757 7.55732237392039 6.15377032213477
Birc3 10.6915102166933 7.2821224950752 5.95083416147741
Igsf6 8.83394697282607 4.54864743985767 4.15460689659446
Samsn1 8.81738530496463 4.5549549366018 4.44221237190076
Il1a 10.5376640185961 4.45967546556792 4.04293845243771
Hpgds 9.22775583355141 5.46579811857691 5.03187552517156
Naip5 11.0978070538461 4.83103056594873 4.11517253178718
Ccl4 12.6588721873418 7.20478353509634 5.35175704979658
Itpr2 10.8475742428576 6.90112484095957 5.17924840537182
Stat6 10.468465477124 5.51173546320023 4.61986734168472
Abca1 12.0542577742267 8.43836189343302 5.60921037884621
Dapp1 10.6129812986097 4.99244331841431 4.82587949687212
Clec4a2 10.1399334143348 5.15011364160141 4.7743234704672
Fli1 10.1221580891138 4.69218889697449 3.82040302050322
Ets1 9.52298260959165 4.84681743654473 4.00713033890353
Ptprc 12.4924457080349 4.56856801167959 4.1306180538677
Fosb 12.0153263432166 5.84179007875128 4.7155521288923
Ccr5 11.6775104276773 4.68319802221801 4.42384021501062
Il6ra 12.6762370901779 6.34129008995406 5.77577277020337
Pla2g15 12.3402771280608 6.97823142387201 6.09137881172886
Ifi30 11.3741036101554 7.87589920874895 5.55821046690759
H2-DMa 11.302506340632 6.90924254763218 5.73830390441904
Gpr34 12.0465417111213 4.3846082796766 3.76013784503516
Rrad 10.0218987777276 6.10153741674817 4.8509542650696
Rnase4 13.0645450224258 6.36193457687464 5.3250725479031
Fam111a 8.38937991141375 5.00827758190259 4.32185147680294
Pik3cg 10.1391450667911 5.42679971796523 4.72070610576107
Btk 9.59129305907372 6.22486533753682 5.55855598992134
Dock2 8.82632728691093 5.46698608205775 5.02770697379415
Mertk 13.1492058693859 8.33245025533751 5.33301806611051
Cd84 9.79853579725004 4.82293745952779 4.44776278907116
Ly86 13.8484382572477 6.55771119303947 5.26129119850455
Vav1 10.4988780096262 4.49571273982596 4.10198303594666
Pik3cd 8.81988866956337 5.46236297266134 4.99140314408793
Cfh 10.9189995251726 3.97308566399434 3.4601979257453
Tnfrsf13b 9.55249902249023 4.78063708876242 4.24671646075833
Hhex 10.0129558927535 5.54365040056084 5.06421798004759
Entpd1 9.36332417160173 4.73544093414706 4.1388650088229
Ptgs1 12.1460566579667 4.99299137067007 4.57681816622281
Frrs1 10.5118954880326 5.79575049466447 4.84902378874536
Lyz2 12.6255399097117 6.89675506331425 6.18087418785276
Ctc1 11.7381009275171 7.72092602486996 6.79595946699851
Unc93b1 11.2638153754962 7.26755437534804 6.05430573814091
Hvcn1 10.3744362140918 5.84826519183842 5.48531205541591
Edem1 10.5468048765477 6.62048493339255 4.43970172115279
Icam1 12.0835121128031 5.09678360372311 4.56932737044309
Ptbp3 11.2821230739434 7.79161210017532 5.4546359516691
Rcsd1 12.3327371826167 7.54682806585112 6.02794740005068
Tmem140 8.37653073680301 5.03599323137519 4.42840646919486
Cd177 8.34962699286364 4.47395012554913 4.03678983607146
Casp8 9.75678338176791 5.36589486652757 5.03138563449099
Tmed5 10.5709139699701 7.05604491005217 4.97769762706381
F11r 12.1396861374846 7.77216291030482 5.4770282752742
Glipr1 8.77583583215041 5.21770098132754 4.94148906216258
Lpxn 10.7275528959061 4.88313408381707 4.43770571929818
Siglec5 8.28941632201165 4.10411817310221 3.75459963560037
Fcrl1 9.22764356004362 5.5046807344252 5.18468842645769
P2ry6 11.5574667748729 4.69121251246051 4.33127777917271
Ighm 11.5555075036114 7.1443593775692 5.68374941053391
Tgfbr2 12.4393744689228 6.120317362833 5.0086376003992
Ceacam1 8.80282175058088 4.82326031588907 4.04740323954548
Ncf1 8.88584686160739 5.48991228311649 5.06481365193314
Il13ra1 9.84239214017086 4.59805506766418 4.32576771982843
Adap2 10.5722797031115 6.2085923829689 5.31196593402004
Capn3 10.3369957490321 4.89294418475462 4.18302074690026
Gem 8.28519304309807 4.28391294858107 3.86470971205746
Rrbp1 12.1135184174842 8.69451402284249 6.29919449213585
Vwa5a 10.3106484906387 6.58703845130573 4.72949439659327
Arrb2 11.4983554070217 7.90677540047056 6.56874164134434
Pros1 11.4603712254362 6.05147513070395 5.31750458496446
Arhgdib 10.7973257228637 6.8286647730894 5.67858912045619
Tifa 10.8074268423842 7.43727816227937 5.73471493617914
Arhgap17 10.9767981793134 6.81598155068503 4.99510979826603
Trim47 10.0791566495733 5.28197309890782 4.86746833218285
Sash3 11.249005723635 6.14561021185954 5.20592771785959
Themis2 9.99513496121799 5.43217156995473 4.85051704777726
Mpeg1 13.5931395335038 6.32467926550586 5.63651690144062
Cd48 9.95999221182058 4.63733868638086 4.36975579031543
Akna 10.7072692564892 6.78467575912663 4.70718714591976
Fes 10.5551239260507 7.038068789089 5.4788671974687
Cep152 9.74520694836984 5.7030799201123 5.43199993749684
Egr2 11.2484829324693 5.06317657337143 4.19774007879731
Ccrl2 11.3826980615646 6.83210578070942 5.51281884359516
Lcn2 12.0118513639671 4.38682765617886 4.1578221417412
Hbb-b2 7.88283645776123 4.4383368370464 4.07786959396826
Myo1g 9.24155609377298 5.85805846544314 4.73995950780495
Tmem173 11.0989726590541 6.94014369455246 5.65086894603561
AF251705 11.9378287827213 8.14693654956707 6.22780161181078
Hmha1 10.4292840746509 6.24820879515082 5.64638222059071
Gmip 10.0312950363764 6.43258309500909 5.54945021994108
Nckap1l 11.1514517971807 6.2478631533994 4.94832274541905
Abcc3 9.68880748830503 5.85926787579171 4.91723602670342
Rhoh 10.6886747062572 5.41514053299247 4.60237569982665
1700017B05Rik 11.7630363477309 6.73389890955601 5.53792433377361
Gusb 11.4166507135997 6.98654540960088 4.66674856390318
Lair1 10.6341607739461 5.36248053826816 4.72877476750381
P2ry12 12.3417720061336 5.22144514475047 4.36766285866014
Epb4.1l2 12.5141878325852 8.94063548060036 5.03358406433399
Pld4 12.0162068213804 5.76857761141857 5.1798233474227
AU020206 9.7250304187546 5.63230667032828 4.80795451404652
Fermt3 11.255187597153 5.0388064288858 4.45544067259448
Plk3 11.1628299712601 7.77296316556243 6.39209160129962
Ankrd44 11.6555430067368 7.56507289837767 5.77467642870736
H2-Aa 10.95884712019 4.89794329121806 4.38643337553515
Fam105a 11.8141138102905 6.81876625699618 5.73261775784954
Herpud1 12.561534184029 8.67803278843041 7.72087000100133
Cd300a 9.78331319123392 5.2497975950789 4.86363951880706
Lyz1 12.291433368859 5.1817060591377 4.33228714980426
Clcf1 8.66818372368241 4.11315892367523 3.70657031773653
Zfp36l2 12.4844215051541 9.11106869035211 5.93876140495182
Il10ra 11.9204835825207 5.14290835190256 4.75357168369164
Hexb 13.9682695694516 9.78141716402728 7.22171187723069
D530037H12Rik 10.2863068988974 5.26706249749618 3.95760580424507
Rab20 9.47961105235741 4.58293720465153 3.80548502831093
Grn 13.5694893497197 8.45869861621971 7.29286421346806
Ifitm6 9.52062006754197 6.08518094975813 5.51994922951317
Fam46c 12.3008656779841 6.7538736389498 4.31700258921227
Ctsa 12.9368651417016 9.25091239195168 8.17367630489866
Pald1 10.8157904216058 7.30109339105776 5.78960002126326
Ifngr1 12.0120817823602 7.85469318354978 7.13671686933314
Tcn2 12.1131223131962 8.38495828813025 6.32711694187794
Anxa1 10.0891907764378 5.03964267390023 4.48392729272759
Ppp1r15a 12.6842681011032 8.13873500534284 7.46023736843535
Olfml3 13.5589885962411 6.71708668772994 6.10214920487043
Ncf2 10.9678841319022 6.324511010889 5.73834930029107
Il7r 9.09542824054331 5.76719918413168 4.56407774519564
Ctss 14.0972400899769 7.71004779216894 5.39021336665815
Cd53 12.647448770815 5.88967493763183 5.03354051747614
Fcgr3 13.39521832835 6.38464213794427 5.47810423537183
Hps4 12.4456398299555 8.95965364713851 7.94307438609884
S100a9 12.5433488948648 5.46764725614143 4.49741899068515
Hp 9.14524736055938 5.82205657201476 5.19812026107716
Lgmn 13.3423749152836 9.22382279215812 7.75449502754172
Klf2 13.0114488593516 5.85828851309054 5.31601959710236
Fcrls 13.5094801235154 6.51983021560924 5.27371028904815
Tlr1 9.47210882993985 4.57779398423373 4.09777020580101
Selplg 13.4608296010201 8.28193404836395 6.07076015767891
Cd68 12.242490069775 5.23251525197963 4.56760020282917
Ebi3 9.21311913542791 5.74781183704106 5.15902799510685
Csf2rb2 9.41716750216967 5.15255179538508 4.23527003487258
Atf3 13.3007390383143 5.54812841696083 4.79316724515896
C1qc 13.5863871767458 5.84564102218934 4.90640838396935
Chst7 10.9028652320415 7.16868029415271 6.16179255215264
Hck 11.677853867497 6.94817696723486 4.98995999205394
Gcnt1 8.17673933531389 4.62591990429645 4.19854608065742
Casp4 9.24666718666705 4.34365052321901 3.90766580715901
Ehd4 10.2095137657382 6.82028773510154 5.1529625147353
Lag3 9.95212609690159 6.07580161679755 5.35910162845995
Cxcl2 11.1862547067567 4.32542192082446 4.12608948937028
Ltf 12.2109361391241 7.24665219506352 6.23536988268579
Cx3cr1 12.8661645891936 6.63610973733744 5.26433737835339
Stab1 10.8319181809469 5.59780665494722 5.18876363306473
Il6 8.39447282799593 4.1509455363119 3.83088375402226
Pdgfb 10.784427213788 6.3381946579608 5.26380473691244
Mrc1 8.63837955832117 4.22855349314652 3.95950100381826
Itgb2 11.8272052895604 5.16685850793485 4.53045424964485
Adamts1 11.3594540869076 7.86209466259742 5.67077813076213
Ang 8.39410428367088 4.36075425993539 4.06774950812979
Tyrobp 12.8882077765556 6.16733556594081 5.39975473454976
Ptplad2 9.53045279911964 6.1566644477587 5.40199924462148
Slc29a3 11.671269772336 7.5708437229073 5.29811377161867
Emr1 12.7324162108168 6.84380826990779 5.48367908946259
Nrros 12.2035612900789 6.99397118429098 5.38208311615829
Tmem119 13.7062504747088 6.97973357270324 5.38039381234963
1810011O10Rik 8.23549028637786 4.80180492823517 4.21292638858244
Parp14 9.29651035265735 5.59960737214593 5.07225509803359
Havcr2 10.6395343238155 4.65688442790615 4.10910184605541
Alas2 10.1192139258561 6.06318561185426 4.67750771095421
Cmtm7 10.2158890607314 6.45127783706879 5.19587862821093
Mafb 10.9468667556878 5.64736162001885 5.18777250839327
Blnk 11.7867853033936 6.05324772840408 5.23838911244271
Alox5ap 12.5576931349978 8.67227488789067 5.77665986288371
Fyb 11.7070682335866 6.81503660976415 5.8375750571907
Ctla2b 9.98817720392032 4.39497703933728 4.00518763648017
Hspa1a 11.8296568285311 7.64811731383926 5.93693864891295
Zfp36 13.4710413836478 7.74741227995369 6.18950699900938
Abhd15 10.2572440975652 6.47992837860913 5.02851014547291
Cyba 11.7795222099381 8.10300560576974 5.31455857022098
Ptpn6 11.5568573976642 7.49088282148778 6.35986495552051
Tec 10.1464631671626 6.43074283540705 5.36069258129839
Cd52 8.87459768254704 5.13867260279307 4.43884865445765
Irf5 10.4986359523617 6.22789453601872 5.54706470445851
Naip2 10.6906973938164 4.65406722337707 4.18862431032925
Anxa3 12.8939144704404 5.74765088090903 5.23240130400372
