Golm1 13.1709345745481 9.48825141781856 7.12636818662859
Dusp6 12.2043335698759 8.54967416202533 5.3769885178037
Tgfbi 10.1729708775644 6.39414129567317 4.16418401928713
Junb 11.5780026398467 6.38710056862191 5.01532953390236
Lcp1 11.8463632704423 6.90805164560475 4.26901707827753
Txnip 13.6993914736524 8.29728021098584 5.78808245199676
Cd34 10.5911587485583 5.15430192355926 4.39952567271857
Tpst2 11.1246231388186 7.66714090225022 7.29222652380976
Cd83 13.2264749464343 8.47011017616482 5.58590775568181
Fkbp5 11.3757997333897 7.74058505421211 6.5502408304042
Sipa1 11.1257432146877 6.96787159401596 6.10712140704717
Btg2 11.4968904593275 7.32334617776123 5.69908756066101
Tnfaip2 9.08145533726492 5.7202470422587 4.36295434620178
Ctsc 12.6065842886925 6.05057621125756 4.27923390498438
Ier2 13.4150634942812 9.00580879829677 6.81043124241551
Socs3 12.8363611039744 5.37397849397535 3.95524639887113
Scamp2 12.0782300087712 8.25513344036757 6.80715593860305
4632428N05Rik 12.9592128362635 5.45357674724274 4.85109336828197
Spint1 10.3415667614487 6.55283186033057 5.0667093053558
Slc2a5 10.7506339487812 7.33269418672472 6.2399283639029
Irf8 12.5606886061131 5.84887843442064 5.38670794421969
Dnajb1 11.4072973894197 7.82667640597785 6.86722440410534
Slc39a8 8.3702572354114 4.95152130150503 3.93138087680261
Parvg 10.3224146114506 6.60938911177505 5.35905620450263
Mfng 10.1100884876208 6.02732148330806 5.57982748284547
Slc40a1 11.6365802495677 6.16157253343044 5.046669684018
C1qb 13.3846079047961 5.14322114763165 3.89520055886847
Ccl6 10.223717633042 4.6761913675688 4.23897971217932
Cd14 13.3052539164274 6.45074342481018 5.61491744677414
Pycard 11.8185468367102 7.47434440064731 5.01742218993397
C1qa 13.2380236204344 6.22777851825241 5.4332422840151
Slc7a7 11.052383619296 5.73743041508849 5.01546351147905
Klf4 12.698526861476 6.75060145719896 4.90054271586181
Jun 13.1567215574815 9.15126755939771 5.37920895784938
Srgn 13.2509970787582 6.06469985816316 5.30475359506015
Nfkbiz 12.6860754101133 6.93770978734613 4.556845071698
Tgm2 11.7718766956168 6.69027177653927 5.40454520721337
Plek 13.0669588958399 7.44647023685419 5.94517317701023
Rgs1 11.2541972267774 4.72324434517179 4.34243100798263
Ier5 13.0591463203827 8.78020688820654 7.58213634526074
Cd79b 8.31573716498709 4.93363045280523 4.67805038465585
Elk3 10.4901390004177 7.13031392156447 4.1717094107206
Naglu 9.26626288253695 5.84986283908226 5.22970970217857
Laptm5 13.2497958585741 6.05810223283146 4.48872923298124
Rgs19 10.139947557409 6.75372063773051 5.81719918948807
Ctsz 13.0341451754765 8.8760493146118 5.91044662498684
Fcgr1 12.3056772228307 6.10684156118723 4.38339927168623
Slc16a6 11.601886645942 7.06978822321989 5.97892909709797
Ccl9 11.5606702750711 4.81344860644964 4.57146616938321
Trim30a 9.82440837349698 5.88995759825217 4.87858348585542
B4galt1 11.050190662426 7.05122897056226 5.77669115862723
Nrp1 10.4416176811946 6.31845585834857 5.01740221569465
Tnfrsf1b 11.5849644137814 6.71465407151264 5.79512061647449
Inpp5d 12.5199395399242 6.79789519793765 5.61507346169462
Tlr4 9.52419084436795 5.50103150291912 4.25101202570398
Pmaip1 7.94812896443572 4.48933930002268 3.87185391638389
Aif1 11.8782125697407 5.33718220124039 4.71090402686724
Syk 11.2305153374971 6.28432019851383 5.63307839294194
Klf6 12.1614928848338 7.15621610077934 4.63904638318393
Crybb1 12.3010895138039 6.95387190522629 6.45909103720619
Fcer1g 12.6409109862305 6.28981404716238 5.41896971224438
Ctsh 12.8519091129382 5.69982131066528 5.11280104117951
Gbp3 8.5913202656342 5.14104554270659 4.82290468116536
Gpsm3 9.66649074936397 5.65456051781855 5.36271751991893
Ncf4 10.7081144474155 5.30622962626694 4.90663779788301
Ggta1 10.3145780373454 4.36900094116277 3.95816749864419
Lcp2 10.3889718130272 5.54071993682069 4.76871200253365
Ngp 12.4329204009581 6.46903869812891 5.07575826542754
Spi1 10.2850028049619 6.82569711677175 5.98874945463932
Atp7a 10.1404314445784 6.45876971426647 5.11367346393669
Csf3r 10.4703586336665 6.26733024144434 4.86706434437975
Ms4a6b 11.1222234312687 5.09934893052277 4.57674524752164
Hcls1 8.83239317939796 5.06184443010983 4.63007681148123
Pabpc1 11.1513836653323 6.34860315960472 4.13479383313132
Cebpb 11.6879517821222 7.85857092654848 6.53483250270499
Plxdc2 12.0633823649962 8.68330801778525 5.62079446437556
Cxcl10 9.83264446685726 5.71406951917209 4.90197715415023
Maff 10.2395219098757 6.77276424161732 6.13177829528259
Cysltr1 9.33333349087416 4.09258810899265 3.78428611805228
Cebpa 9.88957255483431 6.32527089231155 5.14437472332804
Lyl1 9.97533629065994 5.42961975247093 4.78620961779767
Ptpn18 10.4025712369028 6.48910355294559 5.94600418578978
Tlr2 11.9268402473875 6.37399751352647 5.37913062814117
Serpine1 9.52331793271942 5.35635943044017 4.38253687497039
Mlxipl 10.549742788076 6.34934885084098 4.53090857950612
Cd37 10.9048574016166 6.11228040676731 5.48660048295925
Map3k8 10.2849700718244 5.5020792607212 4.62130401982187
Rgs2 12.8270914592276 9.3285990866806 7.32149938736532
Myd88 10.7278217724093 6.91048288310208 5.73526860267603
Ccl12 10.5112043294489 4.49459429962838 4.2829956325896
Arhgap4 9.36525554969312 5.86523939949258 5.27622819564434
H2-Oa 8.7917936065526 5.28989659481122 4.96599488653262
Pon3 9.20297150005047 4.46106578056079 4.2646772470768
Slamf9 11.1882832385642 7.58029387137614 6.1522757899505
S100a8 13.0395448654869 5.07382279137027 4.75604719048679
Il10rb 10.7116513838826 6.51641826253353 5.14432834246303
C3ar1 11.7072754362155 6.06224935393478 5.0702564548035
Ripk1 10.1243899929041 6.77807590187244 5.4440852640989
Fgd2 12.1304825880125 6.1189206620349 5.76288059676572
Ccl3 13.4953964323281 5.03986265329095 4.45579536577596
Ms4a6d 11.3799791784438 4.92007229986389 4.58737903031936
Camp 12.113738407204 5.79743716520937 5.34363467400283
Klk8 10.2464469222101 5.79877355275575 5.57032927902125
Chil3 11.1159878878753 4.40764436001902 3.88058891976793
Arap3 9.86775374576886 4.54216098807114 4.08089998084125
Tlr7 11.2112407400947 5.6564868752677 4.64007132626553
Csf1r 14.0460007158016 8.32268524016689 6.52695705517747
Rab3il1 10.4710400563943 6.94895826064413 6.22996349056001
Slc11a1 11.4154854568916 6.3156862214245 5.30236888305014
Ccl2 9.49866288250659 5.56666804425185 5.21207723945007
Cd86 11.6419705628058 5.41424657818121 4.84408209675908
Gpr84 11.5935377294956 6.0464773263852 5.17492108128119
Tcirg1 11.3257053795282 7.1644709714464 6.5336146702288
Trim12a 8.5835260320544 4.36973418406788 4.13206444886118
Zfhx3 11.2942984484453 5.56577711504698 4.43653100111273
Slc15a3 11.5219827541908 5.63478233509404 5.21375617468149
Clec7a 9.36335652990378 5.04079885333853 4.59675928915834
Rel 9.30153835661437 5.38570460987044 4.83889049376304
Tgfbr1 13.4953964323281 7.09148410121151 4.61334593644178
Adcy7 11.9646243532397 8.22300041688709 4.60506850261029
Gpr56 11.0473777353108 7.66818104759944 6.58324005589792
Lgals9 9.80576100376818 5.92867903421586 5.20049589159722
Trem2 11.528689695107 7.39898890113015 6.17982328143664
Birc3 10.7521481640029 7.31983528360421 6.01588255170683
Igsf6 8.68495551282954 4.51708091935894 4.15463131639934
Samsn1 8.95535277925432 4.65016148618617 4.44641515555181
Il1a 10.5450729398403 4.38382476148696 4.01141783332191
Hpgds 9.14123713383759 5.66066244374433 4.93778944053641
Naip5 11.1347547074536 4.55627712046287 4.18852451135669
Ccl4 12.7516225784521 7.20212776909277 5.29857124102096
Itpr2 10.8613975316724 6.85388887082651 5.34690203734344
Stat6 10.5031698578152 5.56397402871958 4.46307463005189
Abca1 12.0785728549459 8.48453513718661 5.54053700437315
Dapp1 10.626591308075 5.063908618474 4.73411455488946
Clec4a2 10.1190075949126 5.08043573481666 4.56532565205998
Fli1 10.0832277034328 4.67654976643881 3.8442970565412
Ets1 9.75745818736726 4.79391830049936 3.9899749167138
Ptprc 12.4215732421658 4.32963511409986 4.12727362429327
Fosb 11.9818678393755 5.68288960221931 4.77945436811263
Ccr5 11.7087776692335 4.61814051891208 4.39104554269873
Il6ra 12.6405285425734 6.21127548523634 5.66764356760145
Pla2g15 12.3512186582331 7.11417180463043 6.05465526895972
Itga6 11.5906633280243 8.24428323146326 5.80216314125214
Ifi30 11.4062018650154 7.9275190554752 5.397310557777
H2-DMa 11.3395300052483 6.78370437576053 5.82534334247035
Gpr34 12.142699851518 4.08024430087981 3.8753322021787
Rrad 10.0026571297703 6.30926998909775 4.87783371037687
Rnase4 13.0771643703574 5.87869674353237 5.2042906302448
Hfe 11.3196450739578 7.91975744536162 4.83414674476231
Pik3cg 10.1537853547168 5.58380558587042 4.88573724557689
Dock2 8.86389566600281 5.48857119634618 4.93307471090307
Mertk 13.0985151577591 8.07368117837316 5.28834227617068
Cd84 9.96224237530016 4.8032857361786 4.43454951485162
Ly86 13.8305038298173 6.29378795540564 5.28082628047796
Vav1 10.4997459843954 4.49755025916215 4.09209296431797
Pik3cd 8.99966364024255 5.62148714554418 5.0206060778106
Cfh 10.8438396260437 3.85074513951085 3.58496590260375
Tnfrsf13b 9.66545251361214 4.82625080240112 4.26194402065949
Hhex 10.060418644213 5.5732841300686 5.12422206720633
Entpd1 9.58873000960094 4.79129073479264 4.13603270491171
Ptgs1 12.1626150793908 4.96870288639585 4.50891137904706
Frrs1 10.6966078261321 5.64815542624504 4.85334963590915
Lyz2 12.5660138290276 6.93421573507771 6.20804429116511
Ctc1 11.7422487728519 7.64686753867298 6.95928285254479
Unc93b1 11.3066168079527 7.27609628114585 6.05552527702739
Hvcn1 10.2856187487951 5.92156846122024 5.42510798183061
Edem1 10.5644676490564 6.75379546999517 4.34705972957086
Icam1 12.144222640413 5.03248111504265 4.60900957791267
Ptbp3 11.2952745829932 7.79168658771976 5.90430049013514
Rcsd1 12.3223507478265 7.58253340209033 5.96219650216247
Tmem140 8.46080936763924 5.0589635011762 4.5740886199901
Cd177 8.01898297885642 4.522432673241 3.9975266035165
Casp8 9.83591177234681 5.44524486521724 4.71322462929962
F11r 12.1638127271072 7.4133207598531 5.50519654675641
Glipr1 8.88148604367629 5.27986867454674 4.98751871832531
Lpxn 10.730982217212 4.96389125727558 4.47566238426853
Siglec5 8.337886172674 4.12786897839937 3.75072901119711
Fcrl1 9.27554865404005 5.64065127902219 5.12250084924285
P2ry6 11.5909433501351 4.60963444815803 4.23043976087768
Ighm 11.6041085325057 7.19923879583076 5.71595622008123
Tgfbr2 12.4312251246194 6.32350291071203 4.98269214103138
Ceacam1 8.73427463823456 4.77832931831552 4.13113018314664
Ncf1 9.01873662127703 5.67145680056873 5.11209324601799
Il13ra1 9.69650941211153 4.82508684882044 4.32789299500255
Adap2 10.4876327911899 6.17482570700095 5.29774873659679
Capn3 10.437566906065 5.03612260137782 4.17893366762602
Gem 8.28009388336886 4.17066837220009 3.85445078347447
Rrbp1 12.1135184174842 8.60648121181755 6.34686406988533
Vwa5a 10.3690918760756 6.82293967404029 4.72111203837838
Arrb2 11.5161791808491 8.0635357693417 6.63678000906114
Pros1 11.4244912078995 5.96492354893847 5.48400086411575
Arhgdib 10.7800288131728 6.90857807598252 5.66268951511024
Arhgap17 11.0358082941061 6.89049559329595 5.07716034685884
Trim47 10.122871565472 5.31658277433466 4.7305879390997
Sash3 11.2528818012755 6.15684249280725 5.12230091904447
Themis2 9.94919523666928 5.40139397338003 4.88497197060564
Mpeg1 13.5339312443488 6.21602608841856 5.7042767825921
Cd48 9.99176185857167 4.64902151187238 4.40190580054792
Akna 10.5978331936346 6.76629561679293 4.74529502211859
Cep152 9.68353142517718 5.83668890202702 5.48720405763419
Egr2 11.2144151601674 5.12506918251693 4.20431611263177
Ccrl2 11.4107831106411 6.83560317238181 5.54268841200862
Lcn2 11.7182561949748 4.46355168322829 4.13261050422217
Hbb-b2 7.86146929235822 4.45387330857351 3.97488746240263
Tmem173 11.1696407087511 6.80707658291226 5.59265846169574
AF251705 12.0057126252299 8.1009219914955 6.16656062766982
Hmha1 10.4487011332694 6.27123061377771 5.62082130026393
Gmip 10.2055870255081 6.34184051129274 5.64247095592009
Nckap1l 11.1526856630168 6.33055726366198 4.97859534610193
Abcc3 9.7509259850256 5.86556019464527 4.85457088751439
Rhoh 10.7637079698635 5.46025541748167 4.66069115440101
1700017B05Rik 11.7522974287947 6.62966750683098 5.47816944441483
Gusb 11.4803411718158 6.95406392472753 4.71423327902702
Lair1 10.6612900224916 5.39632873525733 4.75655800100405
P2ry12 12.4385715566921 5.11010133673379 4.23687865492883
Epb4.1l2 12.5432840929574 8.91413059192765 4.97008743316226
Pld4 12.1700437011819 5.64623901978368 5.18320907989815
AU020206 9.79768698851007 5.59037030541872 4.87737791046388
Fermt3 11.4207362066657 5.03285776237954 4.36271452110656
Ankrd44 11.5679366187782 7.47231624461698 5.71812975742376
H2-Aa 11.2644036954394 4.83918066946438 4.30873672827083
Fam105a 11.8820924454901 6.94207859195628 5.55495687214595
Herpud1 12.5116726598182 8.99855305039769 7.61996299623129
Cd300a 10.0530239896872 5.35578606078955 4.80256851971961
Lyz1 12.2502412289951 5.07874940089422 4.32721539463969
Clcf1 8.68466038510135 3.96732050870345 3.74476958106322
Adrb2 8.29734945321406 4.95323431157173 4.07374616739653
Il10ra 11.9867649941734 5.10707902956376 4.6834964173493
Hexb 13.9214339669789 9.22268036518307 7.31785481108369
D530037H12Rik 10.4018822600769 5.17018539313799 3.94515631665341
Rab20 9.64744268247702 4.58419775214967 3.83920050977148
Grn 13.6303783372944 8.46927879562321 7.33558066062484
Fam46c 12.2421510197398 6.73215231382475 4.28257293114889
Ctsa 12.9644748360344 9.17744429213434 7.95774650496258
Pald1 11.0128320429645 7.42789983810683 5.77054739392518
Ifngr1 12.016051864462 7.77615425775011 7.13251799409855
Tcn2 12.1195930224409 8.50340117824977 6.44031242798911
Anxa1 9.64055143138413 4.99218214363738 4.50632372393761
Ppp1r15a 12.6593601245383 8.29948718287928 7.52795396822894
Olfml3 13.5644607358692 6.759034877122 6.05570739449609
Ncf2 11.109264808914 6.33055610831483 5.79827206242734
Il7r 9.22711297999003 5.77174992560194 4.66059674894851
Ctss 14.1223387589978 7.21938922473609 5.34775654783699
Cd53 12.6270729328698 5.71467728549731 4.9464120504784
Fcgr3 13.3874319809845 6.50026218878364 5.30955688836998
Hps4 12.4456398299555 8.6668428315088 7.85574425361156
S100a9 12.2965410503709 5.53224581392921 4.67565430495431
Lgmn 13.4068999504885 9.10722232668853 7.82809668653736
Klf2 12.9915058739807 6.23860629146717 5.34697024647304
Fcrls 13.5200887013828 6.39618406801519 5.29076326394513
Tlr1 9.55990391864875 4.63424235948144 4.07978700857172
Selplg 13.492313873689 8.19546057560611 6.13553990323246
Cd68 12.2825968841945 5.19878199742767 4.394784980665
Gpr65 7.85611733273235 4.30665023047837 3.84640269356901
Ebi3 9.38512048892932 6.04538236980675 5.1423302843297
Csf2rb2 9.46516272602394 4.99019906529021 4.22114915393009
Atf3 13.3007390383143 5.47418861229879 4.80870084146317
C1qc 13.5695399365939 5.68532353105392 4.99937174878155
Chst7 11.0545300964632 7.15118936734974 6.21208301604096
Hck 11.7192724128215 6.95779396410935 4.95450521114943
Casp4 9.17977855891737 4.36335948753358 3.9861033552775
Ehd4 10.2769858985773 6.78558641030264 5.04308428542484
Lag3 9.94342037341401 6.09895556853145 5.37432043360803
Cxcl2 10.9236295592129 4.3679266583761 4.11051377162807
Ltf 11.9771261319803 7.38841875709896 6.32126305705826
Cx3cr1 12.8322911670036 6.66024738142 5.24923942736377
Stab1 10.7835801182221 5.75659743992498 5.16606300065478
Il6 8.3523884587654 4.00834263856176 3.78897521606057
Pdgfb 10.6620659529342 6.3855837486073 5.42835602040751
Mrc1 8.47267687587698 4.28272338476988 4.01463175884142
Itgb2 11.8281947861841 4.95211386051989 4.58451507626562
Adamts1 11.3973807177838 7.76845977028899 5.27923646744419
Ang 8.67340897437916 4.37398088569644 4.04539194584826
Tyrobp 12.9035612805634 6.21701022125985 5.42953395454009
Ptplad2 9.63817330010533 6.12617919773643 5.33656799617996
Slc29a3 11.6835560124248 7.51202592860759 5.21497688607081
Emr1 12.777781853873 6.77232264287465 5.49745309393889
Nrros 12.3519497751025 7.07881803663604 5.49918632366234
Tmem119 13.699678559052 6.89944054093253 5.41194731331995
1810011O10Rik 8.37120216738482 4.58522928759305 4.31904134883231
Parp14 9.10437062254361 5.6214730739945 5.11706797527037
Havcr2 10.710530075929 4.67837844157001 4.15414186390336
Alas2 9.97256535353661 5.75162941092782 4.76559929242473
Cmtm7 10.4036329494645 6.7149041270253 5.10719737574806
Mafb 10.9849900615298 5.75296497564994 5.21191524837733
Blnk 11.8079240962002 5.91193735956908 5.27083926745144
Alox5ap 12.5749967599795 8.63227613701021 5.76094538938568
Fyb 11.7159427823204 6.61729688181391 5.88138344254439
Ctla2b 9.94438247489242 4.4050893782481 4.06805374370705
Hspa1a 11.9245276178108 7.07420397486888 5.76704578747909
Zfp36 13.4960506681509 7.7054710633951 6.07753941977425
Abhd15 9.92497435981129 6.32216671398606 5.045964512071
Cyba 11.7749627835735 8.11301496709845 5.22803583186152
Ptpn6 11.3292345329635 7.58804892250479 6.35816585389546
4833441D16Rik 9.33372525445037 5.86340032316721 4.59240829166344
Tec 10.1967601761071 6.7328816486822 5.2048789439119
Cd52 8.83934325002235 5.21153328731691 4.61831387267224
Irf5 10.4417221455899 6.22439551739569 5.61011225456639
Naip2 10.8151812852359 4.68102654918737 4.36456034258891
Anxa3 12.9131833282778 5.82006800821966 5.0772244179072
