Golm1 13.1709345745481 7.03893465895834 6.38398147297171
Dusp6 12.2043335698759 8.57271043228443 5.18729524439091
Sgpl1 9.54910293773426 6.01156720121255 5.40348255068563
Junb 11.5780026398467 6.38402389564946 5.47096092051842
Marcksl1 12.1999211654877 8.3844658018933 8.24768404784353
Creg1 11.4502595824185 7.89931278463613 7.33163922629413
Lcp1 11.8463632704423 5.89182478055727 4.48717004665647
Txnip 13.6993914736524 6.42713752405511 6.1691269289106
Cd9 11.8962881279299 6.45942202714478 6.01973551443432
Cd34 10.5911587485583 7.10072922661347 5.06785468826236
Tpst2 11.1246231388186 7.64099367741348 7.5069966277961
Cd83 13.2264749464343 8.58953993727103 5.82447963952867
Mmp2 8.84546583079709 5.28488715582803 4.7902566778223
Sipa1 11.1257432146877 6.85855261675438 6.5720730055771
Coro1a 12.6004028717715 9.09338854660817 8.66875269371942
Btg2 11.4968904593275 5.98627289892518 5.98184365720676
Tnfaip2 9.08145533726492 4.37191364981572 4.35365136279419
Litaf 12.5127367018525 6.9956499714451 6.95413984387103
Cyfip1 12.6066769077138 8.25608502610283 7.08139948326488
Lamp2 11.6172171151883 7.44951771706449 6.25147018287625
Snx18 11.9105809619856 8.36451145053565 7.86725143027749
Ctsc 12.6065842886925 4.82976632932048 4.5541137061984
Cd82 9.38715719713112 5.56196554440556 5.54025048885681
Tubb6 9.94309885815544 5.74452693578798 5.59841292904005
Ier2 13.4150634942812 7.14137173523788 5.94002234558653
Nr4a1 12.1604408921049 8.35624776874458 7.71071824378083
Pnp 12.8627608953087 8.68190611097167 7.61970828841099
Nfe2l2 11.3735710823378 5.92875366800065 5.69508927618745
Socs3 12.8363611039744 4.26766829866692 4.08701648731818
Sparc 11.723215805215 6.17866555946135 5.4506896776357
Scamp2 12.0782300087712 6.62381042220963 6.28126578820441
Acss1 9.58139552895345 6.19447811160952 5.39517157460909
4632428N05Rik 12.9592128362635 5.14869085664469 4.86529583753842
Slc2a5 10.7506339487812 6.33248104809112 6.31535526708498
Clic1 11.3846871257571 6.64228355733117 5.61613467105295
Plxnb2 11.1751053377305 6.5515097031805 6.04609358607576
Irf8 12.5606886061131 6.29769130602122 5.54156157738714
Mical1 8.88736256308852 5.19173640525529 4.92153022465356
Tbxas1 9.77227819439976 6.12141516414062 5.91453124054205
Slc39a8 8.3702572354114 4.27039577632375 3.75610529404513
Parvg 10.3224146114506 5.85468922184267 5.55513458934769
Mcl1 12.1472433486191 7.51200737284284 6.73825436372341
Rps6ka1 12.439882687873 7.40527708766674 6.67456026751228
Parp9 9.82908871348782 5.36121118765173 5.16759349950134
Tnfaip8 9.91373565516323 5.08683550426281 5.03096075955091
Fcgrt 9.65042068842126 6.27977093023209 5.89802383172672
Mfng 10.1100884876208 5.70592200802834 5.58671792693564
Slc40a1 11.6365802495677 5.78128486667732 4.99187255017454
C1qb 13.3846079047961 4.5785310570716 4.0714609392477
Cyp4v3 11.0721852303594 5.36092106100899 5.26086906013639
Qk 12.3621647632087 8.84177635361269 8.77416550996082
Syngr2 11.4559121689701 5.45013933714421 5.00946353888464
Pmp22 12.2653168767854 7.9815317729298 6.44084999682732
Igtp 10.5169764277721 6.87492883686002 6.12482558772493
Ccl6 10.223717633042 4.49141739172361 4.36559645549118
Cd14 13.3052539164274 6.00216069104751 5.85805233054958
Tnfrsf1a 11.3244537624855 7.1017891115317 6.97473242610112
Tob2 11.2284375997777 7.49182491495551 6.99143574164372
Pycard 11.8185468367102 6.00045665475129 5.55249983976853
C1qa 13.2380236204344 6.30471651133585 5.82114318384839
Il16 10.7022595486227 5.75914826928101 5.42521664092206
Slc7a7 11.052383619296 5.24144638038699 4.83966555120798
Klf4 12.698526861476 5.03243896154607 5.00129571971553
Jun 13.1567215574815 7.27663497517841 5.99888905670498
Srgn 13.2509970787582 5.89015807171308 5.12335995845664
Myh9 12.5865032254667 8.01168255248163 6.93876744848306
Nfkbiz 12.6860754101133 4.93559211579165 4.38197334838297
Tgm2 11.7718766956168 6.09014525511166 5.96643108099709
Plek 13.0669588958399 7.6896476417308 7.28729052832394
Itgb5 13.3318370523038 5.15580120419889 4.89544689182568
Elf1 9.08676867890006 5.20441793811826 4.65329177559281
Cln3 9.94836220653156 6.1515121583543 6.06736814901801
Slc15a2 8.84529439707958 5.50430626361198 5.28024322509341
Rgs1 11.2541972267774 4.57923808331909 4.48049388221647
Rac2 9.75239695917386 6.21747517045082 5.91447412494893
Nfatc1 10.1057640630075 6.28341220648171 6.13541377733496
Cd79b 8.31573716498709 4.9384448291885 4.71155318284713
Snx5 12.5628056055199 8.97798673488699 8.26690212902337
Elk3 10.4901390004177 5.05010105193147 4.78518969305566
Soat1 9.02708526356189 5.35212410781181 5.02194627761638
Laptm5 13.2497958585741 5.77719929811265 5.7071780747823
Ptgr1 10.0953671914278 5.51016523101997 5.25748405541927
D17H6S56E-5 9.99291673904863 6.47732468230867 6.11257585427778
Ctsz 13.0341451754765 8.81297939745918 8.11414922816295
Fcgr1 12.3056772228307 5.16115330624013 4.74354570118172
Slc16a6 11.601886645942 7.3255503933135 7.18327819149895
Pdlim4 9.4700059993897 4.82701316702771 4.69526211638045
Ccl9 11.5606702750711 5.41501127140394 4.89643097949481
Trim30a 9.82440837349698 5.25668756465427 5.18375815319615
B4galt1 11.050190662426 6.17764952021503 5.89927373033922
Nrp1 10.4416176811946 6.7408534774533 5.2587195499827
Tnfrsf1b 11.5849644137814 6.01650420846154 5.79734059037314
Inpp5d 12.5199395399242 6.7223612210733 6.3465757729795
Tlr4 9.52419084436795 4.32841662247966 4.28105014309074
Pmaip1 7.94812896443572 4.52674106741617 3.98585796501188
Aif1 11.8782125697407 6.94034524326688 5.7453696452594
Il15 7.4967535230896 4.10210404088001 4.0531992490544
Lims1 11.3895886323577 7.383385674645 7.36864092728163
Syk 11.2305153374971 5.81392848175845 5.78330628597204
Klf6 12.1614928848338 7.72106718518256 6.19288328520373
Crybb1 12.3010895138039 6.48446208380372 6.29798517999116
Fcer1g 12.6409109862305 5.94910407811307 5.8667308997616
Ctsh 12.8519091129382 5.37082727603178 5.29705286588782
Gpsm3 9.66649074936397 5.47244161893756 5.40473285074857
Ncf4 10.7081144474155 4.99998916533254 4.78202309995127
Ggta1 10.3145780373454 4.19655829193312 4.06544563511735
Calcrl 7.84138491604448 4.36675161714256 3.97001090432429
Lcp2 10.3889718130272 5.12059536144479 4.95795541702184
Ngp 12.4329204009581 5.3942153630202 5.28972366878229
Spi1 10.2850028049619 5.98320818430835 5.8405120134841
Atp7a 10.1404314445784 6.12630047139381 5.39444112535113
Csf3r 10.4703586336665 5.22265876337234 4.86895536570706
Irgm1 9.78478714225044 6.40698656446735 6.14646013536969
Ms4a6b 11.1222234312687 4.76777619268664 4.68848894292503
Hcls1 8.83239317939796 4.92485028134647 4.7001979346247
Abcb1b 8.00305280287427 4.65699205741563 4.46030071334022
Pabpc1 11.1513836653323 4.24696207172973 3.90831049027965
Cebpb 11.6879517821222 7.62980847025108 7.33158291528325
Plxdc2 12.0633823649962 6.60885760739246 5.89365452682372
Cxcl10 9.83264446685726 5.29423995219812 5.23183972187903
Maff 10.2395219098757 6.63301220886762 5.85983285673696
Cysltr1 9.33333349087416 4.00431130128897 3.93664906588044
Cebpa 9.88957255483431 6.1575312978371 5.51721463455367
Cttnbp2nl 11.7204560544011 6.90520700514427 5.74495665352952
Lyl1 9.97533629065994 4.92156592181978 4.78669381613256
Ptpn18 10.4025712369028 6.18879037758092 5.96914947357296
Tlr2 11.9268402473875 5.55568280850902 5.36461661505407
Serpine1 9.52331793271942 5.18010571475306 4.6081601589122
Mlxipl 10.549742788076 4.92682719970548 4.61627966222547
Cd37 10.9048574016166 5.61247076948942 5.53742607625527
Map3k8 10.2849700718244 4.75212491759041 4.49665486501836
Myd88 10.7278217724093 5.99638424913798 5.51187558626957
Ccl12 10.5112043294489 4.52294910618211 4.49002977646133
Jam2 8.80820666224123 5.29564340801392 5.11840159002177
Arhgap4 9.36525554969312 5.47197596206395 5.38445620968987
H2-Oa 8.7917936065526 5.13755634357815 4.68137196486037
Pon3 9.20297150005047 4.33939942614546 4.21276252623454
Slamf9 11.1882832385642 6.41971360370428 6.17827942590641
S100a8 13.0395448654869 4.96487040492193 4.89220338755639
Il10rb 10.7116513838826 6.96610612290815 5.29283578720569
C3ar1 11.7072754362155 5.51912712146865 5.30399865146631
Ripk1 10.1243899929041 5.71432209678895 5.27689298952916
Fgd2 12.1304825880125 5.82242868112958 5.81906626960699
Rela 11.8428094359349 7.14113680778554 7.05785288268594
Ccl3 13.4953964323281 4.59374319855355 4.5145229353056
Ms4a6d 11.3799791784438 4.81278177604386 4.48548826112252
Tnf 10.0055468588953 6.27929987780005 6.14125399526981
Was 8.0303356973264 4.50733899367745 4.31882925123526
Ier3 13.4963591841383 9.76531285886071 7.48083124347474
Nupr1 9.93831898336817 5.66228465982607 5.659286889878
Camp 12.113738407204 5.62500259050018 5.43898769648372
Ltc4s 9.78168546230716 6.16766829995881 6.14677549128318
Klk8 10.2464469222101 5.54503668409333 5.53155283820922
Chil3 11.1159878878753 4.32750581539042 4.00672235662391
Arap3 9.86775374576886 5.07694213300021 4.59377903878712
Tlr7 11.2112407400947 5.04163067191303 4.70456637156748
Csf1r 14.0460007158016 7.24620300160681 7.16520515837141
Trim25 10.8969751411857 7.45857104903268 6.10051692080243
Hpgd 12.0107499612859 6.74995157127285 5.36306336705328
Rab3il1 10.4710400563943 6.79260167622488 6.16354641171055
Mcm3 8.92535440058905 5.23829108347021 4.73974424509567
Nfkbia 13.5863871767458 10.0882156140882 9.62299952443958
Gdap10 8.80480802896476 4.55421333541692 4.21256724378224
Slc11a1 11.4154854568916 5.49553789461052 5.29330344217603
Hnrnpa2b1 10.315155226878 6.75987020068124 6.05191353903648
Ccl2 9.49866288250659 5.3382746416385 5.27055337174595
Cd86 11.6419705628058 5.19869796557502 4.84264565178798
Prkd3 9.70383275414416 6.02021109870437 5.44188126483546
Gpr84 11.5935377294956 5.50043800062681 5.41260852789983
Vamp8 11.9027573726861 6.72417484691436 6.04695836959806
Tcirg1 11.3257053795282 6.74996480208176 6.52220121689183
Sqrdl 11.0518617676912 7.65485689820845 6.0243190355903
Trim12a 8.5835260320544 4.22287480086844 4.17980912038532
Slc15a3 11.5219827541908 5.53582529589148 5.31324267909792
Clec7a 9.36335652990378 4.98249610048595 4.66973623923207
Rel 9.30153835661437 4.95787532236545 4.65418793577816
Tsc22d3 11.4721491337919 7.93115156938408 6.1849297206297
Sla 12.3378861062474 6.1151486781255 5.50080279507209
Tgfbr1 13.4953964323281 6.93178351474195 6.18061010535519
Snap23 8.47917138557207 4.90520288950019 4.49384709293845
St6gal1 11.5108116293154 7.58470990871382 7.37254858165184
Asph 11.1131392793095 7.04721654519992 6.4082467131209
Adcy7 11.9646243532397 6.561656013859 5.33178989031657
Rbm39 10.4094928984617 6.56986701583234 5.88080697205769
Rsad2 9.55409990020448 6.09503511329433 5.74499673350088
Gpr56 11.0473777353108 7.3991530847188 6.98960851908159
Lgals9 9.80576100376818 5.28121051158799 5.1545154205645
Bco2 8.88551273021649 5.42453105245922 5.02781481114022
Trem2 11.528689695107 6.51290212474773 6.28579636657859
Gna15 8.93153578094543 5.356368587287 5.24872201947956
Myo7a 9.61565808015342 5.96267319701444 5.64458011484646
Birc3 10.7521481640029 6.32629094471252 6.08698893935735
Igsf6 8.68495551282954 4.430539769618 4.27575736470742
Samsn1 8.95535277925432 5.16972656260348 4.57855388805139
Il1a 10.5450729398403 4.16998372013779 4.13699000046446
Hpgds 9.14123713383759 5.35746389260065 5.22257232221972
Naip5 11.1347547074536 4.28080331396362 4.24422387428064
Ccl4 12.7516225784521 5.99414238530605 5.80501134099146
Itpr2 10.8613975316724 5.82861618287817 5.39208699622998
Stat6 10.5031698578152 6.25671302661598 5.58054915341867
Phxr1 9.60550945602768 5.70217424036882 5.574053441795
Tapbp 11.4240903434095 8.09347929468764 7.13990361807767
Msn 10.7217422633417 6.29466124549451 5.89883868970212
Abca1 12.0785728549459 6.48969098285362 6.38749400142976
Adam17 10.581995677351 6.14988659604079 5.12469459153471
Dapp1 10.626591308075 5.23618262925694 5.17385388037573
Clec4a2 10.1190075949126 5.04970167152291 4.89164990453105
Fli1 10.0832277034328 4.38407465554254 4.01512924867395
Ets1 9.75745818736726 4.21491420743233 3.98916165566551
Itgam 7.64683147867138 4.32266684970599 4.31219723643223
Ptprc 12.4215732421658 4.8215079903143 4.35113396465075
Fosb 11.9818678393755 6.62889632132101 4.72290540804826
Ccr5 11.7087776692335 4.65249123432018 4.5883441793886
Il6ra 12.6405285425734 5.8187136271203 5.60944429479669
Tgif1 8.50458243562559 4.63755183268839 4.47747328408161
Pla2g15 12.3512186582331 7.91275920397729 7.15433890510498
Itga6 11.5906633280243 6.15256662596122 5.78356319112767
Ifi30 11.4062018650154 7.22335726229366 5.51113586263888
Zfp36l1 12.7019764996359 6.35690812611059 5.45039650532347
Id2 12.1636087237592 8.47800146262694 7.54771336499088
Gpr34 12.142699851518 4.10617776415483 4.04960520340671
Rrad 10.0026571297703 5.79566000150859 5.23285717587117
Cr1l 11.6955153199688 8.04198199596679 7.64436901181358
Ndel1 9.26249492481989 4.32199738234905 4.28865322243466
Rhog 11.2037880767617 7.17986919078272 6.8504909302098
Rnase4 13.0771643703574 5.33685581766547 4.9377666051656
Hk2 12.3164140648536 6.06521705719641 6.00553803727501
Hfe 11.3196450739578 6.96018806660694 4.91740364494108
Naalad2 9.64837692903074 5.50592346842724 5.4078337448229
Pik3cg 10.1537853547168 5.34639286838557 5.22656487289097
Zeb2 11.4350095719432 6.58036495063457 5.20568837968067
Btk 9.58917222158551 5.63260230024968 5.34057755292751
Tlr3 9.63659550839082 5.22840048762789 5.19797906011125
Dock2 8.86389566600281 5.28826705705924 5.036570667175
Prkcd 11.3607793398998 7.76686510119836 6.36792888822065
Mertk 13.0985151577591 5.6655815592085 5.38949810527599
Cd84 9.96224237530016 5.03386057490861 4.79121214877805
Ly86 13.8305038298173 5.493145402671 5.46677843246541
Vav1 10.4997459843954 4.36858146375248 4.35048666633863
Pag1 12.6736213180298 8.00023085206406 7.35141255436564
Fos 13.9327205870223 8.49266605444805 7.7978554246848
Cfh 10.8438396260437 4.13036774577888 3.643147668473
Tnfrsf13b 9.66545251361214 4.51731984231479 4.49671764723093
Cebpd 10.5744174492867 5.54558185894975 4.58677148318436
Luc7l2 10.6746402351895 5.54845557757481 5.25162781387765
Smim3 9.32886126195367 5.9169753007189 5.56073382310441
Hhex 10.060418644213 5.29110993000327 5.17305820835896
Entpd1 9.58873000960094 5.48897386336353 4.34094514239679
Ptgs1 12.1626150793908 5.46156153778069 5.12780808980021
Stk17b 9.80355004387352 5.38203755414091 5.35597027892979
Frrs1 10.6966078261321 4.90715203254115 4.87099791994934
Lyz2 12.5660138290276 6.39520880474407 6.2067223516803
Ssfa2 10.4026641404164 6.61399722134557 5.9830519261044
Ccnl1 12.9368942943523 7.72898548642753 7.20319938546355
Galnt4 9.11869231898454 4.81595848231584 4.72723795218052
Ctc1 11.7422487728519 7.71137186318576 7.2306913187845
Unc93b1 11.3066168079527 6.17586288399307 6.11631927422651
Mob1a 11.6304802850351 7.87781863110786 7.3725311916048
Cmtm6 12.2803328178186 6.69083734873699 6.49167032597284
Sfpq 11.5708095722532 5.46763903030441 5.32527199517399
Wls 8.21516176510327 4.66931136549202 4.62714256599536
Tmem63a 11.3727165126659 7.22837564884386 7.02909491887614
Tspan14 11.2007785813707 7.06676535449867 6.99488020095365
Lpcat3 11.4786154330381 7.09715317962329 6.7867368867429
Pxn 11.8612215849744 6.77974717044592 6.26360448642474
Hvcn1 10.2856187487951 6.41629470565803 5.42055508293202
Srsf7 12.1714156611169 8.80421969906869 8.58883717859844
Edem1 10.5644676490564 6.05596498339094 4.89256859973632
Icam1 12.144222640413 4.9418422543853 4.55978540368089
Ptbp3 11.2952745829932 7.87552402560774 6.55609749540767
Prkab1 10.8728158992286 6.94392898275314 6.79897209906113
Rbl1 8.51194870241016 4.86368311328043 4.57663942266449
Rcsd1 12.3223507478265 6.7921406381769 6.56564765879617
Tmem140 8.46080936763924 4.5288286691718 4.43001677361396
0610040J01Rik 10.8106638816197 5.80922368787322 5.56220511986779
Cklf 11.3324839569912 6.2314355309806 5.48371108799078
Cd177 8.01898297885642 4.21244092362012 4.0234600515294
Casp8 9.83591177234681 4.92880865142405 4.50999360127006
Tmed5 10.4601759587631 6.86432780620335 6.04669894382192
F11r 12.1638127271072 6.01243450646349 5.75485496236981
Eva1a 8.63294613398656 4.73636376005887 4.51646905463114
Mfap3 11.4258563297422 7.86590498554245 7.49885010558038
Reep3 10.7593284719606 6.45041436449949 5.58701448513498
Tor4a 10.4213155961976 5.49613073550984 5.13938004271245
Trim34a 8.69868770830196 5.33765743312795 5.07768557804902
Trib1 9.86334646135101 6.50601524151498 6.20005210183157
Lpxn 10.730982217212 4.80897171964684 4.37032049760736
Siglec5 8.337886172674 3.93215737393257 3.88160047216324
Mylip 12.3804927223987 7.51235898453737 7.36363057680379
Cflar 9.90032647661365 6.54931609303875 5.92429736187726
Fcrl1 9.27554865404005 5.28871392591344 5.25821213215406
Lifr 10.914871574386 7.47797628099699 7.25534862829159
Csf1 9.80595405056766 6.1039820734429 5.9738595891356
P2ry6 11.5909433501351 4.45872029663532 4.37680647085991
Wsb1 12.1955534450875 7.91532062642193 6.61530848760495
H2-K1 12.7949568117272 8.77886834977019 6.54625255191632
Slc3a2 12.5439222171533 9.05423611346606 8.11409073231082
Tgfbr2 12.4312251246194 5.89810303284415 5.80976169930939
H2-Ab1 8.4512011309411 4.91466340883653 4.4504805181113
Prpf4b 10.2022154854581 6.63347974345434 6.08900263023983
Ceacam1 8.73427463823456 4.3947971243482 4.33014690534856
Mlph 9.52478746573067 5.25428615358227 4.93164147404257
Ncf1 9.01873662127703 5.21406273976271 5.19010355037023
Il13ra1 9.69650941211153 5.53393419506404 4.96294675859734
Adap2 10.4876327911899 5.37808794990652 5.16834255762599
Akr1b10 8.35430474274704 4.57454822916086 4.44602385940257
Lrba 12.293139019726 8.83129036501333 7.13022697732833
Pld1 10.7880824610021 5.74052505979093 5.57692316178268
Pon2 9.26937417743214 5.51331953225089 4.76049654485966
Capn3 10.437566906065 4.78517419899254 4.65300016917328
Gem 8.28009388336886 4.35821360652606 4.06333501274932
Tor1aip1 9.84392113236668 6.48599109260947 6.14691077279061
ND5 11.9712888648361 8.0412286461257 8.00150990874967
Rrbp1 12.1135184174842 7.85935681515651 6.62975882241704
Clk1 11.9971319270739 7.55736076233221 7.4741078644485
Vwa5a 10.3690918760756 6.44915518824009 5.0786449967127
Glul 11.9439234863599 7.45796632448842 6.87893454994713
Arrb2 11.5161791808491 8.02054020420874 7.14009816321147
Pros1 11.4244912078995 5.21720300712568 5.18147022416468
Ifih1 8.66416697609045 5.31549981313607 5.02140950828989
Rin2 10.1302854085197 6.22284997495916 5.94355716826225
Tifa 10.6649959627868 6.00696474575453 5.71635918297763
Arhgap17 11.0358082941061 5.31930183902329 5.19855126902751
Phgdh 11.0663668828628 7.51601731159532 6.95459506250774
Appl2 10.6944160799334 7.33355534704466 7.30974849496511
Parp12 9.52345845288495 4.99981401422992 4.79060608481023
Trim47 10.122871565472 5.25364230898077 4.99772601361023
Lgals3 8.71732817427299 4.7294951024078 4.70673703342859
Ddx26b 12.2655895521916 7.92341307307397 7.64071050078662
Slc25a45 10.8783954265567 6.21904495258971 6.11215969872235
Plcg2 11.2395812321787 7.19800470879415 6.7112381749227
Ccdc93 11.589408707358 7.98177066423558 7.954516583951
Mlxip 11.0131464704826 7.25156486260758 6.43003386184636
Sash3 11.2528818012755 6.03379943234135 5.31884152328809
Themis2 9.94919523666928 5.23629603901397 4.98981777810543
Stard8 9.02643397069546 5.54841490035897 5.16043989791737
Mpeg1 13.5339312443488 6.18437202915691 5.78417389012432
Hspa1b 12.7328150924375 7.72191181391677 6.63029076462067
Xist 12.7732517233129 4.44045159776551 4.21225595157923
Cd48 9.99176185857167 4.99675913394029 4.59922605223592
Akna 10.5978331936346 4.98887593973127 4.89823581546065
Sult1a1 9.92143049281146 5.00706266389486 4.68196563683638
Fes 10.5840546362038 6.06906683289755 5.90295057427978
Cep152 9.68353142517718 5.5373990959587 5.21298049667039
B2m 13.2088860971046 9.73579358010716 7.42058851185853
Gsap 7.5615053421719 4.12595555294419 4.01909083290291
Ccrl2 11.4107831106411 5.59009218019556 5.29006719628738
Lcn2 11.7182561949748 4.4510386181755 4.41805515944906
Hbb-b2 7.86146929235822 4.42457410971555 4.0988077097375
Gimap6 8.28896486111756 4.66529763291038 4.47722340132577
Myo1g 9.04216166021584 5.08375798039114 5.03421114999883
Tmem173 11.1696407087511 6.1161730047233 5.90786780220519
BC028528 9.01173787915138 4.90011519403031 4.75464786217034
AF251705 12.0057126252299 6.70922229468536 6.38533138827603
Hmha1 10.4487011332694 5.6395223535292 5.58559165295948
Rreb1 9.66195512280759 5.73564017612251 4.98049354369945
Gmip 10.2055870255081 6.09450582340918 5.67760546246775
Nckap1l 11.1526856630168 6.62715048646611 5.35729756569364
Abcc3 9.7509259850256 5.29785236234742 4.95893732685488
Rhoh 10.7637079698635 5.11464751911902 4.92143384141036
1700017B05Rik 11.7522974287947 5.76487543813706 5.50704597750907
Srgap2 11.7585843286276 8.25752169923929 8.19881784824069
2810043O03Rik 8.32709215618797 4.19426832676999 4.02985336659734
Gusb 11.4803411718158 6.59665121124455 5.08212042375921
Lair1 10.6612900224916 4.76784583382611 4.38743430951063
P2ry12 12.4385715566921 4.73197980231107 4.55256172454724
Apoe 11.7960795852016 7.73904057634912 7.59304670839766
Epb4.1l2 12.5432840929574 7.18251385155091 6.38373479167513
Pld4 12.1700437011819 5.55555305492759 5.27220693086841
Lrrfip1 10.7224886700699 5.45144885271727 5.38161117192237
AU020206 9.79768698851007 5.88180218174539 5.25270529212908
Fermt3 11.4207362066657 4.86031628150338 4.47404116581323
AW112010 8.11044475989335 4.77855945317029 4.73762468718811
Tgif2 9.9426138283241 6.2321496619338 5.89229442308194
Ankrd44 11.5679366187782 8.16587847457597 5.66566266303622
Kctd12 12.099676793357 8.45644805006369 6.59690116385926
H2-Aa 11.2644036954394 4.65539986004757 4.53952658237987
Fam105a 11.8820924454901 8.42597632468041 7.55766577928136
Cpne3 9.50290347799534 6.0676568839644 5.69951102026059
Herpud1 12.5116726598182 8.37515129018309 7.52595347815549
Cd300a 10.0530239896872 4.84469674088777 4.84381658023793
Tmem71 7.83337212150143 4.21959591201622 4.10889890788657
Lyz1 12.2502412289951 4.95018248791441 4.41348205086794
Zfp110 10.6738601357144 6.97450697372122 6.52924279549248
Clcf1 8.68466038510135 4.26396923492288 3.84895585206461
Adrb2 8.29734945321406 4.46379735310065 4.32617094469581
Hmgb2 9.04290768492065 5.64150915959269 5.55197171684542
Lrrk1 9.1635528470806 4.88416728212323 4.70719994730894
Zfp36l2 12.4004422821899 7.04388369895921 6.08962934443365
Il10ra 11.9867649941734 5.32398824277285 5.08600087447737
Hexb 13.9214339669789 10.4784948811777 7.58195301348371
D530037H12Rik 10.4018822600769 4.23554987227906 3.97152110123042
Rab20 9.64744268247702 4.2099221391008 4.05994026157957
Slc9a3r1 10.5341792603602 7.02689793944489 6.55728964950037
Vim 8.20604281286246 4.54010538061384 4.24776425005705
Grn 13.6303783372944 8.78383024160784 7.44869438083721
Mavs 9.23385264584594 5.49448329793071 4.36854481100924
Bach1 11.7684659473826 7.78952922155984 6.988181864149
D9Ertd306e 8.20712585253381 4.00242784367631 3.97206313076496
C79242 8.41316050528701 4.43632217819651 4.43625229299284
Fam46c 12.2421510197398 7.33014480730021 4.74271459231574
Ctsa 12.9644748360344 9.18330475160487 8.64347034332603
Pald1 11.0128320429645 6.07630237359728 6.00176393159363
Ifngr1 12.016051864462 7.33883923666164 7.24938965782546
Ucp2 10.8156159051053 6.90355293909786 6.80819341531457
Tcn2 12.1195930224409 6.77129098479459 6.03172078532367
Anxa1 9.64055143138413 4.58172021928012 4.54941062333577
Cmtm3 10.0110497819572 5.6789521940939 5.60149334057146
Ppp1r15a 12.6593601245383 7.99993453568607 7.26781569277599
Slc15a4 11.356384012252 7.74897413112789 7.4155490315708
Dhrs3 10.8328899765314 7.14010009546843 6.23106745531239
Lrmp 8.89491220593798 4.62349384203752 4.50798753586952
Olfml3 13.5644607358692 6.22832912002753 6.02345443801225
Pla2g4a 9.55730250855793 5.12459997264068 5.09546878414988
Ncf2 11.109264808914 5.7128666874608 5.58772356184123
Il7r 9.22711297999003 4.93494956106398 4.88937237907599
Ctss 14.1223387589978 7.64544255897854 7.26000271331947
Cd53 12.6270729328698 5.49076301513881 5.45852353038879
Fcgr3 13.3874319809845 6.0396655266117 5.94883222004533
Hps4 12.4456398299555 7.88297983550435 7.69626672466467
S100a9 12.2965410503709 4.87331473641727 4.8235852832049
Dusp1 14.1813580097059 9.64336622298007 9.17404058513155
Traf5 9.0214474215703 5.61879001231807 5.60565839327645
Lgmn 13.4068999504885 9.79756404841762 6.82970687751064
Klf2 12.9915058739807 5.33029978844955 5.05343320988804
Fcrls 13.5200887013828 5.70864566311588 5.69255133343924
Trip6 9.31751803635675 5.75066966531527 5.58248891703893
Tlr1 9.55990391864875 4.15260610569977 4.12882149936678
St3gal6 9.54566709615045 6.17913101080923 5.4735664201546
Selplg 13.492313873689 6.72652355155848 6.54125234209283
Cd68 12.2825968841945 7.35782974689108 5.31250214197696
Gpr65 7.85611733273235 4.2868059845193 3.9168979036868
Ebi3 9.38512048892932 5.87317997869545 5.5673379926141
Csf2rb2 9.46516272602394 4.48741039487093 4.15216241446612
Atf3 13.3007390383143 4.92948863215887 4.8634613956869
Tal1 7.67989116276829 4.34853241412572 4.16885607887758
Il1b 8.75804374629313 5.41206361016086 5.33520269030401
C1qc 13.5695399365939 5.86168290746827 5.39281375795298
Chst7 11.0545300964632 5.98690015135668 5.61638391613051
Hck 11.7192724128215 5.68873171631606 4.80165238636516
Gcnt1 7.89240442650036 4.40178631149205 4.36363850641648
Casp4 9.17977855891737 4.3313728493086 4.09483043836309
Lag3 9.94342037341401 5.68482165332601 5.60377833860915
Cxcl2 10.9236295592129 4.21909679758293 4.18004924464058
Ltf 11.9771261319803 7.90573664118435 6.22065826238454
Cx3cr1 12.8322911670036 5.70855841387439 5.62623762452095
H2-D1 12.6856010965553 9.08190351477622 6.51647870031772
Stab1 10.7835801182221 5.52601514419263 5.30313183894253
Evi2a 12.5801879760248 6.24931140117781 6.15457960929328
Il6 8.3523884587654 4.09084501438593 3.82401873502176
Pdgfb 10.6620659529342 6.32401068561719 6.18053593977641
Mrc1 8.47267687587698 4.29938946376234 4.13021001090599
Cd33 8.91751905662005 5.06443584443557 4.95332591969353
Itgb2 11.8281947861841 4.99219951032332 4.64695722901724
Rgl2 11.0627483576315 7.20301941562941 6.9159677077847
Psmb9 9.49408509768935 6.08021514848771 5.79988566989425
Adamts1 11.3973807177838 5.59332109509352 5.39781785424659
Ang 8.67340897437916 4.1454033831367 4.06541033021904
Sh2b2 9.32069277757714 4.62086998049453 4.56692024124971
Tyrobp 12.9035612805634 5.870418779111 5.77519446879251
Ptplad2 9.63817330010533 5.3928082631622 5.38102705412913
Slc29a3 11.6835560124248 5.51675973642888 5.49669185116455
Pbxip1 10.3716503756831 6.52730823428331 6.36119415104521
Emr1 12.777781853873 5.63970253929158 5.50292323716051
Nrros 12.3519497751025 6.1000534368547 5.78028546064021
Tmem119 13.699678559052 6.02223917565743 6.00890178945786
Pnpla7 10.5843197435089 5.81818732056327 5.31712028283303
1810011O10Rik 8.37120216738482 4.39127748539569 4.32771424453883
Slc46a3 9.85031592896195 6.30381887890665 6.03684355043463
Parp14 9.10437062254361 5.12582900737535 5.07319337883035
Havcr2 10.710530075929 4.53391897172022 4.35793312912391
Alas2 9.97256535353661 5.05750877526294 5.0020019263441
Cmtm7 10.4036329494645 5.19216452053426 5.16049326872902
Mafb 10.9849900615298 5.77207146907401 5.21946423794451
Apobec1 9.7227717478305 5.38347675384697 5.34862387596903
Blnk 11.8079240962002 5.9504942725828 5.60087645589212
Tmcc3 9.16895367720384 5.30175384813657 4.9630687294602
Notch2 11.035203297165 6.62550611180533 5.58441472359457
Alox5ap 12.5749967599795 7.65791617022246 6.09078163626762
Fyb 11.7159427823204 6.00808291535368 5.91538957094251
Sepp1 13.725757445204 8.71440742288445 8.13351910210243
Ctla2b 9.94438247489242 4.51530966856923 4.22630178867384
Hspa1a 11.9245276178108 6.26249521881082 5.63472829559106
Slc37a2 8.79282849614854 5.37426434053129 5.23657779426645
Zfp36 13.4960506681509 6.28597920741406 5.77649638214332
Abhd15 9.92497435981129 4.83780706751112 4.80360806303463
Cyba 11.7749627835735 5.45533018614834 5.12536364983278
Wasf2 12.4660305697947 7.43269034871969 6.74581986852188
Scarb2 11.7293389223241 8.40160190746456 6.82337745071459
Ptpn6 11.3292345329635 6.66651207291333 6.59802514068948
4833441D16Rik 9.33372525445037 5.06814891735621 4.56454245116767
Tec 10.1967601761071 5.58555471273758 5.08047866732108
Cd52 8.83934325002235 5.19227017109408 4.74049066624083
Irf5 10.4417221455899 5.83961009748346 5.82916980035981
Wdr81 11.507769957771 7.7090231686231 7.54376225740542
Klrd1 7.52307482814316 4.12086745323193 4.05886155684447
Naip2 10.8151812852359 4.62638833780342 4.33762068591109
Anxa3 12.9131833282778 5.41785883461538 5.15614007453875
