Tgfbi 10.214108505107 6.80913503899777 4.49707246105467
Lcp1 11.9186828085383 6.53031711154319 4.30688677479951
Cd83 13.2161047162533 7.27573732251358 5.50900751016897
Sipa1 11.028832104782 7.30794919918375 6.28393415429067
Tnfaip2 9.07410944533167 5.38208132170733 3.90173852262921
Socs3 12.8477426387797 8.16272168396026 4.04420539470989
4632428N05Rik 12.9633024758073 8.56237180354389 4.85122709068125
Spint1 10.3283172527647 6.03969956243272 5.20054911727119
Afp 8.35050803873215 3.94514998558882 3.69528807018856
Clic1 11.3122330580261 7.80579589147979 5.36889000316863
Irf8 12.5462653592052 5.73027232205798 5.20820370324152
Dnajb1 11.2409766690475 7.9179696940077 6.7929993193124
Parvg 10.4281853264487 6.60534697455943 5.29695013118546
Rps6ka1 12.3511118887686 8.3765627833927 7.54267566138228
Mfng 10.2459357618163 6.31458657095351 5.6505658904283
Slc40a1 11.6873175794834 6.96521468770619 5.53821173291725
C1qb 13.3809165744448 5.4521982512805 3.73409323094532
Ccl6 10.4831140019336 4.89342457285125 4.03687750097553
Cd14 13.3794861542207 7.8061605699732 6.16206112831791
Pycard 11.7530559991681 6.40361033864658 5.2281590563077
C1qa 13.1874316054276 6.79311548394421 5.10418174279125
Il16 10.5676116874908 5.80666808391434 5.28638028486753
Slc7a7 10.9326702827516 5.73846795159116 5.05893985127701
Srgn 13.2795222117037 7.22224592368181 5.43845687781053
Myh9 12.5447914497017 8.89963487963593 7.35149476673809
Nfkbiz 12.6921044506167 8.86888846888951 4.30519068125258
Tgm2 11.6702792723547 7.35258544870223 5.12951149908809
Plek 13.0385446953369 6.5456631026881 5.83967944704761
Rgs1 11.3590498478886 4.8842029587516 4.52965355395571
Cd79b 8.10777669835161 4.69002059397105 4.48256794771254
Snx5 12.5419589726741 8.6586974748217 6.83503273455809
Elk3 10.4319956263106 6.27312979878986 4.37623632644681
Laptm5 13.25292607905 6.88521558486293 3.88693532145882
Slc25a37 10.7377469263125 7.2459215942655 5.81120697967163
Rgs19 10.0869225771368 6.2291725434158 4.60212986455722
Serinc3 10.7887820532689 7.02836881974453 6.39316141782466
Ctsz 12.9968566741552 9.67333327755644 6.0828803089581
Fcgr1 12.2955371160684 5.26870937444246 4.42783911275859
Slc16a6 11.5647594820405 7.28151378049229 5.46397912997454
Ccl9 11.4677327663853 5.17100010963301 4.81661554632411
B4galt1 11.1336165305587 7.54988685639638 5.88629402631976
Tnfrsf1b 11.7452188608572 6.83429536048017 5.91340146157383
Inpp5d 12.4577394438636 7.06182329211398 6.44407795352609
Tlr4 9.57555684780965 5.2180008199392 4.38786249674231
Pmaip1 7.97566326054479 4.62923821661763 3.977388111088
Aif1 11.8214348072249 5.3651222647482 4.85870869848667
Syk 11.3160084368777 7.08200021202032 6.13614819599375
Klf6 12.2250639567383 8.08485822485562 6.26867770751922
Crybb1 12.2648088011919 7.02220691185157 6.44019097575297
Fcer1g 12.6718396223893 6.80241344965675 5.74414291206008
Ctsh 12.87251521366 6.58640635968129 5.22638442637771
Gpsm3 9.55595780536678 5.59048673631638 5.08392132049835
Ncf4 10.7292352869563 5.33938345661998 4.82858411981678
Ggta1 10.3002208247185 5.82954043308749 4.15849008412884
Lcp2 10.4089431447829 5.06115708714117 4.50715304055113
Ngp 12.7574775005176 6.44172223385175 5.38778556770803
Spi1 10.4190424481911 6.1827211881081 5.82383616135408
Ms4a6b 11.2554621340409 5.08105754393011 4.75637570651165
Hcls1 8.70906636115833 4.89446838259994 4.67792644610865
Pabpc1 11.1781404360411 6.20831952153304 4.50997110114029
Skap2 12.056136723105 8.63773887847866 6.5618181252304
Cebpb 11.5932508063623 8.16205734383938 5.86749964844276
Plxdc2 12.0745716973584 7.92689259747777 5.1604314975585
Cxcl10 9.72683118350032 5.70383248267113 5.14409286560308
Cysltr1 9.25437959121948 4.78515088938708 3.90434970023548
Cttnbp2nl 11.6991350325633 7.31241366158063 5.70035122347554
Lyl1 9.96552235514374 5.73503761243778 4.96684072227089
Ptpn18 10.3344380846283 6.8077966986409 5.63920641380079
Tlr2 11.9276981137555 6.12988004563919 5.6130896339327
Cd163 7.96377468160987 4.1301324437203 3.98107003010161
Serpine1 9.65311808101758 5.56548195364901 4.64693391706607
Mlxipl 10.5385226388773 6.65817087496869 5.20815372698801
Cd37 10.9003612304416 6.81593043724128 5.28101546520869
Map3k8 10.2772018482877 5.03980626405729 4.72312818388155
Myd88 10.6605178444686 6.73214216807499 6.01051203530937
Ccl12 10.6391731596107 4.66908415618317 4.33684942483657
Arhgap4 9.32893709991249 5.54028906153973 5.21492354364748
Pon3 9.25424963832735 4.65652122578698 4.28801705836139
S100a8 13.1710031765985 4.81618088050705 4.52953955756408
Il10rb 10.5493104181091 6.7348297197201 5.16210291419389
C3ar1 11.7048817822179 6.60756744760421 5.3030378128737
Fgd2 12.0963667807367 6.23494977820797 5.79979765373525
Ccl3 13.5359936909524 5.29729699700406 4.63875045897127
Ms4a6d 11.4841310922632 4.76626845264376 4.35778075498731
Ier3 13.5124048716238 8.75684869741547 7.21277025661707
Camp 12.4507582747533 6.05294008448372 5.37030560184225
Klk8 10.1827990465209 5.91480121202985 5.43648341293638
Chil3 11.4871946767607 4.56000123251178 3.72300307903421
Arap3 9.99309938625579 4.41221994963921 3.97885910492152
Tlr7 11.1537008662761 5.31525878243662 4.86831414114355
Csf1r 14.0292728577336 9.3777249156457 6.8153611291603
Hpgd 11.9738918982247 6.22095734919949 4.19811262975892
Slc11a1 11.3948658681908 6.84486742232107 5.46313835053774
Ccl2 9.3887194295731 5.33402449095421 5.10989807998264
Cd86 11.6527693006629 5.60763936587905 4.78496689717974
Gpr84 11.5263505075912 6.34841223396628 5.31158009260946
Trim12a 8.39694276788024 4.49372470973109 3.94149357049256
Zfhx3 11.2191522315493 5.77702753624149 4.32636134864122
Slc15a3 11.3995649353571 5.44940918904869 5.11482525615865
Sla 12.4329217789332 7.68251135000823 5.6909169495346
Tgfbr1 13.5090583473981 7.85280943510887 5.37702575178722
Lgals9 9.69958847858634 5.78991942370013 5.27933675717499
Trem2 11.303795824757 6.86404458044337 6.18595294667372
Gna15 8.99367862824198 5.49516612036734 4.94386765775972
Birc3 10.6915102166933 6.77996226588029 5.83992066787491
Igsf6 8.83394697282607 4.3273266893174 4.13418998536391
Samsn1 8.81738530496463 4.82537430607685 4.4771907061104
Il1a 10.5376640185961 4.64439298354229 4.35963795771241
Hpgds 9.22775583355141 5.65262306383073 4.86705892098415
Naip5 11.0978070538461 4.81497836191665 4.14342210144216
Ccl4 12.6588721873418 7.68150160091443 5.89847803341972
Stat6 10.468465477124 6.38373917848813 4.8576199276703
Clec4a2 10.1399334143348 5.24413165911751 4.852275362651
Fli1 10.1221580891138 4.15834039816498 3.72886370991294
Ets1 9.52298260959165 5.12153385225684 4.03519664017981
Ptprc 12.4924457080349 4.71029112308127 4.23474973888318
Ccr5 11.6775104276773 4.69855086257887 4.38189472383281
Il6ra 12.6762370901779 5.95296834737579 5.53952980903012
Pla2g15 12.3402771280608 8.10093766738515 6.48505555379804
Ifi30 11.3741036101554 7.30486396747774 5.91588498696477
H2-DMa 11.302506340632 7.48413774527913 6.22986700260564
Gpr34 12.0465417111213 4.26913602011693 3.96509951370183
Rrad 10.0218987777276 6.1178787035511 5.09990968098645
Rnase4 13.0645450224258 6.27735325127101 5.19187577275468
Hk2 12.2311857728962 7.51593430491791 6.02572427413974
Hfe 11.261965590755 6.83781039705067 5.98705804643457
Pik3cg 10.1391450667911 5.97093817739297 4.99519674630448
Cd84 9.79853579725004 4.68354498789986 4.40252996249926
Ly86 13.8484382572477 6.95836301329708 5.32900211888484
Vav1 10.4988780096262 4.18419787214574 3.94055478472808
Cfh 10.9189995251726 3.88610517304533 3.47933871960507
Tnfrsf13b 9.55249902249023 5.38462240796096 4.30070984675694
Hhex 10.0129558927535 6.05392614531855 5.21647243012033
Entpd1 9.36332417160173 5.53306965594171 4.16500353972533
Ptgs1 12.1460566579667 8.31684874523805 4.93467725402951
Adrb1 10.6329930698674 7.22713744301132 4.76856875146031
Lyz2 12.6255399097117 7.36609451002263 5.93216975195296
Ctc1 11.7381009275171 8.09984264801717 7.22093761531171
Unc93b1 11.2638153754962 7.34738082945849 6.40553815446024
Cmtm6 12.3249537931389 8.9306841210632 4.71401530615086
Hvcn1 10.3744362140918 5.79345111437921 5.32775896168291
Edem1 10.5468048765477 6.88186174512219 4.5781860122205
Icam1 12.0835121128031 6.38301477461085 4.8635861652873
Ptbp3 11.2821230739434 7.88172930479226 5.91408331851113
Rcsd1 12.3327371826167 7.74372715045345 6.40058859175205
Tmem140 8.37653073680301 4.71219773537896 4.39395558145888
Cd177 8.34962699286364 4.67276800825396 4.13315232037653
Casp8 9.75678338176791 5.24433439021204 4.84719652251732
F11r 12.1396861374846 6.68374104277726 5.67838845638507
Ifi35 9.14048261664104 5.68145833350795 5.32006975081178
Lpxn 10.7275528959061 5.16689140532456 4.39464804917839
Siglec5 8.28941632201165 4.32630029072655 3.80047224459786
Fcrl1 9.22764356004362 5.71776968541498 5.30248675598269
P2ry6 11.5574667748729 4.75858924354822 4.2783367578884
H2-K1 12.7949568117272 8.14458813395536 7.28441150517807
Tgfbr2 12.4393744689228 7.63409493867242 4.91938174876294
Ceacam1 8.80282175058088 4.73869849453035 4.44661594936079
Mlph 9.57489838859243 5.97729283078601 5.19857709381221
Ncf1 8.88584686160739 5.51562270483584 5.20824937197012
Il13ra1 9.84239214017086 5.9173410952909 4.26484404420143
Adap2 10.5722797031115 5.25956891965143 5.0202515818693
Ggnbp2 8.92116224716715 5.57550006760873 5.10876188887136
Capn3 10.3369957490321 5.06983706675736 4.50461158576947
Arrb2 11.4983554070217 7.10538488910308 6.31404784061067
Pros1 11.4603712254362 7.51108118467235 4.56258487891324
Arhgap17 10.9767981793134 7.44579737723856 4.89940144411374
Trim47 10.0791566495733 6.57963562655283 5.25042194181665
Sash3 11.249005723635 7.0504000306282 5.22852786794284
Themis2 9.99513496121799 5.3067021291066 4.89617386396937
Mpeg1 13.5931395335038 7.22375401383113 5.67082582014634
Cd48 9.95999221182058 4.84311388767818 4.29088130731779
Akna 10.7072692564892 6.62715790705715 4.73067867022853
Fes 10.5551239260507 6.96732303807414 5.91508744928008
Cep152 9.74520694836984 6.09700580402894 5.6169047071246
Egr2 11.2484829324693 6.58124621447093 4.47946443378653
Ccrl2 11.3826980615646 6.48186636692335 5.7955234039274
Lcn2 12.0118513639671 4.49862033118901 4.21142122372866
Hbb-b2 7.88283645776123 4.27391684834882 3.85950420015508
AF251705 11.9378287827213 7.66848621514614 6.25985769279751
Hmha1 10.4292840746509 6.05539163098179 5.43697346527017
Ebf3 8.03327435115078 4.62687882973895 4.12313895785531
Gmip 10.0312950363764 6.61996089301424 5.66628533834536
Nckap1l 11.1514517971807 6.32923247686821 4.78400743566589
Abcc3 9.68880748830503 5.65363652719481 5.00931988480671
Rhoh 10.6886747062572 5.67311355563939 4.78794013842877
1700017B05Rik 11.7630363477309 7.39005125658411 5.60662197036385
Lair1 10.6341607739461 5.87582330977321 4.88422959523424
P2ry12 12.3417720061336 5.75268926553098 4.62071078234678
Rnf19b 9.59453701735849 5.55149838024415 4.55322745547807
Pld4 12.0162068213804 5.95294060643548 5.2508583247579
Lrrfip1 10.7165591037594 7.1562989167078 4.6920996921415
AU020206 9.7250304187546 5.57544498011854 5.00080805544841
Fermt3 11.255187597153 4.57725093969144 3.82447034939189
Ankrd44 11.6555430067368 7.99660649386024 4.96060622857538
H2-Aa 10.95884712019 5.98219773767939 4.76898215294237
Fam105a 11.8141138102905 8.36909750055126 5.87608127008804
Herpud1 12.561534184029 9.17787235753808 7.6288130810475
Cd300a 9.78331319123392 5.63818891735356 4.82259360302433
Lyz1 12.291433368859 6.27712092895063 4.27571313320674
Clcf1 8.66818372368241 4.02083357429262 3.69484209408416
Adrb2 8.06163788196254 4.364797298152 4.27721755048897
Lrrk1 9.00233842375518 5.280980410434 4.59038777659592
Il10ra 11.9204835825207 5.46288744932474 4.75997558951664
Hexb 13.9682695694516 9.16071703356246 6.78350800430727
Rab20 9.47961105235741 5.15436394148401 3.85634838950784
Grn 13.5694893497197 10.2118452987812 6.98790998362006
Ifitm6 9.52062006754197 6.06726814692567 5.62261807324932
D9Ertd306e 8.17933645172779 4.72062399983874 4.21291309364514
Fam46c 12.3008656779841 6.24487047188787 4.62293708045197
Pald1 10.8157904216058 6.86021753820251 6.04733870090735
Ifngr1 12.0120817823602 8.3450908793183 7.15140552896147
Anxa1 10.0891907764378 5.51455492524223 4.44384462491416
Lrmp 8.72621364395205 4.67837629234245 4.33479985034984
Olfml3 13.5589885962411 7.00049609030601 6.10994520588146
Ncf2 10.9678841319022 6.40529087129383 5.55382914222517
Ctss 14.0972400899769 7.86758591081622 4.73152438920042
Cd53 12.647448770815 5.48983703933046 5.09487598446385
Fcgr3 13.39521832835 6.27936338794195 5.33830233991099
S100a9 12.5433488948648 5.34942310096296 4.69944501155856
Hp 9.14524736055938 5.71241133961486 5.32089550517805
Klf2 13.0114488593516 8.86705362190387 5.57238412236286
Fcrls 13.5094801235154 6.49365508977627 5.59805338972312
Tlr1 9.47210882993985 4.49562304366285 4.09440878760767
Selplg 13.4608296010201 7.89069297529175 6.07786328413167
Cd68 12.242490069775 5.82053990166211 4.88250298837011
Gpr65 7.84688309866013 4.05182947246585 3.82374406635095
Casp1 8.7453943640576 4.70058754944882 4.28400172197747
Csf2rb2 9.41716750216967 5.0290864157658 4.63905459612347
Atf3 13.3007390383143 8.48492970336031 5.26996032275883
C1qc 13.5863871767458 6.22175619243735 5.0345433139868
Hck 11.677853867497 5.58693937353056 4.65016759179793
Gcnt1 8.17673933531389 4.45023505852488 4.12341931667275
Casp4 9.24666718666705 4.95304692492815 4.07238206888672
Ly96 9.04291773410898 5.39301532782941 4.4190220532827
Lag3 9.95212609690159 6.209602109092 5.28211778607222
Cxcl2 11.1862547067567 5.08774388927117 4.23814476702071
Ltf 12.2109361391241 7.73392118037709 5.94193510553769
Cx3cr1 12.8661645891936 6.4692490931196 5.12986982726401
H2-D1 12.6018887958776 8.06409892293745 7.1230091630312
Stab1 10.8319181809469 5.2232850050377 5.07456272658664
Il6 8.39447282799593 4.43494075574329 3.79503943947129
Pdgfb 10.784427213788 7.30376904268404 5.75369385532995
Mrc1 8.63837955832117 4.54930610871384 4.1549180158524
Itgb2 11.8272052895604 5.29594936767639 4.5147296282456
Psmb9 9.34845122497028 5.83315421369343 5.322558517732
Ang 8.39410428367088 4.24769698914141 3.93124657650025
Sh2b2 9.22244603896785 5.29512937729897 4.5995708770177
Tyrobp 12.8882077765556 6.75402194776184 5.49223469140893
Emr1 12.7324162108168 7.40567077927302 5.4635515465977
Nrros 12.2035612900789 8.85678430987708 5.64052229976024
Tmem119 13.7062504747088 7.1021885665443 5.67612219060248
Parp14 9.29651035265735 5.6914296405012 5.16743754641563
Ttr 13.2596253146871 7.24443970778098 3.89619081108605
Havcr2 10.6395343238155 4.47889194516964 4.17044327562055
Alas2 10.1192139258561 5.31602777529155 4.80820267189592
Cmtm7 10.2158890607314 5.82270701212647 4.84741855605798
Blnk 11.7867853033936 6.98345570987698 5.05352838785839
Alox5ap 12.5576931349978 6.96034339972317 5.88416500246674
Fyb 11.7070682335866 6.14701228221037 5.92724314408029
Ctla2b 9.98817720392032 4.77013369767714 4.07810940359274
Zfp36 13.4710413836478 9.86526870874233 6.90429218577545
Abhd15 10.2572440975652 5.6196811327341 4.97200034233681
Cyba 11.7795222099381 7.08802099303639 5.04522503795044
Spata13 11.8423721764084 8.4285423895562 5.15651395884174
Ptpn6 11.5568573976642 7.63864889787153 6.43038378611102
Cd52 8.87459768254704 4.94529363887863 4.5022222167696
Irf5 10.4986359523617 6.67418914236372 5.51731308677421
Naip2 10.6906973938164 4.74520793808571 4.19448377789798
Anxa3 12.8939144704404 6.20074105791587 4.94829231702352
