Gsn 12.1615793336909 7.85098902459487 4.7269338831846
Cldn11 10.9525986682523 5.37934306191014 4.08246213341909
Lrrn1 11.1700230446201 7.81625938847506 4.62602124459569
Trim59 11.3476688940326 6.5835918551284 5.3310873299007
Apod 11.8003996021867 8.40815689026587 6.40081829473245
Lpar1 10.9462246178314 7.29776385215079 5.85179565910027
Mal 13.7009876216624 7.30033704879599 5.08648188118129
Ppp1r14a 11.514280705559 5.00924282548723 4.03757821795156
Ugt8a 12.4807202310431 6.3265110025794 4.23442880885491
Mbp 14.2183429238925 8.9668295823746 5.28164493381846
Ndrg1 12.6048162485012 8.05870685065454 5.12594944347926
Mobp 12.7160297890117 6.40911167302654 4.64343017676507
Ptgds 11.3055185432564 7.02381740412374 5.36933741156014
Pdlim2 12.0091884907 8.11773858156122 5.45225832171037
Lims2 10.8921170758448 7.48317267780095 6.7780441470529
Tspan2 12.4796235404517 7.75872069372924 4.84390924016187
Slain1 10.5730052679896 6.86362554762395 3.83785991001748
Plp1 13.4325136619132 9.45200955855721 4.40932865717378
Ddc 10.6032242789357 6.12876397934363 4.99701336972845
Nkx6-2 9.40550978686453 5.16657879680591 5.06613014924907
Anln 10.3960556123854 6.04646755537515 4.84967932018866
Erbb3 9.68847962664088 5.77582185085868 5.34385096116106
Plekhh1 8.36407435227979 4.93317828410093 4.47791009807017
Mog 11.238125483188 4.4348465477146 4.05632999264306
Josd2 11.0358861714567 7.33454940471187 5.90872785054819
S1pr5 10.6527975985023 6.12429074962611 4.38008013221703
Adamts4 9.8013272260716 6.1661624221093 5.29133783767279
Mag 11.1855340930864 7.46301176076945 6.1656399768596
