Aldh1a1 13.2290650954971 9.76005993316426 6.59702082225835
Cdc42ep4 12.7056974706762 9.35443338524712 6.97162474472391
Ntsr2 12.7046248561377 8.7448717275987 5.53528029183511
Fam181b 11.6115127872521 8.28212731232437 6.07723445366644
Cxcl14 10.2270107545625 6.80997843239841 4.85025874375506
Dao 9.86693791770824 6.50783875958393 4.62501806632955
Fxyd1 12.8501204014389 9.37179425890652 6.69961596620637
Wif1 9.67083739734556 6.32002832642731 3.78433499859791
Cldn10 10.813979698532 7.12984268869425 4.80158132678006
Baalc 11.1095567581765 7.6725943319368 5.90924397229596
Tlcd1 12.440867561208 9.01318666338937 5.75304454834617
Ttpa 10.7706168550902 6.20986561448206 4.68722033811832
Slc14a1 9.6802468925402 6.35358028598432 4.71474884376121
Gjb6 10.8081478425847 6.68371855626425 4.76532291520519
Cd70 9.87202204660144 6.06956761524545 4.49013482299473
