Tppp3 11.283828678629 7.73322082781715 6.08051980038777
S100a10 11.8554254445226 8.42476157513713 7.36779643628833
Tac1 12.7281118478351 8.8194527354396 6.58787896353476
Abhd8 10.2509560590456 6.72275022287204 6.65537575079065
Pfdn1 10.8828547153213 7.21030667888846 5.91139010939764
C1qtnf4 9.73130455096657 6.03010698973831 4.4889886981026
Ceacam10 8.36799395119292 4.62502419335418 4.37120632895513
Slc6a4 13.2687666804024 6.9352585063737 5.9295203022213
Fxyd6 10.7931850313489 7.34221722622274 5.09730387550101
Kcna5 8.79735423259167 5.35567624698351 4.23448443405118
Synj2bp 10.9301450019835 6.827988761622 6.67462223449242
Nenf 11.4564995786137 8.1299958284264 8.02671435719442
Tpd52l1 11.1331905508552 6.78968887360469 6.52157358392205
Slc22a3 10.4316004838709 5.8994720757532 4.94389178319506
Cend1 9.26321194809325 5.1885243818513 4.42595026989111
2010204K13Rik 12.9782366771453 8.40978596464307 6.30516297746268
Klk1b27 8.73392053773961 4.66900953519438 4.15678648128682
Nedd4 9.66883939680077 5.81615301287925 5.78759444396247
Id4 11.6628008544354 6.21397428096692 4.81305865292679
Zwint 9.69869778151138 5.94492112626831 4.85122328431633
Brix1 8.23755280364114 4.88718976103341 4.73068693546271
Tmem242 9.95656483451032 5.82600001491262 5.40979359505542
Pmm1 9.9052806052174 6.41110987222598 5.22997703883792
Flywch2 9.94548205810587 6.22017268250215 4.19438154823987
Fev 10.7744246565637 6.80965497069322 5.20068476077937
Ppp2r2b 9.94676912225785 6.32957499087684 6.29841351403845
Qpct 8.85748079556421 4.90604011694219 4.8691574421247
Mal2 10.7029590783133 4.8368053123173 3.83023747459371
Ggct 10.8006752719522 7.2709028706309 6.35656219926312
Timm8b 12.7630175566403 9.23715900044785 8.53850913165206
Kcnj9 8.59444668898107 5.13027380134251 5.08850926468681
Mela 9.97123545516391 4.43724692178199 3.97211597869642
Dos 10.3470043917734 6.85944902320317 6.3162930087031
A530058N18Rik 7.58831341815115 4.17445503565992 3.57320738625109
Ykt6 9.79014950739908 6.44583840259086 6.31272513548415
Ctla2a 8.82355876215085 4.63139551948865 3.91158357712662
Myh7 10.3764151673618 6.99057446454756 5.27484252717132
Rpp25 8.5466279310723 4.59718641406654 4.53650745506043
Gata3 8.48575744117105 4.60843554779217 4.45955861198918
Cited1 9.1785020692238 5.25640543482252 5.0582124226535
Spock3 9.40437614049455 5.06187692474792 3.52819978426415
Chodl 8.57128440363271 5.08818465636787 4.48320172595877
Fam92a 11.4114648086121 7.34981398743684 6.96830067593369
