Tnfrsf19 13.0170551152101 8.163665998085 5.68860091988845
Vcam1 12.4630577100431 8.18118631825557 4.10216237569091
Cyr61 11.0460882561593 6.10272355470138 5.21392636745691
Gldc 10.8695664176776 6.80137525508456 4.76922810698914
Glud1 13.1050940388712 9.58027456004987 8.70751222248506
Elovl2 10.7408857026568 5.98137288871517 4.33406430806189
Aldh1a1 12.8320986318527 8.67088308845813 4.78260156736772
Ppic 9.07053452265401 5.23879439459824 4.62160029542188
Lcat 10.405952604035 6.74243940898603 5.39216322990692
Ntsr2 13.4914270754374 9.24596453192168 5.53528029183511
F3 12.0807292830354 7.80972984582482 4.58117588428835
Tspan7 12.3395761770886 8.54545650013446 6.74442668763496
Slc15a2 12.8650620990656 8.84529439707958 5.68044508828314
Prodh 11.5608536791366 7.65556560324929 6.18302050251111
Wwtr1 11.3200018331765 7.00988457958449 5.00062706384845
Entpd2 10.989456396274 7.50885531612639 5.95452714229846
Fzd2 10.8921293957318 7.12308910008195 5.7142712851975
Ptprz1 12.3462318850367 8.50109722579367 5.79323210780622
Slc38a3 11.9754534446227 7.83559164470737 6.64726344868143
Dio2 13.6873440649276 8.72070661132084 5.46436298120136
Fads2 11.6947155132253 7.73823924292959 5.78480148620385
Cyp2d22 10.4172666606301 6.52963239792586 5.22990949532343
Cyp4f14 10.4746427720886 5.9536568689839 4.87351513954973
Tmem47 11.0182730466748 6.34428154717965 4.60544189527875
Cyp7b1 11.0269260027674 7.65323969683044 4.54851527851229
Slc7a10 12.0137747448473 7.12519329755011 6.03905199026398
Myo6 11.2116892980677 7.79024896253353 5.54938284862921
Chrdl1 8.81623801658498 5.17341249285628 4.54517726024349
Fxyd1 11.6542261782819 8.07795306502144 6.69961596620637
Hapln1 9.31968731926019 4.94333987238841 3.89384442984399
Fgfr3 13.0331805406119 8.58277733139727 6.42794347735991
Papss2 9.60452933599322 6.13577173664523 4.68174188794579
Phkg1 9.11242286878067 5.17200576998654 4.09914277107183
Acsbg1 12.3590375667323 7.62213164050102 5.50430243173093
Tgfb2 9.77503571356295 5.97277479453048 4.70094732028589
Slco1c1 12.9716820180478 7.24155263899532 5.0910667436754
S1pr1 12.9711096293167 8.42396300333168 6.94299184092352
Axl 10.3617267384528 6.02045826375773 5.50345628790926
Cbs 10.8046888859182 6.93548999637349 5.59911345633735
Ccdc80 12.3418078251754 7.86437886474062 6.12826748152635
Adhfe1 11.1000301239203 7.10864006169358 4.61907404095361
Aldh1l1 11.8480830282233 7.84854454183277 5.06573469561095
Emp2 11.7321678289295 7.00188850581261 6.22564135431727
Aqp4 13.3551369171077 9.18449151840478 4.56503333171948
Col4a5 8.47992793650802 4.15664919727299 3.77141029512567
Amot 11.5629714072595 8.09084957872602 5.49603881746243
Cldn10 11.4178602030182 6.85192862646069 5.36279047125666
Cth 10.6661796277855 6.27321803298178 4.59860091093506
Slc1a3 13.0033080891387 7.88743489253179 4.57726367611502
Tlcd1 11.7543841882307 7.72600646354381 5.75304454834617
Scara3 11.5812159522506 8.17703297025662 4.6591139148873
Gabrg1 11.5316224791056 8.11238233149921 4.79421069608055
Ttpa 10.3307807528901 6.12114335994117 4.64074191108522
Atp1a2 12.7404616803696 9.2302834457622 4.56152460129007
Slc14a1 9.81781379229805 5.23865957453002 4.24064771888869
Btbd17 9.53725796320326 5.56151988916005 4.61105854399053
Tril 12.4391939251237 8.80247472104356 5.16422119701935
Itih5 11.6853205724885 7.53749890217197 5.84801412933683
Pla2g7 13.0632840169669 8.00663694591571 5.6409876291032
Cd38 10.7946916179119 6.2087471434466 5.1460017112433
Lrig1 10.5389888489859 6.85701821706756 4.45486868808381
AI464131 10.8293543114102 5.98434358670129 4.04083004776513
Mlc1 12.8150607095852 7.61923431392168 4.42370448235774
Gjb6 12.2206375095662 7.86955869453233 4.76532291520519
Heph 8.19319208774704 4.31772338099459 3.85559856102256
Grin2c 10.9861773290255 6.50152396446362 5.24953415910839
Cyp4f15 11.0197280467778 6.02472111560424 5.16604878986504
Slc1a2 11.8951987698827 6.87529756606093 5.46310557072158
Igfbp2 11.4664456503611 7.59174443503132 5.38305279140372
