Tgfbi 10.1729708775644 6.35502137259399 4.49303579822313
Lcp1 11.8463632704423 6.4405960299627 4.30016558921552
Cd83 13.2264749464343 7.58605879222981 5.58405105957202
Sipa1 11.1257432146877 7.18607185331028 6.21765268784322
Tnfaip2 9.08145533726492 5.2638239501642 3.96010798239358
Tubb6 9.94309885815544 6.50136389102639 5.48950921089931
Ier2 13.4150634942812 9.70321789337444 7.18363150455821
Socs3 12.8363611039744 8.54371339582012 4.07524754097052
4632428N05Rik 12.9592128362635 8.5721834088109 4.89480153850734
Spint1 10.3415667614487 6.14089302728717 5.23879292040847
Afp 8.20241684612463 3.97133320699518 3.66296252850525
Clic1 11.3846871257571 7.70810020158444 5.50844923554086
Irf8 12.5606886061131 6.06114840167853 5.21988653222913
Dnajb1 11.4072973894197 7.86219427406766 7.16141122279969
Tbxas1 9.77227819439976 6.31353916848649 5.72679167079122
Parvg 10.3224146114506 6.63228029199579 5.36651618517573
Rps6ka1 12.439882687873 8.36927695251351 7.41064092353406
Mfng 10.1100884876208 6.31817711139329 5.57506597211344
Slc40a1 11.6365802495677 6.69659985956782 5.69585640952624
C1qb 13.3846079047961 7.32133372103729 3.79443884223306
Ccl6 10.223717633042 4.85527996966027 4.10969299327648
Cd14 13.3052539164274 7.46970832895297 6.18751009872849
Pycard 11.8185468367102 6.28942630780629 5.33510543433008
C1qa 13.2380236204344 7.55433160655238 5.25932815667497
Il16 10.7022595486227 5.87583840692246 5.43640926584128
Slc7a7 11.052383619296 5.50200919102693 5.09360862472994
Srgn 13.2509970787582 7.12079524125691 5.43985690907498
Nfkbiz 12.6860754101133 8.96925728275913 5.03846469904725
Tgm2 11.7718766956168 7.75242815241739 5.59587579037069
Plek 13.0669588958399 6.60324028245133 5.82424368244125
Rgs1 11.2541972267774 4.86459402183925 4.45204378272878
Cd79b 8.31573716498709 4.73258509771557 4.51645134800499
Snx5 12.5628056055199 8.58225124797386 6.95171063039925
Elk3 10.4901390004177 6.03688900002573 4.48250469061586
Laptm5 13.2497958585741 8.411744782315 3.91794477890429
Serinc3 10.8737843005988 7.13655004701132 6.42259040390428
Fcgr1 12.3056772228307 5.21932734144084 4.42409397342882
Slc16a6 11.601886645942 7.35559801031482 5.66278125871509
Ccl9 11.5606702750711 5.27075137377968 4.72145167947353
Trim30a 9.82440837349698 6.44233328856361 5.42207759576751
B4galt1 11.050190662426 7.2675792733172 5.91235863014909
Tnfrsf1b 11.5849644137814 6.78086334988361 5.92640133292057
Inpp5d 12.5199395399242 7.57251761646494 6.37135076558284
Tlr4 9.52419084436795 5.22233541703166 4.37525541828348
Pmaip1 7.94812896443572 4.52748655389015 3.96530003391515
Aif1 11.8782125697407 5.3698984132208 4.88223391123711
Syk 11.2305153374971 6.80002718054003 6.22974999426116
Klf6 12.1614928848338 8.11333613705797 6.33794043619316
Crybb1 12.3010895138039 7.14602442876454 6.37937963382853
Fcer1g 12.6409109862305 6.70413888332312 5.77097915017351
Ctsh 12.8519091129382 6.09924260324999 5.15941027863003
Gpsm3 9.66649074936397 5.52923430354945 4.73904531918133
Ncf4 10.7081144474155 5.19857695118092 5.0265655685563
Lcp2 10.3889718130272 4.99640367775796 4.64034460077797
Ngp 12.4329204009581 6.3068251632945 5.39358132399658
Spi1 10.2850028049619 6.17312559058363 5.83700406563817
Csf3r 10.4703586336665 6.73390122724444 5.31898886365302
Ms4a6b 11.1222234312687 5.40002336225087 4.79401201551326
Hcls1 8.83239317939796 4.95532217146414 4.62624456367784
Pabpc1 11.1513836653323 6.51927441338879 4.45089554118655
Cebpb 11.6879517821222 7.71124942336773 5.97395262986975
Plxdc2 12.0633823649962 8.15742170179432 5.70549175001597
Cxcl10 9.83264446685726 5.67375396724177 5.09003532512762
Cysltr1 9.33333349087416 4.49133348742478 3.98169441803706
Cebpa 9.88957255483431 6.31674134533882 5.4162341929784
Cttnbp2nl 11.7204560544011 7.33828774160239 5.74542900376746
Lyl1 9.97533629065994 5.49374657786802 5.01222254050019
Ptpn18 10.4025712369028 6.69993589718966 5.74246959374279
Tlr2 11.9268402473875 6.00106712370623 5.51821699784218
Cd163 7.66769719158114 4.25040806851142 4.00553332589875
Serpine1 9.52331793271942 5.45147465427436 4.50413403745752
Mlxipl 10.549742788076 6.60574973626559 4.85363830988824
Cd37 10.9048574016166 6.44973821789911 5.36821387624259
Map3k8 10.2849700718244 4.96662191046129 4.73214274903051
Myd88 10.7278217724093 6.7413966116931 5.71394884777381
Ccl12 10.5112043294489 4.66345617169105 4.33828275775802
Arhgap4 9.36525554969312 5.54141272783354 5.20188645738781
H2-Oa 8.7917936065526 5.43110582099516 4.97051893859798
Pon3 9.20297150005047 4.50342565016534 4.23975667527504
Slamf9 11.1882832385642 7.84742383962702 6.21913201182183
S100a8 13.0395448654869 4.95802959676718 4.52642322796171
Il10rb 10.7116513838826 6.66206283392018 5.19202615862805
C3ar1 11.7072754362155 6.53352255066327 5.39342347414321
Fgd2 12.1304825880125 6.88748709932733 5.92847199175283
Ccl3 13.4953964323281 5.09422493190266 4.54757032369773
Ms4a6d 11.3799791784438 5.24755662566101 4.41784920946763
Ier3 13.4963591841383 8.10543820006728 7.20204953177483
Camp 12.113738407204 5.6922252185868 5.34061330982475
Klk8 10.2464469222101 6.00401238790023 5.49518265212525
Chil3 11.1159878878753 4.48215320415943 3.93633189972719
Arap3 9.86775374576886 4.42648178959459 3.98468547756635
Tlr7 11.2112407400947 5.40909762747515 4.80011965385167
Hpgd 12.0107499612859 6.18257227921166 4.17254049472427
Slc11a1 11.4154854568916 6.59274164841893 5.26033213959333
Ccl2 9.49866288250659 5.36036040572277 4.91296894718064
Cd86 11.6419705628058 5.35367177378738 4.86251909317764
Gpr84 11.5935377294956 6.29232726223461 5.39832060975313
Tcirg1 11.3257053795282 7.99211951005963 6.77085740400601
Trim12a 8.5835260320544 4.60920694088508 3.94878487537823
Zfhx3 11.2942984484453 5.94461153408984 4.45298515456935
Slc15a3 11.5219827541908 5.58960589133672 5.12394210445725
Sla 12.3378861062474 7.86821683560887 5.66357111193482
Tgfbr1 13.4953964323281 7.80945098784355 5.51891253472787
Adcy7 11.9646243532397 7.90032231175919 5.22203893845977
Lgals9 9.80576100376818 5.92659523395971 5.16850696474246
Trem2 11.528689695107 6.80781059774034 6.25222314809369
Gna15 8.93153578094543 5.50682282634646 4.96018100059067
Birc3 10.7521481640029 6.66630735813246 5.94369496088738
Igsf6 8.68495551282954 4.33709025763672 4.10940417989697
Samsn1 8.95535277925432 4.80022036294641 4.4482962002668
Il1a 10.5450729398403 4.50161189173135 4.31556511941403
Hpgds 9.14123713383759 5.39305939539759 5.0221318445739
Naip5 11.1347547074536 4.85938077304506 4.13322922171262
Ccl4 12.7516225784521 7.58795192992781 5.86367983003298
Stat6 10.5031698578152 6.27302818636747 4.86436219423704
Clec4a2 10.1190075949126 5.20043655040696 4.87181501754307
Fli1 10.0832277034328 4.26447283939859 3.81243766341488
Ets1 9.75745818736726 5.33603186755586 4.02482096002137
Ptprc 12.4215732421658 4.76354678098565 4.22511414560035
Fosb 11.9818678393755 8.34825899406382 5.68302622545152
Ccr5 11.7087776692335 5.37455192554375 4.39770629961563
Il6ra 12.6405285425734 6.29481779762438 5.49661909980489
Tgif1 8.50458243562559 5.07760259636984 4.51346807016215
Pla2g15 12.3512186582331 8.19063289522557 6.54553636630686
Ifi30 11.4062018650154 6.94752860482151 5.94076324160292
H2-DMa 11.3395300052483 7.76941800306131 6.33287612457681
Gpr34 12.142699851518 4.32929356736416 3.85738820827396
Rrad 10.0026571297703 5.84866725794747 5.14955108817187
Rnase4 13.0771643703574 6.41790559519726 5.32265078684232
Hk2 12.3164140648536 7.47356025556999 6.04880501560076
Hfe 11.3196450739578 6.75146571734827 5.68592459541934
Naalad2 9.64837692903074 6.27989996890848 5.41062361449045
Pik3cg 10.1537853547168 5.67283153925501 5.04770889011632
Cd84 9.96224237530016 4.72249882994243 4.36120109881595
Ly86 13.8305038298173 7.19754266844084 5.47292877380112
Vav1 10.4997459843954 4.19554347332949 4.02036857273436
Cfh 10.8438396260437 4.2786525314578 3.48057230632119
Tnfrsf13b 9.66545251361214 5.06353556871004 4.35088862839579
Hhex 10.060418644213 5.90787308272422 5.24793709685527
Entpd1 9.58873000960094 5.39586785584299 4.16538003760825
Ptgs1 12.1626150793908 8.20246058560352 4.92870553212847
Lyz2 12.5660138290276 7.29273309414544 6.1509230451104
Ctc1 11.7422487728519 7.87174831557334 7.14395331297709
Unc93b1 11.3066168079527 7.17793737267539 6.5491578447359
Hvcn1 10.2856187487951 5.88553886317819 5.48411534162883
Edem1 10.5644676490564 6.62344792773819 4.54419802837652
Icam1 12.144222640413 5.62860585818088 4.7774638278843
Ptbp3 11.2952745829932 7.87724615510152 6.05585421550918
Rcsd1 12.3223507478265 7.66877268793405 6.55678195275181
Tmem140 8.46080936763924 4.58974610613715 4.38956908698773
Cd177 8.01898297885642 4.5569783415586 4.14552592528348
Casp8 9.83591177234681 5.30120977942954 4.96096448030535
F11r 12.1638127271072 6.50914970426854 5.63587327576629
Tor4a 10.4213155961976 6.71712222653889 5.47157954605176
Lpxn 10.730982217212 5.12698257896787 4.5097692532819
Siglec5 8.337886172674 4.01382241395546 3.74432109583228
Fcrl1 9.27554865404005 5.5883524966725 5.20434558893709
P2ry6 11.5909433501351 4.73072666207865 4.03795642718023
H2-K1 12.7949568117272 7.99471576164169 7.37664385956967
Tgfbr2 12.4312251246194 7.62957910941725 5.84764057067879
Ceacam1 8.73427463823456 4.72761797823464 4.44514882288958
Mlph 9.52478746573067 5.8300874646202 5.15158041900028
Ncf1 9.01873662127703 5.46752019252149 4.97265425759001
Il13ra1 9.69650941211153 6.12506566856192 4.2932641758916
Adap2 10.4876327911899 5.39487736055675 5.06912708386363
Capn3 10.437566906065 5.14939653671155 4.4921176450543
Arrb2 11.5161791808491 7.07157910352812 6.60201752352753
Pros1 11.4244912078995 7.72147922933284 4.71802725197802
Arhgap17 11.0358082941061 7.45844336877524 4.89711636869391
Trim47 10.122871565472 6.12867821393421 5.31588298511277
Plcg2 11.2395812321787 7.71805758986447 7.15635105233822
Mlxip 11.0131464704826 7.62121530494824 7.16908860358066
Sash3 11.2528818012755 6.92670466301916 5.41956561936546
Themis2 9.94919523666928 5.3522950792624 5.08785542767124
Mpeg1 13.5339312443488 7.24124689919286 5.84895815284574
Cd48 9.99176185857167 4.80240916010216 4.40506777869269
Akna 10.5978331936346 6.30685136602571 4.72615163273
Fes 10.5840546362038 6.68749244325338 5.97389970078652
Cep152 9.68353142517718 6.05942889222579 5.61419732136105
Ccrl2 11.4107831106411 6.38031193731075 5.79367300707851
Lcn2 11.7182561949748 4.51038421363076 4.23102134758728
Hbb-b2 7.86146929235822 4.31253959618416 3.8994654818127
Gimap6 8.28896486111756 4.88964376244562 4.48503274332432
Tmem173 11.1696407087511 7.70921448584066 6.07087710889901
AF251705 12.0057126252299 7.40447740855497 6.51479315326381
Hmha1 10.4487011332694 5.96484439775908 5.3353039395179
Gmip 10.2055870255081 6.5307028661787 5.69117142016643
Nckap1l 11.1526856630168 6.28018787723974 5.0298361576048
Abcc3 9.7509259850256 5.81162078167455 4.95546985757677
Rhoh 10.7637079698635 5.49808100646118 4.77768147458455
1700017B05Rik 11.7522974287947 6.73617476301257 5.61268126606765
Lair1 10.6612900224916 5.6162504949113 4.8523442639474
P2ry12 12.4385715566921 5.47619608040815 4.68632257156708
Rnf19b 9.65744414029616 5.58027439647777 4.76122945837792
Pld4 12.1700437011819 5.89855840033982 5.32453462233085
Lrrfip1 10.7224886700699 7.37206619135064 5.02150491523495
AU020206 9.79768698851007 5.67780487545689 5.01549090590965
Fermt3 11.4207362066657 4.49646280377048 3.89589454852395
Ankrd44 11.5679366187782 7.84172209721312 5.34286157881246
H2-Aa 11.2644036954394 5.91178947825974 4.8101995945125
Fam105a 11.8820924454901 8.28716947680986 5.65627677002646
Herpud1 12.5116726598182 9.14037128830544 8.24556720382932
Cd300a 10.0530239896872 5.48931475895501 4.90378888351982
Lyz1 12.2502412289951 6.48953610063915 4.31453566267883
Clcf1 8.68466038510135 3.97187392139086 3.70835640222048
Adrb2 8.29734945321406 4.37267762503055 4.16921044164807
Lrrk1 9.1635528470806 5.33616718658293 4.59856113731715
Il10ra 11.9867649941734 5.14721828395207 4.79303053551387
Hexb 13.9214339669789 9.68330932806322 7.41622717681635
D530037H12Rik 10.4018822600769 6.73964888432981 4.37780283355499
Rab20 9.64744268247702 5.03589968434203 3.83360197569304
Grn 13.6303783372944 9.70833902329731 8.00865259971845
D9Ertd306e 8.20712585253381 4.57991117361171 4.25745320605117
Fam46c 12.2421510197398 6.00777567261603 4.6704255630588
Pald1 11.0128320429645 6.94782896566438 6.06294369537575
Ifngr1 12.016051864462 8.17259832635399 6.98157446980762
Anxa1 9.64055143138413 6.05517041511997 4.45610606254915
Lrmp 8.89491220593798 4.69288109045579 4.40800362696669
Olfml3 13.5644607358692 7.08560353182798 6.28975126044941
Ncf2 11.109264808914 6.37097194650873 5.53466256831842
Il7r 9.22711297999003 5.77721910303639 4.87547455217704
Ctss 14.1223387589978 9.8077050395043 4.8556000439222
Cd53 12.6270729328698 6.32437836574454 5.23572171667192
Fcgr3 13.3874319809845 6.59297489894958 5.305048585972
S100a9 12.2965410503709 5.16752302101875 4.65324641105324
Lgmn 13.4068999504885 9.88281768848597 8.11264185400819
Klf2 12.9915058739807 7.88146794505982 5.61380683339683
Fcrls 13.5200887013828 6.79813613670913 5.70339213109349
Tlr1 9.55990391864875 4.50765652804359 4.12052034200649
Selplg 13.492313873689 7.85826491011378 6.17855439697933
Cd68 12.2825968841945 5.94717160449162 4.79517477710137
Gpr65 7.85611733273235 4.31719924832359 3.8112343588003
Casp1 8.72506021576845 4.93527640732262 4.31986956130554
Csf2rb2 9.46516272602394 5.08850189206817 4.32353564663607
Atf3 13.3007390383143 8.66118254483082 4.99896095706964
C1qc 13.5695399365939 6.88920604026699 5.06999283718323
Hck 11.7192724128215 5.6148074122476 4.88396841195701
Gcnt1 7.89240442650036 4.38553318193903 4.11059118692136
Casp4 9.17977855891737 4.74984083032624 4.04556527015984
Ehd4 10.2769858985773 6.77104540577878 5.10291532936658
Ly96 8.98885773803667 5.32161201490942 4.55347359714522
Lag3 9.94342037341401 6.16405565140382 5.37082728129548
Cxcl2 10.9236295592129 4.72178130718909 4.20545914363876
Ltf 11.9771261319803 7.61165012639236 6.18348884657993
Cx3cr1 12.8322911670036 6.95319187471067 5.24301901232038
H2-D1 12.6856010965553 7.97505380043053 7.19764251895095
Stab1 10.7835801182221 5.66074067841759 5.03062655114652
Il6 8.3523884587654 4.51086396125208 3.78086510666544
Mrc1 8.47267687587698 4.51412397767043 4.309028636995
Itgb2 11.8281947861841 5.18099629668962 4.66490632348897
Psmb9 9.49408509768935 5.89103382741479 5.48902135332829
Ang 8.67340897437916 4.22715876343649 3.96950718178856
Sh2b2 9.32069277757714 5.38170682605749 4.68653130745117
Tyrobp 12.9035612805634 6.81060324685606 5.58237878264742
Emr1 12.777781853873 6.9231843415491 5.90082154490804
Nrros 12.3519497751025 8.12728826777458 5.92102492122724
Tmem119 13.699678559052 7.20564535440049 5.87719910794758
Parp14 9.10437062254361 5.78231465101062 4.94473930096536
Ttr 13.1109777518357 8.60931672067531 3.86245839685832
Havcr2 10.710530075929 4.38117645484739 4.28229165888488
Alas2 9.97256535353661 5.59467791748772 4.76784287742967
Cmtm7 10.4036329494645 5.86407222971899 4.90821407091375
Blnk 11.8079240962002 7.10263292552111 5.11259475991045
Alox5ap 12.5749967599795 7.14478604188705 6.01781982745739
Fyb 11.7159427823204 6.70383728152816 5.90822750443344
Ctla2b 9.94438247489242 4.35410153189768 4.06079887564357
Zfp36 13.4960506681509 9.09379325918594 6.38455446166149
Abhd15 9.92497435981129 5.42041744403193 5.0465540221647
Cyba 11.7749627835735 7.2209700868719 5.07805538586287
Spata13 11.8360921296241 8.39672076898671 5.15295608330473
Ptpn6 11.3292345329635 7.6005012347549 6.4340502451849
4833441D16Rik 9.33372525445037 5.66285525467478 4.84157538243932
Tec 10.1967601761071 6.81802921398739 5.49405484925185
Cd52 8.83934325002235 4.81915333910489 4.63370738729425
Irf5 10.4417221455899 6.52136501321812 5.25957921732905
Naip2 10.8151812852359 4.6653321285314 4.3566643782307
Anxa3 12.9131833282778 6.30374905783091 5.07282561099313
