Elovl2 10.1857604972759 6.84861277660779 4.3893355447652
Aldh1a1 13.246637098871 9.63582031933108 6.72039345417828
Ntsr2 12.7484943029906 9.01453351553579 5.56500787484286
Cxcl14 10.307615041189 6.94237312025444 4.82945128218739
Dao 9.79811766353319 6.46334801122653 4.80078263715409
Fxyd1 12.8501204014389 9.51470081591159 6.83363431029703
Wif1 9.68658947054809 6.24664050357936 3.78433499859791
Cldn10 10.8629199618988 7.18116730738117 4.91127965276292
Baalc 11.0790989440366 7.6725943319368 5.94933833495659
Ttpa 10.9173835985345 6.5853697625791 4.70573013598383
Gjb6 11.1322621499492 6.79912734817804 4.77703050752791
Cd70 9.91860116910131 6.01937169968318 4.60104647000978
