Tppp3 10.6095644520264 7.03830533044883 6.05188372446234
Hspb8 10.3111796656594 6.2526340302717 6.15775619772383
Tmsb10 9.5203117455301 5.85210746961813 4.95975736922233
Trpc3 11.1760872362626 6.63114463815646 5.43349951394977
Sncg 10.2579472200085 4.92189360084378 4.65593975056404
Ufsp1 9.9597300812035 6.36579166617826 6.13675308426012
Resp18 11.4708452209006 6.91040596204034 4.35554039415347
Unc119 11.3341725939914 7.34216965365043 6.63624414133315
Cxcl14 10.8989313612432 5.82413808944705 4.90651041147964
Pcbd1 11.9518375526459 7.93448733503261 6.58859536357141
Hebp2 9.83731119316302 6.38875613249416 6.18506784207012
Mt3 12.0880395435769 8.3183734401521 7.14360435121843
Sln 8.87798342214744 4.88636555634982 4.71730193614404
Slc5a7 8.252970183555 4.78643184633253 4.50344521610539
Elavl2 11.8290469985585 8.34727560169788 3.96490990519268
Slc18a3 11.499183432934 5.26081644456911 4.81075064211953
Ecel1 11.6263184424628 6.94433390202813 6.11461737384965
Ache 11.6408769206902 6.81849183098412 6.34999102714592
Stmn2 11.2677446272363 7.40639733377879 4.53507066064454
Zic3 8.92379468926038 5.51671332700911 4.85148688111756
Zic1 11.8115318782944 6.87367573711228 5.17668280074973
Tspan17 10.2673558464305 6.8617489170648 5.04258466820477
Uqcr10 10.1587045557634 6.41968725823121 6.15166164635931
Wif1 7.76378806086366 3.91102686561907 3.8889641332785
Lhx8 12.0766196879855 6.55000815222671 4.19755371924047
Cda 9.14361203192943 5.78951506017445 5.67080154185575
Hopx 10.6367189101918 6.41744772785282 6.33680683265492
Mela 9.92797255491494 4.3437115127413 4.15276739500016
Tacr3 9.23011299918996 5.32721828405617 4.55878699822034
Gpx3 10.7499082120009 6.7559254631102 6.64670614960687
Fkbp1b 11.9223058174224 8.04541483742132 6.53639820734365
Crabp2 10.3274019625677 5.63934260909863 5.17707605466351
