Tgfbi 10.1405547174483 6.1901989691758 4.46691027547576
Lcp1 11.8379992138945 6.47183881408269 4.32385347286974
Cd83 13.1517119399809 7.38783942061916 5.44256535351829
Sipa1 11.0491157826369 7.41665376296186 6.25544586477328
Tnfaip2 9.10265124910753 5.2638239501642 3.90829556429692
Tubb6 9.85242182153089 6.50136389102639 5.51290141670074
Ier2 13.4110457696294 9.70321789337444 7.23342512662519
Socs3 12.872389729541 8.54371339582012 3.92827826368763
4632428N05Rik 13.023417651154 8.5721834088109 4.85080678242063
Spint1 10.3486258835977 6.06762773885746 5.32140896378336
Afp 8.25927872186671 4.10619393253315 3.69991457390624
Clic1 11.3149596683149 7.70810020158444 5.61153996626626
Irf8 12.5830920544812 5.97023192160954 5.21988653222913
Dnajb1 11.1943774753435 7.87210199892012 7.19515550174252
Tbxas1 9.82110086955256 6.39843458041604 5.7471116077309
Parvg 10.3515058485033 6.63919718346413 5.36651618517573
Rps6ka1 12.4350911117328 8.46018805169053 7.41064092353406
Mfng 10.0773132550699 6.1429449250966 5.59349258916627
Slc40a1 11.6104164701375 6.69659985956782 5.71827125408753
C1qb 13.334449855087 7.25719716118041 3.80467765138139
Ccl6 10.2968696260595 4.83606270126674 4.10969299327648
Cd14 13.2858211222074 7.48576878121314 6.26237203863886
Pycard 11.7476509071618 6.39840873512916 5.25798866897716
C1qa 13.2023340640432 7.46973379834006 5.25932815667497
Il16 10.5721616851226 5.92500524330231 5.43640926584128
Slc7a7 10.8083190565862 5.53730033921161 5.10866775899261
Srgn 13.2068622416084 7.04129439474061 5.36821314653205
Nfkbiz 12.6004495355117 8.96925728275913 4.97688974315678
Tgm2 11.642946111078 7.70210295328009 5.45565505132148
Plek 13.0477422121131 6.79127540827066 5.63768778457931
Rgs1 11.0898478208524 4.86459402183925 4.51155416958682
Cd79b 8.0542253469498 4.67975776804869 4.52789893644884
Snx5 12.5389716579728 8.77301295223354 6.93436381349761
Elk3 10.437348137504 6.00091104737394 4.59873474045517
Laptm5 13.2497958585741 8.2984540113582 3.89619031845227
Serinc3 10.9280820038238 7.13655004701132 6.39162622753452
Fcgr1 12.2838802885119 5.12353944349169 4.42409397342882
Slc16a6 11.5411253999105 7.344751412015 5.66278125871509
Ccl9 11.3508771596472 5.31308005016647 4.72145167947353
Trim30a 9.8600658104235 6.49825443672504 5.33296674397646
B4galt1 10.9185743862039 7.22923973842519 5.84161017766537
Tnfrsf1b 11.7294024065306 6.82976843530829 5.88109217961355
Inpp5d 12.4783900860876 7.48161720557308 6.30811276978516
Tlr4 9.37755048286687 5.22233541703166 4.36534963288055
Aif1 11.8099905233592 5.4155302825646 4.87763158483765
Syk 11.1736838971837 6.8323773553376 6.22974999426116
Klf6 12.1197284009329 8.11333613705797 6.24488803357339
Crybb1 12.2532048432707 7.14602442876454 6.43679315180598
Fcer1g 12.6825054501545 6.76151309617955 5.87920821982217
Ctsh 12.8742742032151 6.23626390101869 5.27765949061801
Gpsm3 9.5878408034758 5.49291805633093 4.73904531918133
Ncf4 10.7305401881173 5.26116665953309 4.98075505820979
Lcp2 10.4299333406719 4.96523576836105 4.65259342286242
Ngp 12.2995043542679 6.33516616916578 5.37792681846762
Spi1 10.3859436109085 6.21109730586193 5.88437870329417
Csf3r 10.5303261448833 6.74086037225567 5.31287616724213
Ms4a6b 11.2757685053458 5.30135794851652 4.79826827157351
Hcls1 8.63630419546985 4.95532217146414 4.67047267106791
Pabpc1 11.2298634617249 6.51927441338879 4.23041358337533
Cebpb 11.6743509032076 7.71124942336773 6.12176968678264
Plxdc2 12.0529683323577 8.15742170179432 5.67995541261563
Cxcl10 9.7662958946731 5.67375396724177 5.1391456643135
Cysltr1 9.23363767777187 4.35266551974722 4.02114545399955
Cebpa 9.78114583046527 6.31674134533882 5.39280961001396
Cttnbp2nl 11.7692220388043 7.29180663279555 5.7210874184401
Lyl1 10.013448973115 5.68321864075052 5.01222254050019
Ptpn18 10.350655093353 6.64509756594901 5.74246959374279
Tlr2 11.864186632689 6.00399834950612 5.57805768696935
Serpine1 9.57269546409715 5.4351881939065 4.50413403745752
Mlxipl 10.5927739153422 6.56069093004009 4.95927792917159
Cd37 10.9462016903761 6.50684131916428 5.36821387624259
Map3k8 10.1917146557049 5.03127756033966 4.71971112332105
Myd88 10.7885966963584 6.76742436637623 5.72533183850061
Ccl12 10.4751595691536 4.64696681947347 4.33273850769474
Arhgap4 9.38418443524174 5.5214302564695 5.20188645738781
Pon3 9.10935515291671 4.50342565016534 4.31010879574535
Slamf9 11.2066876411094 7.70613748463054 6.29889848093722
S100a8 12.9638824039872 4.93008563521797 4.57971822247708
Il10rb 10.594105170653 6.66206283392018 5.20842755513402
C3ar1 11.6182149621142 6.4965802326274 5.47362579556635
Fgd2 12.1293203269256 6.88748709932733 5.84558461321948
Ccl3 13.5496556060224 5.23242758318226 4.5931022528572
Ms4a6d 11.498084859003 5.24835326799395 4.41784920946763
Ier3 13.5855914649438 8.36676002763333 7.19487260939921
Camp 11.8351935968853 5.80269952026475 5.32607313916348
Klk8 10.1637978906065 5.93419373656533 5.4667053209876
Chil3 10.6986949112657 4.4769400430203 4.03582535460079
Arap3 10.0084235335535 4.48096131129545 3.98567509604533
Tlr7 11.1690114771889 5.37050071411295 4.80011965385167
Csf1r 14.0292728577336 10.6598184378661 6.94153207766805
Hpgd 11.9284845304822 6.40886558379338 4.21723644436337
Slc11a1 11.348119903574 6.67186759031817 5.26033213959333
Ccl2 9.39365889899599 5.4970292645314 4.93237175242407
Cd86 11.7078926817195 5.28611979422562 4.86251909317764
Gpr84 11.5922078227709 6.25638241337329 5.39832060975313
Tcirg1 11.327613036728 7.95838411626737 6.71444359162574
Trim12a 8.60607054794922 4.60920694088508 3.98736235686815
Zfhx3 11.2458196415341 6.00900354752866 4.4184737341853
Slc15a3 11.5031029092383 5.49497915404735 5.13951855461448
Rel 9.37584581713377 5.68148852819936 5.0561960882021
Sla 12.412369723073 7.88084876483826 5.66357111193482
Tgfbr1 13.4953964323281 7.881838968921 5.64664586072805
Adcy7 12.0401852065097 7.35988450463174 5.22203893845977
Lgals9 9.7144470271434 5.85551869652228 5.16850696474246
Trem2 11.3744113100813 6.7702184144503 6.25222314809369
Gna15 8.98838653928669 5.65016632530843 5.0510283469718
Birc3 10.6680989517335 6.49816416842079 5.94076724003404
Igsf6 8.76352354526292 4.33709025763672 4.13893801450577
Samsn1 9.02117009275432 4.78011714063185 4.50277367043945
Il1a 10.5627537042988 4.58635613772113 4.31556511941403
Hpgds 9.22555193578103 5.43188004725792 5.02616751711364
Naip5 11.1748062850229 4.95662096862972 4.18191020250849
Ccl4 12.655502757357 7.59313312095624 5.99029332283292
Stat6 10.5002673668222 6.1276046186118 4.87652646202043
Clec4a2 10.2600474435221 5.1796509199874 4.93542875932556
Fli1 10.0941254445629 4.03487678266583 3.8392927111428
Ets1 9.55277010530181 5.24526774325548 4.12696970672566
Itgam 7.72351039802672 4.33835675638167 3.9157055096091
Ptprc 12.5235480291392 4.97169693417949 4.31867309293087
Fosb 11.9510983205342 8.34825899406382 5.65559858639429
Ccr5 11.7396919362898 4.76389555562315 4.41798150346427
Il6ra 12.6715970650916 6.1687642329799 5.48004693184097
Tgif1 8.50945088524124 5.07760259636984 4.55983750134394
Pla2g15 12.3259450180791 8.18250922127272 6.52092113753104
Ifi30 11.3781163789488 6.94752860482151 5.95843125355782
H2-DMa 11.2573253131557 7.62505433001865 6.15287376357518
Gpr34 12.096128861767 4.29962184343579 3.85738820827396
Rrad 10.1172735062529 5.84866725794747 5.21640617295807
Rnase4 13.1184612117893 6.32885796967121 5.32265078684232
Hk2 12.3862706589026 7.47356025556999 6.05986994259206
Hfe 11.337741662807 6.75146571734827 5.61544493558026
Naalad2 9.76797067590899 6.24618480572185 5.37214638417477
Pik3cg 10.1956130518895 5.68753977902614 4.98899837043282
Cd84 9.78822716908046 4.6859905121706 4.44988477377594
Ly86 13.8305038298173 7.32270857251645 5.47292877380112
Vav1 10.4293295887311 4.1983521479048 4.04372361771044
Cfh 11.031443374587 4.33054823567659 3.47933871960507
Tnfrsf13b 9.62154101704082 5.01525313900661 4.37388066455852
Hhex 10.1791275378831 5.93074089581877 5.20223958595427
Entpd1 9.37032387449548 5.39586785584299 4.15622730380955
Ptgs1 12.2066936221392 8.3335399965912 4.89956811861624
Lyz2 12.4203041170638 7.23271873803403 6.12930014796759
Ctc1 11.684666568769 7.72364293057355 7.14395331297709
Unc93b1 11.4209147437175 7.2767877587732 6.5491578447359
Hvcn1 10.2816397991105 5.79085831308259 5.48101396696335
Edem1 10.6216568370496 6.62344792773819 4.70662244541167
Icam1 12.0685839298591 5.62860585818088 4.82574971066687
Rcsd1 12.2491457547791 7.61177539023111 6.48000293859888
Tmem140 8.43942036859799 4.59661763791586 4.43056221268901
Cd177 7.89852531580111 4.49722523811275 4.10074963502635
Casp8 9.83466998065678 5.28431651273774 4.94878059645583
F11r 12.1660086110926 6.45926977801074 5.63587327576629
Ifi35 9.19995898169176 5.7663147387071 5.30924206379138
Tor4a 10.3275630348071 6.71712222653889 5.48546268943577
Lpxn 10.7589192457976 5.14632599728793 4.51272239511848
Siglec5 8.37803746411404 4.0283900233925 3.74432109583228
Fcrl1 9.2345619860761 5.55647414748264 5.20434558893709
P2ry6 11.5687601975602 4.71029225598608 4.03795642718023
H2-K1 12.8220187202518 7.90400453853054 7.40279042999378
Tgfbr2 12.4852370462276 7.8762077228925 6.08296267396131
Ceacam1 8.89348245863094 4.77086198103669 4.50117329468959
Mlph 9.42445206203504 5.8243432574661 5.17095586697497
Il13ra1 9.86451620775328 6.12506566856192 4.2533123576026
Adap2 10.5685173068896 5.33328000421424 5.06912708386363
Capn3 10.5561819143241 5.07634099337967 4.4921176450543
Arrb2 11.4717203569511 7.01628520080059 6.60201752352753
Pros1 11.415313090188 7.72147922933284 4.72495470417238
Arhgap17 11.1079285558079 7.43664369716119 4.88522966714274
Trim47 10.0914805439239 6.12867821393421 5.29858443335373
Plcg2 11.1456382313506 7.7216847688729 7.15635105233822
Sash3 11.2827116875116 6.9319297151155 5.41956561936546
Themis2 10.0072343518523 5.44181229807543 5.08785542767124
Mpeg1 13.5781184656323 7.31462933808274 5.84895815284574
Cd48 10.0036336466823 4.79613113030217 4.40506777869269
Akna 10.6519382313125 6.30685136602571 4.63714164492187
Fes 10.6453727108248 6.81522675486393 5.87797527978426
Cep152 9.46016705782019 6.05942889222579 5.62728643412298
Ccrl2 11.412796081801 6.4127214080788 5.78784544352084
Lcn2 11.5003470873269 4.48605677180724 4.22245616002265
Hbb-b2 7.85273730267384 4.2259346704427 3.85966853700694
Gimap6 8.35675485784954 4.96862946183792 4.48503274332432
Tmem173 11.0209006256616 7.63453188310534 6.02017512032289
AF251705 12.004730998868 7.34973133150375 6.51479315326381
Hmha1 10.4033953674837 5.99281823329437 5.3353039395179
Gmip 10.1713248884895 6.32109311897955 5.61161611826725
Nckap1l 11.1568327951404 6.23443479958751 5.0298361576048
Abcc3 9.76277744586897 5.73315507869321 4.967021788811
Rhoh 10.549623104043 5.52986932034597 4.83847813443747
1700017B05Rik 11.7692217223209 6.73617476301257 5.62751200985403
Lair1 10.6130187631943 5.6162504949113 4.83878789815902
P2ry12 12.4746819840061 5.47619608040815 4.62725348095598
Rnf19b 9.48505322764021 5.6922584742631 4.80522126511404
Pld4 12.0206051656766 5.92725031099722 5.36978902320772
Lrrfip1 10.9400431244598 7.37206619135064 4.90224151088235
AU020206 9.79188957346073 5.75429671731287 5.0506751611236
Fermt3 11.3312647513459 4.59778302342672 3.90942929191885
Ankrd44 11.6744535697079 8.03829982225713 5.37517784285901
H2-Aa 10.7894269702174 5.79635737923696 4.66228600223158
Fam105a 11.8900076562701 8.3146269922101 5.65627677002646
Herpud1 12.5159313960105 9.14037128830544 8.11490416985848
Cd300a 9.88309640091064 5.48075093355127 4.94439897580405
Lyz1 12.1662559978148 6.41255023840504 4.32735189866804
Clcf1 8.65510766759181 3.97187392139086 3.68930833060141
Adrb2 8.04029829865073 4.40363948119185 4.17249667108642
Lrrk1 9.2169215889832 5.33616718658293 4.58677336835623
Il10ra 11.9839212283458 5.07922746399327 4.77396153540102
Hexb 13.9346832426844 9.48381122879374 7.53995511777227
D530037H12Rik 10.2564249540948 6.73964888432981 4.40364259852075
Rab20 9.52042754395053 5.08773541045536 3.90008114099842
Grn 13.5521140781199 9.70833902329731 8.01082817325982
D9Ertd306e 8.19945017537725 4.57991117361171 4.1892159457173
Fam46c 12.3550028613422 6.13227974419889 4.67128423649554
Pald1 10.9785325599872 6.94782896566438 6.03779987890703
Ifngr1 12.0357079893049 8.17259832635399 7.13689622106574
Lrmp 8.81165282774176 4.66506916901939 4.40800362696669
Olfml3 13.5847807250187 7.13277858367451 6.28975126044941
Ncf2 10.9263417405773 6.39214126315789 5.59079768851973
Il7r 9.24960705759555 5.81632078742173 4.96660241995209
Ctss 14.1436377001564 9.71792937949928 4.82178650716353
Cd53 12.7058528961117 6.420472676637 5.24348375640893
Fcgr3 13.3678397073662 6.81366410186989 5.33983497079302
S100a9 12.1512954978643 5.24586132538374 4.68880269654049
Lgmn 13.3819300248455 9.88281768848597 8.04802097619385
Klf2 12.9546948291203 7.88146794505982 5.62996038811539
Fcrls 13.538343734353 6.72053074471037 5.70339213109349
Tlr1 9.60520010506197 4.31668328454563 4.12264656030904
Selplg 13.5701528797604 7.88648080250284 6.17855439697933
Cd68 12.2655547644002 5.93436236146263 4.79517477710137
Gpr65 7.70886230022633 4.28378804483786 3.83752407483999
Casp1 8.69693600519687 5.0745231196777 4.31916341565885
Csf2rb2 9.47900201616068 4.98143305788443 4.42017704009661
Atf3 13.284073086988 8.66118254483082 4.91980104733251
C1qc 13.5961558255427 7.06792090554154 5.06999283718323
Hck 11.7859620796645 5.55919230542342 4.88396841195701
Gcnt1 7.991253437913 4.38020017753519 4.14490621863222
Casp4 9.26315299804554 4.75844578989238 3.90611837736323
Ehd4 10.3117326305577 6.72325876276487 5.10291532936658
Ly96 8.91937274322914 5.39507672609098 4.54557328241863
Lag3 9.80016274610109 6.26010432995152 5.33271653141784
Cxcl2 10.7266031675695 4.72178130718909 4.19494343461931
Ltf 11.851175722853 7.64667890730629 6.18348884657993
Cx3cr1 12.8730629616277 6.94585569049999 5.24301901232038
H2-D1 12.6327304628196 7.76910463486689 7.14317761388453
Stab1 10.7605924600716 5.64603082309413 5.0447011016942
Il6 8.13911235858362 4.51086396125208 3.76317662043549
Pdgfb 10.7325445782435 7.34407716334979 5.88205003739333
Mrc1 7.99313411604932 4.54133359095476 4.25620369407848
Hps3 10.8090339030534 7.43200607689174 6.92445231393214
Itgb2 11.9243168449721 5.17176864810197 4.64348370946753
Psmb9 9.4278289264293 5.9548998165727 5.41524254482671
Ang 8.34675454689537 4.18428001188011 4.02123620508389
Sh2b2 9.2750055292418 5.43469880078689 4.66359069534729
Tyrobp 12.872201384089 6.79007464423138 5.58237878264742
Emr1 12.7903721087621 6.91718224518301 5.89596883670631
Nrros 12.3097176638707 8.12728826777458 5.85276215889179
Tmem119 13.7335005220805 7.23121347378072 5.87719910794758
Parp14 9.22364341007536 5.71071882288449 4.8815013320211
Ttr 13.2899892726514 8.68486881586701 3.95801624275468
Havcr2 10.538253418377 4.35325698694885 4.2291212598797
Alas2 10.1462688588052 5.44082077385283 4.86010266664172
Cmtm7 10.4128713125775 5.78720275024468 4.90821407091375
Blnk 11.8256575206264 6.92383159276094 5.11259475991045
Alox5ap 12.5974435879102 7.36302849808717 5.92776400515431
Fyb 11.6377216118874 6.70226836889514 5.90822750443344
Ctla2b 9.67840248028284 4.35260319011858 4.08713217291249
Zfp36 13.4481818753213 9.09379325918594 6.32560402240174
Abhd15 9.85244350316464 5.42041744403193 5.02046265924506
Cyba 11.683487063587 7.2209700868719 5.09768566335201
Spata13 11.8423721764084 8.29826591324222 5.16069638456884
Ptpn6 11.3447432428118 7.64588504044967 6.4340502451849
4833441D16Rik 9.44333514879099 5.70996470888704 4.81703258809956
Tec 10.193963488774 6.68753519471589 5.46234221431193
Cd52 8.77120540091781 4.85392021952123 4.63370738729425
Irf5 10.3658986193304 6.46034516571213 5.25957921732905
Naip2 10.6301514409205 4.64266969528652 4.3651447139998
Anxa3 12.8961234593997 6.37446772221145 5.1780058324165
