Tnfrsf19 12.9614431656159 8.163665998085 5.74930045822097
Fkbp10 9.41016721018573 5.68218269404843 5.02838799654429
Vcam1 12.4816675192392 7.97356793401619 4.07598087551947
Cyr61 11.1016744501914 6.10272355470138 5.24598824768914
Gldc 10.6195560343143 6.84696089316571 4.81864523381248
Glud1 13.0704105392276 9.55300066400312 8.7939050998994
Elovl2 10.5345481554953 5.98137288871517 4.24012910249996
Aldh1a1 12.5583261661241 8.68244746251174 4.78544554830613
Ppic 9.03026818175481 5.20924973370026 4.56267304378555
Smpdl3a 12.2435887824058 8.70716951484021 5.80845117609096
Bcan 13.3287754905492 9.95913756206977 5.05762049805988
Lcat 10.9824809233372 6.69606600107983 5.36267431792646
Pdgfrb 9.84766669378371 6.30034607602735 4.05032098320756
Ntsr2 13.5684441880855 9.32471473022436 5.6046423440907
F3 12.2069413293603 7.80972984582482 4.59472367171011
Slc12a4 10.9174966731953 7.55183962600197 5.68207988133659
Tspan7 12.2199587629975 8.54545650013446 6.76139709994884
Slc15a2 12.9496989006332 8.67656827980375 5.50046212023882
Prodh 11.9691636372262 7.65556560324929 6.20762295632838
Wwtr1 11.1517537438884 7.10152559492492 5.03057482474276
Gpld1 11.9747462478102 8.21668086379406 5.55584994039381
Entpd2 11.7608219101721 7.41413246895262 5.8809410400868
Lhx2 11.1802895014327 7.60964918794958 4.48129439287351
Fzd2 11.9098568848207 7.1241544603095 5.60291895561546
Ptprz1 12.3815607225295 8.66776626490061 5.36549932674315
Slc38a3 12.5975051169451 7.83559164470737 6.77804029047535
Dio2 13.7439646415243 8.72070661132084 5.51646922921436
Fads2 11.4848342910614 7.62616403700354 5.65063663086259
Cyp2d22 10.8552990705605 6.52963239792586 5.33196616924745
Cyp4f14 10.7067734949371 5.90900065849804 4.70077295456906
Tmem47 10.4965712579836 6.34509008495407 4.61894488212708
Cyp7b1 11.1316079477238 7.65323969683044 4.29029118758351
Slc7a10 12.650632377432 7.12521940996288 6.06385938274544
Chrdl1 8.98000609008049 5.17341249285628 4.51098702318604
Fxyd1 11.8095398028271 8.10358450040537 6.80589986239062
Hapln1 8.5826902579342 4.96219798991346 3.85524498467993
Fgfr3 13.136818632434 8.58277733139727 6.27948149563564
Papss2 9.54017106968766 6.16344524159698 4.64874178731639
Phkg1 9.28863227795836 5.14746495800806 4.10784757664865
Acsbg1 12.4363624086258 7.62213164050102 5.53588747083328
Tgfb2 9.57988228229853 6.03540367855762 4.27911471826422
Slco1c1 12.8658244149028 7.02160492740425 5.09668642874341
S1pr1 13.0563040201157 8.24575573386833 7.00052244836401
Axl 10.7966551006585 5.99741858166299 5.46916834423538
Cbs 11.2303243966133 6.93548999637349 5.6554690331904
Ccdc80 12.3624872098242 7.86437886474062 6.11667952123898
Oplah 10.8194235565085 7.29280898956707 5.72505695096859
Tmem51 10.8131865914581 7.43134209136736 6.47822075579418
Adhfe1 10.71886486577 7.15637616552867 4.65214845730405
Aldh1l1 12.309294043204 7.84854454183277 5.01444793609626
Emp2 11.8167492498468 7.00188850581261 6.20485679149388
Aqp4 13.2344943030716 9.18449151840478 4.61107530856825
Col4a5 8.11286487078675 4.23140516812339 3.79861425623554
Cldn10 11.7580096064742 6.9947423894086 5.35527558045897
Cth 10.7498689130988 6.27321803298178 4.62549659640465
Slc1a3 13.0492534590685 8.02153579215394 4.61810534092266
Tlcd1 12.0693106988743 7.82311095638563 5.84348588358201
Scara3 11.972788703116 8.17703297025662 4.829893451183
Gabrg1 11.5167053669387 8.11238233149921 4.80976699759845
Ttpa 10.2345638795306 6.14541354139055 4.57370814408383
Atp1a2 12.8994520696648 9.2302834457622 4.65288669705553
Slc14a1 9.72685423916001 5.30038994856741 4.24557251659371
Btbd17 9.50531007389581 5.56842644386713 4.59529653261226
Tril 12.7758945826597 8.86307077444213 4.9823880328696
Itih5 11.3275201319304 7.53749890217197 5.8604847707761
Pla2g7 13.1881702523631 8.00663694591571 5.67651239865037
Cd38 10.4409955141749 5.83605355410079 5.17159517163521
Lgi4 10.1190560582577 6.56261693791128 5.96371592094313
Lrig1 10.9058695770974 6.91442283937855 4.43384348196135
AI464131 11.3037115822094 6.01005932100896 4.0796034767499
Mlc1 12.8215284529148 7.61923431392168 4.43341023325643
Gjb6 12.2385652839836 7.86955869453233 4.57588074090212
Grin2c 12.003213684667 6.50152396446362 5.16237174486628
Cyp4f15 11.5842891990597 6.02472111560424 5.24619529253243
Slc1a2 12.272862056665 6.87529756606093 5.34082484773998
Igfbp2 11.8053293459635 7.59174443503132 5.38375783731613
Slc41a1 12.4045049889031 8.79094085604125 7.97635413310563
