Ebf1 8.63078031419774 4.81982026192544 3.48627094112793
Itpr1 11.842785190373 7.10990386087625 6.54866773409396
Rasgrp2 10.5056056074872 6.48458407692006 4.89437316714067
Pgam2 9.29834080551734 4.3243385050797 3.40390700610338
Arg2 9.35495920165401 5.26498005531422 2.55928113399636
Pde10a 11.0837498149565 4.72591100001088 4.01950335362989
Dazl 8.73216227904804 5.12529171993703 1.74818672285402
Cd4 10.4654560895501 3.96006958748677 3.70742770298797
Sema3e 8.85145334960822 3.93480976294923 1.74624171147237
Tpm2 9.03094457461991 5.05880708359926 3.56566920513394
Dgkg 7.41332125457894 2.61077393816962 1.2491980979356
Kif17 7.18756877936319 3.41256525041409 1.98394575545029
Ido1 12.0690267142571 8.42997650332487 4.98275623877481
Slc22a3 9.46390210862961 5.81912433537405 2.85980359375524
Dach1 7.96663691778005 3.69838092270393 2.24877921009553
Foxp1 9.64160718031669 6.14580869244243 4.299141152253
Plcb1 10.8591598331086 7.47784637349335 4.10010825862868
Pde7b 10.6042526992567 6.64351056501864 4.22159883199867
Prkcg 10.2769254428988 6.7730024729531 2.88655345474115
Homer1 9.29267899231204 5.5293595431324 1.54323160644549
Kcnip2 9.40758390525845 5.24407592852467 1.68070751649903
Camk4 8.23561546594892 4.78757435688457 3.45838128496023
Add2 10.533117627231 6.65011750111929 3.59083564004129
Foxp2 8.20757435880937 4.8290649242852 2.96429068991617
Asb11 9.22555973932068 5.86475388750491 4.1433190491792
Slc32a1 12.5612439374394 8.8745557396837 3.72109102197964
Dclk1 8.79513731307299 4.49182054654562 1.86558885904612
Gpr88 12.8999340840931 8.19082240230014 1.11611496096569
Nedd4l 9.11823841010101 5.24160649011598 3.98834862450189
Coch 10.5749393653666 7.00112740798952 4.71195471295356
Nell2 10.4833056082514 6.3324277101077 3.3742022724499
Camkv 12.9729346201412 8.64507143282571 5.86387080754203
Zfp503 8.44113297578497 5.0671890549868 2.85685586032016
Itpka 12.2916410233821 7.92781225108422 4.41949676098298
Rin1 10.5498093277851 6.054575501087 4.33075405766436
1700054N08Rik 11.2358753285935 6.89452396823527 2.76041161200122
Baiap2 11.5551600598819 7.3551062003079 4.29546364078452
Rab40b 12.7651525614147 9.35457202621213 2.62820471326004
Hpca 12.6189779409776 8.41047707207628 3.67711008748697
Mchr1 6.81977799857922 3.17555449489908 2.73541431629882
Neu2 8.8479518067288 5.28300439686562 3.41820628945505
Actn2 9.63349341403441 6.29385811396416 3.59874524491298
Kcnab1 10.9210010742516 6.1902029268092 2.69383723435934
Rem2 11.1905676383399 7.79145615510104 4.53336304299519
Wnt2 8.8814461116284 5.51789513372068 1.99608329882936
Gabrd 11.4452637577909 7.30889470795259 4.37451037680194
Rerg 10.4165098720801 6.63798290048459 1.87069398115556
Ppp1r1b 13.5518218688967 8.85592869481104 6.35747931999684
Myo5b 11.0813353801266 7.52158854420096 4.46755487412958
Rarb 11.3208401310878 7.18929152496438 4.43693621648754
Grasp 10.7672040570706 6.40319080993855 4.23752783075454
