Golm1 13.1792932323564 9.93278297161234 3.6065708962164
Mrpl52 8.76705115812165 9.93278297161234 3.6065708962164
Junb 11.5499826198348 9.93278297161234 3.6065708962164
Mpo 8.64472480371545 9.93278297161234 3.6065708962164
Lcp1 11.9186828085383 9.93278297161234 3.6065708962164
Txnip 13.6926905825169 9.93278297161234 3.6065708962164
Cotl1 12.9631694436566 9.93278297161234 3.6065708962164
Klf10 10.2647564636486 9.93278297161234 3.6065708962164
Cd34 10.4821943254353 9.93278297161234 3.6065708962164
Tpst2 11.1108919206009 9.93278297161234 3.6065708962164
Fkbp5 11.7347664490302 9.93278297161234 3.6065708962164
Serpinf1 9.44570354298151 9.93278297161234 3.6065708962164
Sipa1 11.028832104782 9.93278297161234 3.6065708962164
Coro1a 12.5292545103329 9.93278297161234 3.6065708962164
Ets2 10.9993775742686 9.93278297161234 3.6065708962164
Tnfaip2 9.07410944533167 9.93278297161234 3.6065708962164
Tubb6 9.94746027053954 9.93278297161234 3.6065708962164
Ier2 13.4029366730924 9.93278297161234 3.6065708962164
4632428N05Rik 12.9633024758073 9.93278297161234 3.6065708962164
Spint1 10.3283172527647 9.93278297161234 3.6065708962164
Slc2a5 10.6169587052025 9.93278297161234 3.6065708962164
Afp 8.35050803873215 9.93278297161234 3.6065708962164
Clic1 11.3122330580261 9.93278297161234 3.6065708962164
Irf8 12.5462653592052 9.93278297161234 3.6065708962164
Tbxas1 9.68864876043037 9.93278297161234 3.6065708962164
Parvg 10.4281853264487 9.93278297161234 3.6065708962164
Rgs10 13.3720136026536 9.93278297161234 3.6065708962164
Rps6ka1 12.3511118887686 9.93278297161234 3.6065708962164
Trpv2 10.5248576204666 9.93278297161234 3.6065708962164
Mfng 10.2459357618163 9.93278297161234 3.6065708962164
Bid 9.50582532626863 9.93278297161234 3.6065708962164
Slc40a1 11.6873175794834 9.93278297161234 3.6065708962164
C1qb 13.3809165744448 9.93278297161234 3.6065708962164
Syngr2 11.5324666076936 9.93278297161234 3.6065708962164
Rpl22l1 11.4098342144935 9.93278297161234 3.6065708962164
Plekho1 10.5257553521498 9.93278297161234 3.6065708962164
Ccl6 10.4831140019336 9.93278297161234 3.6065708962164
Pycard 11.7530559991681 9.93278297161234 3.6065708962164
Il16 10.5676116874908 9.93278297161234 3.6065708962164
Slc7a7 10.9326702827516 9.93278297161234 3.6065708962164
Sertad1 10.6760235504756 9.93278297161234 3.6065708962164
Srgn 13.2795222117037 9.93278297161234 3.6065708962164
Cks2 9.92067758568782 9.93278297161234 3.6065708962164
Myh9 12.5447914497017 9.93278297161234 3.6065708962164
Ctsb 11.3550575287054 9.93278297161234 3.6065708962164
Tgm2 11.6702792723547 9.93278297161234 3.6065708962164
Plek 13.0385446953369 9.93278297161234 3.6065708962164
Itgb5 13.3122301859398 9.93278297161234 3.6065708962164
Eif4ebp1 8.86999622939885 9.93278297161234 3.6065708962164
Rgs1 11.3590498478886 9.93278297161234 3.6065708962164
Camk1 9.67124425194516 9.93278297161234 3.6065708962164
Ier5 13.0447369736646 9.93278297161234 3.6065708962164
Rac2 9.85175366603671 9.93278297161234 3.6065708962164
Nfatc1 10.0088645121847 9.93278297161234 3.6065708962164
Cd79b 8.10777669835161 9.93278297161234 3.6065708962164
Snx5 12.5419589726741 9.93278297161234 3.6065708962164
Laptm5 13.25292607905 9.93278297161234 3.6065708962164
Slc25a37 10.7377469263125 9.93278297161234 3.6065708962164
Rgs19 10.0869225771368 9.93278297161234 3.6065708962164
Serinc3 10.7887820532689 9.93278297161234 3.6065708962164
D17H6S56E-5 9.77599822761987 9.93278297161234 3.6065708962164
Fcgr1 12.2955371160684 9.93278297161234 3.6065708962164
Slc16a6 11.5647594820405 9.93278297161234 3.6065708962164
Slc7a8 10.2647240515047 9.93278297161234 3.6065708962164
Ccl9 11.4677327663853 9.93278297161234 3.6065708962164
Trim30a 9.81298833801394 9.93278297161234 3.6065708962164
B4galt1 11.1336165305587 9.93278297161234 3.6065708962164
Tnfrsf1b 11.7452188608572 9.93278297161234 3.6065708962164
Inpp5d 12.4577394438636 9.93278297161234 3.6065708962164
Tlr4 9.57555684780965 9.93278297161234 3.6065708962164
Ptp4a3 10.0928968892893 9.93278297161234 3.6065708962164
Aif1 11.8214348072249 9.93278297161234 3.6065708962164
Syk 11.3160084368777 9.93278297161234 3.6065708962164
Klf6 12.2250639567383 9.93278297161234 3.6065708962164
Mknk2 10.9613013466955 9.93278297161234 3.6065708962164
Crybb1 12.2648088011919 9.93278297161234 3.6065708962164
Fcer1g 12.6718396223893 9.93278297161234 3.6065708962164
Ctsh 12.87251521366 9.93278297161234 3.6065708962164
Gpsm3 9.55595780536678 9.93278297161234 3.6065708962164
Ncf4 10.7292352869563 9.93278297161234 3.6065708962164
Etv3 10.3524138667497 9.93278297161234 3.6065708962164
Lcp2 10.4089431447829 9.93278297161234 3.6065708962164
Ngp 12.7574775005176 9.93278297161234 3.6065708962164
Spi1 10.4190424481911 9.93278297161234 3.6065708962164
Atp7a 10.2141459779396 9.93278297161234 3.6065708962164
Csf3r 10.4683520496493 9.93278297161234 3.6065708962164
Ms4a6b 11.2554621340409 9.93278297161234 3.6065708962164
Hcls1 8.70906636115833 9.93278297161234 3.6065708962164
Pabpc1 11.1781404360411 9.93278297161234 3.6065708962164
Acsl4 9.92672516772363 9.93278297161234 3.6065708962164
Cxcl10 9.72683118350032 9.93278297161234 3.6065708962164
Cebpa 9.84230025530157 9.93278297161234 3.6065708962164
Cttnbp2nl 11.6991350325633 9.93278297161234 3.6065708962164
Lyl1 9.96552235514374 9.93278297161234 3.6065708962164
Ptpn18 10.3344380846283 9.93278297161234 3.6065708962164
Tlr2 11.9276981137555 9.93278297161234 3.6065708962164
Serpine1 9.65311808101758 9.93278297161234 3.6065708962164
Mlxipl 10.5385226388773 9.93278297161234 3.6065708962164
Cd37 10.9003612304416 9.93278297161234 3.6065708962164
Map3k8 10.2772018482877 9.93278297161234 3.6065708962164
Rgs2 12.8588029707337 9.93278297161234 3.6065708962164
Myd88 10.6605178444686 9.93278297161234 3.6065708962164
Ccl12 10.6391731596107 9.93278297161234 3.6065708962164
Arhgap4 9.32893709991249 9.93278297161234 3.6065708962164
H2-Oa 8.62773488286702 9.93278297161234 3.6065708962164
Pon3 9.25424963832735 9.93278297161234 3.6065708962164
Slamf9 11.1460693903532 9.93278297161234 3.6065708962164
S100a8 13.1710031765985 9.93278297161234 3.6065708962164
Il10rb 10.5493104181091 9.93278297161234 3.6065708962164
C3ar1 11.7048817822179 9.93278297161234 3.6065708962164
Fgd2 12.0963667807367 9.93278297161234 3.6065708962164
Ccl3 13.5359936909524 9.93278297161234 3.6065708962164
Ms4a6d 11.4841310922632 9.93278297161234 3.6065708962164
Tnf 9.93397669508449 9.93278297161234 3.6065708962164
Ier3 13.5124048716238 9.93278297161234 3.6065708962164
Nupr1 9.91190169343546 9.93278297161234 3.6065708962164
Camp 12.4507582747533 9.93278297161234 3.6065708962164
Ltc4s 9.72815138352943 9.93278297161234 3.6065708962164
Klk8 10.1827990465209 9.93278297161234 3.6065708962164
Actb 12.4943016661647 9.93278297161234 3.6065708962164
Chil3 11.4871946767607 9.93278297161234 3.6065708962164
Arap3 9.99309938625579 9.93278297161234 3.6065708962164
Tlr7 11.1537008662761 9.93278297161234 3.6065708962164
Hpgd 11.9738918982247 9.93278297161234 3.6065708962164
Rab3il1 10.3829864041852 9.93278297161234 3.6065708962164
Slc11a1 11.3948658681908 9.93278297161234 3.6065708962164
Ccl2 9.3887194295731 9.93278297161234 3.6065708962164
Cd86 11.6527693006629 9.93278297161234 3.6065708962164
Gpr84 11.5263505075912 9.93278297161234 3.6065708962164
Vamp8 11.7850542682879 9.93278297161234 3.6065708962164
Trim12a 8.39694276788024 9.93278297161234 3.6065708962164
Zfhx3 11.2191522315493 9.93278297161234 3.6065708962164
Slc15a3 11.3995649353571 9.93278297161234 3.6065708962164
Rel 9.43208070521036 9.93278297161234 3.6065708962164
Tsc22d3 11.5894187043498 9.93278297161234 3.6065708962164
Gdi2 8.02870913914554 9.93278297161234 3.6065708962164
Sla 12.4329217789332 9.93278297161234 3.6065708962164
Tgfbr1 13.5090583473981 9.93278297161234 3.6065708962164
Asph 11.0774007157198 9.93278297161234 3.6065708962164
Adcy7 11.9949098164077 9.93278297161234 3.6065708962164
Arid5b 9.31107202481959 9.93278297161234 3.6065708962164
Rbm39 10.2573002722239 9.93278297161234 3.6065708962164
Bmp2k 11.294755197974 9.93278297161234 3.6065708962164
Lgals9 9.69958847858634 9.93278297161234 3.6065708962164
Trem2 11.303795824757 9.93278297161234 3.6065708962164
Cited2 11.6489677130989 9.93278297161234 3.6065708962164
Gna15 8.99367862824198 9.93278297161234 3.6065708962164
H2-M3 10.4905142450807 9.93278297161234 3.6065708962164
Birc3 10.6915102166933 9.93278297161234 3.6065708962164
Igsf6 8.83394697282607 9.93278297161234 3.6065708962164
Samsn1 8.81738530496463 9.93278297161234 3.6065708962164
Il1a 10.5376640185961 9.93278297161234 3.6065708962164
Hpgds 9.22775583355141 9.93278297161234 3.6065708962164
Naip5 11.0978070538461 9.93278297161234 3.6065708962164
Ccl4 12.6588721873418 9.93278297161234 3.6065708962164
Klf3 8.5494364974985 9.93278297161234 3.6065708962164
Stat6 10.468465477124 9.93278297161234 3.6065708962164
Tapbp 11.4198825404039 9.93278297161234 3.6065708962164
Dapp1 10.6129812986097 9.93278297161234 3.6065708962164
Clec4a2 10.1399334143348 9.93278297161234 3.6065708962164
Fli1 10.1221580891138 9.93278297161234 3.6065708962164
Ets1 9.52298260959165 9.93278297161234 3.6065708962164
Itgam 7.59528570318745 9.93278297161234 3.6065708962164
Ptprc 12.4924457080349 9.93278297161234 3.6065708962164
Fosb 12.0153263432166 9.93278297161234 3.6065708962164
Ccr5 11.6775104276773 9.93278297161234 3.6065708962164
Il6ra 12.6762370901779 9.93278297161234 3.6065708962164
Pla2g15 12.3402771280608 9.93278297161234 3.6065708962164
Ifi30 11.3741036101554 9.93278297161234 3.6065708962164
H2-DMa 11.302506340632 9.93278297161234 3.6065708962164
Gpr34 12.0465417111213 9.93278297161234 3.6065708962164
Rrad 10.0218987777276 9.93278297161234 3.6065708962164
Hk2 12.2311857728962 9.93278297161234 3.6065708962164
Rassf5 12.0777209054467 9.93278297161234 3.6065708962164
Hfe 11.261965590755 9.93278297161234 3.6065708962164
Pik3cg 10.1391450667911 9.93278297161234 3.6065708962164
Btk 9.59129305907372 9.93278297161234 3.6065708962164
Prkcd 11.3269526908875 9.93278297161234 3.6065708962164
Cd84 9.79853579725004 9.93278297161234 3.6065708962164
Ly86 13.8484382572477 9.93278297161234 3.6065708962164
Vav1 10.4988780096262 9.93278297161234 3.6065708962164
Fpr2 9.48561896271446 9.93278297161234 3.6065708962164
Pik3cd 8.81988866956337 9.93278297161234 3.6065708962164
Cfh 10.9189995251726 9.93278297161234 3.6065708962164
Tnfrsf13b 9.55249902249023 9.93278297161234 3.6065708962164
Hhex 10.0129558927535 9.93278297161234 3.6065708962164
Entpd1 9.36332417160173 9.93278297161234 3.6065708962164
Ptgs1 12.1460566579667 9.93278297161234 3.6065708962164
Adrb1 10.6329930698674 9.93278297161234 3.6065708962164
Frrs1 10.5118954880326 9.93278297161234 3.6065708962164
Csk 9.23331370922855 9.93278297161234 3.6065708962164
Mgat1 11.5360792908076 9.93278297161234 3.6065708962164
Ctc1 11.7381009275171 9.93278297161234 3.6065708962164
Pdk1 10.5237600984828 9.93278297161234 3.6065708962164
Unc93b1 11.2638153754962 9.93278297161234 3.6065708962164
Hvcn1 10.3744362140918 9.93278297161234 3.6065708962164
Edem1 10.5468048765477 9.93278297161234 3.6065708962164
Icam1 12.0835121128031 9.93278297161234 3.6065708962164
Ptbp3 11.2821230739434 9.93278297161234 3.6065708962164
Rcsd1 12.3327371826167 9.93278297161234 3.6065708962164
0610040J01Rik 10.8216796982396 9.93278297161234 3.6065708962164
Tm6sf1 11.2414066824985 9.93278297161234 3.6065708962164
Cd177 8.34962699286364 9.93278297161234 3.6065708962164
Casp8 9.75678338176791 9.93278297161234 3.6065708962164
F11r 12.1396861374846 9.93278297161234 3.6065708962164
Tor4a 10.2205590701386 9.93278297161234 3.6065708962164
Trim34a 8.51637667451946 9.93278297161234 3.6065708962164
Plxdc1 10.9345884722293 9.93278297161234 3.6065708962164
Glipr1 8.77583583215041 9.93278297161234 3.6065708962164
Lpxn 10.7275528959061 9.93278297161234 3.6065708962164
Siglec5 8.28941632201165 9.93278297161234 3.6065708962164
Fcrl1 9.22764356004362 9.93278297161234 3.6065708962164
P2ry6 11.5574667748729 9.93278297161234 3.6065708962164
Ighm 11.5555075036114 9.93278297161234 3.6065708962164
Rab43 9.89891013667572 9.93278297161234 3.6065708962164
Tgfbr2 12.4393744689228 9.93278297161234 3.6065708962164
Zfp62 9.00060771159583 9.93278297161234 3.6065708962164
Lst1 9.85691285632581 9.93278297161234 3.6065708962164
Mlph 9.57489838859243 9.93278297161234 3.6065708962164
Ncf1 8.88584686160739 9.93278297161234 3.6065708962164
Il13ra1 9.84239214017086 9.93278297161234 3.6065708962164
Adap2 10.5722797031115 9.93278297161234 3.6065708962164
Lrba 12.2631508876539 9.93278297161234 3.6065708962164
Capn3 10.3369957490321 9.93278297161234 3.6065708962164
Vwa5a 10.3106484906387 9.93278297161234 3.6065708962164
Arrb2 11.4983554070217 9.93278297161234 3.6065708962164
Pros1 11.4603712254362 9.93278297161234 3.6065708962164
Ifih1 8.92117937270675 9.93278297161234 3.6065708962164
Snx20 9.41387944914586 9.93278297161234 3.6065708962164
Rin2 10.1168098461982 9.93278297161234 3.6065708962164
Plcl2 12.0954757941 9.93278297161234 3.6065708962164
Arhgdib 10.7973257228637 9.93278297161234 3.6065708962164
Tifa 10.8074268423842 9.93278297161234 3.6065708962164
Arhgap17 10.9767981793134 9.93278297161234 3.6065708962164
Trim47 10.0791566495733 9.93278297161234 3.6065708962164
Plcg2 11.1549584884923 9.93278297161234 3.6065708962164
Rps9 12.6440720428475 9.93278297161234 3.6065708962164
Mlxip 11.0084570885722 9.93278297161234 3.6065708962164
Sash3 11.249005723635 9.93278297161234 3.6065708962164
Themis2 9.99513496121799 9.93278297161234 3.6065708962164
Mpeg1 13.5931395335038 9.93278297161234 3.6065708962164
Cd48 9.95999221182058 9.93278297161234 3.6065708962164
Akna 10.7072692564892 9.93278297161234 3.6065708962164
Fes 10.5551239260507 9.93278297161234 3.6065708962164
Myo1b 8.57502259469562 9.93278297161234 3.6065708962164
Cep152 9.74520694836984 9.93278297161234 3.6065708962164
B2m 13.1894322739796 9.93278297161234 3.6065708962164
Ccrl2 11.3826980615646 9.93278297161234 3.6065708962164
Lcn2 12.0118513639671 9.93278297161234 3.6065708962164
Gimap6 8.28531118681062 9.93278297161234 3.6065708962164
Myo1g 9.24155609377298 9.93278297161234 3.6065708962164
Tmem173 11.0989726590541 9.93278297161234 3.6065708962164
BC028528 8.76172624772281 9.93278297161234 3.6065708962164
AF251705 11.9378287827213 9.93278297161234 3.6065708962164
Slc44a2 11.9542919885982 9.93278297161234 3.6065708962164
Acsl5 10.9329425458093 9.93278297161234 3.6065708962164
Hmha1 10.4292840746509 9.93278297161234 3.6065708962164
Rps24 11.0730345003387 9.93278297161234 3.6065708962164
Gmip 10.0312950363764 9.93278297161234 3.6065708962164
Nckap1l 11.1514517971807 9.93278297161234 3.6065708962164
Abcc3 9.68880748830503 9.93278297161234 3.6065708962164
Limd2 12.7651017751417 9.93278297161234 3.6065708962164
Rhoh 10.6886747062572 9.93278297161234 3.6065708962164
1700017B05Rik 11.7630363477309 9.93278297161234 3.6065708962164
Srgap2 11.7876768649285 9.93278297161234 3.6065708962164
Gusb 11.4166507135997 9.93278297161234 3.6065708962164
Lair1 10.6341607739461 9.93278297161234 3.6065708962164
Tbpl1 11.6666123778568 9.93278297161234 3.6065708962164
P2ry12 12.3417720061336 9.93278297161234 3.6065708962164
Nfkbie 8.42308533541357 9.93278297161234 3.6065708962164
Rnf19b 9.59453701735849 9.93278297161234 3.6065708962164
Pld4 12.0162068213804 9.93278297161234 3.6065708962164
D15Ertd621e 10.2021769651159 9.93278297161234 3.6065708962164
Fermt3 11.255187597153 9.93278297161234 3.6065708962164
Znrf2 10.0142116503401 9.93278297161234 3.6065708962164
AW112010 8.13341050571967 9.93278297161234 3.6065708962164
Plk3 11.1628299712601 9.93278297161234 3.6065708962164
Ptk2b 9.00462118683419 9.93278297161234 3.6065708962164
Kctd12 12.2024123826132 9.93278297161234 3.6065708962164
H2-Aa 10.95884712019 9.93278297161234 3.6065708962164
Fam105a 11.8141138102905 9.93278297161234 3.6065708962164
Rap1b 10.5311748389021 9.93278297161234 3.6065708962164
2610528A11Rik 7.90612876986473 9.93278297161234 3.6065708962164
Cd300a 9.78331319123392 9.93278297161234 3.6065708962164
Clcf1 8.66818372368241 9.93278297161234 3.6065708962164
Il10ra 11.9204835825207 9.93278297161234 3.6065708962164
Rab20 9.47961105235741 9.93278297161234 3.6065708962164
Grn 13.5694893497197 9.93278297161234 3.6065708962164
Bach1 11.8359025049111 9.93278297161234 3.6065708962164
Ifitm6 9.52062006754197 9.93278297161234 3.6065708962164
Fam46c 12.3008656779841 9.93278297161234 3.6065708962164
Tspan4 10.3699787220959 9.93278297161234 3.6065708962164
Ppp1r15a 12.6842681011032 9.93278297161234 3.6065708962164
Lrmp 8.72621364395205 9.93278297161234 3.6065708962164
Olfml3 13.5589885962411 9.93278297161234 3.6065708962164
Ncf2 10.9678841319022 9.93278297161234 3.6065708962164
Cd53 12.647448770815 9.93278297161234 3.6065708962164
Fcgr3 13.39521832835 9.93278297161234 3.6065708962164
Hps4 12.4456398299555 9.93278297161234 3.6065708962164
S100a9 12.5433488948648 9.93278297161234 3.6065708962164
Traf5 8.9887948057126 9.93278297161234 3.6065708962164
Hp 9.14524736055938 9.93278297161234 3.6065708962164
Klf2 13.0114488593516 9.93278297161234 3.6065708962164
Fcrls 13.5094801235154 9.93278297161234 3.6065708962164
Tlr1 9.47210882993985 9.93278297161234 3.6065708962164
Selplg 13.4608296010201 9.93278297161234 3.6065708962164
Cd68 12.242490069775 9.93278297161234 3.6065708962164
Ebi3 9.21311913542791 9.93278297161234 3.6065708962164
Csf2rb2 9.41716750216967 9.93278297161234 3.6065708962164
C1qc 13.5863871767458 9.93278297161234 3.6065708962164
Chst7 10.9028652320415 9.93278297161234 3.6065708962164
Hck 11.677853867497 9.93278297161234 3.6065708962164
Gcnt1 8.17673933531389 9.93278297161234 3.6065708962164
Casp4 9.24666718666705 9.93278297161234 3.6065708962164
Ehd4 10.2095137657382 9.93278297161234 3.6065708962164
Ly96 9.04291773410898 9.93278297161234 3.6065708962164
Lag3 9.95212609690159 9.93278297161234 3.6065708962164
Ltf 12.2109361391241 9.93278297161234 3.6065708962164
Cx3cr1 12.8661645891936 9.93278297161234 3.6065708962164
Stab1 10.8319181809469 9.93278297161234 3.6065708962164
Ptger3 7.91209741922707 9.93278297161234 3.6065708962164
Pdgfb 10.784427213788 9.93278297161234 3.6065708962164
Hps3 10.5852544761163 9.93278297161234 3.6065708962164
Smap2 11.0019898893746 9.93278297161234 3.6065708962164
Itgb2 11.8272052895604 9.93278297161234 3.6065708962164
Ang 8.39410428367088 9.93278297161234 3.6065708962164
Sh2b2 9.22244603896785 9.93278297161234 3.6065708962164
Tyrobp 12.8882077765556 9.93278297161234 3.6065708962164
Vasp 10.4663497281355 9.93278297161234 3.6065708962164
Emr1 12.7324162108168 9.93278297161234 3.6065708962164
Nrros 12.2035612900789 9.93278297161234 3.6065708962164
Tmem119 13.7062504747088 9.93278297161234 3.6065708962164
Ttr 13.2596253146871 9.93278297161234 3.6065708962164
Havcr2 10.6395343238155 9.93278297161234 3.6065708962164
Alas2 10.1192139258561 9.93278297161234 3.6065708962164
Cmtm7 10.2158890607314 9.93278297161234 3.6065708962164
Mafb 10.9468667556878 9.93278297161234 3.6065708962164
Blnk 11.7867853033936 9.93278297161234 3.6065708962164
Tmcc3 9.49652683269657 9.93278297161234 3.6065708962164
Daglb 9.96152605211251 9.93278297161234 3.6065708962164
Alox5ap 12.5576931349978 9.93278297161234 3.6065708962164
Fyb 11.7070682335866 9.93278297161234 3.6065708962164
Ctla2b 9.98817720392032 9.93278297161234 3.6065708962164
Zfp36 13.4710413836478 9.93278297161234 3.6065708962164
Abhd15 10.2572440975652 9.93278297161234 3.6065708962164
Lmo2 12.1333491829634 9.93278297161234 3.6065708962164
Cyba 11.7795222099381 9.93278297161234 3.6065708962164
Spata13 11.8423721764084 9.93278297161234 3.6065708962164
Ptpn6 11.5568573976642 9.93278297161234 3.6065708962164
4833441D16Rik 9.111877090883 9.93278297161234 3.6065708962164
Cd52 8.87459768254704 9.93278297161234 3.6065708962164
Irf5 10.4986359523617 9.93278297161234 3.6065708962164
Naip2 10.6906973938164 9.93278297161234 3.6065708962164
Anxa3 12.8939144704404 9.93278297161234 3.6065708962164
