Golm1 13.1709345745481 9.03402189348488 6.99024752092848
Tgfbi 10.1729708775644 6.28378798640652 4.49303579822313
Lcp1 11.8463632704423 6.4858791633991 4.34966096137527
Cd83 13.2264749464343 7.39714679673361 5.95599817006029
Sipa1 11.1257432146877 7.11069959993993 6.21765268784322
Tnfaip2 9.08145533726492 5.2638239501642 3.99040575815711
Tubb6 9.94309885815544 6.50136389102639 5.53001682360176
Ier2 13.4150634942812 9.70321789337444 7.18363150455821
Socs3 12.8363611039744 8.54371339582012 4.06322747392599
4632428N05Rik 12.9592128362635 8.5721834088109 4.9421440792091
Spint1 10.3415667614487 6.09116924742404 5.23879292040847
Afp 8.20241684612463 3.94665426612628 3.72542803685373
Clic1 11.3846871257571 7.70810020158444 5.7886339488872
Irf8 12.5606886061131 6.06114840167853 5.21988653222913
Dnajb1 11.4072973894197 7.8522408298656 7.16141122279969
Tbxas1 9.77227819439976 6.25427156942387 5.72679167079122
Parvg 10.3224146114506 6.65547966643495 5.36651618517573
Rgs10 13.3912666623373 9.09703894343911 6.06643219782233
Rps6ka1 12.439882687873 8.15638945222879 7.41064092353406
Mfng 10.1100884876208 6.02303541793259 5.57506597211344
Slc40a1 11.6365802495677 6.69659985956782 5.93323889909734
C1qb 13.3846079047961 7.32133372103729 3.80871376509778
Ccl6 10.223717633042 4.84256489149123 4.10969299327648
Cd14 13.3052539164274 7.15507397132877 6.39255161994697
Pycard 11.8185468367102 6.50896927666615 5.50343731535124
C1qa 13.2380236204344 7.55433160655238 5.25932815667497
Il16 10.7022595486227 5.88972623154799 5.43640926584128
Slc7a7 11.052383619296 5.47275721134664 5.05632676164097
Srgn 13.2509970787582 7.12079524125691 5.44975007727464
Nfkbiz 12.6860754101133 8.96925728275913 4.97867531942832
Tgm2 11.7718766956168 7.75242815241739 5.9232166696263
Plek 13.0669588958399 6.70832078779167 5.78361259764692
Rgs1 11.2541972267774 4.86459402183925 4.61419744450956
Cd79b 8.31573716498709 4.65603075039222 4.53343396272611
Snx5 12.5628056055199 8.69748164214515 6.85402440588019
Elk3 10.4901390004177 5.90980815988666 4.73453211778766
Laptm5 13.2497958585741 8.411744782315 4.0080769622795
Serinc3 10.8737843005988 7.13655004701132 6.52143855891062
Fcgr1 12.3056772228307 5.23502889338605 4.42409397342882
Slc16a6 11.601886645942 6.95704789851961 5.66278125871509
Ccl9 11.5606702750711 5.27075137377968 4.72145167947353
B4galt1 11.050190662426 7.24911208518555 5.97365704588716
Tnfrsf1b 11.5849644137814 6.8040813989128 5.89882332867702
Inpp5d 12.5199395399242 7.57251761646494 6.36348878202264
Tlr4 9.52419084436795 5.22233541703166 4.38147018426686
Pmaip1 7.94812896443572 4.59304257431671 3.99711566118319
Aif1 11.8782125697407 5.3698984132208 4.99115432075706
Syk 11.2305153374971 6.76258635165056 6.20466627039457
Klf6 12.1614928848338 8.11333613705797 6.33794043619316
Crybb1 12.3010895138039 7.14602442876454 6.44012302243736
Fcer1g 12.6409109862305 6.71162348759731 5.8793254210701
Ctsh 12.8519091129382 6.14197983201667 5.31326753522875
Gpsm3 9.66649074936397 5.52838985917647 4.73904531918133
Ncf4 10.7081144474155 5.26045165334691 5.0046010445142
Lcp2 10.3889718130272 4.90773244062964 4.63489770958958
Ngp 12.4329204009581 6.31028990292404 5.40549981952619
Spi1 10.2850028049619 6.20563207051464 5.86811987527764
Csf3r 10.4703586336665 6.72391563062315 5.33423793992572
Ms4a6b 11.1222234312687 5.40002336225087 4.79826827157351
Hcls1 8.83239317939796 4.95532217146414 4.62624456367784
Pabpc1 11.1513836653323 6.51927441338879 4.45089554118655
Cebpb 11.6879517821222 7.71124942336773 6.22282076741974
Plxdc2 12.0633823649962 8.15742170179432 6.53490471530379
Cxcl10 9.83264446685726 5.67375396724177 5.13387941951868
Cysltr1 9.33333349087416 4.33467392653461 3.98169441803706
Cebpa 9.88957255483431 6.31674134533882 5.44394328396752
Cttnbp2nl 11.7204560544011 7.21923073835411 5.89726442756497
Lyl1 9.97533629065994 5.382955228209 5.01222254050019
Ptpn18 10.4025712369028 6.61148939678574 5.74246959374279
Tlr2 11.9268402473875 6.02588364956857 5.60261608495919
Cd163 7.66769719158114 4.25040806851142 4.00567498585874
Serpine1 9.52331793271942 5.31263812636941 4.50413403745752
Mlxipl 10.549742788076 6.58899649327763 4.85363830988824
Cd37 10.9048574016166 6.4159886451263 5.36821387624259
Map3k8 10.2849700718244 4.98445375283462 4.69502828267099
Myd88 10.7278217724093 6.67724820075552 5.71394884777381
Ccl12 10.5112043294489 4.66494407394863 4.40128719745402
Arhgap4 9.36525554969312 5.4043450029961 5.20188645738781
H2-Oa 8.7917936065526 5.42925064224938 4.97051893859798
Pon3 9.20297150005047 4.50342565016534 4.23975667527504
Slamf9 11.1882832385642 7.81824744438884 6.31947785362005
S100a8 13.0395448654869 4.95802959676718 4.60331424611241
Il10rb 10.7116513838826 6.66206283392018 5.25075781712815
C3ar1 11.7072754362155 6.50919981930493 5.56925928041829
Fgd2 12.1304825880125 6.88748709932733 5.81231470833906
Ccl3 13.4953964323281 5.31807801592476 4.54757032369773
Ms4a6d 11.3799791784438 5.24755662566101 4.41784920946763
Ier3 13.4963591841383 7.93651293843348 7.44172573096457
Camp 12.113738407204 5.7369818537644 5.39412405455477
Klk8 10.2464469222101 5.91277733567139 5.49090715985123
Chil3 11.1159878878753 4.48845598350513 3.93633189972719
Arap3 9.86775374576886 4.50084433300195 4.05175796806897
Tlr7 11.2112407400947 5.37330183585419 4.80011965385167
Hpgd 12.0107499612859 6.18298109650812 4.29141011167785
Slc11a1 11.4154854568916 6.57052414383222 5.26033213959333
Ccl2 9.49866288250659 5.33124335455444 4.91296894718064
Cd86 11.6419705628058 5.27533603457203 4.86251909317764
Gpr84 11.5935377294956 6.10416719186491 5.39832060975313
Tcirg1 11.3257053795282 7.90546368791345 6.77085740400601
Trim12a 8.5835260320544 4.60920694088508 3.98962602846828
Zfhx3 11.2942984484453 5.94461153408984 4.52960035463753
Slc15a3 11.5219827541908 5.58960589133672 5.24141671820003
Rel 9.30153835661437 5.56953548216818 5.20040642706206
Sla 12.3378861062474 7.94585834826924 5.66357111193482
Tgfbr1 13.4953964323281 7.80945098784355 5.78632100750478
Adcy7 11.9646243532397 7.42596287576083 5.22203893845977
Lgals9 9.80576100376818 5.88761521443768 5.16850696474246
Trem2 11.528689695107 6.68081424464377 6.25222314809369
Gna15 8.93153578094543 5.37917623903281 4.96018100059067
Birc3 10.7521481640029 6.66630735813246 5.95199121310481
Igsf6 8.68495551282954 4.33709025763672 4.16883445675787
Samsn1 8.95535277925432 4.67303742030629 4.4482962002668
Il1a 10.5450729398403 4.45507533276983 4.31556511941403
Hpgds 9.14123713383759 5.29949972725717 4.97451436675861
Naip5 11.1347547074536 4.63129346448615 4.15267089234473
Ccl4 12.7516225784521 7.39174489160589 5.86367983003298
Stat6 10.5031698578152 6.13713354953776 4.79059662313852
Clec4a2 10.1190075949126 5.09599353647054 4.87181501754307
Fli1 10.0832277034328 4.26447283939859 3.85615294020513
Ets1 9.75745818736726 5.31750638272257 4.28043777486501
Itgam 7.64683147867138 4.31490260893456 3.9157055096091
Ptprc 12.4215732421658 4.79235543991181 4.30262108257869
Fosb 11.9818678393755 8.34825899406382 5.79461469535445
Ccr5 11.7087776692335 5.37455192554375 4.43174766565805
Il6ra 12.6405285425734 6.29481779762438 5.49661909980489
Tgif1 8.50458243562559 5.07760259636984 4.48844725680759
Pla2g15 12.3512186582331 7.92734415029725 6.58319020634811
Ifi30 11.4062018650154 6.94752860482151 5.94076324160292
H2-DMa 11.3395300052483 7.5916869263509 6.33287612457681
Gpr34 12.142699851518 4.32929356736416 3.85738820827396
Rrad 10.0026571297703 5.84866725794747 5.18428974719842
Rnase4 13.0771643703574 6.41790559519726 5.32265078684232
Hk2 12.3164140648536 7.47356025556999 6.10196516998969
Hfe 11.3196450739578 6.75146571734827 5.68592459541934
Naalad2 9.64837692903074 6.29481908144558 5.225568704271
Pik3cg 10.1537853547168 5.71640550917589 4.94982048470176
Cd84 9.96224237530016 4.72249882994243 4.47966661100433
Ly86 13.8305038298173 7.19754266844084 5.47292877380112
Vav1 10.4997459843954 4.23607995905323 4.06878925778177
Cfh 10.8438396260437 4.2786525314578 3.52359675317008
Tnfrsf13b 9.66545251361214 4.85476283061765 4.35088862839579
Hhex 10.060418644213 5.99297118597753 5.23909205888398
Entpd1 9.58873000960094 5.39586785584299 4.18217002453169
Ptgs1 12.1626150793908 7.67932651722935 4.8962308210978
Lyz2 12.5660138290276 7.07352699961699 6.1509230451104
Ctc1 11.7422487728519 7.87174831557334 7.14395331297709
Unc93b1 11.3066168079527 7.19069225779341 6.5491578447359
Sfpq 11.5708095722532 8.11435885046364 6.53809788214578
Hvcn1 10.2856187487951 5.76488923566812 5.56001759670853
Edem1 10.5644676490564 6.62344792773819 4.6430644916833
Icam1 12.144222640413 5.62860585818088 4.84378985641139
Rcsd1 12.3223507478265 7.63445278287602 6.51167662466025
Tmem140 8.46080936763924 4.63271069480049 4.38956908698773
Tm6sf1 11.273380881778 7.25355455672888 4.40410099577717
Cd177 8.01898297885642 4.49722523811275 4.15846737241676
Casp8 9.83591177234681 5.30120977942954 4.93077131713669
F11r 12.1638127271072 6.50914970426854 5.63587327576629
Tor4a 10.4213155961976 6.71712222653889 5.47157954605176
Lpxn 10.730982217212 5.14157882860119 4.51272239511848
Siglec5 8.337886172674 3.99420313157544 3.74432109583228
Fcrl1 9.27554865404005 5.5319042681971 5.20434558893709
P2ry6 11.5909433501351 4.71400465169035 4.03795642718023
H2-K1 12.7949568117272 7.92091793587863 7.37664385956967
Tgfbr2 12.4312251246194 7.16793954694093 6.14199260151083
Ceacam1 8.73427463823456 4.8033195852986 4.49406603660361
Mlph 9.52478746573067 5.81283374561418 5.14543778463547
Ncf1 9.01873662127703 5.3405148679361 4.97265425759001
Il13ra1 9.69650941211153 6.12506566856192 4.31551062256414
Adap2 10.4876327911899 5.39487736055675 5.06912708386363
Capn3 10.437566906065 5.1424116573227 4.4921176450543
Arrb2 11.5161791808491 7.0714983124148 6.60201752352753
Pros1 11.4244912078995 7.72147922933284 4.78597257112561
Arhgap17 11.0358082941061 7.40890796569783 5.00417914990162
Trim47 10.122871565472 6.12867821393421 5.30327239952001
Plcg2 11.2395812321787 7.68998401222431 7.15635105233822
Mlxip 11.0131464704826 7.63040420051607 7.26692511186821
Sash3 11.2528818012755 6.9513975928173 5.41956561936546
Themis2 9.94919523666928 5.3522950792624 5.08785542767124
Mpeg1 13.5339312443488 7.34417615806058 5.84895815284574
Cd48 9.99176185857167 4.80358863700956 4.37072185465408
Akna 10.5978331936346 6.30685136602571 4.79043457828356
Fes 10.5840546362038 6.76749058449867 5.93255280808347
Cep152 9.68353142517718 6.05942889222579 5.65637760164267
Ccrl2 11.4107831106411 6.29599021937752 5.79367300707851
Lcn2 11.7182561949748 4.49257423153515 4.30463426863697
Hbb-b2 7.86146929235822 4.31253959618416 4.01053963263943
Gimap6 8.28896486111756 4.94227112874509 4.48503274332432
Tmem173 11.1696407087511 7.38565125794178 6.09711327622586
AF251705 12.0057126252299 7.33044504973909 6.51479315326381
Hmha1 10.4487011332694 5.90784142373133 5.3353039395179
Gmip 10.2055870255081 6.28312859553563 5.69117142016643
Nckap1l 11.1526856630168 6.28195592707985 5.0298361576048
Abcc3 9.7509259850256 5.68802207769291 5.04827655586394
Rhoh 10.7637079698635 5.33435988880442 4.77768147458455
1700017B05Rik 11.7522974287947 6.73617476301257 5.8554721996379
Lair1 10.6612900224916 5.6162504949113 4.89312723290358
P2ry12 12.4385715566921 5.47619608040815 4.80787610058003
Rnf19b 9.65744414029616 5.66347300001849 4.95672584393978
Pld4 12.1700437011819 5.90036102346294 5.36978902320772
Lrrfip1 10.7224886700699 7.37206619135064 5.48879591656088
AU020206 9.79768698851007 5.70561437903611 5.07171025366227
Fermt3 11.4207362066657 4.64786005034852 4.00296532291317
Ankrd44 11.5679366187782 7.94561450438303 5.31065072425669
Kctd12 12.099676793357 8.25214506639184 6.6905526515586
H2-Aa 11.2644036954394 5.87608877058388 4.69633219362102
Fam105a 11.8820924454901 8.30815601053599 5.65627677002646
Herpud1 12.5116726598182 9.14037128830544 8.24556720382932
Cd300a 10.0530239896872 5.48854325182583 4.94439897580405
Lyz1 12.2502412289951 6.48953610063915 4.44087893406191
Clcf1 8.68466038510135 3.97187392139086 3.77218444927818
Adrb2 8.29734945321406 4.40464240740203 4.16921044164807
Lrrk1 9.1635528470806 5.33616718658293 4.61870122671791
Il10ra 11.9867649941734 5.02587253703277 4.79616774270968
Hexb 13.9214339669789 9.68330932806322 8.24569138906166
D530037H12Rik 10.4018822600769 6.73964888432981 4.37780283355499
Rab20 9.64744268247702 5.18535094044142 3.83360197569304
Grn 13.6303783372944 9.70833902329731 8.00865259971845
D9Ertd306e 8.20712585253381 4.57991117361171 4.25745320605117
Fam46c 12.2421510197398 6.28627759222597 4.70764770730044
Pald1 11.0128320429645 6.94782896566438 6.06294369537575
Ifngr1 12.016051864462 8.17259832635399 6.98157446980762
Anxa1 9.64055143138413 6.05517041511997 4.45496800955464
Lrmp 8.89491220593798 4.58977339097539 4.40800362696669
Olfml3 13.5644607358692 7.11431047736092 6.28975126044941
Ncf2 11.109264808914 6.29573863868261 5.61753560587891
Il7r 9.22711297999003 5.79941682304783 4.85045646691996
Ctss 14.1223387589978 9.8077050395043 5.0904717324776
Cd53 12.6270729328698 6.32437836574454 5.25985803517771
Fcgr3 13.3874319809845 6.59297489894958 5.32990229670078
S100a9 12.2965410503709 5.13430220733511 4.65324641105324
Lgmn 13.4068999504885 9.88281768848597 8.11264185400819
Klf2 12.9915058739807 7.88146794505982 5.62949627491832
Fcrls 13.5200887013828 6.68326453108094 5.70339213109349
Tlr1 9.55990391864875 4.30298702055617 4.12068648675414
Selplg 13.492313873689 7.84916171387897 6.17855439697933
Cd68 12.2825968841945 5.93064471411682 4.79517477710137
Gpr65 7.85611733273235 4.31719924832359 3.83142773602503
Casp1 8.72506021576845 4.93527640732262 4.47733589385267
Csf2rb2 9.46516272602394 5.02219898372664 4.32353564663607
Atf3 13.3007390383143 8.66118254483082 4.99896095706964
C1qc 13.5695399365939 6.88920604026699 5.06999283718323
Hck 11.7192724128215 5.6034390128068 4.88396841195701
Gcnt1 7.89240442650036 4.37474449102937 4.11059118692136
Casp4 9.17977855891737 4.7765489061898 4.04556527015984
Ehd4 10.2769858985773 6.32177884818703 5.10291532936658
Ly96 8.98885773803667 5.30895507699424 4.53419232886099
Lag3 9.94342037341401 6.19724619027555 5.37082728129548
Cxcl2 10.9236295592129 4.72178130718909 4.23473396048749
Ltf 11.9771261319803 7.45624679345701 6.18348884657993
Cx3cr1 12.8322911670036 6.95319187471067 5.24301901232038
H2-D1 12.6856010965553 7.85345560258678 7.35142615886092
Stab1 10.7835801182221 5.66074067841759 5.0447011016942
Il6 8.3523884587654 4.51086396125208 3.83087787813747
Mrc1 8.47267687587698 4.50077561629831 4.34577970604431
Itgb2 11.8281947861841 5.11675692760688 4.66490632348897
Psmb9 9.49408509768935 5.91294772349957 5.50953564207968
Ang 8.67340897437916 4.18055488956064 4.02651389597782
Sh2b2 9.32069277757714 5.37990619967726 4.62925008527059
Tyrobp 12.9035612805634 6.81060324685606 5.58237878264742
Emr1 12.777781853873 6.9231843415491 5.87766554939322
Nrros 12.3519497751025 8.12728826777458 5.89798522477131
Tmem119 13.699678559052 7.18041030583014 5.87719910794758
Ttr 13.1109777518357 8.60931672067531 3.98507127830281
Havcr2 10.710530075929 4.44166990467087 4.26367336551166
Alas2 9.97256535353661 5.59467791748772 4.8913396769836
Cmtm7 10.4036329494645 5.79811992374085 4.90821407091375
Blnk 11.8079240962002 6.85365752247457 5.11259475991045
Alox5ap 12.5749967599795 7.14478604188705 6.19071632945136
Fyb 11.7159427823204 6.70383728152816 5.90822750443344
Ctla2b 9.94438247489242 4.34698216477939 4.12167294804391
Zfp36 13.4960506681509 9.09379325918594 6.38455446166149
Abhd15 9.92497435981129 5.42041744403193 4.95369519296798
Cyba 11.7749627835735 7.2209700868719 5.1522479839532
Spata13 11.8360921296241 8.24854958227203 5.44424669184998
Ptpn6 11.3292345329635 7.58614131066217 6.4340502451849
4833441D16Rik 9.33372525445037 5.64260626557077 4.84157538243932
Tec 10.1967601761071 6.71391559765901 5.49405484925185
Cd52 8.83934325002235 4.83999452495142 4.63370738729425
Irf5 10.4417221455899 6.36283048757686 5.25957921732905
Naip2 10.8151812852359 4.61799661545125 4.3566643782307
Anxa3 12.9131833282778 6.21547746769042 5.09547481806948
