Ppp1r14a 11.5122008133948 7.42916710209161 4.22775258459869
Mobp 12.6855360391807 8.97097262771053 5.00560385847125
Gamt 10.8420531027991 7.42291099315304 5.97423568990977
Pdlim2 11.9475061349839 8.38313546985625 5.60827462122379
Lims2 10.8150003531107 7.47585674846633 6.74430117744349
Tspan2 12.4560815944501 8.21416700250461 4.98636577100943
Ddc 10.4410252042223 6.23853273051212 5.13898006844343
Nkx6-2 9.35632127310961 5.49438272100893 4.95526510138348
Mog 11.2487843743929 6.39188032606407 4.1245687183476
Pllp 10.9778800869922 7.4615296354529 6.59549525089967
Josd2 11.0429634278093 7.59690380363836 6.74034406595327
S1pr5 10.5973279595844 6.7450541636312 4.18161982504653
