Cd83 13.1517119399809 9.66071996060622 5.46923746441696
Sipa1 11.0491157826369 7.33719651268202 5.84130185555092
Tnfaip2 9.10265124910753 5.7473734781423 3.89122221617427
Socs3 12.872389729541 9.48064354176178 3.91946268459861
4632428N05Rik 13.023417651154 8.72034502152509 4.78357064019764
Irf8 12.5830920544812 7.56960293350871 5.27555891638359
Parvg 10.3515058485033 7.02524321099828 5.26136445262655
Slc40a1 11.6104164701375 7.05647054627273 5.10786530172823
C1qb 13.334449855087 7.25719716118041 3.81248887661594
Ccl6 10.2968696260595 6.96310616375551 4.33280837109263
Cd14 13.2858211222074 9.08258002015048 5.75406282773204
Pycard 11.7476509071618 7.47434440064731 5.01742218993397
Slc7a7 10.8083190565862 6.64466252633687 4.87163312035056
Srgn 13.2068622416084 7.38752604675907 5.11752488655649
Nfkbiz 12.6004495355117 9.17274409772691 4.39604726949617
Tgm2 11.642946111078 7.70210295328009 5.40454520721337
Plek 13.0477422121131 8.75279855237208 5.3269274475642
Rgs1 11.0898478208524 7.10655618774568 4.42098189249089
Snx5 12.5389716579728 9.21121329376947 5.07208358187632
Fcgr1 12.2838802885119 6.68275632918252 4.38533379544327
Ccl9 11.3508771596472 5.4657153973195 4.66851924307622
Tnfrsf1b 11.7294024065306 7.4605604638026 5.79512061647449
Inpp5d 12.4783900860876 7.9771661865135 6.03354799350031
Tlr4 9.37755048286687 5.80771479418916 4.25101202570398
Aif1 11.8099905233592 6.77954217631618 4.7560189306882
Syk 11.1736838971837 7.10801438896143 5.79485288484969
Crybb1 12.2532048432707 7.5923613510706 6.26124521487893
Fcer1g 12.6825054501545 7.3479176913261 5.64934568225157
Ctsh 12.8742742032151 7.63796304777926 5.11280104117951
Gpsm3 9.5878408034758 5.81349562432327 5.21730332532564
Ncf4 10.7305401881173 6.68310775228969 4.95602124137461
Ggta1 10.3021085784473 6.2308486558729 4.06281017180433
Lcp2 10.4299333406719 5.97122831108902 4.68040504745332
Ngp 12.2995043542679 7.38308271638493 5.0011912963462
Spi1 10.3859436109085 6.83837714036162 5.82516599139313
Csf3r 10.5303261448833 7.13291952699602 5.01120628892583
Ms4a6b 11.2757685053458 6.1986691691124 4.57674524752164
Cxcl10 9.7662958946731 5.99185527329213 4.90197715415023
Lyl1 10.013448973115 5.84639266808952 4.83802208329915
Ptpn18 10.350655093353 6.63115645914761 5.87772450927226
Tlr2 11.864186632689 6.73897690443904 5.33952135502754
Serpine1 9.57269546409715 6.09302300893525 4.38253687497039
Cd37 10.9462016903761 6.90085537265892 5.42654902875802
Map3k8 10.1917146557049 5.63172363082624 4.62130401982187
Myd88 10.7885966963584 6.91048288310208 5.45740879526708
Ccl12 10.4751595691536 4.90974007867459 4.28827382147512
Pon3 9.10935515291671 5.73147649164603 4.17891368914481
S100a8 12.9638824039872 5.76813881674369 4.5510874300922
C3ar1 11.6182149621142 6.72328724705041 5.10538941090478
Fgd2 12.1293203269256 6.70001073324299 5.76288059676572
Ccl3 13.5496556060224 6.9758148288609 4.47366497121661
Ms4a6d 11.498084859003 5.58451528595324 4.5238940122943
Ier3 13.5855914649438 10.1674958027246 7.17732819754075
Camp 11.8351935968853 6.3061323287825 5.3341421217035
Klk8 10.1637978906065 6.17859897993122 5.46481284234908
Chil3 10.6986949112657 5.40529079769404 3.6481594089514
Arap3 10.0084235335535 5.55027836322475 3.97239422189491
Tlr7 11.1690114771889 5.6564868752677 4.68679407712464
Slc11a1 11.348119903574 7.61741018689528 5.30236888305014
Ccl2 9.39365889899599 5.58813955582309 4.93237175242407
Cd86 11.7078926817195 6.22171484622785 4.85179845372533
Gpr84 11.5922078227709 6.55916571721469 5.30419211092865
Trim12a 8.60607054794922 4.46357073250253 3.92708262738743
Slc15a3 11.5031029092383 6.03262658038342 5.21375617468149
Rel 9.37584581713377 5.89290013127787 4.76482870927702
Adcy7 12.0401852065097 8.7132731892744 4.60506850261029
Rbm39 10.3141735206265 6.99032526685699 4.52781362345588
Lgals9 9.7144470271434 5.94218500732663 5.20049589159722
Trem2 11.3744113100813 7.39898890113015 6.2495448451459
Birc3 10.6680989517335 7.30050282692357 5.92864090044366
Igsf6 8.76352354526292 4.6515687689174 4.12255696072171
Samsn1 9.02117009275432 5.13916707306363 4.39736025914085
Il1a 10.5627537042988 5.81907068449818 4.00451419134937
Naip5 11.1748062850229 6.10945675228134 4.15263105956947
Ccl4 12.655502757357 8.12431805520109 5.77349621442231
Stat6 10.5002673668222 6.57693564819993 4.46307463005189
Dapp1 10.6616079104408 7.20324929549437 4.88014546070305
Clec4a2 10.2600474435221 5.20662086887545 4.56532565205998
Fli1 10.0941254445629 5.13916707306363 3.75175247971574
Ptprc 12.5235480291392 8.18866056317589 4.12727362429327
Ccr5 11.7396919362898 7.15035062784841 4.37550473203231
Il6ra 12.6715970650916 8.15512250280799 5.39496887973863
Pla2g15 12.3259450180791 8.47939891142437 6.27137981218419
Ifi30 11.3781163789488 8.00444240356075 5.45936495151966
Gpr34 12.096128861767 7.04570363842545 3.85170800302632
Rnase4 13.1184612117893 9.17723756512559 5.04386143696801
Hfe 11.337741662807 7.91975744536162 4.93420572871071
Cd84 9.78822716908046 5.15058636042562 4.36630922295015
Ly86 13.8305038298173 8.68908260769408 5.28082628047796
Vav1 10.4293295887311 6.04739882502396 4.03108771250524
Cfh 11.031443374587 4.6436853195722 3.46377573209727
Tnfrsf13b 9.62154101704082 5.32616811374614 4.34914679842177
Entpd1 9.37032387449548 5.7593667199441 4.13603270491171
Ptgs1 12.2066936221392 8.28759382800008 4.57350386851489
Lyz2 12.4203041170638 7.91419762123782 6.05473614306771
Unc93b1 11.4209147437175 7.36223306003027 5.92779911532652
Edem1 10.6216568370496 6.80006952186509 4.45511141330525
Icam1 12.0685839298591 8.18621280482204 4.53075509164089
Rcsd1 12.2491457547791 8.35431516704654 6.30860192960024
Casp8 9.83466998065678 6.39335672734074 4.68258074220847
F11r 12.1660086110926 7.6643408509556 5.56828110011508
Lpxn 10.7589192457976 6.6699215606673 4.29895515892531
Siglec5 8.37803746411404 4.27843057800862 3.80180239760957
Fcrl1 9.2345619860761 5.8032940300928 5.17444709650993
P2ry6 11.5687601975602 6.49954892671124 4.37390959271963
Tgfbr2 12.4852370462276 7.92266164352117 4.98269214103138
Il13ra1 9.86451620775328 6.21712138118178 4.22781423546986
Adap2 10.5685173068896 7.19500271743872 4.97531684508834
Capn3 10.5561819143241 6.16841198514844 4.17893366762602
Arrb2 11.4717203569511 7.85238409179946 5.87418231968631
Pros1 11.415313090188 7.40227475806083 4.67706785606288
Arhgap17 11.1079285558079 7.15852012547967 4.84293271356456
Trim47 10.0914805439239 6.16183374116433 4.7305879390997
Sash3 11.2827116875116 7.68555172035352 5.22378444783727
Themis2 10.0072343518523 5.97912940421017 4.88497197060564
Mpeg1 13.5781184656323 8.76531829045449 5.78669849268699
Cd48 10.0036336466823 5.29798403551863 4.37055162183371
Fes 10.6453727108248 7.31199103694982 5.70397175479522
Ccrl2 11.412796081801 7.50031460974523 5.30077404774823
Lcn2 11.5003470873269 7.86409310511359 4.14768319462695
AF251705 12.004730998868 8.18740716284682 6.35524621373984
Hmha1 10.4033953674837 6.98763858863666 5.5671779385056
Abcc3 9.76277744586897 6.3336081973501 4.86554758956559
Rhoh 10.549623104043 5.94948250364945 4.66069115440101
1700017B05Rik 11.7692217223209 6.95748361203838 5.43429133801429
Gusb 11.5188785741544 8.0785192476531 4.708491046932
Lair1 10.6130187631943 5.73359057481716 4.68201705644707
P2ry12 12.4746819840061 8.73945527851456 4.45630897615408
Pld4 12.0206051656766 7.19733735021099 5.18320907989815
Fermt3 11.3312647513459 6.47715884417116 3.87740724795563
Ankrd44 11.6744535697079 8.18312917463275 5.25789001064304
H2-Aa 10.7894269702174 6.21104648013144 4.30873672827083
Fam105a 11.8900076562701 8.41485140996486 5.55495687214595
Herpud1 12.5159313960105 9.01807815309002 6.75532063069817
Cd300a 9.88309640091064 6.06354680269223 4.67270326845335
Lyz1 12.1662559978148 8.70856385941475 4.30131088715475
Clcf1 8.65510766759181 4.21014613240091 3.70136528196445
Il10ra 11.9839212283458 6.09891758803774 4.66958510868871
Rab20 9.52042754395053 4.96301376924783 3.83051790713731
Ifngr1 12.0357079893049 8.51383420970396 7.13689622106574
Olfml3 13.5847807250187 8.18350581854891 6.05570739449609
Ncf2 10.9263417405773 6.56751553846196 5.37189384319663
Cd53 12.7058528961117 8.6306483484664 4.9464120504784
Fcgr3 13.3678397073662 9.22669357552983 5.30955688836998
S100a9 12.1512954978643 6.30541860080714 4.63415909620082
Klf2 12.9546948291203 8.5450116076055 5.07624024174406
Fcrls 13.538343734353 7.81342507027845 5.29076326394513
Tlr1 9.60520010506197 4.88460414251727 4.02783210955345
Cd68 12.2655547644002 7.28764258796655 4.394784980665
C1qc 13.5961558255427 8.28071090093681 4.99937174878155
Hck 11.7859620796645 6.95779396410935 4.72811480705642
Casp4 9.26315299804554 5.319458167819 3.90611837736323
Ltf 11.851175722853 8.39248098452202 6.1840869808282
Stab1 10.7605924600716 5.78126363014098 4.96431324455489
Il6 8.13911235858362 4.46842094443221 3.76423973145748
Pdgfb 10.7325445782435 7.35913986906559 5.42835602040751
Itgb2 11.9243168449721 7.71358240566797 4.62338934912842
Ang 8.34675454689537 4.44045670882103 3.98493136601624
Tyrobp 12.872201384089 7.24800428996913 5.41563407093401
Emr1 12.7903721087621 6.91718224518301 5.34702598645698
Nrros 12.3097176638707 8.2253618791253 5.37188777358751
Tmem119 13.7335005220805 10.3657537152618 5.8660071690581
Havcr2 10.538253418377 6.01387206320856 4.1034723279531
Cmtm7 10.4128713125775 5.82713116377397 4.9699582685473
Blnk 11.8256575206264 7.32824392551931 5.31533395916743
Alox5ap 12.5974435879102 8.56482016172655 5.76094538938568
Fyb 11.6377216118874 6.70226836889514 6.00686544544163
Ctla2b 9.67840248028284 6.18023738911793 4.07548497314224
Zfp36 13.4481818753213 9.49713946780671 5.70929355054393
Cyba 11.683487063587 8.11301496709845 4.96974129353669
Cd52 8.77120540091781 5.39849365996742 4.46191245890636
Irf5 10.3658986193304 6.76162996539938 5.55949363997328
Naip2 10.6301514409205 4.71726725024976 4.35765106379961
Anxa3 12.8961234593997 6.69468001479522 5.0772244179072
