Junb 11.5780026398467 7.63094949348929 4.70137019747581
Sipa1 11.1257432146877 7.16763351455453 5.85293270619587
C1qb 13.3846079047961 9.82684017939656 3.8376787066314
Slc7a7 11.052383619296 6.51618735552467 4.87163312035056
Srgn 13.2509970787582 9.72518086984642 5.05069960088599
Tgm2 11.7718766956168 8.42176966550378 5.39498349260908
Snx5 12.5628056055199 9.1506871449098 5.09384239895682
Fcgr1 12.3056772228307 8.41948728377507 4.31727088388762
Ccl9 11.5606702750711 7.62210304833934 4.73369220519065
Aif1 11.8782125697407 7.11808276193394 4.83242664331742
Crybb1 12.3010895138039 7.88511263218251 6.26740588709583
Fcer1g 12.6409109862305 7.70874442584053 5.7130453172961
Ctsh 12.8519091129382 7.93948074349541 5.22450642209184
Ncf4 10.7081144474155 6.95444874680259 4.84421328476204
Ggta1 10.3145780373454 6.34747159627639 4.04459530719899
Lcp2 10.3889718130272 6.67124485227208 4.59791554463876
Ms4a6b 11.1222234312687 6.31628119304595 4.61242632945944
Cxcl10 9.83264446685726 5.81761540401458 4.91751203012534
Cttnbp2nl 11.7204560544011 8.23066166667294 5.31717546550583
Tlr2 11.9268402473875 7.50107318726611 5.33952135502754
Cd37 10.9048574016166 6.87893572208082 5.42654902875802
Map3k8 10.2849700718244 5.33299507235699 4.67926149852863
Myd88 10.7278217724093 6.59193858250087 5.41898168189788
Ccl12 10.5112043294489 5.63390949619235 4.31553030932908
H2-Oa 8.7917936065526 5.44534893716067 4.8058075112853
S100a8 13.0395448654869 9.48434744715832 4.52381973172066
C3ar1 11.7072754362155 7.16430904709488 5.20557210095049
Ccl3 13.4953964323281 9.79637270717056 4.35898614505466
Ms4a6d 11.3799791784438 6.69468001479522 4.44126177605091
Ier3 13.4963591841383 10.1082812527911 7.23864096378476
Camp 12.113738407204 7.54685779038609 5.2942647147207
Arap3 9.86775374576886 6.44014709446293 4.01973633609334
Tlr7 11.2112407400947 6.40580862501261 4.73873370062903
Hpgd 12.0107499612859 6.62477020898528 4.35491217085693
Slc11a1 11.4154854568916 7.6429827547546 5.3659738080543
Ccl2 9.49866288250659 5.81098430290273 5.06364588147403
Cd86 11.6419705628058 7.12784707105203 4.86859798459873
Gpr84 11.5935377294956 7.18571837043467 5.31862397677432
Tcirg1 11.3257053795282 7.83173835171465 6.43249158437368
Trim12a 8.5835260320544 4.56299359250001 3.87771940060926
Lgals9 9.80576100376818 6.20791407777098 5.18614085943563
Trem2 11.528689695107 8.17360963449951 6.10559545780441
Igsf6 8.68495551282954 4.61413666882759 4.02522598179701
Naip5 11.1347547074536 6.57203558617211 4.11644698060596
Ccl4 12.7516225784521 9.41884563846622 5.70385278514133
Dapp1 10.626591308075 7.12956981903299 4.86470377454826
Fli1 10.0832277034328 6.03620819844267 3.75175247971574
Il6ra 12.6405285425734 8.27214586096156 5.44157671008466
Cd84 9.96224237530016 5.76332987288284 4.47817641589471
Cfh 10.8438396260437 5.4242810857933 3.4912580351594
Tnfrsf13b 9.66545251361214 6.24102114833877 4.26560507136761
Entpd1 9.58873000960094 6.24774441632334 4.1904152851548
Ptgs1 12.1626150793908 8.79671819691338 4.59582954448564
Unc93b1 11.3066168079527 7.89226914931018 6.05664186486289
Edem1 10.5644676490564 6.93007732153501 4.51756370246407
Tmem140 8.46080936763924 5.10449509941287 4.09874861654303
F11r 12.1638127271072 8.2606470947784 5.59564639800485
Siglec5 8.337886172674 4.26484534440014 3.78206037271793
Fcrl1 9.27554865404005 5.72748706053236 5.11790449270439
P2ry6 11.5909433501351 6.38347738901593 4.35570438853451
Il13ra1 9.69650941211153 6.28114373035488 4.25050787413408
Arrb2 11.5161791808491 7.85238409179946 5.92232855562431
Pros1 11.4244912078995 7.46011673559665 4.74927896298624
Trim47 10.122871565472 6.74714041601005 4.86746833218285
Sash3 11.2528818012755 7.73114230350891 5.28303421113176
Cd48 9.99176185857167 5.78745781343913 4.35808316794014
Lcn2 11.7182561949748 7.61429913063279 4.10791635569468
Tmem173 11.1696407087511 7.68850449516744 5.8126319901647
Rhoh 10.7637079698635 6.22339317843939 4.78273596290052
1700017B05Rik 11.7522974287947 6.88365491024111 5.50769182178726
Gusb 11.4803411718158 8.11154135497631 4.66674856390318
Lair1 10.6612900224916 6.70651507882054 4.68201705644707
Pld4 12.1700437011819 8.07566530651332 5.1798233474227
Fermt3 11.4207362066657 6.51111776816614 3.78205702732204
H2-Aa 11.2644036954394 6.06202077152141 4.41247991296895
Cd300a 10.0530239896872 6.69734555300981 4.77077056143677
Clcf1 8.68466038510135 4.91977550816482 3.71144807652312
Il10ra 11.9867649941734 8.04857145901766 4.74768182739732
Rab20 9.64744268247702 5.72268449866913 3.80548502831093
Olfml3 13.5644607358692 9.78724568307741 6.18760454113347
Ncf2 11.109264808914 7.18399478874221 5.52853630636961
Fcrls 13.5200887013828 9.54965424145219 5.47938764509871
Tlr1 9.55990391864875 5.68460262506168 3.9835243587885
Cd68 12.2825968841945 7.78225941579537 4.56760020282917
Hck 11.7192724128215 8.21473747034521 4.7856176784086
Lag3 9.94342037341401 6.53144732430779 5.31814986334685
Ltf 11.9771261319803 8.33552497357431 6.16833857281882
Stab1 10.7835801182221 6.83536063924988 5.03972855140348
Il6 8.3523884587654 4.86306284193524 3.7288788929998
Mrc1 8.47267687587698 4.78437151975548 3.48901948967623
Itgb2 11.8281947861841 8.17697505613979 4.60801721637466
Ang 8.67340897437916 4.36158180309535 3.94571036777194
Emr1 12.777781853873 7.61162411448246 5.40248356872159
Nrros 12.3519497751025 8.62184591957144 5.35349933354506
Fyb 11.7159427823204 7.42856391337901 6.0116826661972
Ctla2b 9.94438247489242 6.18023738911793 4.0518934906627
Abhd15 9.92497435981129 6.52865125879171 4.79221373081619
Irf5 10.4417221455899 7.07125053368884 5.62974558964065
Naip2 10.8151812852359 5.5222353270713 4.38144659786914
Anxa3 12.9131833282778 8.03042668726479 5.18362280675428
