Tgfbi 10.1405547174483 5.01595165286319 4.62346821230133
Sgpl1 9.65202662527855 5.04681403148859 4.68601113739332
Lcp1 11.8379992138945 4.56746083911104 4.21287776566373
Txnip 13.6791294028158 6.98389576611816 6.7359645127378
Cd9 11.7732224133317 6.70180318758286 5.32532813546558
Tpst2 11.0906169506107 7.60908186134268 7.1032100879545
Cd83 13.1517119399809 7.79117676277419 6.06644405055544
Serpinf1 9.39104855160023 5.07549049586416 4.63810637224404
Sipa1 11.0491157826369 6.72672069799379 6.22041143022903
Btg2 11.4551013031419 8.08013001743067 5.97926516593524
Tnfaip2 9.10265124910753 4.17815325017645 3.83420164056368
Litaf 12.4983539473891 8.03066881723626 7.28898570644246
Lamp2 11.6194145923605 7.77323856734072 6.53617983574923
Snx18 11.9053155899221 8.51725703351769 6.60542783707962
Cd82 9.3157369854898 5.98482661595826 5.72484820102216
Tubb6 9.85242182153089 5.93861858360534 5.59222518802366
Pfkfb3 9.94583213370668 5.45328527767673 5.10385798044884
Cd164 13.2978034137987 9.5519982834229 7.90153231544345
Ier2 13.4110457696294 6.83215110251809 5.80949746595918
Rab32 7.66476517985337 4.24985967421475 3.79996778062097
Pnp 12.8858417164647 7.23286762793619 6.87904428757547
Nfe2l2 11.3582431578503 6.73455034227525 4.69893233962887
Socs3 12.872389729541 4.18067069312415 3.9551399383798
Sparc 11.7641395212327 6.69987202742479 4.56344461262826
Scamp2 12.177112436192 8.00232237086805 7.31604519426942
Acss1 9.88171693983298 5.68325761829142 5.09139951095787
4632428N05Rik 13.023417651154 5.25955422702014 4.86414135045814
Spint1 10.3486258835977 6.21180332667127 5.41608703866592
Afp 8.25927872186671 3.74606504882348 3.68041399184013
Clic1 11.3149596683149 5.94459177635451 5.75187337065888
Serpine2 12.4292988458714 8.85841323246519 7.03749282767347
Plxnb2 11.1948611499116 7.06138998056557 7.00589773650259
Tspo 8.76782882569728 4.99607073045838 4.52066794697362
Irf8 12.5830920544812 5.92000869525157 5.49785927511298
Tbxas1 9.82110086955256 6.15285065243738 6.10950288794968
Slc39a8 8.53981315614105 4.36380699747598 4.12511168366806
Parvg 10.3515058485033 6.62082453991444 6.11422267378654
Mcl1 12.2087835671601 8.1444182182291 5.79304293462213
Rps6ka1 12.4350911117328 8.46518131611565 6.97976709939265
Npc2 12.90173282109 9.2565733384382 7.64599797978768
Tnfaip8 10.0379616559435 4.35155275264082 4.18431365745138
Slc40a1 11.6104164701375 6.77727250541261 5.17096651346996
C1qb 13.334449855087 9.21219377030561 3.85583983219265
Cyp4v3 11.0641916928349 6.76278932494787 6.33703640827356
Syngr2 11.4772980236412 4.94985550240902 4.51285653683366
Pmp22 12.2561794765965 5.97574741980958 5.39949011306267
Tmbim1 10.2174211647131 6.45714806227265 6.3397684857635
Ccl6 10.2968696260595 4.77174735005319 4.50665578577864
Cd14 13.2858211222074 7.4100069196549 6.53831317107075
Pycard 11.7476509071618 5.49147846279482 5.16488158014561
C1qa 13.2023340640432 6.69079444336611 5.97088956076349
Il16 10.5721616851226 7.23960050035105 5.92445927003974
Slc7a7 10.8083190565862 5.71304384264131 5.22747293646577
Klf4 12.6915189251281 5.54481145907767 4.61081355647837
Sertad1 10.5663023888607 7.20539716512336 5.71957572126689
Jun 13.1617299805308 9.48340440990415 5.34515601831813
Srgn 13.2068622416084 6.00099203208539 5.63178959851007
Nfkbiz 12.6004495355117 6.8116980577147 4.45850102464772
Tgm2 11.642946111078 6.05547056558741 5.0848531718276
Plek 13.0477422121131 6.2925037083789 5.49873280635384
Itgb5 13.2913066952736 6.62048053116722 3.77614957233948
Elf1 9.02649072365098 4.71507515520255 4.15638946920608
Eif4ebp1 8.87078981151015 5.51448946441847 5.19587456076087
Rgs1 11.0898478208524 4.96358239607727 4.47995499391388
Snx5 12.5389716579728 7.31247359102668 6.18149573033778
Elk3 10.437348137504 6.58931855320042 4.4835378125977
Gab1 9.69245744866565 5.41915074810603 5.02784079592312
Laptm5 13.2497958585741 9.00745429536648 3.87115127787598
Pygl 8.23106716406401 4.78097508518222 4.25070883047392
Slc25a37 10.7966850520022 6.91886786736137 6.2828777425115
Serinc3 10.9280820038238 6.93378632345565 6.2571747403233
Ctsz 13.0485403305481 7.66664549216374 5.8319685856673
Fcgr1 12.2838802885119 4.80015801711957 4.4124484215248
Slc16a6 11.5411253999105 7.02749646826318 5.74605951087059
Pdlim4 9.52654344568754 5.37664932348936 4.62200890464752
Ccl9 11.3508771596472 5.18344271715483 4.83576735387922
Tmem176b 13.0534256974988 9.02831799126015 7.94301149075872
Tnfrsf1b 11.7294024065306 6.75149281961449 6.1549705940846
Inpp5d 12.4783900860876 7.19281286266826 6.58491016784088
Tlr4 9.37755048286687 4.79283602498466 4.27676382799783
Pmaip1 7.91264692829158 4.18948356255363 3.98146750356055
Aif1 11.8099905233592 5.81307396533122 4.80820752055953
Lims1 11.3950265345756 7.9301438771214 6.68109021274161
Klf6 12.1197284009329 6.41341924474436 5.602636123373
Crybb1 12.2532048432707 6.77792555520577 6.19522619636155
Fcer1g 12.6825054501545 6.85710886760097 6.28091290043359
Ctsh 12.8742742032151 5.90473993722806 5.57783171290558
Gpsm3 9.5878408034758 5.37256990932682 5.17887944196563
Ncf4 10.7305401881173 5.32719073101356 5.09086840395935
Ggta1 10.3021085784473 4.31774564578084 4.16712088531435
Lcp2 10.4299333406719 5.06185290753128 4.67598197801251
Ngp 12.2995043542679 6.51734803679004 5.68463434455664
Spi1 10.3859436109085 6.36020636661182 5.76504672364756
Csf3r 10.5303261448833 6.91269091007448 5.60420135346118
Ms4a6b 11.2757685053458 5.26488912312136 4.9891736984184
Hcls1 8.63630419546985 4.91783575947979 4.75602711228339
Pabpc1 11.2298634617249 5.99394354096995 4.67641882687372
Skap2 12.0094790306754 8.63111016276974 6.03994103442739
Plxdc2 12.0529683323577 7.37261338680399 4.94860459639152
Cxcl10 9.7662958946731 5.27409536313115 4.96000451971346
Maff 10.1052633096456 6.46099982221826 6.09376177370831
Cysltr1 9.23363767777187 4.67241080467139 4.24174655704842
Bcl10 11.3909679958387 7.61577452117283 6.77481748883583
Cebpa 9.78114583046527 6.23796369211649 6.07981767707325
Cttnbp2nl 11.7692220388043 6.06668918777762 5.77624890892523
Lyl1 10.013448973115 5.8795214725465 5.33649418881847
Ptpn18 10.350655093353 6.6714368970055 6.23667624421669
Tlr2 11.864186632689 6.2020524558 5.5098811473982
Serpine1 9.57269546409715 6.14583587320111 4.51506848845266
Mlxipl 10.5927739153422 6.66016692425969 5.54708649963091
Cd37 10.9462016903761 6.70723950609943 5.78662329357162
Map3k8 10.1917146557049 5.18174614954767 4.82229269976532
Myd88 10.7885966963584 6.87838588192188 6.03249943422448
Ccl12 10.4751595691536 4.60508548691203 4.34590071411462
Pon3 9.10935515291671 4.44153206074516 4.23802866381289
S100a8 12.9638824039872 4.74792502972424 4.54427407215394
Il10rb 10.594105170653 6.22738760518011 5.43280727046573
C3ar1 11.6182149621142 6.56800058197265 5.38908930850765
Fgd2 12.1293203269256 6.39299899121876 6.14959325330191
Rela 11.9778670098948 8.31238319281745 7.38485795796044
Ccl3 13.5496556060224 5.36328673605381 4.58754812517662
Ms4a6d 11.498084859003 4.82742056207019 4.45936917717086
Ier3 13.5855914649438 8.36859730809389 6.76348469494133
Nupr1 9.98636391280088 6.04567707025216 4.90460801627274
Camp 11.8351935968853 6.22467871941796 5.58488460091385
Chil3 10.6986949112657 4.54338999408499 3.91205300589423
Arap3 10.0084235335535 4.45597889715185 3.9612281124002
Tlr7 11.1690114771889 5.49703282478909 5.13748270432571
Trim25 10.7654788423984 6.5655188353613 5.4948912213486
Hpgd 11.9284845304822 4.73810143528625 4.48322263516997
Mcm3 8.86157244294894 4.98316199226218 4.89049832474914
Morc3 9.96930687302898 6.60686229182562 4.78888270876601
Slc11a1 11.348119903574 7.00196622367854 5.78428523482091
Ccl2 9.39365889899599 5.62837183593363 5.32643981105472
Cd86 11.7078926817195 5.22724323973063 5.05368187192216
Sat1 12.105173512767 6.67282051163527 4.9596789339041
Prkd3 9.75622982659752 5.76984227100014 4.92053618955114
Gpr84 11.5922078227709 6.20126639312345 5.54478193851329
Vamp8 11.7887532870376 7.35619454487659 5.99952559779769
Tcirg1 11.327613036728 6.90723210096236 6.42718276485538
Sqrdl 11.0525062877998 7.4771551869479 5.7584065692595
Trim12a 8.60607054794922 4.34131778760231 3.98684137575027
Zfhx3 11.2458196415341 4.97520779224735 4.34730665060009
Slc15a3 11.5031029092383 5.67912751644864 5.43065755829948
Rel 9.37584581713377 5.72566076176051 5.0050534831638
Tsc22d3 11.4805096636109 5.84243063806306 5.21759959965605
Sla 12.412369723073 7.5724379412808 6.09614039943436
Itga9 7.48681708147096 4.13954546411955 3.68833215611374
Tgfbr1 13.4953964323281 9.04541711740034 5.03566162572633
Snap23 8.30473877019984 4.65252232128034 4.06297060071235
Asph 11.1601915655921 6.79143218831046 4.88709734046181
Ivns1abp 12.7570757853562 9.09240489581608 8.1343533373955
Adcy7 12.0401852065097 6.25797867761307 5.24000698708436
Rbm39 10.3141735206265 6.02778572650614 4.67434817006867
Vamp3 10.8922604019769 7.2302642874544 6.01368135878878
Bmp2k 11.469593488735 6.14494133949736 4.9089625492516
Gpr56 11.1072648016331 7.48543115296826 6.74819195030916
Lgals9 9.7144470271434 6.01474886717824 5.35847939565332
Trem2 11.3744113100813 7.30282938566636 6.41069630486621
Gna15 8.98838653928669 5.54453340417647 5.04836365454297
Birc3 10.6680989517335 6.46503950640891 5.52238367864254
Igsf6 8.76352354526292 4.31082487499066 4.10459746613633
Samsn1 9.02117009275432 4.62736984153162 4.2397655816799
Il1a 10.5627537042988 4.76743878348476 4.31420399851798
Hpgds 9.22555193578103 5.60798558936037 4.88775757766051
Naip5 11.1748062850229 4.573609941699 4.37970178696981
Ccl4 12.655502757357 7.5599272636216 6.12691909205969
Klf3 8.53631488900221 5.16215120047111 4.68449621571077
Itpr2 10.9235418495534 6.23307718767292 5.62384104068613
Stat6 10.5002673668222 5.85262447334432 4.78674001860901
Tapbp 11.453866406777 7.12928941988758 6.84458220557764
Msn 10.934809568914 6.25524881356909 5.98286682723342
Abca1 12.0522527378122 8.57487968582087 6.99574244860941
Adam17 10.5698610751329 6.63600085880087 5.67474976547788
Dapp1 10.6616079104408 5.27638554189232 5.01363065655213
Clec4a2 10.2600474435221 5.25840474115696 4.88092593224115
Fli1 10.0941254445629 3.82731117898962 3.75797315013537
Ets1 9.55277010530181 6.06425297618308 3.75528099532908
Itgam 7.72351039802672 4.27956912697469 4.1857773367222
Ptprc 12.5235480291392 5.55337518236882 4.30842754893292
Fosb 11.9510983205342 6.2346530102712 5.23418410256281
Ccr5 11.7396919362898 5.07832994311933 4.35632520321673
Il6ra 12.6715970650916 6.32398468564453 5.41388525078822
Tgif1 8.50945088524124 4.79630697222973 4.76343039795169
Pla2g15 12.3259450180791 7.98589446820187 6.83576199973182
Itga6 11.5653613108728 7.32759859811508 5.8982102693851
Ifi30 11.3781163789488 6.04574111005356 5.85047527733165
Cables1 10.7196378104376 6.62222172049414 5.85950744501024
H2-DMa 11.2573253131557 7.5563017766284 6.67766054597251
Zfp36l1 12.7051334383384 6.66972599816824 4.8334251670294
Gpr34 12.096128861767 4.38677695041372 3.95914759420623
Rrad 10.1172735062529 5.35365431852274 5.16828444461621
Cr1l 11.7633356155962 8.39995683973478 7.39859670980213
Rnase4 13.1184612117893 5.78224350160779 5.29849010080769
Hk2 12.3862706589026 7.36673453059531 5.78165580063101
Map4k4 8.8663962769023 5.19651319592315 4.20465785069395
Fam111a 8.63296054191287 4.85367722627847 4.53441548879483
Hfe 11.337741662807 6.54125957748376 5.57231609319595
Pik3cg 10.1956130518895 5.70589595387966 5.33404649407816
Tlr3 9.64446847867037 5.47612936338081 4.77716417831104
Prkcd 11.3204144141644 6.81240861108983 6.58480367905326
Mertk 13.1217916703296 6.7101820227941 5.47005574537594
Cd84 9.78822716908046 4.61710433536593 4.53518456789234
Ly86 13.8305038298173 7.82152302172173 6.23627475752904
Vav1 10.4293295887311 4.15759895596501 3.88026957176115
Stt3a 9.80262646618402 6.3305192860107 4.64670447345278
Ube2d3 9.29230383554821 5.56918885393628 5.19486904352666
Cfh 11.031443374587 3.98669119694855 3.50807225507513
Tnfrsf13b 9.62154101704082 5.31532083160146 4.5864685233554
Hhex 10.1791275378831 5.7382236191004 5.4688259683595
Entpd1 9.37032387449548 4.48350276301874 4.30782389077022
Ptgs1 12.2066936221392 5.75144610199053 4.55421999769358
Adrb1 10.605744756129 7.21781065529211 4.81351179289299
Stk17b 9.76929078464475 5.65385980298863 4.92700898629047
Frrs1 10.4433587610755 5.44442944181807 5.22403441815162
Lyz2 12.4203041170638 7.04501726114232 6.60086130343218
Ssfa2 10.5053173268952 6.39388148925985 5.8047347131939
Galnt4 9.34294526677315 5.04879200217761 4.55073576854451
Ctc1 11.684666568769 7.76313738112566 7.25965666103378
Unc93b1 11.4209147437175 7.17468727601823 6.84283589441722
Mob1a 11.6102028819568 7.73075661103223 6.25412629728674
Cmtm6 12.3089984078596 8.89187394470771 4.73603170607577
Wls 8.2518542645957 4.73890146898106 4.47088833377252
Tmem176a 10.8884133112011 7.08641706012378 6.75215191857211
Tspan14 11.1207155751017 7.48023810585117 6.39828996346859
Lpcat3 11.5785330904885 7.72829322187454 7.12350303335442
Hvcn1 10.2816397991105 6.0321358122998 5.38769329057753
Edem1 10.6216568370496 4.63308504349176 4.4997735501938
Icam1 12.0685839298591 5.32165247298545 4.79779056189161
Rbl1 8.55134046564386 4.8340705886216 4.40746847684026
Rcsd1 12.2491457547791 7.23947117548347 6.72984760767805
Npl 10.001127646462 5.61285590706144 4.9559432393361
Smox 10.8326565486745 7.50567858021009 6.57428750940707
Tmem140 8.43942036859799 4.65246313575389 4.36449495243592
0610040J01Rik 10.7636422265407 5.48721454336001 5.17838385888269
Tm6sf1 11.2609540254992 7.45301804658619 3.90915775812657
Cklf 11.3887159381797 6.10855178831635 5.42494154076252
Casp8 9.83466998065678 5.02423474152168 4.80518393669925
Tmed5 10.6438973211329 6.04355957199573 5.2484259518701
F11r 12.1660086110926 6.26820730428638 6.04736195392383
Ifi35 9.19995898169176 5.74491157182471 5.29842039706474
Eva1a 8.59272796994992 4.51970120563751 4.36771262679188
Tor4a 10.3275630348071 6.80284382249616 5.93748705151261
Ptbp1 9.13537300639005 5.7224164484758 5.05783273642016
Plxdc1 11.0459664793296 7.41592431591092 5.8115656229439
Lpxn 10.7589192457976 5.26181967625233 4.77012109673251
Siglec5 8.37803746411404 4.1272539934492 3.83933272126149
P2ry6 11.5687601975602 5.02447723500137 4.57753564580914
H2-K1 12.8220187202518 8.47412381473096 6.78982909374415
Tgfbr2 12.4852370462276 6.79654125548486 5.22943215224779
Ceacam1 8.89348245863094 4.88208534867444 4.53520682310429
Il13ra1 9.86451620775328 4.57673638895291 4.26652942685659
Adap2 10.5685173068896 6.00628495501797 5.07103297254518
Nmi 8.81250636103391 4.99846536589017 4.8047640422971
Pld1 10.7972506121956 7.11014297774578 5.87623769428541
Pon2 9.31355681171094 4.25412213612579 3.95951551468259
Casp7 8.1338824554878 4.78533204866879 4.55323238102372
Gem 8.23875211178378 4.05693317619508 3.83728981368373
Rrbp1 12.1145818395139 8.5669841777548 6.09393896897316
Vwa5a 10.3889653824051 5.99335925100628 5.22157095528643
Glul 11.7849610224289 6.8366501830504 5.12594295930468
Arrb2 11.4717203569511 6.68045912934204 6.16815228840066
Pros1 11.415313090188 5.54526085216353 4.52307808297086
Ifih1 8.88841546660143 5.09465643963236 4.96903331570201
Tifa 10.6723597482397 6.93021764421075 6.19649410495466
Arhgap17 11.1079285558079 7.55954381291154 4.59797956258496
Slc46a1 9.38086842286645 5.86593450691197 5.22474824499169
Parp12 9.33903499881959 5.06381556208972 4.78250928263872
Trim47 10.0914805439239 5.82262266391337 5.29078170374199
Fmnl3 8.97083461756612 5.60068384139623 5.43949706008426
Arsg 8.085063848132 4.22656018812481 3.98971660057947
Sash3 11.2827116875116 6.95234142730855 5.95658036940537
Themis2 10.0072343518523 5.58427701564329 5.06868561227705
Mpeg1 13.5781184656323 6.8912017009331 6.64441847321242
Cd48 10.0036336466823 4.76482689899998 4.51111002514298
Akna 10.6519382313125 4.84765614043224 4.71115366220578
Sult1a1 9.83315975441973 6.05359906544912 5.80368018504375
Fes 10.6453727108248 6.90503497143323 6.62250882868774
Cep152 9.46016705782019 6.10830087880299 5.76899468712961
B2m 13.1977909317878 9.10235078086152 8.14428569503704
Egr2 11.2779367742076 6.25103021610655 4.07820530471568
Ccrl2 11.412796081801 6.46138373609205 5.99989159207254
Lcn2 11.5003470873269 4.47367283070119 4.37230972279148
Hbb-b2 7.85273730267384 4.08283368120141 4.038127705629
Gimap6 8.35675485784954 4.99715450461119 4.54966250280324
AF251705 12.004730998868 7.5705460652586 7.03556564442798
Hmha1 10.4033953674837 6.30458620063133 5.67593692531524
Ebf3 7.88209472710919 4.42939896024649 4.12648802093786
Chn2 8.39980303418484 4.73704504079859 4.28039016244414
Gmip 10.1713248884895 6.6883127322489 6.30565532595498
Nckap1l 11.1568327951404 6.37572912535714 5.87735268996888
Abcc3 9.76277744586897 6.23473900266153 5.45588864941984
Rnf130 12.3494664534299 8.70695431788968 7.59004408989215
Rhoh 10.549623104043 5.58945925764593 4.91466161925386
1700017B05Rik 11.7692217223209 6.07004309722721 5.35430682109527
Gusb 11.5188785741544 5.13544741577991 4.72772954051051
Lair1 10.6130187631943 5.2759819002295 4.82835491216073
P2ry12 12.4746819840061 5.31643123563904 4.67271096127669
Rnf19b 9.48505322764021 4.87246914191435 4.77450016337336
Epb4.1l2 12.5141878325852 7.90754080520207 6.31438227866118
Pld4 12.0206051656766 6.09511598831914 5.56682108097318
D15Ertd621e 10.1076206667302 5.0740530531103 4.07510137962906
Lrrfip1 10.9400431244598 6.62126081521396 4.87871703284056
AU020206 9.79188957346073 6.07775425565293 5.30333620782155
Fermt3 11.3312647513459 4.33451080399119 3.91317811191633
Plk3 11.1217064828555 7.0061879101096 5.98666854629168
Ankrd44 11.6744535697079 6.07988967041647 4.61251089386313
H2-Aa 10.7894269702174 5.36867998463525 4.49302618825798
Fam105a 11.8900076562701 8.06730930660022 6.84675444371262
Rap1b 10.6193054132584 6.0745690251475 4.86817698152741
Herpud1 12.5159313960105 8.31087609977208 7.83941496599708
Cd300a 9.88309640091064 5.5725554958079 5.11780079587222
Wipf1 10.4629969820139 6.62676819766219 5.67711118870738
Tmem179b 9.43843558016582 5.62531316996176 5.22135509161563
Lyz1 12.1662559978148 6.46586481877123 4.34322990251328
Clcf1 8.65510766759181 4.03803599599451 3.76683428591144
Adrb2 8.04029829865073 4.26642710956021 4.24772010268028
Lrrk1 9.2169215889832 5.0091445709685 4.64902006224173
Zfp36l2 12.439882687873 6.58856456803227 6.15669187450527
Il10ra 11.9839212283458 5.22252725837961 5.01365490058801
Hexb 13.9346832426844 9.80491772793668 6.1039863054536
Rab20 9.52042754395053 4.09142469149196 3.80510834341291
Slc9a3r1 10.4599610051368 7.11682613921919 5.94035909566654
Grn 13.5521140781199 8.0838425950128 7.31240675783399
Mavs 9.49021897689434 5.12208543752964 3.55813240510376
Fam46c 12.3550028613422 4.57798243372014 4.50126509387246
Pald1 10.9785325599872 7.21089640670272 6.51449042895738
Ifngr1 12.0357079893049 7.60468189223755 7.06034717504691
Tcn2 12.2009774284341 7.6637490994989 6.89282621599399
Anxa1 9.44951730885527 4.89184845568873 4.5896238768522
Cmtm3 9.86902934165744 5.60717114727695 5.36579091324123
Ppp1r15a 12.6949179793628 8.4429216666433 7.3814411566884
Slc15a4 11.2945119129819 6.96885507196268 6.92937666313601
Dhrs3 10.9504578835445 6.64326854244323 6.50512770955069
Lrmp 8.81165282774176 4.70514772018749 4.10544982128791
Olfml3 13.5847807250187 6.88102122861143 6.38078078579755
Pla2g4a 9.53408946100642 5.08160376548042 4.4417495265083
Ncf2 10.9263417405773 5.86826724839421 5.69267197106875
Ctss 14.1436377001564 9.79760661979389 5.32500142022487
Cd53 12.7058528961117 5.60213318966354 5.39256635471459
Fcgr3 13.3678397073662 6.14635813435184 5.29126468300512
S100a9 12.1512954978643 5.59048874295689 5.08587075202193
Dusp1 14.0972400899769 9.76780983908795 6.97999862236887
Klf2 12.9546948291203 5.94114949397812 5.44528793756485
Fcrls 13.538343734353 6.80007235192297 6.1667576613385
Tlr1 9.60520010506197 4.21651460705105 4.02397373573664
Zfp90 10.0336253682636 5.98140455710467 5.54506514694923
Selplg 13.5701528797604 7.89100784648983 7.27579261620662
Cd68 12.2655547644002 5.99545885280097 4.91337416916118
Gpr65 7.70886230022633 4.01402897510668 3.84131217643831
Csf2rb2 9.47900201616068 5.02474897845605 4.67175590473986
Atf3 13.284073086988 5.69484995124619 5.43113670804281
C1qc 13.5961558255427 6.47379148185653 5.55111457511254
Chst7 10.8148655259312 7.08776302015616 6.05245927644665
Hck 11.7859620796645 5.63280223254348 4.83774568766559
Tmem100 8.41986387792518 5.06564040104775 4.6027779041293
Gcnt1 7.991253437913 4.37840403493291 4.29238383166526
Casp4 9.26315299804554 4.99042550919614 3.94127609990368
Per1 12.1017921149289 8.51585693606112 7.86793294298853
Ehd4 10.3117326305577 6.39695276640184 5.18661358522128
Ly96 8.91937274322914 4.82870657665953 4.36955257034094
Lag3 9.80016274610109 6.29014031760186 5.87927742326405
Cxcl2 10.7266031675695 4.52123375254257 4.20570010026447
Ltf 11.851175722853 7.62661791955868 6.73620581669707
Cx3cr1 12.8730629616277 5.93218413584279 5.74915752160839
H2-D1 12.6327304628196 8.626333728435 5.87522674563363
Stab1 10.7605924600716 5.44078127879535 5.23796537262896
Evi2a 12.5942263303086 5.04737971247508 4.90280025295056
Il6 8.13911235858362 3.95617529720762 3.89301320192116
Itgb2 11.9243168449721 5.12385284227031 4.81463179495745
Psmb9 9.4278289264293 5.9593476330654 5.51191210035329
Adamts1 11.4689263478583 7.65315862218364 5.13438884276292
Ang 8.34675454689537 4.25901337460042 4.06893499775986
Sh2b2 9.2750055292418 5.38620616021135 4.56596850342082
Tyrobp 12.872201384089 7.14982907940399 6.17702920665612
Crot 9.82234601786947 5.94874995644934 5.55673143769837
Slc29a3 11.7903703089593 7.51770996095502 6.43025910651114
Vasp 10.5536942779316 6.72812673424123 6.3554482592713
Pbxip1 10.4609020888979 6.77091231689599 6.44662049374761
Emr1 12.7903721087621 6.52568871444259 5.8422214626163
Nrros 12.3097176638707 6.33094017437624 5.97297663970528
Tmem119 13.7335005220805 7.06617539777006 6.23957864368341
Pnpla7 10.5591266313939 6.11445209368095 5.39129004106047
Parp14 9.22364341007536 5.32509436982093 5.23992830426639
Ttr 13.2899892726514 6.95441734579301 3.85778364821379
Havcr2 10.538253418377 4.35696638184926 4.15235725773794
Alas2 10.1462688588052 5.46871387790753 5.07781530814202
Cmtm7 10.4128713125775 5.71082076199375 4.59225253378806
Mafb 11.0489700121364 7.61130616135477 5.44805980364559
Blnk 11.8256575206264 6.63495128961432 5.71470136881426
Tmcc3 9.18215566840257 5.14941683098744 4.78993015310496
Vrk2 8.89925651350072 5.17744011833797 4.48450771467586
Alox5ap 12.5974435879102 7.16199818102932 5.93383308976098
Fyb 11.6377216118874 6.39994455708588 5.93665309514645
Sepp1 13.7329438196343 9.78416001654104 6.15407209909417
Ostf1 9.94784613426571 5.43465419710019 4.61325012875764
Ctla2b 9.67840248028284 4.27405812275546 4.22668737147292
Hspa1a 11.8173372899826 8.34590506517616 6.31339258060741
Ccdc86 9.43169065303666 5.74278399422482 5.16491393300381
Zfp36 13.4481818753213 7.46425218152071 6.31264859802839
Abhd15 9.85244350316464 5.48683902296285 5.20991867422414
Lmo2 12.173746157097 8.40092162245585 6.4905952446922
Cyba 11.683487063587 5.25474298719261 5.04087833523046
Wasf2 12.4099034178626 7.48331596382168 6.61416185249544
Scarb2 11.7967322153137 7.35987699498068 6.41227789710147
Ptpn6 11.3447432428118 7.61470549253264 6.98094283923668
Tec 10.193963488774 6.65199300149239 5.89916905084272
Cd52 8.77120540091781 4.79040022987649 4.47631974825769
Irf5 10.3658986193304 6.41001236459071 5.54664154350696
Naip2 10.6301514409205 4.52667781726997 4.39533848131938
Anxa3 12.8961234593997 5.8917362691118 5.06627077729923
