Syt4 11.2189523737693 7.55721832974006 1.7260539714568
Emb 10.3917357048754 6.65448554416262 5.89443203359559
Syngr3 9.38997265614284 5.03194751675994 2.81730802185558
Pdyn 11.8141118708165 6.2176915213653 3.79332753172183
S100a10 12.1246775106694 6.93076171907612 3.75080668214033
Rab27b 9.11571738065314 5.55074560227856 1.77269156118049
Tmsb10 10.1211098094708 6.05565221204374 1.84978709635388
Cyb561 12.7141125015596 9.29713048459078 7.04308234743799
Kcna5 11.5711721198201 6.27133415673286 4.10365754738449
Ngb 13.292670938377 8.73591896027363 6.76324292678605
Nrip3 7.49952422548257 3.62561032085761 0.609904390223623
Tpd52l1 11.4230971382689 7.98170838316776 5.42388180437054
Avpr1a 10.3024498863585 6.38104542259247 4.12048091136101
Slc17a6 12.3173883429233 6.64948757061226 2.64632206065208
Pcbd1 13.6857518849481 9.50261001433381 3.14897311080559
Ccdc109b 10.8088355258971 6.69363150704664 4.5582604250886
Lhx9 11.6671686298701 5.55162942209969 4.49885950808052
Fxyd2 9.01399120997359 5.04910050740273 3.16824509827158
1700037H04Rik 10.6659777965889 7.34260130869525 5.33070116376292
Hcrt 14.8811440170794 7.40591848736901 5.98430421814804
Nptx2 13.0899787322171 7.18360316466828 1.96377413460352
Ntsr1 10.7332786368679 6.36442751863824 4.01816452095803
Cckar 11.3822700952669 4.39657364037149 2.73059364449533
Pcsk1 11.8951364668001 6.87704191664197 5.36529860866218
2010204K13Rik 14.3512657493075 9.74382303008067 6.83507151160243
Rit2 11.0889379132401 7.48649170873227 3.04435414783501
Elavl2 12.679965034151 9.12572833848292 2.07194701149731
Pi16 9.08351510076391 4.56337557731662 2.68254576242875
Syt5 10.6760752532366 6.76780535170446 4.52754141611398
Rab3b 11.6636684984558 7.36067199911572 3.42432881079318
Isl1 8.44069021204066 3.85218555516266 0.911055911652506
Nts 10.8770922856804 6.15693177788379 2.50923617269623
Gast 8.43161862092118 3.95662737703948 1.99731664030557
Cbln1 13.9004871797824 9.26523093403505 2.18020378163897
Nnat 13.6946225508409 8.70925458177085 4.76672348571228
Zwint 12.2760644667177 7.99162242705182 6.73662007406032
Lamb1 10.0142883816828 5.63785092370656 4.14144967127856
Rnf183 9.18062135949257 4.86976852111192 3.20561284126818
Hmx2 9.19400918525012 4.59563096565289 1.552034039129
Cldn26 11.4206949348635 4.96890026935397 3.59813739905447
Plagl1 7.06686789568863 2.50808431220033 1.14877342510667
Mal2 11.2958823247221 7.61011576437687 3.39224219006031
Mela 13.640640944158 9.71095261353712 0.583151105638807
Ctla2a 10.3447713593114 6.95112665300197 4.25598124403885
Arhgdig 13.7049069268852 10.262099281453 6.32548586533598
Gpx3 13.8291968619786 8.76439822961506 4.53969560244611
Klhl1 9.24038058874504 5.68773512640967 1.82847436135215
Rspo1 10.7263667305339 6.68180706027938 4.32267049545152
Trhr 12.4687336754402 6.22314424634776 2.47609465208655
2010005H15Rik 10.3085336655609 3.03320945911447 1.9967681229532
Dlk1 12.400771848385 7.11798795485241 5.43713332570027
Htr1f 7.96428391835601 4.38494553933748 2.79860842203153
Cacnb2 8.05909981531871 3.71024370115264 2.09683130449415
