Crym 10.4327312655074 6.83388231526759 5.11482528899417
Meis2 11.9118786427806 7.37853539673072 4.90336072283527
Itpr1 10.8284995031058 6.47560603808934 6.26048513293171
Rasgrp2 9.55048295035387 6.04374149978968 5.30068618414206
Arpp21 11.6778944612286 7.33037343385543 4.66603585648562
Pde10a 9.63110453893584 5.93463009970333 5.03226185551392
Npas2 8.55840577980797 5.13784762520685 4.10841303564315
Plcb1 10.1093442332474 6.6389671457689 6.05476634015962
Slc4a4 9.4427555745002 5.77823983766423 4.93339072695636
Pde7b 8.97367228487193 4.85124983605774 4.39883466540357
Pou3f1 10.7193637172971 6.31376167684266 4.46245402583878
Slc32a1 11.4014267938806 7.9171278431642 4.96149129217817
Gpr88 11.1314023960896 6.90211393621828 3.86391299062708
Tiam2 9.66399673326501 6.27042805745423 5.11683673768423
Tpbg 8.00372501037813 4.19523176622207 3.93669500973178
Camkv 11.9274177848222 7.91012385238978 6.39016323771618
Lamp5 10.6982165689224 6.95769472554172 5.3324863435299
Itpka 11.0499950366739 6.85581253237266 4.99018545515739
Rin1 8.60518836620598 4.93318202205286 4.36913107885166
Ccsap 10.798552300616 7.33077685897108 6.26520705653244
Baiap2 10.5754390612341 6.69470819994497 5.78829403287813
Hpca 11.7405555826108 7.58644795799889 5.25536051995384
Ppp3ca 12.7000714491858 8.85314623843573 8.78015278274471
Plk2 11.795846040717 7.67600247300884 7.12194515247949
Kalrn 12.4355718133476 8.20869309988687 4.33931881962303
Kcnab1 11.939588504225 8.60680450762066 5.8362349034482
Ngef 12.2657463415576 8.48352463769199 5.90468195967958
Rerg 8.78929722860967 5.20479602696057 4.49913855227783
Ppp1r1b 12.4795237356982 8.08829023067424 6.75428946843146
Rarb 10.0128977534992 6.55565717184869 4.69857391851575
