Golm1 13.1792932323564 7.81737700829516 6.78957325481704
Dusp6 12.1118170992931 5.66648546158827 5.21530300713513
Tgfbi 10.214108505107 5.88355576171514 5.59888038146381
Sgpl1 9.58944930363067 4.90204233969097 4.54452927969186
Junb 11.5499826198348 5.34992712188681 4.7772582868471
Lcp1 11.9186828085383 4.84108256459341 4.35284666921825
Txnip 13.6926905825169 7.38905038166164 6.3736086611709
Klf10 10.2647564636486 5.55979901528686 4.67038706088287
Cd9 11.7908634776503 7.26239818639698 5.53834281812465
Ifrd1 11.3900169042777 8.0302608983996 5.14478370044623
Cd34 10.4821943254353 5.8400321000697 4.85238873481882
Zfand5 13.0442100287799 9.52942707675265 7.99579847391333
Tpst2 11.1108919206009 7.63790608172511 6.44059156625329
Cd83 13.2161047162533 9.28238619731859 7.65155820195203
Sipa1 11.028832104782 6.76479423587944 6.05590948645323
Coro1a 12.5292545103329 8.51328480786148 5.49632792255101
Btg2 11.3906424677534 6.12504737266095 5.65682021954604
Ets2 10.9993775742686 7.42064431855711 7.06159387066348
Tnfaip2 9.07410944533167 4.34529065901249 4.21527324562542
Litaf 12.5687309938788 9.18963682744515 7.60986568462428
Cyfip1 12.6115291742802 8.53507449077071 7.33434624400308
Lamp2 11.5544716379291 7.81828055157112 7.51685836730796
Snx18 11.8255448234537 8.11121314137498 7.97633185670527
Ctsc 12.6108642775907 5.17607600670694 5.12094697479532
Rcbtb2 9.59652852277831 5.99800518379469 5.12555324200679
Tubb6 9.94746027053954 6.25498072913877 5.90544870539538
Ier2 13.4029366730924 7.16176603052709 5.9338380345239
Rab32 7.51642002223175 4.02593915544433 3.86675825994366
Nfe2l2 11.356253934114 5.3264622530665 5.32611015526029
Socs3 12.8477426387797 4.38356348971826 4.15680550885794
Scamp2 12.1490850674193 8.48020413392574 6.6703894852596
4632428N05Rik 12.9633024758073 5.80513544233699 5.06654481605459
Spint1 10.3283172527647 6.73755312109228 5.24222351786965
Afp 8.35050803873215 4.06250502710994 4.02962231251893
Clic1 11.3122330580261 7.6710927634519 5.80848591551168
Plxnb2 11.1496648391028 7.04123784720365 6.58450393821627
Irf8 12.5462653592052 5.48826040235433 5.47794809321795
Dnajb1 11.2409766690475 7.84450861111869 6.17117253764874
Mical1 8.77305668351709 5.00545576628086 4.9828139220101
Tbxas1 9.68864876043037 6.36298654828176 6.20089995637611
Slc39a8 8.14296708004609 4.18674269500647 3.9138725465744
Parvg 10.4281853264487 6.73188667443373 6.34681159462778
Mcl1 12.2077605709068 7.27889259221075 6.46354411180956
Rps6ka1 12.3511118887686 8.85590700153369 7.04663842556033
Tnfaip8 10.106166018297 5.98724449454894 4.75701540943159
Sirpa 12.4881260050488 8.80887972798249 8.51556245027675
Tmem206 10.183223432479 6.66361932484036 6.4128890647035
Slc40a1 11.6873175794834 7.18777213080563 5.86588971927377
C1qb 13.3809165744448 4.72773578207943 4.71154336140838
Egr1 14.0292728577336 10.6777443682282 9.02954972207448
Syngr2 11.5324666076936 5.75342973252187 4.88371890847565
Man1a 10.4589772827202 6.20008038876473 5.25819272537547
Plekho1 10.5257553521498 6.86962679486613 5.52558490953148
Pmp22 12.2434056339285 8.1631658418671 7.86012120086639
Usp2 11.740363352364 7.10909261316643 6.02797546435475
Ccl6 10.4831140019336 4.72166127671656 4.52162733595159
Cd14 13.3794861542207 7.13559393238055 5.91339480574559
Tob2 11.2863217891244 7.40545597415611 5.66784783842338
Pycard 11.7530559991681 6.41067279610797 5.45901327430638
C1qa 13.1874316054276 6.3212380189425 5.91551191355026
Il16 10.5676116874908 5.90235708746167 5.39883441906687
Slc7a7 10.9326702827516 5.31770950167592 4.87163312035056
Klf4 12.8356975471887 5.05942506965145 4.89817860887145
Sertad1 10.6760235504756 6.87386390284479 5.99995984027909
Jun 13.1513958362792 6.96449500728673 6.7989601675356
Srgn 13.2795222117037 7.29488590382263 6.12415845228974
Myh9 12.5447914497017 7.60124690831557 6.87924133765187
Nfkbiz 12.6921044506167 4.98613018046169 4.80608253548259
Tgm2 11.6702792723547 7.52710689168504 6.31317888104511
Plek 13.0385446953369 7.61179090337371 5.8799660456295
Itgb5 13.3122301859398 5.57119968665546 4.20454067219013
Elf1 9.08464008124719 4.76254953837674 4.37988027989767
Rgs1 11.3590498478886 4.88960950712327 4.55940395117031
Ier5 13.0447369736646 7.11226927865378 5.78547807553833
Snx5 12.5419589726741 8.8866823448365 5.08853308460438
Elk3 10.4319956263106 6.31906529744144 4.73008234720239
Naglu 9.2020102640205 5.63485021719852 5.41114940253038
Laptm5 13.25292607905 8.01636950063644 7.19569639848386
Ptgr1 9.95096043750722 5.63798014752776 5.51779156242958
Serinc3 10.7887820532689 6.71832652349262 6.39863346062701
Ctsz 12.9968566741552 9.37235943769612 5.18339867289012
Fcgr1 12.2955371160684 4.67193621229406 4.64719335158331
Slc16a6 11.5647594820405 6.70978816705041 6.22937375164729
Pdlim4 9.51167808110339 5.00922724018006 4.88451331434383
Ccl9 11.4677327663853 5.34547308196957 5.01042901571192
Tnfrsf1b 11.7452188608572 7.41752447385522 6.21821778619095
Inpp5d 12.4577394438636 6.94492902255461 6.34861299257286
Aff1 10.7788620635381 6.82619476879894 6.4525301748075
Tlr4 9.57555684780965 4.70111280911512 4.5296551012822
Pmaip1 7.97566326054479 4.01147873455701 3.89297634119091
Aif1 11.8214348072249 5.91383015332381 4.93687020152033
Lims1 11.3701224038562 7.47366672255997 7.13078050692225
Syk 11.3160084368777 6.4932454117313 6.11983441135165
Klf6 12.2250639567383 6.778615697355 6.56421856864658
Mknk2 10.9613013466955 7.35109889696338 6.76678541101675
Crybb1 12.2648088011919 6.79357000170229 6.59131241824853
Fcer1g 12.6718396223893 7.19890827642806 6.09260382533954
Ctsh 12.87251521366 5.97580966705648 5.57274365053228
Gbp3 8.52766426384374 5.15549486372368 4.92815350550939
Gpsm3 9.55595780536678 5.45212443569739 5.23001777314605
Ncf4 10.7292352869563 5.52199515831503 5.39809998190104
Nrip1 11.8222365777829 6.62032571553829 6.3990760291379
Ggta1 10.3002208247185 4.96947547773784 4.70923887850011
Calcrl 7.78386106503694 4.2792956359549 4.18019805138127
Lcp2 10.4089431447829 4.8801236350042 4.74696851787967
Ngp 12.7574775005176 6.56803611028732 5.52573930326163
Spi1 10.4190424481911 6.17390112573023 6.1476701599732
Csf3r 10.4683520496493 6.61365367062222 5.33067083927366
Ms4a6b 11.2554621340409 5.22808676945366 4.88482369515244
Hcls1 8.70906636115833 4.77481336622212 4.6712927656771
Pabpc1 11.1781404360411 5.60393969987794 4.22140155217314
Skap2 12.056136723105 8.16289898611933 8.06007949618809
Cebpb 11.5932508063623 7.59970710886995 6.26804341584184
Plxdc2 12.0745716973584 6.83037608946945 5.80847979783784
Cxcl10 9.72683118350032 5.79604967682239 5.37362445359008
Cysltr1 9.25437959121948 4.48274703487292 3.95611837850733
Cebpa 9.84230025530157 6.0506897206583 5.22871489997809
Cttnbp2nl 11.6991350325633 5.78546928903339 5.30371244151282
Lyl1 9.96552235514374 5.65802858620332 4.93564639729057
Ptpn18 10.3344380846283 6.6744474848798 6.42346661457285
Tlr2 11.9276981137555 6.58764274940271 5.6241324370575
Cd163 7.96377468160987 4.42544742215482 4.38467962164631
Serpine1 9.65311808101758 6.17451299825493 5.10904825997996
Sox4 9.86978784622112 6.0891934860757 5.60149297087973
Cd37 10.9003612304416 6.91594336455459 5.65566740733356
Map3k8 10.2772018482877 4.85462916541433 4.69644923092213
Myd88 10.6605178444686 6.56476312548713 5.86140866590826
Ccl12 10.6391731596107 4.62344518789234 4.50589698811989
Arhgap4 9.32893709991249 5.69449971005958 5.38131471342854
H2-Oa 8.62773488286702 5.29959525164472 4.96537404725288
Pon3 9.25424963832735 4.64071857872594 4.40646790797174
S100a8 13.1710031765985 4.85804891668961 4.574809491385
Il10rb 10.5493104181091 7.192707383407 6.98663763308786
C3ar1 11.7048817822179 6.82010740113736 5.30502223408787
Fgd2 12.0963667807367 6.39454390028556 6.01839882070174
Rela 11.8418378886618 8.17735920034102 6.87709069980385
Ccl3 13.5359936909524 5.60929054478787 4.72873914318725
Ms4a6d 11.4841310922632 4.95065903004418 4.69724276326087
Ier3 13.5124048716238 9.52874444449331 8.0286412746161
Nupr1 9.91190169343546 6.33066818618845 5.27339753844828
Camp 12.4507582747533 5.97962576401459 5.7104801968012
Klk8 10.1827990465209 5.51669608998816 5.48430734972732
Abcd2 8.77308831436475 5.41165595844147 4.9136168238171
Chil3 11.4871946767607 5.10994543220985 3.6481594089514
Arap3 9.99309938625579 4.3335627509239 4.03299317948529
Tlr7 11.1537008662761 5.59116956488408 4.90709659765849
Hpgd 11.9738918982247 5.02687830332223 4.93333643940493
Mcm3 9.01275163949269 5.26542388798191 5.19513076853221
Slc11a1 11.3948658681908 7.72540984000845 5.3659738080543
Ccl2 9.3887194295731 5.30993542085217 5.23870265874494
Cd86 11.6527693006629 5.105533760871 4.90784576188436
Prkd3 9.77821211859841 6.12009938458428 6.10325070253758
Gpr84 11.5263505075912 5.7625775972571 5.53569894055139
Vamp8 11.7850542682879 6.84553023196722 6.56259980674742
Tcirg1 11.2860007996333 7.92801277205973 6.89915213407022
Trim12a 8.39694276788024 4.30742554543587 4.29206668154202
Slc15a3 11.3995649353571 5.34092835052332 5.21545816855597
Rel 9.43208070521036 5.45343648326143 5.16180707585831
Tsc22d3 11.5894187043498 7.46409572273356 5.73046947925657
Sla 12.4329217789332 5.91257576708201 5.68588485335184
Tgfbr1 13.5090583473981 7.20163166368205 6.53713970335686
Snap23 8.48388126836494 4.52343177075534 4.09125581648634
Asph 11.0774007157198 6.52871077043655 5.01559893664131
Ivns1abp 12.6904399495339 8.89166907672389 8.00281284819907
Rbm39 10.2573002722239 5.22891222987453 4.9995132476162
Vamp3 10.8864314514484 7.40514522758125 6.91126399772916
Bmp2k 11.294755197974 7.22581231406997 5.93668840225184
Lgals9 9.69958847858634 5.69513347859177 5.47661225602946
Trem2 11.303795824757 7.31434774568632 6.5640463776109
Gna15 8.99367862824198 5.59802921649404 5.29275456734395
Birc3 10.6915102166933 6.81349244934467 6.49964888069676
Igsf6 8.83394697282607 4.34750819106702 4.30067134540583
Samsn1 8.81738530496463 4.58500575111306 4.49911792331606
Il1a 10.5376640185961 4.59777471711362 4.01432282339471
Hpgds 9.22775583355141 5.87666836847303 5.12840941903112
Naip5 11.0978070538461 5.17945565834018 4.57041205071081
Ccl4 12.6588721873418 7.33169324534557 5.94887614735752
Klf3 8.5494364974985 4.77343165977905 4.52636158070451
Itpr2 10.8475742428576 6.69746665771937 6.24795097803933
Stat6 10.468465477124 6.6242657485126 5.20623287821222
Msn 10.8303816272 6.83586894165287 6.31283751254673
Bcl6 10.0215933819773 6.46704778645537 5.5688833686629
Abca1 12.0542577742267 7.66604731301955 5.96190453041915
Adam17 10.5495689245511 6.18168150118402 5.70763618177266
Dapp1 10.6129812986097 5.49216924192423 5.34463683676603
Clec4a2 10.1399334143348 5.1825061760419 5.0298392536634
Fli1 10.1221580891138 4.13062015811476 3.75175247971574
Mitf 10.359595527133 6.83786061082149 6.30251923471214
Ets1 9.52298260959165 4.054421030956 4.02401829090189
Itgam 7.59528570318745 4.2721763101046 4.19804124924018
Ptprc 12.4924457080349 4.62620367852418 4.37223241984479
Fosb 12.0153263432166 6.00295992909544 4.80827771140483
Ccr5 11.6775104276773 4.73659297934405 4.60304033942976
Il6ra 12.6762370901779 5.65192570167078 5.55915553952496
Tgif1 8.32241012578398 4.77035963157793 4.30823454310216
Pla2g15 12.3402771280608 7.92041715350344 7.29436699546675
Itga6 11.5191682655928 7.17412954202852 6.9641353366843
Ifi30 11.3741036101554 7.72877225825044 5.631848570117
Cables1 10.7296553966912 6.84467251028371 6.4182590520559
H2-DMa 11.302506340632 7.330221915218 6.27648740776753
Zfp36l1 12.768092682973 6.38639892082101 6.17124694259853
Gpr34 12.0465417111213 4.22034936504255 3.96197732644555
Rrad 10.0218987777276 6.6040152585403 5.21241211788941
Rnase4 13.0645450224258 6.24867031832266 6.00085939312656
Hk2 12.2311857728962 7.27541284430293 6.76554679712658
Fam111a 8.38937991141375 4.78145641041538 4.51702144099773
Hfe 11.261965590755 7.58854143628652 7.32988986117275
Pik3cg 10.1391450667911 6.60620099653757 4.86498557751174
Zeb2 11.448770010793 6.63719760209374 6.59218177116359
Tlr3 9.57440918362698 5.77194785991337 5.52170668733231
Prkcd 11.3269526908875 7.12163685848432 6.69001914828455
Mertk 13.1492058693859 6.51088010839474 5.81774264168505
Cd84 9.79853579725004 4.67336985878089 4.65638274418728
Ly86 13.8484382572477 7.66935592804746 6.22169356080675
Vav1 10.4988780096262 4.20762791570295 4.20050369875452
Pag1 12.681394781079 8.37792997287355 7.60647449417634
Fos 13.9214281458166 10.201394142134 9.549601255399
Cfh 10.9189995251726 4.07590087288069 3.84060829388787
Tnfrsf13b 9.55249902249023 4.72413551323416 4.34914679842177
Cebpd 10.5727375378467 4.8835310118307 4.32697303887117
Hhex 10.0129558927535 6.49650569833268 5.14421685840147
Entpd1 9.36332417160173 4.5130557744947 4.30424309618167
Ptgs1 12.1460566579667 6.2976448541919 5.30547792432365
Adrb1 10.6329930698674 5.66172529261699 4.59506671530339
Stk17b 9.82516171443988 5.78526224161964 5.59803494310911
Frrs1 10.5118954880326 6.96122568461002 5.22023947901702
Lyz2 12.6255399097117 7.0987974919682 6.40865963010201
Ssfa2 10.3963514628908 6.48485027981804 6.31267638434246
Galnt4 9.17182977737832 5.0212593528969 4.97038033674077
Ctc1 11.7381009275171 7.72095499668007 6.95091265217282
Unc93b1 11.2638153754962 6.90279702700359 6.36033622273646
Mob1a 11.6524237224905 7.89045212335744 6.93252691837776
Cmtm6 12.3249537931389 7.23956048797554 6.65756287231001
Tspan14 11.1135085123949 7.08779261362568 6.12843104535075
Lpcat3 11.4010483293012 6.99862525756151 6.89923942575142
Hvcn1 10.3744362140918 5.48376765506527 5.26389793401605
Edem1 10.5468048765477 5.32309732212589 4.82777956353109
Icam1 12.0835121128031 5.66142101794368 4.67887082630209
Rbl1 8.60653858129746 5.11632208285219 5.07803730286923
Rcsd1 12.3327371826167 7.96529909575387 6.74408138123241
Npl 9.96550349349474 5.87021108774053 5.10926820913594
Tmem140 8.37653073680301 4.70007348597671 4.61871312097818
0610040J01Rik 10.8216796982396 6.20637990716495 5.7465902588776
Tm6sf1 11.2414066824985 7.88120429426389 4.29104507207832
Cklf 11.4118605648373 7.05093444437942 6.45320307173558
Cd177 8.34962699286364 4.59784434574927 4.1808798246385
Casp8 9.75678338176791 5.66666097796081 4.98964768109125
Tmed5 10.5709139699701 6.77433037636248 5.85140001932534
F11r 12.1396861374846 5.88348456504171 5.81649868066311
Eva1a 8.74419904985229 5.15914792951928 4.27596734982544
Zbtb1 9.43873268438121 5.90474446589303 5.62440672242364
Tor4a 10.2205590701386 6.53844689850996 5.71264330112787
Ptbp1 9.15244960297567 5.50077074224265 4.96345491289773
Glipr1 8.77583583215041 5.3980660528271 5.28197272555924
Lpxn 10.7275528959061 5.32557277311201 4.46673832683149
Siglec5 8.28941632201165 4.04875288779813 4.02651299928408
Fcrl1 9.22764356004362 5.70476349630601 5.17444709650993
Sppl2a 11.216310941421 7.31447253839974 6.83554358801288
P2ry6 11.5574667748729 4.91514370456929 4.37390959271963
H2-K1 12.7949568117272 8.86048374064153 8.15671012813763
Tgfbr2 12.4393744689228 6.29356107930414 6.02183681580748
Ceacam1 8.80282175058088 5.31161530603484 4.36860450281259
Ncf1 8.88584686160739 5.33090671307382 5.01380484710337
Il13ra1 9.84239214017086 6.26603162733434 5.33812013907652
Adap2 10.5722797031115 5.62987982610584 5.40310418146763
Pld1 10.8239587790307 6.86703688425491 6.03060203063504
Suv420h1 9.79377374116985 6.41341683965236 6.38127955357966
Pon2 9.33868555313833 5.20631281597124 4.89326024151135
Capn3 10.3369957490321 4.83631708861051 4.7402997905223
Casp7 8.39895339652514 4.82024936282784 4.65002521631277
Gem 8.28519304309807 4.28400938373657 3.96308286343475
Glul 11.9280143428985 7.42823067890674 6.1064145154967
Arrb2 11.4983554070217 7.63005902961839 6.35378131720056
Pros1 11.4603712254362 5.8112824912921 5.42293198322914
Rin2 10.1168098461982 5.87058488952078 5.2237785320945
Tifa 10.8074268423842 7.07022846159907 6.2681932819576
Arhgap17 10.9767981793134 5.17503113456116 5.16958819747108
Phgdh 11.0749094502032 7.41836406486553 7.05823339545923
Parp12 9.49139397984138 5.68055452400153 4.8333142526091
Trim47 10.0791566495733 5.57918206653616 5.17228915760297
Lgals3 9.11302237976578 4.8011817561152 4.61447224471916
Jmjd1c 12.718371512436 8.89763334229812 8.00442246486644
Mlxip 11.0084570885722 7.36432353279837 6.77726534074013
Sash3 11.249005723635 7.56647135911538 5.43781784880552
Themis2 9.99513496121799 5.36123508746353 5.28870674325965
Mpeg1 13.5931395335038 6.91294370194054 6.52784628237296
Hspa1b 12.7002530870076 8.38731319172359 7.756738681275
Xist 12.7596727744674 4.86713803893617 4.27234829816744
Cd48 9.95999221182058 4.84861732312307 4.7964139283001
Akna 10.7072692564892 4.72742799862893 4.68414551005565
Fes 10.5551239260507 6.89558379975728 6.42073524805726
Myo1b 8.57502259469562 4.94337352881063 4.85858989393417
Cep152 9.74520694836984 5.8581731003251 5.51987115320584
Diap2 10.171367858732 5.59576996586482 5.14736871623482
Egr2 11.2484829324693 5.21104380900687 4.61912950331754
Ccrl2 11.3826980615646 6.17737630824487 5.60025904878948
Lcn2 12.0118513639671 4.24068379942891 4.22944485974592
Hbb-b2 7.88283645776123 4.15804126983811 4.12841088905762
Myo1g 9.24155609377298 5.6738106254113 4.98549126820692
Tmem173 11.0989726590541 6.89607504476066 6.25016864017717
Erbb2ip 10.9902297899597 7.65930970197464 7.49394226668075
AF251705 11.9378287827213 7.86965766547155 6.93659960220153
Hmha1 10.4292840746509 6.26946392593978 5.56970865107808
Gmip 10.0312950363764 6.09247491155401 5.87177376585707
Nckap1l 11.1514517971807 7.24954244913075 5.14501680550556
Abcc3 9.68880748830503 6.14157828380698 4.86554758956559
Rhoh 10.6886747062572 5.02855033664699 4.88098134076652
1700017B05Rik 11.7630363477309 5.79435409712909 5.72064163401143
Srgap2 11.7876768649285 8.23800218500088 7.47794684511312
Gusb 11.4166507135997 6.17798095549353 5.19889982185685
Lair1 10.6341607739461 5.19334400213267 4.68201705644707
Twf2 10.8151730778002 7.48878780193841 5.41550523860695
P2ry12 12.3417720061336 5.08838382459628 4.55235618993195
Nfkbie 8.42308533541357 5.05682464621433 4.98607685643087
Rnf19b 9.59453701735849 6.09434503070534 5.01950987494978
Epb4.1l2 12.5141878325852 6.78630160983169 6.58697831167751
Pld4 12.0162068213804 6.37428027230114 5.532274789051
D15Ertd621e 10.2021769651159 6.44248904515127 3.84362159688419
Lrrfip1 10.7165591037594 5.46240919568393 5.08244299950082
Fermt3 11.255187597153 4.44836840142445 4.1147160848781
Ankrd44 11.6555430067368 6.17400645732186 5.55318562287503
Kctd12 12.2024123826132 6.20594892390412 4.98146006442896
H2-Aa 10.95884712019 6.14871945556076 5.16556544821573
Fam105a 11.8141138102905 6.88187891433535 6.64524976477646
Herpud1 12.561534184029 8.83743446734715 6.87637461549062
Cd300a 9.78331319123392 5.97901026310596 5.50069168103212
Wipf1 10.4960069219755 6.85879554488015 6.77510501906327
Lyz1 12.291433368859 6.28693775604809 4.6927132706395
Zfp110 10.6328144276245 6.49185320344958 5.55400334754893
Clcf1 8.66818372368241 3.90496803833576 3.77910457077782
Hmgb2 9.11494801820282 5.61397022729063 4.12741365207187
Zfp36l2 12.4844215051541 7.20994579016113 6.34791540755361
Il10ra 11.9204835825207 4.90875344097974 4.78280553456075
Hexb 13.9682695694516 10.2441551104681 8.90178706780233
Rab20 9.47961105235741 4.0409815503476 3.93387711123883
Grn 13.5694893497197 8.4065925236527 6.96498949225759
Bach1 11.8359025049111 7.889821371624 7.74422408213631
Usp24 8.62350684235725 5.1865508163284 4.84075514165446
Fam46c 12.3008656779841 6.37119133241348 5.45735358804163
Ctsa 12.9368651417016 8.95605085114616 7.64865079952709
Ifngr1 12.0120817823602 8.17598838699402 7.80706453884206
Tcn2 12.1131223131962 7.50091725102681 6.62332639048799
Cmtm3 9.80544069396922 6.09490345350745 5.8415693950041
Ppp1r15a 12.6842681011032 8.04863084504013 7.74643179010959
Dhrs3 10.8664384075394 6.87454425776449 6.33237385048968
Lrmp 8.72621364395205 4.70294806900225 4.45959670326545
Olfml3 13.5589885962411 6.64055838597907 6.52036800488682
Pla2g4a 9.54677550171969 5.32271526636671 5.23562072538683
Ncf2 10.9678841319022 5.93567628490127 5.79446467013682
Ctss 14.0972400899769 9.43275402863289 8.40033595548761
Cd53 12.647448770815 5.65993444911083 5.2947404419162
Fcgr3 13.39521832835 6.34171805197877 5.93923007197835
Hps4 12.4456398299555 8.94786859167155 8.49821487742367
S100a9 12.5433488948648 4.95970689075962 4.81627052418114
Dusp1 14.1600590685473 9.19408642001514 8.50791785494721
Hp 9.14524736055938 5.77619355668485 5.24087045619079
Lgmn 13.3423749152836 9.3589760491584 6.74958613623986
Klf2 13.0114488593516 5.72420776296673 5.64865475623369
Fcrls 13.5094801235154 7.85106913724545 5.83003538774915
Tlr1 9.47210882993985 4.08398829599497 4.03821297102146
Rhob 13.3955639920773 9.90568575412954 9.08176253338798
Selplg 13.4608296010201 9.13602289879066 6.78386054108362
Cd68 12.242490069775 5.04216579723 4.94770001248492
Gpr65 7.84688309866013 3.88129944267529 3.72099830889508
Atf3 13.3007390383143 5.4113365012553 5.04877628726499
C1qc 13.5863871767458 6.25943130511639 5.66385877977151
Chst7 10.9028652320415 6.82530863078427 6.47619250664379
Hck 11.677853867497 5.60548216742258 5.17831096233481
Gcnt1 8.17673933531389 4.58027681585057 4.28093223149829
Casp4 9.24666718666705 4.95909436125769 4.05829233975633
Ly96 9.04291773410898 4.71686514124942 4.27913408053749
Lag3 9.95212609690159 6.39263240452292 5.71775893436689
Cxcl2 11.1862547067567 4.67948895251179 3.95179344967962
Ltf 12.2109361391241 8.28428751683384 7.17703129901419
Cx3cr1 12.8661645891936 7.44573489203686 5.80013216141082
H2-D1 12.6018887958776 8.55289032598349 8.41587618385613
Stab1 10.8319181809469 5.43494971670008 5.30006535225862
Evi2a 12.5292457386737 7.1977436155094 6.71966260542197
Il6 8.39447282799593 4.14833646141422 3.76423973145748
Pdgfb 10.784427213788 6.46145442440358 6.35401528327082
Mrc1 8.63837955832117 4.47228443043355 4.23132151647837
Cbl 10.7532405627211 7.01337252070646 6.7707571297066
Itgb2 11.8272052895604 5.26880381010633 4.70795975981282
Psmb9 9.34845122497028 5.99174294881896 5.60421262269248
Selenbp1 8.65146815885816 5.1741331771205 4.91869694735089
Adamts1 11.3594540869076 6.05687604911366 5.07485720340753
Ang 8.39410428367088 4.15707195377587 4.14895865849894
Sh2b2 9.22244603896785 4.70873539063852 4.58586884584432
Tyrobp 12.8882077765556 6.18388536757567 5.96119906106494
Slc29a3 11.671269772336 7.19971298064453 6.41442235436894
Emr1 12.7324162108168 6.36898008235831 6.13867886441511
Nrros 12.2035612900789 6.44445239807184 6.0218411657704
Tmem119 13.7062504747088 7.4715897268458 6.02568115005814
Pnpla7 10.5567704595249 6.64384266343152 5.49271395283544
1810011O10Rik 8.23549028637786 4.57230447615717 4.42525941689531
Havcr2 10.6395343238155 4.31025333417522 4.19586861054233
Alas2 10.1192139258561 5.62010096445582 4.9754684773346
Cmtm7 10.2158890607314 5.30326502238922 4.9699582685473
Mafb 10.9468667556878 5.7498207522229 5.70757147481431
Blnk 11.7867853033936 5.84152744066176 5.82624915850925
Tmcc3 9.49652683269657 5.62649350879571 5.27397151674471
Notch2 11.0904077018543 6.03410062534039 5.5681561448709
Vrk2 8.70364139558783 4.71917790725776 4.58222280590936
Daglb 9.96152605211251 6.62590212451743 5.58009386181831
Alox5ap 12.5576931349978 7.67316142186159 6.85512170213989
Fyb 11.7070682335866 6.21946265753673 6.1687530418217
Ctla2b 9.98817720392032 6.18023738911793 4.30892673672255
Hspa1a 11.8296568285311 7.03936316241872 6.87157491704801
Zfp36 13.4710413836478 7.85867029515348 6.14538654048577
Abhd15 10.2572440975652 6.06686971692497 4.79221373081619
Lmo2 12.1333491829634 8.12000745837354 8.02274216928791
Cyba 11.7795222099381 5.68483564844544 5.44184524897113
Spata13 11.8423721764084 6.29152304152229 6.19795003390206
4833441D16Rik 9.111877090883 5.54726349359788 4.54261952349735
Cd52 8.87459768254704 5.06375066665509 4.73109921792615
Irf5 10.4986359523617 6.64860549161532 5.86766015521245
Naip2 10.6906973938164 4.51009299137931 4.50875758770287
Anxa3 12.8939144704404 5.86846937355604 5.44111497176443
