Golm1 13.1709345745481 7.77407520081997 6.76527724403398
Dusp6 12.2043335698759 5.35934108382347 4.9386256106375
Tgfbi 10.1729708775644 5.78282488404334 5.55467319844534
Sgpl1 9.54910293773426 4.85204591478258 4.60407979333808
Junb 11.5780026398467 5.47262710690675 4.67112263501166
Lcp1 11.8463632704423 4.48030176894882 4.4259162008522
Txnip 13.6993914736524 7.35494096457658 6.49295835503192
Klf10 10.1153774463127 5.65696025395733 4.68903359182287
Cd9 11.8962881279299 7.17114200525752 5.58561713128282
Cd34 10.5911587485583 6.01384243601694 4.67590824945099
Zfand5 13.0724898086973 9.58528044351669 8.05600745904251
Cd83 13.2264749464343 9.29894946870948 7.67765136048177
Sipa1 11.1257432146877 6.44245487546423 6.06413132739883
Coro1a 12.6004028717715 8.50644174765232 5.50084485016574
Btg2 11.4968904593275 6.1336477750189 5.69366176747908
Ets2 10.8279407472273 7.47235211466739 6.78322141837339
Tnfaip2 9.08145533726492 4.39450291885653 4.20819529668997
Cyfip1 12.6066769077138 8.56108130174822 7.52418328622346
Lamp2 11.6172171151883 7.62011198089777 7.59701063419613
Snx18 11.9105809619856 8.17865747083228 7.7940631597704
Ctsc 12.6065842886925 5.16343952909757 5.03023137513987
Rcbtb2 9.51693799161507 6.04142713659378 5.13904064697868
Tubb6 9.94309885815544 6.08572510136093 5.91621630544751
Ier2 13.4150634942812 6.60985185313767 5.89227441356331
Rab32 7.60118101811754 4.02714487098066 3.89398734650942
Nfe2l2 11.3735710823378 5.61234501573151 5.57661207688836
Socs3 12.8363611039744 4.64041720356718 3.94484707786018
Scamp2 12.0782300087712 8.53993595919372 6.52703832697236
4632428N05Rik 12.9592128362635 5.66298591634052 5.06041439888633
Spint1 10.3415667614487 6.84470189184373 5.39547270817782
Afp 8.20241684612463 4.18042950244616 4.08063595467533
Clic1 11.3846871257571 7.63683051905903 5.93283176040184
Plxnb2 11.1751053377305 7.06349116494887 6.39199096695049
Irf8 12.5606886061131 5.57495522105795 5.34835105702262
Dnajb1 11.4072973894197 7.81290571064527 6.32791888602425
Mical1 8.88736256308852 5.34615386531162 5.34425565740463
Fkbp7 9.58447874704344 6.25864397835119 5.348508976962
Tbxas1 9.77227819439976 6.27428640121168 6.26409874961199
Slc39a8 8.3702572354114 4.188694137091 3.8860014849824
Parvg 10.3224146114506 6.98520609776496 6.1428945894909
Mcl1 12.1472433486191 7.42687761642665 6.3867955090747
Rps6ka1 12.439882687873 8.88684028353947 7.25288100802201
Tnfaip8 9.91373565516323 5.8356343512184 4.64593891246592
Sirpa 12.4962163654576 8.78209815992403 8.6226283623861
Tmem206 10.2057688234462 6.63283159994381 6.45585947318813
Slc40a1 11.6365802495677 7.19684768233891 6.13449957705685
C1qb 13.3846079047961 5.09603340074793 4.57259749919
Syngr2 11.4559121689701 5.77816172031358 4.95273095709121
Man1a 10.4296468533452 6.29039026415602 5.32292842794846
Plekho1 10.6038456884602 6.89362633460025 5.57608001926889
Pmp22 12.2653168767854 8.42610442059125 7.8962750367755
Usp2 11.7287066241903 7.2201498768756 6.28150330461203
Ccl6 10.223717633042 4.72313234513983 4.42247937463811
Cd14 13.3052539164274 7.14555367375787 6.05411229090265
Tob2 11.2284375997777 7.71245848641343 5.9618233956457
Pycard 11.8185468367102 6.36855999246638 5.65169079262627
C1qa 13.2380236204344 6.72880082838143 6.15320984621639
Il16 10.7022595486227 6.09527509988282 5.42449566318833
Slc7a7 11.052383619296 5.53863802134079 4.95851670549036
Klf4 12.698526861476 4.96935989421126 4.94076738737729
Sertad1 10.6747710405396 7.04352785855315 6.01191200446204
Jun 13.1567215574815 6.98504443426039 6.94545616855469
Srgn 13.2509970787582 7.3546357121261 6.10960329868301
Myh9 12.5865032254667 7.45928075731772 6.84549857281116
Nfkbiz 12.6860754101133 4.96907396889793 4.8818504029102
Tgm2 11.7718766956168 7.85540966481895 6.13428887146316
Plek 13.0669588958399 7.4750119992296 5.93444714509776
Itgb5 13.3318370523038 4.94794461710391 4.43076735511637
Elf1 9.08676867890006 4.44903444375685 4.41328302120909
Rgs1 11.2541972267774 4.98363815930187 4.41332169847771
Ier5 13.0591463203827 7.16030076518923 5.86938545139625
Snx5 12.5628056055199 8.80270988178308 5.10252772655414
Elk3 10.4901390004177 6.20599726051829 4.78217692354792
Naglu 9.26626288253695 5.42944146203508 5.34868425005777
Laptm5 13.2497958585741 8.52464126868173 7.03036810236913
Ptgr1 10.0953671914278 5.85458999228737 5.60610015016419
Serinc3 10.8737843005988 6.71519799934272 6.36804702731098
Ctsz 13.0341451754765 9.32234942151472 5.16775639886102
Fcgr1 12.3056772228307 4.6965079819631 4.64900092676563
Slc16a6 11.601886645942 6.91569636631131 6.19285299608553
Pdlim4 9.4700059993897 5.11768421889154 5.00340653288738
Ccl9 11.5606702750711 5.54739692238688 4.79451747274672
Tnfrsf1b 11.5849644137814 7.66016282313988 6.18545844351871
Inpp5d 12.5199395399242 7.06359780502414 6.3415954630782
Aff1 10.5286978143419 6.99060904661214 6.33801891974528
Tlr4 9.52419084436795 4.86764517399306 4.53284584000011
Pmaip1 7.94812896443572 4.03577492409417 3.87380896411677
Aif1 11.8782125697407 5.83198890145188 4.97419917527378
Lims1 11.3895886323577 7.49817055156933 7.30450262270747
Syk 11.2305153374971 6.54463168991861 5.84284258790757
Klf6 12.1614928848338 6.67203996529915 6.43815254873267
Mknk2 10.9559680185081 7.27829056587122 6.9077595647511
Crybb1 12.3010895138039 6.78212170926021 6.71536653076306
Fcer1g 12.6409109862305 7.15196546965531 6.06522711602998
Ctsh 12.8519091129382 6.26379117791368 5.67428175673396
Gbp3 8.5913202656342 5.18123362266341 4.88636444934611
Gpsm3 9.66649074936397 5.44174811284226 5.32493267510436
Ncf4 10.7081144474155 5.59754548233335 5.02952976739151
Nrip1 11.6975319588524 6.79233042745623 6.59819499945803
Ggta1 10.3145780373454 4.73053408007607 4.55586243272433
Calcrl 7.84138491604448 4.15449152222571 4.13347195820425
Lcp2 10.3889718130272 5.22014121236374 4.84098145225578
Ngp 12.4329204009581 6.71012973494846 5.45639218044731
Spi1 10.2850028049619 6.15026722594421 6.09865134454009
Atp7a 10.1404314445784 6.70085465852188 5.34684939527715
Csf3r 10.4703586336665 6.87371355445556 5.48194998570017
Ms4a6b 11.1222234312687 5.35949220190096 4.81118449463955
Hcls1 8.83239317939796 4.72671765041004 4.71727246928878
Pabpc1 11.1513836653323 5.66139841328076 4.24678737420315
Skap2 11.9890479352489 8.27901436162593 7.94162020090126
Cebpb 11.6879517821222 7.6262043021194 6.49906399557731
Plxdc2 12.0633823649962 6.73128578398739 6.20423059644143
Cxcl10 9.83264446685726 5.45811877199799 5.25658935710037
Cysltr1 9.33333349087416 4.43470187140798 3.8522369631416
Cebpa 9.88957255483431 6.06061525809155 5.3356698126997
Cttnbp2nl 11.7204560544011 5.63001816136475 5.41702350122308
Lyl1 9.97533629065994 5.585875655802 5.16983847928266
Ptpn18 10.4025712369028 6.71747439572976 6.48890174348897
Tlr2 11.9268402473875 6.60039501329336 5.78148699503837
Serpine1 9.52331793271942 6.07236621721812 5.05850493168117
Sox4 9.95630765129675 6.14837963455525 5.6724323760351
Cd37 10.9048574016166 7.02978285374864 5.41429900686637
Map3k8 10.2849700718244 4.83984265675278 4.82468452729461
Myd88 10.7278217724093 6.45582647109997 6.09064396662323
Ccl12 10.5112043294489 4.61694771019223 4.42058348429841
Arhgap4 9.36525554969312 5.72918436779709 5.54624020333348
H2-Oa 8.7917936065526 5.35116348770055 5.12061933571468
Pon3 9.20297150005047 4.61475010285047 4.44525754824139
S100a8 13.0395448654869 4.77934840716902 4.75159514307397
Il10rb 10.7116513838826 6.99345818699389 6.86859723843923
C3ar1 11.7072754362155 6.69321818385592 5.35684121226878
Fgd2 12.1304825880125 6.53313775252692 6.09713859715786
Rela 11.8428094359349 8.24294019699026 6.94450526481064
Ccl3 13.4953964323281 5.58130910192993 4.54081470891946
Ms4a6d 11.3799791784438 4.69653264267427 4.68027879656051
Ier3 13.4963591841383 9.46702172680671 8.3138684280819
Nupr1 9.93831898336817 6.16695359924371 5.45506322523209
Camp 12.113738407204 6.11220644124304 5.72657124117925
Klk8 10.2464469222101 5.75165651604567 5.30680411982165
Chil3 11.1159878878753 4.83875714872451 3.86053847665045
Arap3 9.86775374576886 4.43055169778009 4.07615234320036
Tlr7 11.2112407400947 5.55663972754215 4.95528807705857
Hpgd 12.0107499612859 5.02993183142157 4.97797102154611
Mcm3 8.92535440058905 5.38342874531124 5.26574810295268
Slc11a1 11.4154854568916 7.82959921721563 5.28384223943574
Ccl2 9.49866288250659 5.30652144183974 5.27670247899088
Cd86 11.6419705628058 5.25177428175963 4.88531393736334
Prkd3 9.70383275414416 6.18137989443871 6.148199931175
Gpr84 11.5935377294956 5.87543240173973 5.60578858113251
Vamp8 11.9027573726861 6.93386230136956 6.6280105057377
Trim12a 8.5835260320544 4.31176384927613 4.12105508986316
Slc15a3 11.5219827541908 5.25594804784826 5.21522755975333
Rel 9.30153835661437 5.54585432548844 4.96974457729761
Tsc22d3 11.4721491337919 7.38633231760346 5.82593619905929
Sla 12.3378861062474 5.83284964901947 5.78188688204161
Tgfbr1 13.4953964323281 7.17882370963346 6.68523612646466
Snap23 8.47917138557207 4.56511266078996 4.15055026852782
Asph 11.1131392793095 6.47254378695896 5.029423841854
Ivns1abp 12.7182126498181 8.9811702476406 7.9692512523701
Rbm39 10.4094928984617 5.07865850955467 5.05901676041886
Vamp3 10.8638436564196 7.41381009602679 6.95486465009225
Bmp2k 11.3162621163235 7.15902572273487 5.62379357707381
Lgals9 9.80576100376818 5.72542267474358 5.54574263544708
Trem2 11.528689695107 7.3767259101939 6.50119933184799
Gna15 8.93153578094543 5.38286526075618 5.29695138220007
Birc3 10.7521481640029 6.70542156967095 6.44075813585495
Igsf6 8.68495551282954 4.35999789513102 4.34866762909903
Samsn1 8.95535277925432 4.66829049069396 4.57435614319681
Il1a 10.5450729398403 4.68369397008403 4.31559878098233
Naip5 11.1347547074536 5.16751218988996 4.61090337482666
Ccl4 12.7516225784521 7.34839433832584 6.01658559258533
Klf3 8.44575749935971 4.73775065020536 4.66459946115853
Itpr2 10.8613975316724 6.78143095580016 6.35671821721345
Stat6 10.5031698578152 6.76990942963986 5.18959982594385
Msn 10.7217422633417 6.93424675499338 6.11123734178818
Abca1 12.0785728549459 7.64527277962912 6.01571815241271
Adam17 10.581995677351 6.16519237992595 5.40894499158678
Dapp1 10.626591308075 5.50789417451853 5.14275683210524
Clec4a2 10.1190075949126 5.29301216796362 5.15566105570622
Fli1 10.0832277034328 4.05318375117328 4.02912541828388
Mitf 10.3277193773821 6.98239007685578 6.26269913902941
Ets1 9.75745818736726 4.08514174469917 3.87072405602211
Ptprc 12.4215732421658 4.55028557329038 4.41662350778515
Fosb 11.9818678393755 6.03927047540902 4.78633557163719
Ccr5 11.7087776692335 4.7245074287551 4.67780990255466
Il6ra 12.6405285425734 5.76554497421967 5.66773906578971
Tgif1 8.50458243562559 4.79227620245362 4.31428632526778
Pla2g15 12.3512186582331 7.81061165492677 7.16182634532491
Itga6 11.5906633280243 7.40417472271382 7.11813020019446
Ifi30 11.4062018650154 7.68477901653368 5.77303256577718
Cables1 10.7158993683559 7.00904383728881 6.52440367163993
H2-DMa 11.3395300052483 7.33640560928711 6.11279965685274
Zfp36l1 12.7019764996359 6.6820320412328 6.48243688220749
Gpr34 12.142699851518 4.27832144652357 3.8822875260153
Rrad 10.0026571297703 6.50827113111538 5.30314145766609
Cr1l 11.6955153199688 8.21787632024896 7.56996142012213
Rnase4 13.0771643703574 6.55774674356082 5.85019219707237
Hk2 12.3164140648536 7.03574658321789 6.93753070635886
Fam111a 8.33832002390926 4.73096442376111 4.58532274471077
Hfe 11.3196450739578 7.59143671641474 7.51221452122107
Pik3cg 10.1537853547168 6.63150944649056 5.08613329568896
Zeb2 11.4350095719432 7.29983778431359 6.54234777057689
Tlr3 9.63659550839082 6.10838974133195 5.65662707934968
Prkcd 11.3607793398998 7.06219527192873 6.90110635019251
Mertk 13.0985151577591 6.65158914815026 5.78807076015696
Cd84 9.96224237530016 4.82071612919652 4.50469087828356
Ly86 13.8305038298173 7.65168040892261 6.31748973046459
Vav1 10.4997459843954 4.15850263523333 4.09380753302967
Pik3cd 8.99966364024255 5.64600503686564 5.28958823603018
Pag1 12.6736213180298 8.11671479476281 7.67621665994378
Fos 13.9327205870223 10.2340145985133 9.45680563924525
Cfh 10.8438396260437 4.05355798794237 3.90682664289057
Tnfrsf13b 9.66545251361214 4.69883361250947 4.53124870801743
Cebpd 10.5744174492867 4.83616763660762 4.43943541582347
Hhex 10.060418644213 6.50541837499067 5.39037870864346
Entpd1 9.58873000960094 4.39801858717469 4.31131738210957
Ptgs1 12.1626150793908 5.94390335266565 5.33348835714833
Adrb1 10.5218876655346 5.81617606815041 4.70973015361142
Stk17b 9.80355004387352 5.65941014571627 5.63675642645791
Frrs1 10.6966078261321 7.16926984070191 5.22176696976534
Lyz2 12.5660138290276 6.99245619978313 6.37827783934503
Ssfa2 10.4026641404164 6.56878271206686 6.47654192968517
Galnt4 9.11869231898454 4.98480127430336 4.95278469071254
Ctc1 11.7422487728519 7.5644052462727 6.71738267457361
Unc93b1 11.3066168079527 7.00586028713422 6.40215081229243
Mob1a 11.6304802850351 7.73080622120199 6.72376174571972
Cmtm6 12.2803328178186 7.47720569122008 6.63529440482612
Wls 8.21516176510327 4.79963006691148 4.69302825306734
Tspan14 11.2007785813707 6.81917358527495 6.05069570232913
Lpcat3 11.4786154330381 7.33816400264604 6.94868634815209
Hvcn1 10.2856187487951 5.51515030123801 5.33469044101882
Edem1 10.5644676490564 5.14865063616704 4.88189697979554
Icam1 12.144222640413 5.76918070034344 4.67626595278396
Prkab1 10.8728158992286 7.44567667528373 6.42593615107126
Rbl1 8.51194870241016 4.96724773844548 4.69329496658985
Rcsd1 12.3223507478265 7.97987620082413 6.76402570698971
Npl 10.119227368812 5.63228019238278 5.21714678448296
Tmem140 8.46080936763924 4.64100248410622 4.44676628132889
0610040J01Rik 10.8106638816197 6.07459865037041 5.86003662511714
Tm6sf1 11.273380881778 7.89878487682704 4.31682629940138
Cklf 11.3324839569912 6.84485455646261 6.43809206539721
Casp8 9.83591177234681 5.68790709552995 4.86412081838723
Tmed5 10.4601759587631 6.75286821396167 5.79590301921386
F11r 12.1638127271072 6.05178615679421 5.8558994635499
Eva1a 8.63294613398656 4.95772971860189 4.24346048732881
Tor4a 10.4213155961976 6.7129425624434 5.68538572899442
Cep68 9.30634924904503 5.94156632825393 5.89663033918274
Ptbp1 9.02225932629817 5.47255408998989 5.11428930789832
Glipr1 8.88148604367629 5.45712824364374 5.37816749951144
Lpxn 10.730982217212 5.38160980503531 4.45519342940678
Siglec5 8.337886172674 4.12227665468122 4.03729753586771
Fcrl1 9.27554865404005 5.93538511321319 5.25935201750882
Sppl2a 11.1847931951435 7.31447253839974 6.56366355919688
P2ry6 11.5909433501351 4.9886728110363 4.47291541419556
H2-K1 12.7949568117272 8.60595775123311 8.07628233314588
Tgfbr2 12.4312251246194 6.3067911016324 5.94822569182895
H2-Ab1 8.4512011309411 4.90438508917125 4.65287199955577
Ceacam1 8.73427463823456 5.25973220623859 4.5251098457794
Ptprj 8.50606143624069 5.1605417006159 5.08778514831867
Ncf1 9.01873662127703 5.36991201442592 5.12410719458841
Il13ra1 9.69650941211153 6.04507233622023 5.47822789585912
Adap2 10.4876327911899 5.65115047055213 5.63708491223645
Pld1 10.7880824610021 6.80064708884541 6.16930533577536
Pon2 9.26937417743214 5.01732879518923 4.71021603290528
Capn3 10.437566906065 5.01041790302071 4.50938448044977
Casp7 8.22612436421626 4.65064715010847 4.63181626701745
Gem 8.28009388336886 4.34547418014862 4.00392535382153
Rrbp1 12.1135184174842 8.69007793948186 7.46478420549219
Glul 11.9439234863599 7.56929644140373 6.10973963511582
Arrb2 11.5161791808491 7.29042674687137 6.619821982158
Pros1 11.4244912078995 5.75260705298474 5.49203876862068
Rin2 10.1302854085197 5.6924029452115 5.19516731589746
Tifa 10.6649959627868 7.05498454841608 6.38506627987092
Arhgap17 11.0358082941061 5.25110606516559 5.06584651085775
Phgdh 11.0663668828628 7.61910307378306 7.09106372625364
Parp12 9.52345845288495 5.84483172201538 4.81531907548833
Trim47 10.122871565472 5.66024141672319 5.302380360176
Lgals3 8.71732817427299 4.99216859341528 4.96633425443608
Jmjd1c 12.7042728123964 9.07788299906812 8.05324694278485
Mlxip 11.0131464704826 7.50425949972136 6.69640506774009
Sash3 11.2528818012755 7.90014929459302 5.54868065046993
Themis2 9.94919523666928 5.49973232301236 5.21349073299079
Mpeg1 13.5339312443488 7.21646336591794 6.60732940551549
Hspa1b 12.7328150924375 8.48012373703508 7.87997552645923
Xist 12.7732517233129 5.46199237451855 4.23233776976096
Cd48 9.99176185857167 4.85754192070163 4.81718182179404
Akna 10.5978331936346 4.85324372901995 4.76120986811742
Fes 10.5840546362038 6.86206880422691 6.11743448574602
Cep152 9.68353142517718 6.03687124303034 5.57706728555625
Diap2 9.90635960665803 5.72346418519795 5.26961309864101
Egr2 11.2144151601674 5.10428272460818 4.57093183651324
Ccrl2 11.4107831106411 6.21657767783576 5.68858055264158
Lcn2 11.7182561949748 4.289314194074 4.21667585557669
Hbb-b2 7.86146929235822 4.16658395700351 4.09158949465136
Myo1g 9.04216166021584 5.61372939122273 5.06900925744762
Tmem173 11.1696407087511 7.04053447630123 6.33976160339799
AF251705 12.0057126252299 8.09506270579007 6.97143235892338
Hmha1 10.4487011332694 6.44909391405977 5.83048119203115
Gmip 10.2055870255081 6.41502445686076 5.92476155237049
Nckap1l 11.1526856630168 7.18731695529884 5.35638075235679
Abcc3 9.7509259850256 6.11946035523301 5.08487386200147
Rhoh 10.7637079698635 5.10823397074149 5.09973126154433
1700017B05Rik 11.7522974287947 5.8215343941301 5.60555244168037
Srgap2 11.7585843286276 8.27767028539137 7.43296128840332
Gusb 11.4803411718158 5.89905294732847 5.30408325667121
Lair1 10.6612900224916 5.44876472723399 4.94327608675628
P2ry12 12.4385715566921 5.14322937867863 4.51180639822312
Rnf19b 9.65744414029616 6.0991203240782 4.95522388578588
Epb4.1l2 12.5432840929574 6.8076809386209 6.52596293092689
Pld4 12.1700437011819 6.53192813901348 5.62781397240581
D15Ertd621e 10.0624486421296 6.44014487097299 3.91369183816059
Lrrfip1 10.7224886700699 5.57496431284088 5.0466147841142
Fermt3 11.4207362066657 4.61063748380565 4.17433622699977
Ankrd44 11.5679366187782 6.80022968173479 5.47134171481096
Kctd12 12.099676793357 6.25992185133588 5.09259310615954
H2-Aa 11.2644036954394 6.46461525836987 4.95889990543068
Fam105a 11.8820924454901 6.89270856113544 6.73275491560639
Herpud1 12.5116726598182 8.85054468214352 6.92753027452562
Cd300a 10.0530239896872 5.9652600655377 5.45596125771957
Lyz1 12.2502412289951 5.63012093879651 4.89467781218065
Zfp110 10.6738601357144 5.83560622306321 5.32585375358064
Clcf1 8.68466038510135 3.92840675039381 3.68054972703695
Adrb2 8.29734945321406 4.85685062032371 4.5685535697023
Hmgb2 9.04290768492065 5.39690326371293 4.19596944418621
Zfp36l2 12.4004422821899 7.22257519157218 6.59251518541703
Il10ra 11.9867649941734 4.99027740364722 4.89320880859479
Hexb 13.9214339669789 10.2441551104681 8.76705069464755
Rab20 9.64744268247702 4.29148944646768 4.0530210192983
Grn 13.6303783372944 8.43329178885552 6.83162431978668
Bach1 11.7684659473826 8.04421344326559 7.61498613293972
Usp24 8.70392300506957 4.89552882747881 4.4677870636648
Fam46c 12.2421510197398 6.62809160294268 5.49014558423772
Ctsa 12.9644748360344 8.87083770018026 7.6806295459685
Ifngr1 12.016051864462 8.2538855794365 7.63222080026499
Tcn2 12.1195930224409 7.65801051533214 6.71184760476666
Cmtm3 10.0110497819572 6.00732730981878 5.78883751481888
Ppp1r15a 12.6593601245383 8.17467307637996 7.66639319990831
Dhrs3 10.8328899765314 6.98128695211938 6.35581809977011
Lrmp 8.89491220593798 4.70350618977306 4.47232367459926
Olfml3 13.5644607358692 6.80373523560476 6.20892280945678
Pla2g4a 9.55730250855793 5.5957479800112 5.50654311353423
Ncf2 11.109264808914 6.04430931678871 5.81078808760858
Ctss 14.1223387589978 9.28724503932603 8.39535588354104
Cd53 12.6270729328698 5.59306001975896 5.45025602873287
Fcgr3 13.3874319809845 6.47664305382661 6.05095670371364
Hps4 12.4456398299555 8.90375532079527 8.58089291563342
S100a9 12.2965410503709 4.97099420027125 4.86541936705611
Dusp1 14.1813580097059 9.27704837937232 8.64685839040938
Lgmn 13.4068999504885 9.22338763414706 6.67728303944237
Klf2 12.9915058739807 5.71575904715284 5.61207636125403
Fcrls 13.5200887013828 7.9629946711402 5.67414814756091
Tlr1 9.55990391864875 4.12532667223922 4.0972171795281
Rhob 13.3993450977518 9.95160889696352 8.98782677589462
Selplg 13.492313873689 9.24317387532578 6.81306843955872
Cd68 12.2825968841945 5.03221140128056 4.91790927211168
Gpr65 7.85611733273235 3.96554308899183 3.82725737640287
Atf3 13.3007390383143 5.37404604325951 5.06604751487062
C1qc 13.5695399365939 6.36848888563952 5.35571757627568
Chst7 11.0545300964632 6.85499604381002 6.48087937899105
Hck 11.7192724128215 5.90413103940329 4.82492822146003
Gcnt1 7.89240442650036 4.37748950595283 4.25297032156601
Casp4 9.17977855891737 5.10863958652756 4.17706448770453
Ly96 8.98885773803667 4.5917248781395 4.31106193554677
Lag3 9.94342037341401 6.48485928111154 5.76971809824976
Cxcl2 10.9236295592129 4.8414562444879 4.23313451386715
Ltf 11.9771261319803 8.26020604191772 6.96183459072569
Cx3cr1 12.8322911670036 7.36135226285151 5.42452315349231
H2-D1 12.6856010965553 8.59171249693111 8.4293176190653
Stab1 10.7835801182221 5.46736500098583 5.43666887210007
Evi2a 12.5801879760248 7.08373639159404 6.56776003690947
Il6 8.3523884587654 4.08643056228294 3.82768776099921
Pdgfb 10.6620659529342 6.71293079131247 6.27294274375219
Mrc1 8.47267687587698 4.47397646341428 4.3848564204222
Cbl 10.6935557955462 7.13620263349468 6.80237216230895
Itgb2 11.8281947861841 5.45632541321975 4.53653586923051
Psmb9 9.49408509768935 5.67836325721705 5.54050963876212
Adamts1 11.3973807177838 6.17908396684026 5.26889470109213
Ang 8.67340897437916 4.20772143876026 4.18279066837569
Sh2b2 9.32069277757714 4.70544166293926 4.60581436400376
Tyrobp 12.9035612805634 6.31805733223778 5.97769907615785
Slc29a3 11.6835560124248 7.35048126164011 6.36421420231768
Vasp 10.5290974508756 7.1315125287829 6.93255065893375
Emr1 12.777781853873 6.54244890396406 6.03322225011041
Nrros 12.3519497751025 6.63229374065645 5.82889694922089
Tmem119 13.699678559052 7.50640276230318 5.79606933942236
Pnpla7 10.5843197435089 6.67970787709043 5.37390049235825
1810011O10Rik 8.37120216738482 4.68511797993638 4.61224421375291
Havcr2 10.710530075929 4.21031892408297 4.18473342011677
Alas2 9.97256535353661 5.78918300600737 5.09639923235921
Cmtm7 10.4036329494645 5.42298892085221 5.13926852240691
Mafb 10.9849900615298 5.99541596997969 5.73189105553602
Blnk 11.8079240962002 5.80691556038189 5.77982644941707
Tmcc3 9.16895367720384 5.54734643226956 5.26738935958285
Notch2 11.035203297165 6.22990388374092 6.02525507763477
Vrk2 8.87003271247097 4.78564764689727 4.5813118669533
Daglb 9.94097644340737 6.41452317805012 5.56090525458333
Alox5ap 12.5749967599795 7.68220243084591 6.98124315245176
Fyb 11.7159427823204 6.19991905358425 6.15479891529333
Ctla2b 9.94438247489242 6.35337004369699 4.32834087432394
Hspa1a 11.9245276178108 7.06845938224015 6.94385151145616
Zfp36 13.4960506681509 7.94879788295502 6.18801535761821
Abhd15 9.92497435981129 6.07514902853444 4.70202457447262
Lmo2 12.1717394598769 8.26538912488247 8.09209384652543
Cyba 11.7749627835735 5.85150251806488 5.4934129340534
Spata13 11.8360921296241 6.52822841592229 6.4620237586641
Wasf2 12.4660305697947 9.1342290267843 7.09865878360478
4833441D16Rik 9.33372525445037 5.70214993762821 4.44234290884622
Cd52 8.83934325002235 5.13460412537934 4.74061115650365
Irf5 10.4417221455899 6.54953752698999 6.11870813025863
Naip2 10.8151812852359 4.6412610889494 4.44382569092321
Anxa3 12.9131833282778 5.93122364406442 5.39403254702393
