Tppp3 11.2911658308802 7.82929146120447 6.05188372446234
S100a10 11.8767029115162 8.44230008814802 7.37920687746477
Tac1 12.6428291152275 8.86320524854029 6.4031271941467
Abhd8 10.227004799779 6.88960811559068 6.63853112229753
Pfdn1 10.9289024564269 7.50126817118405 5.93368319582061
C1qtnf4 9.74166962146664 6.24821436355615 4.67588264220828
Ceacam10 8.44121593384538 4.78030655881883 4.36180121341048
Slc6a4 13.2660186856197 6.77380340420517 5.89951939786371
Sncg 11.8900477343409 8.52773321552672 4.65593975056404
Synj2bp 10.813352803668 6.72132239754791 6.64999325967686
Nenf 11.4180691055405 8.07795771955745 8.02126125135441
Tpd52l1 11.1263479642597 7.12162505638052 6.41839804832382
Slc22a3 10.4324476591074 5.831492652161 4.6796342182836
Cend1 9.16277000480052 5.3504050719129 4.50738061229579
2010204K13Rik 12.9347545890062 8.34072762585388 6.16402588034291
Klk1b27 8.83871598323633 4.65681347856322 4.27813552870855
Nedd4 9.74136229022505 6.06615114183274 5.92554916032072
Id4 11.6599930786167 6.23696617713018 5.19574794365202
Stmn2 11.0804932888449 7.48482034758661 4.53507066064454
Zwint 9.54445078474068 5.8850205430862 4.87017988630724
Tmem242 9.84533839903933 5.90964709659247 5.36372493853516
Pmm1 9.85288977488107 6.31807360192954 5.32946077055038
Flywch2 10.0204962205109 6.13727060017481 4.09237035554968
Fev 10.7667269048981 6.64080111925447 5.1509218563019
Ppp2r2b 9.79750503119114 6.31066051621377 6.27556738112927
Qpct 8.91581318410383 4.99494808013457 4.50485037441526
Mal2 10.7174383706644 4.90109530669305 3.99793190726517
Timm8b 12.7599989410628 9.08825108752053 8.67433714069604
Kcnj9 8.52540534165737 5.06980502420654 5.01403566359477
Mela 10.0026314200545 4.3437115127413 3.91702470591332
Dos 10.3099297228743 6.88831462906861 6.01555432379179
A530058N18Rik 7.62756119456449 4.12330023509527 3.62274452055293
Ctla2a 8.94820812122566 4.61194387345766 3.94376022929603
Myh7 10.3735787687922 7.01195248653189 5.53165443839626
Rpp25 8.64410906853828 4.61921769954192 4.61884524714469
Gata3 8.51158068423698 4.57136214050193 4.49906351445502
Cited1 9.0604479806201 5.19530087307013 5.0146932103569
Spock3 9.34159179992348 5.23171589717735 3.60042042850014
Chodl 8.59288870912552 5.17946074084487 4.62133348540124
Fam92a 11.4700908434925 7.38238115957653 7.21279066472603
