Cd24a 12.495005502709 8.97646391651848 8.93508939538895
Mcam 9.72184246446256 5.79085102528927 5.49458299124981
Htra1 12.389366095004 8.96384385908173 5.78527470659656
Irx3 10.542569918725 6.27701378090172 5.21182243608455
Anxa2 11.3213785964417 7.78673841425108 7.73697571792039
Lgals1 13.167899310415 9.26860557850685 7.88522404514306
Prph 11.1588687327505 7.70738775910737 4.81662153442286
Prss12 10.9037989076529 7.39600839343887 6.36715560976134
Uts2 9.62124183461551 4.85764882310346 4.74721033167497
Slc18a3 12.0169294874932 4.98119017331762 4.81075064211953
Ecel1 10.0949107648645 6.56087212922495 6.11461737384965
Calcb 12.8970877661483 5.84586191361545 4.44337996882901
Sh3bgr 11.5392433232405 6.83345529263641 4.68712884700741
Isl1 10.2245597612478 5.29382187203404 4.56614766324837
Nts 10.6085543117208 6.49138405689047 5.08174592298915
Hspb1 11.9699545071527 8.451298682913 6.50639579588834
Caln1 11.9240096519051 8.45460114210795 5.14350661675013
Medag 8.7820219146382 5.44459598108891 4.45446906167068
Calca 12.0683676101944 7.65799114911966 4.21769352304037
Spp1 11.5169991719939 7.57668491583551 5.66406622555852
Trhr 8.45883153171794 4.8292625115143 4.05990402972886
Kcnj14 10.5244998119469 5.44386377210749 4.66352584667302
Pcp4l1 11.8508574514923 8.52860797334132 5.97265434633531
Rspo2 9.96457089951428 5.39499644739728 4.87303343440625
