Mrpl52 8.76705115812165 10.3657537152618 3.65370423568293
Tgfbi 10.214108505107 10.3657537152618 3.65370423568293
Junb 11.5499826198348 10.3657537152618 3.65370423568293
Mpo 8.64472480371545 10.3657537152618 3.65370423568293
Lcp1 11.9186828085383 10.3657537152618 3.65370423568293
Fuca2 9.94422515793594 10.3657537152618 3.65370423568293
Cd34 10.4821943254353 10.3657537152618 3.65370423568293
Tpst2 11.1108919206009 10.3657537152618 3.65370423568293
Cd83 13.2161047162533 10.3657537152618 3.65370423568293
Serpinf1 9.44570354298151 10.3657537152618 3.65370423568293
Sipa1 11.028832104782 10.3657537152618 3.65370423568293
Coro1a 12.5292545103329 10.3657537152618 3.65370423568293
Tnfaip2 9.07410944533167 10.3657537152618 3.65370423568293
Ctsc 12.6108642775907 10.3657537152618 3.65370423568293
Tubb6 9.94746027053954 10.3657537152618 3.65370423568293
Rab32 7.51642002223175 10.3657537152618 3.65370423568293
Socs3 12.8477426387797 10.3657537152618 3.65370423568293
4632428N05Rik 12.9633024758073 10.3657537152618 3.65370423568293
Spint1 10.3283172527647 10.3657537152618 3.65370423568293
Afp 8.35050803873215 10.3657537152618 3.65370423568293
Irf8 12.5462653592052 10.3657537152618 3.65370423568293
Snta1 9.48841264785911 10.3657537152618 3.65370423568293
Slc39a8 8.14296708004609 10.3657537152618 3.65370423568293
Parvg 10.4281853264487 10.3657537152618 3.65370423568293
Rgs10 13.3720136026536 10.3657537152618 3.65370423568293
Rps6ka1 12.3511118887686 10.3657537152618 3.65370423568293
Trpv2 10.5248576204666 10.3657537152618 3.65370423568293
Erap1 8.1825642016229 10.3657537152618 3.65370423568293
Tnfaip8 10.106166018297 10.3657537152618 3.65370423568293
Sirpa 12.4881260050488 10.3657537152618 3.65370423568293
Slc40a1 11.6873175794834 10.3657537152618 3.65370423568293
C1qb 13.3809165744448 10.3657537152618 3.65370423568293
Cyp4v3 11.0156233140278 10.3657537152618 3.65370423568293
Syngr2 11.5324666076936 10.3657537152618 3.65370423568293
Rpl22l1 11.4098342144935 10.3657537152618 3.65370423568293
Pmp22 12.2434056339285 10.3657537152618 3.65370423568293
Igtp 10.573481340332 10.3657537152618 3.65370423568293
Usp2 11.740363352364 10.3657537152618 3.65370423568293
Ccl6 10.4831140019336 10.3657537152618 3.65370423568293
Cd14 13.3794861542207 10.3657537152618 3.65370423568293
Plekha2 10.262903961652 10.3657537152618 3.65370423568293
Pycard 11.7530559991681 10.3657537152618 3.65370423568293
Il16 10.5676116874908 10.3657537152618 3.65370423568293
Slc7a7 10.9326702827516 10.3657537152618 3.65370423568293
Klf4 12.8356975471887 10.3657537152618 3.65370423568293
Sertad1 10.6760235504756 10.3657537152618 3.65370423568293
Srgn 13.2795222117037 10.3657537152618 3.65370423568293
Myh9 12.5447914497017 10.3657537152618 3.65370423568293
Nfkbiz 12.6921044506167 10.3657537152618 3.65370423568293
Ctsb 11.3550575287054 10.3657537152618 3.65370423568293
Tgm2 11.6702792723547 10.3657537152618 3.65370423568293
Plek 13.0385446953369 10.3657537152618 3.65370423568293
Itgb5 13.3122301859398 10.3657537152618 3.65370423568293
Rgs1 11.3590498478886 10.3657537152618 3.65370423568293
Tmem37 9.84921340109981 10.3657537152618 3.65370423568293
Rac2 9.85175366603671 10.3657537152618 3.65370423568293
Nfatc1 10.0088645121847 10.3657537152618 3.65370423568293
Cd79b 8.10777669835161 10.3657537152618 3.65370423568293
Snx5 12.5419589726741 10.3657537152618 3.65370423568293
Elk3 10.4319956263106 10.3657537152618 3.65370423568293
Abhd12 10.8191173965588 10.3657537152618 3.65370423568293
Hnmt 9.09035739545619 10.3657537152618 3.65370423568293
Pygl 8.54904715943291 10.3657537152618 3.65370423568293
Ntpcr 11.9808030277384 10.3657537152618 3.65370423568293
Rgs19 10.0869225771368 10.3657537152618 3.65370423568293
Serinc3 10.7887820532689 10.3657537152618 3.65370423568293
Ctsz 12.9968566741552 10.3657537152618 3.65370423568293
Fcgr1 12.2955371160684 10.3657537152618 3.65370423568293
Pdlim4 9.51167808110339 10.3657537152618 3.65370423568293
Slc7a8 10.2647240515047 10.3657537152618 3.65370423568293
Ccl9 11.4677327663853 10.3657537152618 3.65370423568293
Trim30a 9.81298833801394 10.3657537152618 3.65370423568293
B4galt1 11.1336165305587 10.3657537152618 3.65370423568293
St6galnac4 9.89232087714976 10.3657537152618 3.65370423568293
Tnfrsf1b 11.7452188608572 10.3657537152618 3.65370423568293
Inpp5d 12.4577394438636 10.3657537152618 3.65370423568293
Tlr4 9.57555684780965 10.3657537152618 3.65370423568293
Aif1 11.8214348072249 10.3657537152618 3.65370423568293
Syk 11.3160084368777 10.3657537152618 3.65370423568293
Crybb1 12.2648088011919 10.3657537152618 3.65370423568293
Rnf128 8.87904682008657 10.3657537152618 3.65370423568293
Fcer1g 12.6718396223893 10.3657537152618 3.65370423568293
Ctsh 12.87251521366 10.3657537152618 3.65370423568293
Gpsm3 9.55595780536678 10.3657537152618 3.65370423568293
Ncf4 10.7292352869563 10.3657537152618 3.65370423568293
Ggta1 10.3002208247185 10.3657537152618 3.65370423568293
Calcrl 7.78386106503694 10.3657537152618 3.65370423568293
Ptpre 10.8054724634459 10.3657537152618 3.65370423568293
Lcp2 10.4089431447829 10.3657537152618 3.65370423568293
Ngp 12.7574775005176 10.3657537152618 3.65370423568293
Spi1 10.4190424481911 10.3657537152618 3.65370423568293
Csf3r 10.4683520496493 10.3657537152618 3.65370423568293
Ms4a6b 11.2554621340409 10.3657537152618 3.65370423568293
Abcb1b 7.92972663366054 10.3657537152618 3.65370423568293
Skap2 12.056136723105 10.3657537152618 3.65370423568293
Cebpb 11.5932508063623 10.3657537152618 3.65370423568293
Acsl4 9.92672516772363 10.3657537152618 3.65370423568293
Plxdc2 12.0745716973584 10.3657537152618 3.65370423568293
Cxcl10 9.72683118350032 10.3657537152618 3.65370423568293
Lyl1 9.96552235514374 10.3657537152618 3.65370423568293
Ptpn18 10.3344380846283 10.3657537152618 3.65370423568293
Tlr2 11.9276981137555 10.3657537152618 3.65370423568293
Cd163 7.96377468160987 10.3657537152618 3.65370423568293
Serpine1 9.65311808101758 10.3657537152618 3.65370423568293
Mlxipl 10.5385226388773 10.3657537152618 3.65370423568293
Cd37 10.9003612304416 10.3657537152618 3.65370423568293
Map3k8 10.2772018482877 10.3657537152618 3.65370423568293
Rgs2 12.8588029707337 10.3657537152618 3.65370423568293
Myd88 10.6605178444686 10.3657537152618 3.65370423568293
Ccl12 10.6391731596107 10.3657537152618 3.65370423568293
H2-Oa 8.62773488286702 10.3657537152618 3.65370423568293
Pon3 9.25424963832735 10.3657537152618 3.65370423568293
Slamf9 11.1460693903532 10.3657537152618 3.65370423568293
S100a8 13.1710031765985 10.3657537152618 3.65370423568293
Il10rb 10.5493104181091 10.3657537152618 3.65370423568293
C3ar1 11.7048817822179 10.3657537152618 3.65370423568293
Fgd2 12.0963667807367 10.3657537152618 3.65370423568293
Ccl3 13.5359936909524 10.3657537152618 3.65370423568293
Ms4a6d 11.4841310922632 10.3657537152618 3.65370423568293
Ccr1 7.78776079755016 10.3657537152618 3.65370423568293
Ier3 13.5124048716238 10.3657537152618 3.65370423568293
Camp 12.4507582747533 10.3657537152618 3.65370423568293
Ltc4s 9.72815138352943 10.3657537152618 3.65370423568293
Klk8 10.1827990465209 10.3657537152618 3.65370423568293
Chil3 11.4871946767607 10.3657537152618 3.65370423568293
Arap3 9.99309938625579 10.3657537152618 3.65370423568293
Tlr7 11.1537008662761 10.3657537152618 3.65370423568293
Hpgd 11.9738918982247 10.3657537152618 3.65370423568293
Rab3il1 10.3829864041852 10.3657537152618 3.65370423568293
Spsb1 9.91798701532203 10.3657537152618 3.65370423568293
Slc11a1 11.3948658681908 10.3657537152618 3.65370423568293
Ccl2 9.3887194295731 10.3657537152618 3.65370423568293
Cd86 11.6527693006629 10.3657537152618 3.65370423568293
Sat1 12.1225916774621 10.3657537152618 3.65370423568293
Gpr84 11.5263505075912 10.3657537152618 3.65370423568293
Vamp8 11.7850542682879 10.3657537152618 3.65370423568293
Tcirg1 11.2860007996333 10.3657537152618 3.65370423568293
Trim12a 8.39694276788024 10.3657537152618 3.65370423568293
Slc15a3 11.3995649353571 10.3657537152618 3.65370423568293
Rel 9.43208070521036 10.3657537152618 3.65370423568293
Tsc22d3 11.5894187043498 10.3657537152618 3.65370423568293
Gdi2 8.02870913914554 10.3657537152618 3.65370423568293
Sla 12.4329217789332 10.3657537152618 3.65370423568293
Asph 11.0774007157198 10.3657537152618 3.65370423568293
Adcy7 11.9949098164077 10.3657537152618 3.65370423568293
Rbm39 10.2573002722239 10.3657537152618 3.65370423568293
Bmp2k 11.294755197974 10.3657537152618 3.65370423568293
Pkib 7.85029048760629 10.3657537152618 3.65370423568293
Itgav 11.4469634886707 10.3657537152618 3.65370423568293
Lgals9 9.69958847858634 10.3657537152618 3.65370423568293
Trem2 11.303795824757 10.3657537152618 3.65370423568293
Clec5a 8.06555640971743 10.3657537152618 3.65370423568293
Birc3 10.6915102166933 10.3657537152618 3.65370423568293
Igsf6 8.83394697282607 10.3657537152618 3.65370423568293
Npnt 8.02816215253297 10.3657537152618 3.65370423568293
Samsn1 8.81738530496463 10.3657537152618 3.65370423568293
Il1a 10.5376640185961 10.3657537152618 3.65370423568293
Hpgds 9.22775583355141 10.3657537152618 3.65370423568293
Naip5 11.0978070538461 10.3657537152618 3.65370423568293
Ccl4 12.6588721873418 10.3657537152618 3.65370423568293
Stat6 10.468465477124 10.3657537152618 3.65370423568293
Tapbp 11.4198825404039 10.3657537152618 3.65370423568293
Bcl6 10.0215933819773 10.3657537152618 3.65370423568293
Dapp1 10.6129812986097 10.3657537152618 3.65370423568293
Clec4a2 10.1399334143348 10.3657537152618 3.65370423568293
Fli1 10.1221580891138 10.3657537152618 3.65370423568293
Mitf 10.359595527133 10.3657537152618 3.65370423568293
Ptprc 12.4924457080349 10.3657537152618 3.65370423568293
Fosb 12.0153263432166 10.3657537152618 3.65370423568293
Ccr5 11.6775104276773 10.3657537152618 3.65370423568293
Il6ra 12.6762370901779 10.3657537152618 3.65370423568293
Pla2g15 12.3402771280608 10.3657537152618 3.65370423568293
Itga6 11.5191682655928 10.3657537152618 3.65370423568293
Ppt1 10.4914672126155 10.3657537152618 3.65370423568293
Pde4b 10.4084769117351 10.3657537152618 3.65370423568293
Ifi30 11.3741036101554 10.3657537152618 3.65370423568293
H2-DMa 11.302506340632 10.3657537152618 3.65370423568293
Zfp36l1 12.768092682973 10.3657537152618 3.65370423568293
Id2 12.1967220814378 10.3657537152618 3.65370423568293
Gpr34 12.0465417111213 10.3657537152618 3.65370423568293
Rhog 11.1977184303104 10.3657537152618 3.65370423568293
Rnase4 13.0645450224258 10.3657537152618 3.65370423568293
Hk2 12.2311857728962 10.3657537152618 3.65370423568293
Rassf5 12.0777209054467 10.3657537152618 3.65370423568293
Hfe 11.261965590755 10.3657537152618 3.65370423568293
Prkcd 11.3269526908875 10.3657537152618 3.65370423568293
Mertk 13.1492058693859 10.3657537152618 3.65370423568293
Cd84 9.79853579725004 10.3657537152618 3.65370423568293
Ly86 13.8484382572477 10.3657537152618 3.65370423568293
Vav1 10.4988780096262 10.3657537152618 3.65370423568293
Cfh 10.9189995251726 10.3657537152618 3.65370423568293
Tnfrsf13b 9.55249902249023 10.3657537152618 3.65370423568293
Arhgap5 9.73180276459741 10.3657537152618 3.65370423568293
Cebpd 10.5727375378467 10.3657537152618 3.65370423568293
Smim3 9.36289130684882 10.3657537152618 3.65370423568293
Entpd1 9.36332417160173 10.3657537152618 3.65370423568293
Ptgs1 12.1460566579667 10.3657537152618 3.65370423568293
Adrb1 10.6329930698674 10.3657537152618 3.65370423568293
Stk17b 9.82516171443988 10.3657537152618 3.65370423568293
Frrs1 10.5118954880326 10.3657537152618 3.65370423568293
Lyz2 12.6255399097117 10.3657537152618 3.65370423568293
Bin1 11.0419581077655 10.3657537152618 3.65370423568293
Pdk1 10.5237600984828 10.3657537152618 3.65370423568293
Unc93b1 11.2638153754962 10.3657537152618 3.65370423568293
Cmtm6 12.3249537931389 10.3657537152618 3.65370423568293
Tmem63a 11.3673624046704 10.3657537152618 3.65370423568293
Edem1 10.5468048765477 10.3657537152618 3.65370423568293
Icam1 12.0835121128031 10.3657537152618 3.65370423568293
Rcsd1 12.3327371826167 10.3657537152618 3.65370423568293
0610040J01Rik 10.8216796982396 10.3657537152618 3.65370423568293
Tm6sf1 11.2414066824985 10.3657537152618 3.65370423568293
Cd177 8.34962699286364 10.3657537152618 3.65370423568293
Casp8 9.75678338176791 10.3657537152618 3.65370423568293
F11r 12.1396861374846 10.3657537152618 3.65370423568293
Sumf1 8.51077998407439 10.3657537152618 3.65370423568293
Eva1a 8.74419904985229 10.3657537152618 3.65370423568293
Trim34a 8.51637667451946 10.3657537152618 3.65370423568293
Plxdc1 10.9345884722293 10.3657537152618 3.65370423568293
Glipr1 8.77583583215041 10.3657537152618 3.65370423568293
Lpxn 10.7275528959061 10.3657537152618 3.65370423568293
Siglec5 8.28941632201165 10.3657537152618 3.65370423568293
Mylip 12.3911493278824 10.3657537152618 3.65370423568293
Fcrl1 9.22764356004362 10.3657537152618 3.65370423568293
Lifr 10.8658507374762 10.3657537152618 3.65370423568293
P2ry6 11.5574667748729 10.3657537152618 3.65370423568293
Ighm 11.5555075036114 10.3657537152618 3.65370423568293
Tgfbr2 12.4393744689228 10.3657537152618 3.65370423568293
Mlph 9.57489838859243 10.3657537152618 3.65370423568293
Ncf1 8.88584686160739 10.3657537152618 3.65370423568293
Il13ra1 9.84239214017086 10.3657537152618 3.65370423568293
Adap2 10.5722797031115 10.3657537152618 3.65370423568293
Akr1b10 8.12473567494519 10.3657537152618 3.65370423568293
Lrba 12.2631508876539 10.3657537152618 3.65370423568293
Pld1 10.8239587790307 10.3657537152618 3.65370423568293
Capn3 10.3369957490321 10.3657537152618 3.65370423568293
Rrbp1 12.1135184174842 10.3657537152618 3.65370423568293
Vwa5a 10.3106484906387 10.3657537152618 3.65370423568293
Glul 11.9280143428985 10.3657537152618 3.65370423568293
Arrb2 11.4983554070217 10.3657537152618 3.65370423568293
Pros1 11.4603712254362 10.3657537152618 3.65370423568293
Rin2 10.1168098461982 10.3657537152618 3.65370423568293
Arhgdib 10.7973257228637 10.3657537152618 3.65370423568293
Tifa 10.8074268423842 10.3657537152618 3.65370423568293
Arhgap17 10.9767981793134 10.3657537152618 3.65370423568293
Slc46a1 9.40300373313858 10.3657537152618 3.65370423568293
Trim47 10.0791566495733 10.3657537152618 3.65370423568293
Slc25a45 10.8173200145939 10.3657537152618 3.65370423568293
Cln5 10.8200679718298 10.3657537152618 3.65370423568293
Rps9 12.6440720428475 10.3657537152618 3.65370423568293
Arsg 8.01567969333444 10.3657537152618 3.65370423568293
Sash3 11.249005723635 10.3657537152618 3.65370423568293
Themis2 9.99513496121799 10.3657537152618 3.65370423568293
Mpeg1 13.5931395335038 10.3657537152618 3.65370423568293
Ssr4 11.2827134357026 10.3657537152618 3.65370423568293
Cd48 9.95999221182058 10.3657537152618 3.65370423568293
Sult1a1 9.98708391284936 10.3657537152618 3.65370423568293
Fes 10.5551239260507 10.3657537152618 3.65370423568293
Cep152 9.74520694836984 10.3657537152618 3.65370423568293
B2m 13.1894322739796 10.3657537152618 3.65370423568293
Ccrl2 11.3826980615646 10.3657537152618 3.65370423568293
Lcn2 12.0118513639671 10.3657537152618 3.65370423568293
Gimap6 8.28531118681062 10.3657537152618 3.65370423568293
Myo1g 9.24155609377298 10.3657537152618 3.65370423568293
Tmem173 11.0989726590541 10.3657537152618 3.65370423568293
BC028528 8.76172624772281 10.3657537152618 3.65370423568293
AF251705 11.9378287827213 10.3657537152618 3.65370423568293
Acsl5 10.9329425458093 10.3657537152618 3.65370423568293
Hmha1 10.4292840746509 10.3657537152618 3.65370423568293
Rps24 11.0730345003387 10.3657537152618 3.65370423568293
Comtd1 9.43374625709241 10.3657537152618 3.65370423568293
Rreb1 9.67685838321431 10.3657537152618 3.65370423568293
Abcc3 9.68880748830503 10.3657537152618 3.65370423568293
Rhoh 10.6886747062572 10.3657537152618 3.65370423568293
1700017B05Rik 11.7630363477309 10.3657537152618 3.65370423568293
Gusb 11.4166507135997 10.3657537152618 3.65370423568293
Lair1 10.6341607739461 10.3657537152618 3.65370423568293
P2ry12 12.3417720061336 10.3657537152618 3.65370423568293
Rnf19b 9.59453701735849 10.3657537152618 3.65370423568293
Pld4 12.0162068213804 10.3657537152618 3.65370423568293
D15Ertd621e 10.2021769651159 10.3657537152618 3.65370423568293
Fermt3 11.255187597153 10.3657537152618 3.65370423568293
Plk3 11.1628299712601 10.3657537152618 3.65370423568293
Ankrd44 11.6555430067368 10.3657537152618 3.65370423568293
Kctd12 12.2024123826132 10.3657537152618 3.65370423568293
H2-Aa 10.95884712019 10.3657537152618 3.65370423568293
Fam105a 11.8141138102905 10.3657537152618 3.65370423568293
Herpud1 12.561534184029 10.3657537152618 3.65370423568293
1110001A16Rik 9.77685583724266 10.3657537152618 3.65370423568293
Cd300a 9.78331319123392 10.3657537152618 3.65370423568293
Tmem71 7.74769305584135 10.3657537152618 3.65370423568293
Lyz1 12.291433368859 10.3657537152618 3.65370423568293
Clcf1 8.66818372368241 10.3657537152618 3.65370423568293
Il10ra 11.9204835825207 10.3657537152618 3.65370423568293
Rab20 9.47961105235741 10.3657537152618 3.65370423568293
Grn 13.5694893497197 10.3657537152618 3.65370423568293
Ifitm6 9.52062006754197 10.3657537152618 3.65370423568293
Ifngr1 12.0120817823602 10.3657537152618 3.65370423568293
Tcn2 12.1131223131962 10.3657537152618 3.65370423568293
Anxa1 10.0891907764378 10.3657537152618 3.65370423568293
Tspan4 10.3699787220959 10.3657537152618 3.65370423568293
Ppp1r15a 12.6842681011032 10.3657537152618 3.65370423568293
Lgals3bp 9.31699434078624 10.3657537152618 3.65370423568293
Slc15a4 11.4134041549916 10.3657537152618 3.65370423568293
Dhrs3 10.8664384075394 10.3657537152618 3.65370423568293
Olfml3 13.5589885962411 10.3657537152618 3.65370423568293
Slc16a7 9.14199363414269 10.3657537152618 3.65370423568293
Pla2g4a 9.54677550171969 10.3657537152618 3.65370423568293
Ncf2 10.9678841319022 10.3657537152618 3.65370423568293
Il7r 9.09542824054331 10.3657537152618 3.65370423568293
Cd53 12.647448770815 10.3657537152618 3.65370423568293
Fcgr3 13.39521832835 10.3657537152618 3.65370423568293
Hps4 12.4456398299555 10.3657537152618 3.65370423568293
S100a9 12.5433488948648 10.3657537152618 3.65370423568293
Klf2 13.0114488593516 10.3657537152618 3.65370423568293
Fcrls 13.5094801235154 10.3657537152618 3.65370423568293
Cd302 10.4428756442677 10.3657537152618 3.65370423568293
Pf4 8.75071323421427 10.3657537152618 3.65370423568293
Tlr1 9.47210882993985 10.3657537152618 3.65370423568293
St3gal6 9.53416252798134 10.3657537152618 3.65370423568293
Cd68 12.242490069775 10.3657537152618 3.65370423568293
Ebi3 9.21311913542791 10.3657537152618 3.65370423568293
Casp1 8.7453943640576 10.3657537152618 3.65370423568293
Csf2rb2 9.41716750216967 10.3657537152618 3.65370423568293
C1qc 13.5863871767458 10.3657537152618 3.65370423568293
Chst7 10.9028652320415 10.3657537152618 3.65370423568293
Hck 11.677853867497 10.3657537152618 3.65370423568293
Gcnt1 8.17673933531389 10.3657537152618 3.65370423568293
Casp4 9.24666718666705 10.3657537152618 3.65370423568293
Ehd4 10.2095137657382 10.3657537152618 3.65370423568293
Ly96 9.04291773410898 10.3657537152618 3.65370423568293
Lag3 9.95212609690159 10.3657537152618 3.65370423568293
Cxcl2 11.1862547067567 10.3657537152618 3.65370423568293
Ltf 12.2109361391241 10.3657537152618 3.65370423568293
Stab1 10.8319181809469 10.3657537152618 3.65370423568293
Evi2a 12.5292457386737 10.3657537152618 3.65370423568293
Il6 8.39447282799593 10.3657537152618 3.65370423568293
Ptger3 7.91209741922707 10.3657537152618 3.65370423568293
Pdgfb 10.784427213788 10.3657537152618 3.65370423568293
Mrc1 8.63837955832117 10.3657537152618 3.65370423568293
Hps3 10.5852544761163 10.3657537152618 3.65370423568293
Smap2 11.0019898893746 10.3657537152618 3.65370423568293
Itgb2 11.8272052895604 10.3657537152618 3.65370423568293
Psmb9 9.34845122497028 10.3657537152618 3.65370423568293
Ang 8.39410428367088 10.3657537152618 3.65370423568293
Tyrobp 12.8882077765556 10.3657537152618 3.65370423568293
Ptplad2 9.53045279911964 10.3657537152618 3.65370423568293
Emr1 12.7324162108168 10.3657537152618 3.65370423568293
Nrros 12.2035612900789 10.3657537152618 3.65370423568293
Tmem119 13.7062504747088 10.3657537152618 3.65370423568293
Parp14 9.29651035265735 10.3657537152618 3.65370423568293
Havcr2 10.6395343238155 10.3657537152618 3.65370423568293
Cmtm7 10.2158890607314 10.3657537152618 3.65370423568293
Blnk 11.7867853033936 10.3657537152618 3.65370423568293
Tmcc3 9.49652683269657 10.3657537152618 3.65370423568293
Notch2 11.0904077018543 10.3657537152618 3.65370423568293
Daglb 9.96152605211251 10.3657537152618 3.65370423568293
Alox5ap 12.5576931349978 10.3657537152618 3.65370423568293
Fyb 11.7070682335866 10.3657537152618 3.65370423568293
Ostf1 9.94396609736292 10.3657537152618 3.65370423568293
Ctla2b 9.98817720392032 10.3657537152618 3.65370423568293
Zfp36 13.4710413836478 10.3657537152618 3.65370423568293
Abhd15 10.2572440975652 10.3657537152618 3.65370423568293
Lmo2 12.1333491829634 10.3657537152618 3.65370423568293
Cyba 11.7795222099381 10.3657537152618 3.65370423568293
Spata13 11.8423721764084 10.3657537152618 3.65370423568293
Ptpn6 11.5568573976642 10.3657537152618 3.65370423568293
Cd52 8.87459768254704 10.3657537152618 3.65370423568293
Irf5 10.4986359523617 10.3657537152618 3.65370423568293
Naip2 10.6906973938164 10.3657537152618 3.65370423568293
Anxa3 12.8939144704404 10.3657537152618 3.65370423568293
Sec11c 11.8355059330852 10.3657537152618 3.65370423568293
