Ddr1 11.455512240537 7.55810552120781 5.39637047514934
Gja1 11.5319342670045 6.73585579481843 4.63534119943753
Ehd1 11.8811534615138 8.23935914384266 7.45317972678747
Olig1 8.2059157055955 4.8543548316679 4.39967919420367
Cryab 9.77847684899266 6.13807481157925 4.41969231972007
Dmd 9.45086705720657 5.51916784139157 3.9822905221974
Npy2r 8.58677605623346 4.38182696574236 3.7389344972618
Grb14 9.71670782045708 6.14479837286503 5.33656842545177
Cdhr1 9.61794551468342 6.11640890742725 5.26654809481378
Apcdd1 11.0921318347139 6.56177129444066 5.22757141432555
Tdo2 8.50987684993266 4.20148217639765 4.10794378852661
Mbp 12.8954083743543 6.60423845187692 4.21935838372507
Ogn 9.36768729321152 4.24917214700906 4.12593425285176
Mobp 9.30324874298094 4.97667402089854 4.77584970486148
Cyp7b1 9.8201885116681 6.17001438449564 4.29029118758351
Zbtb20 12.5114264521774 8.59702876553541 7.34581549747793
Sema5a 9.70964015109518 4.52084398864991 4.35634565049858
Igfbp5 11.266035936147 6.3517157903768 5.20373898827755
Timp4 8.50498795105279 4.90364605582959 4.43479048996524
Cald1 10.8886330041835 6.39862282707231 5.13243788608362
Plp1 10.1424916813645 6.0363106408946 4.75100419248805
Trib2 9.60551187589456 5.63884783738227 5.01571212807584
Rpgr 9.38176290562402 6.05109230705442 5.15796941619084
Epha7 12.2688437662175 8.32850971925409 4.35527727763632
B3galnt2 9.70047539985518 6.01654281657579 4.24628550292084
Dsp 12.7444948757507 5.22128342097991 4.27258502169961
Ccdc71l 11.5747240319272 7.87990229729277 6.47485948728931
Lct 10.6474038271644 5.89209717076004 4.83714972613105
Rai2 7.84084756720007 4.08380037656398 3.67143791777532
Fam131b 8.90614757081475 5.15161577145094 4.44451459106336
