Ddr1 10.7624227507642 9.50747770774802 3.59958013557715
Gja1 13.6985799044932 9.50747770774802 3.59958013557715
Plat 10.2403238807592 9.50747770774802 3.59958013557715
Gsn 11.8439785666209 9.50747770774802 3.59958013557715
Stmn1 13.4323625561033 9.50747770774802 3.59958013557715
Chgb 9.65161867353718 9.50747770774802 3.59958013557715
Mgst1 12.0436671941609 9.50747770774802 3.59958013557715
Npdc1 8.73646524311487 9.50747770774802 3.59958013557715
Tnfrsf19 9.98965023342506 9.50747770774802 3.59958013557715
Ndn 11.4233465863828 9.50747770774802 3.59958013557715
Atp9a 9.9869609082761 9.50747770774802 3.59958013557715
Bcar3 9.81642842134604 9.50747770774802 3.59958013557715
Scd1 11.4115875203204 9.50747770774802 3.59958013557715
Sqle 11.9448500116789 9.50747770774802 3.59958013557715
Cldn11 10.4741110409417 9.50747770774802 3.59958013557715
Fabp5 10.6004037542762 9.50747770774802 3.59958013557715
Lrrn1 10.6518479662876 9.50747770774802 3.59958013557715
Nsg2 9.80197678948492 9.50747770774802 3.59958013557715
Sparcl1 13.5629719857576 9.50747770774802 3.59958013557715
Trim59 10.907205535187 9.50747770774802 3.59958013557715
Prnp 13.9248423842484 9.50747770774802 3.59958013557715
Olig1 13.2290397628289 9.50747770774802 3.59958013557715
Hmgb3 9.50693512477046 9.50747770774802 3.59958013557715
Plekhb1 13.2231211618188 9.50747770774802 3.59958013557715
Il33 10.8589137842364 9.50747770774802 3.59958013557715
Ptn 11.3335352441741 9.50747770774802 3.59958013557715
Fstl1 10.438543955366 9.50747770774802 3.59958013557715
Olig2 8.95245561899748 9.50747770774802 3.59958013557715
Capn2 10.4411941128707 9.50747770774802 3.59958013557715
Nfib 10.9181626496805 9.50747770774802 3.59958013557715
Serpinb1a 10.6840033782702 9.50747770774802 3.59958013557715
Adk 10.8167446100406 9.50747770774802 3.59958013557715
Gsta4 10.9147241150151 9.50747770774802 3.59958013557715
Apod 11.6138700232442 9.50747770774802 3.59958013557715
Gstm1 12.3879876192048 9.50747770774802 3.59958013557715
Cpq 10.7700194009124 9.50747770774802 3.59958013557715
Cryab 12.7308436173902 9.50747770774802 3.59958013557715
Aldh1a1 10.9780488017896 9.50747770774802 3.59958013557715
Igdcc4 10.927092678813 9.50747770774802 3.59958013557715
Gad1 8.31926564265128 9.50747770774802 3.59958013557715
Me1 10.0733557631461 9.50747770774802 3.59958013557715
Plod2 9.91102151969599 9.50747770774802 3.59958013557715
Snap91 8.82376690724407 9.50747770774802 3.59958013557715
Rnd3 7.84295235656379 9.50747770774802 3.59958013557715
Tppp3 11.5720882325301 9.50747770774802 3.59958013557715
Efs 8.77114606870722 9.50747770774802 3.59958013557715
Bcan 12.1313607199866 9.50747770774802 3.59958013557715
Htra1 13.432938170962 9.50747770774802 3.59958013557715
Pfkm 10.4457879462083 9.50747770774802 3.59958013557715
Osbpl1a 11.5717416270688 9.50747770774802 3.59958013557715
Snap25 10.3842234253345 9.50747770774802 3.59958013557715
Tspan6 11.2674817892775 9.50747770774802 3.59958013557715
Pcsk1n 9.93529606325654 9.50747770774802 3.59958013557715
Sox2 9.96885664675058 9.50747770774802 3.59958013557715
Sdc2 11.4680122376296 9.50747770774802 3.59958013557715
Acot7 10.6147314131067 9.50747770774802 3.59958013557715
Hspa2 10.2831164283488 9.50747770774802 3.59958013557715
Gabra6 7.90381628956914 9.50747770774802 3.59958013557715
Lpar1 11.2823304717796 9.50747770774802 3.59958013557715
Ntsr2 13.7566603460391 9.50747770774802 3.59958013557715
Eif2s3y 8.84187078376779 9.50747770774802 3.59958013557715
Fah 10.2858224613611 9.50747770774802 3.59958013557715
Mal 13.2840605618861 9.50747770774802 3.59958013557715
Dmd 8.89849724359678 9.50747770774802 3.59958013557715
Sorbs1 11.8250558641302 9.50747770774802 3.59958013557715
Bex2 9.42402644346739 9.50747770774802 3.59958013557715
Elovl6 10.0248024999298 9.50747770774802 3.59958013557715
F3 11.3778428816426 9.50747770774802 3.59958013557715
Nap1l5 12.076716636989 9.50747770774802 3.59958013557715
Kcna1 10.989247942554 9.50747770774802 3.59958013557715
Gpd2 11.6459659178682 9.50747770774802 3.59958013557715
Calb1 8.24923406816174 9.50747770774802 3.59958013557715
Rab33a 9.52827809035845 9.50747770774802 3.59958013557715
Ncald 9.78247680002836 9.50747770774802 3.59958013557715
Ackr3 10.6252985039844 9.50747770774802 3.59958013557715
Slc6a9 11.0397870008707 9.50747770774802 3.59958013557715
Rsph1 10.7816546773738 9.50747770774802 3.59958013557715
Grb14 9.98504327093128 9.50747770774802 3.59958013557715
Ppp1r14c 9.8995789885051 9.50747770774802 3.59958013557715
Cplx1 10.18288352275 9.50747770774802 3.59958013557715
Amy1 8.59763044757127 9.50747770774802 3.59958013557715
Chl1 7.8585029313755 9.50747770774802 3.59958013557715
Wwtr1 9.44157703146879 9.50747770774802 3.59958013557715
Cep19 11.2615429426392 9.50747770774802 3.59958013557715
Fhl1 11.7079455984668 9.50747770774802 3.59958013557715
Mapt 10.8133145245852 9.50747770774802 3.59958013557715
Sirt3 10.906281072522 9.50747770774802 3.59958013557715
Vldlr 9.57854843496676 9.50747770774802 3.59958013557715
Abhd3 12.0314358176835 9.50747770774802 3.59958013557715
Cyp2j6 7.96139617317137 9.50747770774802 3.59958013557715
Ghr 9.11166505420118 9.50747770774802 3.59958013557715
Nrarp 10.7978072068931 9.50747770774802 3.59958013557715
Cml1 10.6594744720854 9.50747770774802 3.59958013557715
Bhlhe40 10.2281603112145 9.50747770774802 3.59958013557715
Gpld1 13.1102072560169 9.50747770774802 3.59958013557715
Cfl2 11.599319761738 9.50747770774802 3.59958013557715
Ppp1r14a 9.91969651803815 9.50747770774802 3.59958013557715
Chd3os 9.56786613895659 9.50747770774802 3.59958013557715
Stmn4 12.9731972020197 9.50747770774802 3.59958013557715
Dhcr24 10.1305862419671 9.50747770774802 3.59958013557715
Nr2f1 9.29848625681577 9.50747770774802 3.59958013557715
Pfn2 12.065379287121 9.50747770774802 3.59958013557715
Omg 12.272049671562 9.50747770774802 3.59958013557715
Hspa4l 9.9053495589679 9.50747770774802 3.59958013557715
Entpd2 11.1145055128063 9.50747770774802 3.59958013557715
Apcdd1 9.43816643502434 9.50747770774802 3.59958013557715
Larp6 9.29748599756232 9.50747770774802 3.59958013557715
Tnfaip6 8.24557066162093 9.50747770774802 3.59958013557715
Cxcl14 8.6465633603066 9.50747770774802 3.59958013557715
Matn4 9.20992453302814 9.50747770774802 3.59958013557715
Aspa 12.0298846073288 9.50747770774802 3.59958013557715
Nap1l3 8.16464857739024 9.50747770774802 3.59958013557715
Irx3 8.80328084185841 9.50747770774802 3.59958013557715
Fzd2 9.75050057662781 9.50747770774802 3.59958013557715
Wasf1 9.79269562805631 9.50747770774802 3.59958013557715
Nrsn1 10.0485632183846 9.50747770774802 3.59958013557715
Astn1 11.1501217528925 9.50747770774802 3.59958013557715
Clu 13.4825792992674 9.50747770774802 3.59958013557715
Mpdz 9.12187804694664 9.50747770774802 3.59958013557715
Ptprz1 12.0595293696657 9.50747770774802 3.59958013557715
Slc38a3 10.5975077544078 9.50747770774802 3.59958013557715
Psd3 10.125983111972 9.50747770774802 3.59958013557715
Sh3gl2 10.425026172685 9.50747770774802 3.59958013557715
Cds2 12.0001946875873 9.50747770774802 3.59958013557715
Rdh5 10.5136686772941 9.50747770774802 3.59958013557715
Cdh2 8.63003496659548 9.50747770774802 3.59958013557715
Eno2 9.07612191597704 9.50747770774802 3.59958013557715
Fads2 10.2235189789796 9.50747770774802 3.59958013557715
Cyp2d22 10.2210337143303 9.50747770774802 3.59958013557715
Rtn2 7.78679290788437 9.50747770774802 3.59958013557715
Ugt8a 13.3110817281337 9.50747770774802 3.59958013557715
Gstm7 9.53598506226533 9.50747770774802 3.59958013557715
Tmeff2 12.1003511847036 9.50747770774802 3.59958013557715
Timp3 10.2455908459226 9.50747770774802 3.59958013557715
Serpina3n 10.1102836758431 9.50747770774802 3.59958013557715
Pdgfc 9.29417749215321 9.50747770774802 3.59958013557715
Hrh1 9.06383316836712 9.50747770774802 3.59958013557715
Dtna 10.6309639556498 9.50747770774802 3.59958013557715
Sptbn1 11.9882996722482 9.50747770774802 3.59958013557715
S100b 11.9606953410398 9.50747770774802 3.59958013557715
Aox1 8.60327684923022 9.50747770774802 3.59958013557715
Kcnj10 12.9543703129885 9.50747770774802 3.59958013557715
Mia 8.79259910945495 9.50747770774802 3.59958013557715
Bbox1 10.4367145084723 9.50747770774802 3.59958013557715
Mbp 14.2560021009844 9.50747770774802 3.59958013557715
Gabrb1 12.5552581029306 9.50747770774802 3.59958013557715
Arhgap23 9.7928586972982 9.50747770774802 3.59958013557715
Mark1 8.41450251381948 9.50747770774802 3.59958013557715
Kif3a 10.2516655820081 9.50747770774802 3.59958013557715
Tmem47 10.2870046967278 9.50747770774802 3.59958013557715
Kctd4 9.38201401252855 9.50747770774802 3.59958013557715
Hoxa1 7.79280141312394 9.50747770774802 3.59958013557715
Ndrg1 13.0625738412487 9.50747770774802 3.59958013557715
1700019G17Rik 8.16033327518962 9.50747770774802 3.59958013557715
Ntrk2 12.9770399276798 9.50747770774802 3.59958013557715
Ptprf 12.2791235109248 9.50747770774802 3.59958013557715
Fgfr2 11.831086529353 9.50747770774802 3.59958013557715
Pard6g 10.4289266909242 9.50747770774802 3.59958013557715
Gucy1b3 8.24030235923066 9.50747770774802 3.59958013557715
Vsnl1 8.25589101795055 9.50747770774802 3.59958013557715
Hapln2 9.61074875901004 9.50747770774802 3.59958013557715
Mobp 13.1442079870949 9.50747770774802 3.59958013557715
Irx5 8.23325454958832 9.50747770774802 3.59958013557715
Cyp7b1 9.53597427401906 9.50747770774802 3.59958013557715
Slc7a10 11.7835876801983 9.50747770774802 3.59958013557715
Trpc1 8.49762125115025 9.50747770774802 3.59958013557715
Ldb2 9.13766023813015 9.50747770774802 3.59958013557715
Nkx2-2 8.86834588049165 9.50747770774802 3.59958013557715
Myo6 9.84435992260764 9.50747770774802 3.59958013557715
Pvrl3 8.24474723392496 9.50747770774802 3.59958013557715
Cttn 11.2874497088367 9.50747770774802 3.59958013557715
Myb 9.73767469383877 9.50747770774802 3.59958013557715
Fxyd1 10.0312725893231 9.50747770774802 3.59958013557715
Dzip1 8.18913117403419 9.50747770774802 3.59958013557715
Syne1 10.781249225299 9.50747770774802 3.59958013557715
Sytl2 9.66589659266177 9.50747770774802 3.59958013557715
Rapgef4 9.35756945632631 9.50747770774802 3.59958013557715
Enah 12.6498596789021 9.50747770774802 3.59958013557715
Gpr19 10.8860644019833 9.50747770774802 3.59958013557715
Epdr1 11.516524330613 9.50747770774802 3.59958013557715
Bace1 10.63040442445 9.50747770774802 3.59958013557715
Ak4 9.47953904327466 9.50747770774802 3.59958013557715
Fgfr3 12.3797990222722 9.50747770774802 3.59958013557715
Pdgfra 10.0703312200219 9.50747770774802 3.59958013557715
Nedd4 10.7908023019397 9.50747770774802 3.59958013557715
Ncam1 12.1594173864172 9.50747770774802 3.59958013557715
Atp1b2 12.656841879003 9.50747770774802 3.59958013557715
Zbtb20 11.9741978179819 9.50747770774802 3.59958013557715
Sema5a 7.74731926550054 9.50747770774802 3.59958013557715
Klf9 12.5968281844755 9.50747770774802 3.59958013557715
Igfbp5 11.2165408121748 9.50747770774802 3.59958013557715
Acsbg1 11.498649721273 9.50747770774802 3.59958013557715
Acss2 9.53345586014678 9.50747770774802 3.59958013557715
Glrb 8.39471908681052 9.50747770774802 3.59958013557715
Myo10 9.45695355125754 9.50747770774802 3.59958013557715
Nkain4 11.8349559647541 9.50747770774802 3.59958013557715
Shroom3 8.52253773948989 9.50747770774802 3.59958013557715
Rnd2 10.4744835599307 9.50747770774802 3.59958013557715
Prkd1 8.91243751591865 9.50747770774802 3.59958013557715
Ttyh1 10.0189919647695 9.50747770774802 3.59958013557715
Mak 9.60659108560706 9.50747770774802 3.59958013557715
Fjx1 9.10847911822615 9.50747770774802 3.59958013557715
Rims2 9.22425130176909 9.50747770774802 3.59958013557715
Eps8 10.2958588204661 9.50747770774802 3.59958013557715
Kcnd2 9.75322296083871 9.50747770774802 3.59958013557715
Kif5c 11.6882582462624 9.50747770774802 3.59958013557715
Sc4mol 11.9019171867413 9.50747770774802 3.59958013557715
Efnb3 10.6731509709914 9.50747770774802 3.59958013557715
Gpm6b 11.730639425628 9.50747770774802 3.59958013557715
Irs1 9.12146606317191 9.50747770774802 3.59958013557715
Hes5 10.7773664749798 9.50747770774802 3.59958013557715
Scg5 8.26931566827274 9.50747770774802 3.59958013557715
Napb 9.3390138474799 9.50747770774802 3.59958013557715
Lgi1 9.24373905510194 9.50747770774802 3.59958013557715
Cap2 8.93241515674581 9.50747770774802 3.59958013557715
Id4 11.8040816886207 9.50747770774802 3.59958013557715
Ints6 11.2644010831754 9.50747770774802 3.59958013557715
Ptprk 9.51124689922714 9.50747770774802 3.59958013557715
Cbln1 9.00444140430882 9.50747770774802 3.59958013557715
Add3 11.1039000396356 9.50747770774802 3.59958013557715
Cspg4 9.96344927359528 9.50747770774802 3.59958013557715
Slco1c1 10.6463406540793 9.50747770774802 3.59958013557715
Wnt7a 9.13359038291938 9.50747770774802 3.59958013557715
Clic4 12.0684316866353 9.50747770774802 3.59958013557715
Agt 12.4297706663945 9.50747770774802 3.59958013557715
Timp4 11.7699078018498 9.50747770774802 3.59958013557715
Scn8a 7.64240430479197 9.50747770774802 3.59958013557715
Gap43 9.07804777879286 9.50747770774802 3.59958013557715
Ednrb 11.0103809018495 9.50747770774802 3.59958013557715
Ncan 9.99425446253453 9.50747770774802 3.59958013557715
Qdpr 12.6352674885215 9.50747770774802 3.59958013557715
Dner 11.1054720249766 9.50747770774802 3.59958013557715
Tmem246 9.70948399570499 9.50747770774802 3.59958013557715
Ptgds 11.4543209640441 9.50747770774802 3.59958013557715
Slc44a1 12.3484215130686 9.50747770774802 3.59958013557715
Camk2g 12.0731274459216 9.50747770774802 3.59958013557715
Sez6l2 11.7985554684406 9.50747770774802 3.59958013557715
Tspyl4 11.0563270256146 9.50747770774802 3.59958013557715
Gdpd1 9.86232235051238 9.50747770774802 3.59958013557715
Elovl7 8.80256531725037 9.50747770774802 3.59958013557715
Tmem98 9.48088790869966 9.50747770774802 3.59958013557715
Gpr37l1 13.6427157886875 9.50747770774802 3.59958013557715
Fam216a 9.97023241026744 9.50747770774802 3.59958013557715
Polr3h 10.3783417585165 9.50747770774802 3.59958013557715
Lrrc48 10.9887670824447 9.50747770774802 3.59958013557715
Homer2 9.25536965840749 9.50747770774802 3.59958013557715
Tmem51 10.1890557635246 9.50747770774802 3.59958013557715
Adhfe1 8.43174963183753 9.50747770774802 3.59958013557715
Asrgl1 12.1426006603836 9.50747770774802 3.59958013557715
Aldh1l1 10.0910217790153 9.50747770774802 3.59958013557715
Spon1 11.6264347525954 9.50747770774802 3.59958013557715
Tmem87a 10.4714466068877 9.50747770774802 3.59958013557715
Phldb1 10.7493962994755 9.50747770774802 3.59958013557715
Rapgef3 10.5717378595748 9.50747770774802 3.59958013557715
Mmd2 12.3827596730671 9.50747770774802 3.59958013557715
Nrbp2 10.0549934504154 9.50747770774802 3.59958013557715
Tspan2 11.6417268205645 9.50747770774802 3.59958013557715
Samd4 10.8369583707775 9.50747770774802 3.59958013557715
Gprc5b 11.8184464667311 9.50747770774802 3.59958013557715
Cyp2j9 11.0922116864531 9.50747770774802 3.59958013557715
Calml4 10.7257834321288 9.50747770774802 3.59958013557715
Aldoc 14.1436377001564 9.50747770774802 3.59958013557715
Rsph9 10.228401270918 9.50747770774802 3.59958013557715
Cald1 10.3368678276811 9.50747770774802 3.59958013557715
Slain1 9.53620027028207 9.50747770774802 3.59958013557715
Ptprd 12.2616196216962 9.50747770774802 3.59958013557715
Gpsm2 8.9961131213383 9.50747770774802 3.59958013557715
Gpr85 8.30814646459426 9.50747770774802 3.59958013557715
Purg 11.2620133704491 9.50747770774802 3.59958013557715
Sox10 10.5836339101356 9.50747770774802 3.59958013557715
Mboat2 10.045383661563 9.50747770774802 3.59958013557715
Cdh10 9.86913073331807 9.50747770774802 3.59958013557715
Fam81a 9.82636937355446 9.50747770774802 3.59958013557715
Tyro3 6.97966056519803 9.50747770774802 3.59958013557715
Zcchc18 10.0782943497112 9.50747770774802 3.59958013557715
Slc12a5 9.75345108686311 9.50747770774802 3.59958013557715
Aqp4 12.3613001994088 9.50747770774802 3.59958013557715
2610034M16Rik 7.54701091188281 9.50747770774802 3.59958013557715
Plp1 13.3250207497877 9.50747770774802 3.59958013557715
Prrx1 8.69416100511286 9.50747770774802 3.59958013557715
S100a16 12.455796052664 9.50747770774802 3.59958013557715
Edil3 9.79208367864251 9.50747770774802 3.59958013557715
Ppp1r3c 11.531948855741 9.50747770774802 3.59958013557715
Dock5 9.21203821991068 9.50747770774802 3.59958013557715
Csrp1 11.0645724385743 9.50747770774802 3.59958013557715
Dtx1 11.628273058407 9.50747770774802 3.59958013557715
Caln1 8.69718048426504 9.50747770774802 3.59958013557715
Amot 10.5425825568734 9.50747770774802 3.59958013557715
Armcx1 9.58260550202258 9.50747770774802 3.59958013557715
Cuedc1 9.83764805323869 9.50747770774802 3.59958013557715
Sox6 9.77696438443272 9.50747770774802 3.59958013557715
Cldn10 9.26376929243798 9.50747770774802 3.59958013557715
Ddc 9.73417003184436 9.50747770774802 3.59958013557715
Nefl 9.04214257207456 9.50747770774802 3.59958013557715
Sorl1 11.7106959919806 9.50747770774802 3.59958013557715
Ntm 9.91971306103227 9.50747770774802 3.59958013557715
Alcam 8.93146944101969 9.50747770774802 3.59958013557715
Ddx3y 10.0323662910283 9.50747770774802 3.59958013557715
Gpm6a 10.1291369818237 9.50747770774802 3.59958013557715
Ndrg4 11.2209014853371 9.50747770774802 3.59958013557715
Tlcd1 11.2474012784098 9.50747770774802 3.59958013557715
Trib2 10.0008090282549 9.50747770774802 3.59958013557715
Tmeff1 9.69778497137973 9.50747770774802 3.59958013557715
Slc45a3 9.43159744181492 9.50747770774802 3.59958013557715
Cnn3 11.443040211062 9.50747770774802 3.59958013557715
6330403K07Rik 12.8691009204746 9.50747770774802 3.59958013557715
Celf4 10.0292018298118 9.50747770774802 3.59958013557715
Fa2h 10.7723426562538 9.50747770774802 3.59958013557715
Phlpp1 11.149792001142 9.50747770774802 3.59958013557715
Thra 10.629257965118 9.50747770774802 3.59958013557715
Fbxo2 10.3266610667999 9.50747770774802 3.59958013557715
Scara3 8.49764836073922 9.50747770774802 3.59958013557715
Amph 10.010981070721 9.50747770774802 3.59958013557715
Metrn 10.825975178082 9.50747770774802 3.59958013557715
Zfp612 8.99300435545394 9.50747770774802 3.59958013557715
Copg2os2 10.1054010158643 9.50747770774802 3.59958013557715
Armcx4 8.81811518491903 9.50747770774802 3.59958013557715
Gabrg1 10.9068228630013 9.50747770774802 3.59958013557715
Adora1 10.6039771599519 9.50747770774802 3.59958013557715
Abca8a 8.35622979314024 9.50747770774802 3.59958013557715
Nkx6-2 8.82859982846879 9.50747770774802 3.59958013557715
Atp1a2 12.1812196289114 9.50747770774802 3.59958013557715
Spag5 8.36221182066632 9.50747770774802 3.59958013557715
Gnai1 7.95243155369573 9.50747770774802 3.59958013557715
Rassf9 7.86310673763759 9.50747770774802 3.59958013557715
Tmem163 9.25965777721584 9.50747770774802 3.59958013557715
Tmcc2 10.5287321931718 9.50747770774802 3.59958013557715
Slc14a1 8.46949558575277 9.50747770774802 3.59958013557715
Hopx 9.86592005895528 9.50747770774802 3.59958013557715
Pacrg 9.55889840681021 9.50747770774802 3.59958013557715
Dmkn 8.86072259342473 9.50747770774802 3.59958013557715
Ptch1 13.0088346179733 9.50747770774802 3.59958013557715
Tril 12.948879400148 9.50747770774802 3.59958013557715
Mt2 11.8197887157786 9.50747770774802 3.59958013557715
Ppap2b 13.8680796414229 9.50747770774802 3.59958013557715
Rimklb 9.50796887433522 9.50747770774802 3.59958013557715
Bcat1 9.85121230020644 9.50747770774802 3.59958013557715
Pla2g7 11.4623266484261 9.50747770774802 3.59958013557715
Fmn2 10.0762884889564 9.50747770774802 3.59958013557715
Ptpn13 7.69559972990444 9.50747770774802 3.59958013557715
Rhpn2 7.83502147831843 9.50747770774802 3.59958013557715
Antxr1 10.8753977476383 9.50747770774802 3.59958013557715
Tekt1 9.32641747640563 9.50747770774802 3.59958013557715
Lrrc23 10.496066987993 9.50747770774802 3.59958013557715
Sh3gl3 10.6978548206877 9.50747770774802 3.59958013557715
Anln 11.0255478801778 9.50747770774802 3.59958013557715
Chchd10 10.3409680694103 9.50747770774802 3.59958013557715
Cd38 10.9147158727212 9.50747770774802 3.59958013557715
Abat 11.0828637776 9.50747770774802 3.59958013557715
Ppargc1a 10.4188890315299 9.50747770774802 3.59958013557715
Fermt2 11.7363810337791 9.50747770774802 3.59958013557715
Lrig1 11.6743370405064 9.50747770774802 3.59958013557715
Slc20a2 10.9651038019941 9.50747770774802 3.59958013557715
Coro2b 9.61920798463392 9.50747770774802 3.59958013557715
Tbcel 10.5010012382767 9.50747770774802 3.59958013557715
Erbb3 10.0942583874185 9.50747770774802 3.59958013557715
Nrcam 10.3695693035345 9.50747770774802 3.59958013557715
Neo1 10.7414324295913 9.50747770774802 3.59958013557715
Plekhh1 8.57099119535951 9.50747770774802 3.59958013557715
Limch1 11.4959899853422 9.50747770774802 3.59958013557715
Unc5b 10.191841074468 9.50747770774802 3.59958013557715
Stmn3 10.2172571193862 9.50747770774802 3.59958013557715
Gria1 9.98408918911134 9.50747770774802 3.59958013557715
AI464131 9.46213979381064 9.50747770774802 3.59958013557715
Fhod3 8.46552945648365 9.50747770774802 3.59958013557715
Elavl3 9.00270971516628 9.50747770774802 3.59958013557715
Cachd1 9.78295266628729 9.50747770774802 3.59958013557715
Cacnb4 7.75170390033088 9.50747770774802 3.59958013557715
Mapk10 9.95251199923175 9.50747770774802 3.59958013557715
Impad1 11.4974675497623 9.50747770774802 3.59958013557715
F2r 9.43748890130674 9.50747770774802 3.59958013557715
Fdft1 11.9981210023969 9.50747770774802 3.59958013557715
Pkp4 11.8248756229404 9.50747770774802 3.59958013557715
Ahi1 10.273136065177 9.50747770774802 3.59958013557715
Gli2 9.68383210557191 9.50747770774802 3.59958013557715
Sash1 11.9791136543321 9.50747770774802 3.59958013557715
Tm4sf1 10.7214153456546 9.50747770774802 3.59958013557715
Mlc1 11.3177154399174 9.50747770774802 3.59958013557715
Ndrg2 13.4961104960913 9.50747770774802 3.59958013557715
Klf15 9.10380057661773 9.50747770774802 3.59958013557715
Atp6v0e2 12.3656789765496 9.50747770774802 3.59958013557715
Uchl1 9.57964200800382 9.50747770774802 3.59958013557715
Tnk2 11.7971211493745 9.50747770774802 3.59958013557715
Gjb6 11.5883091995904 9.50747770774802 3.59958013557715
Efhd1 10.0296258384488 9.50747770774802 3.59958013557715
Bex1 11.79812140476 9.50747770774802 3.59958013557715
Scg3 12.4117509841921 9.50747770774802 3.59958013557715
Kcnk1 11.3311335095411 9.50747770774802 3.59958013557715
Heph 8.13020198977543 9.50747770774802 3.59958013557715
Sept4 12.2540835811557 9.50747770774802 3.59958013557715
Car2 13.4822619351645 9.50747770774802 3.59958013557715
Mog 10.728010129963 9.50747770774802 3.59958013557715
Kcnn2 9.68934276860416 9.50747770774802 3.59958013557715
Gng11 11.6097382451862 9.50747770774802 3.59958013557715
Ngef 10.4910145010907 9.50747770774802 3.59958013557715
Klk6 9.86416756528074 9.50747770774802 3.59958013557715
Rhou 11.7745909795498 9.50747770774802 3.59958013557715
Hsd11b1 11.0010697141449 9.50747770774802 3.59958013557715
Acot1 8.97086364761049 9.50747770774802 3.59958013557715
Itih3 13.7975601079007 9.50747770774802 3.59958013557715
Cyfip2 9.38947064684102 9.50747770774802 3.59958013557715
S1pr5 9.98903093910888 9.50747770774802 3.59958013557715
Gdpd3 11.0520134391516 9.50747770774802 3.59958013557715
Trps1 9.40827902960612 9.50747770774802 3.59958013557715
Zfp617 10.4088733208122 9.50747770774802 3.59958013557715
Cntn1 11.87681814844 9.50747770774802 3.59958013557715
Spock3 7.24113623925852 9.50747770774802 3.59958013557715
Ank 12.4690371923098 9.50747770774802 3.59958013557715
Rgs7 9.1443109670679 9.50747770774802 3.59958013557715
Tagln3 10.0082129024031 9.50747770774802 3.59958013557715
Scg2 8.29127906999731 9.50747770774802 3.59958013557715
Car14 9.92536211426413 9.50747770774802 3.59958013557715
Cdh11 9.80893579591035 9.50747770774802 3.59958013557715
Fabp7 11.7179739298082 9.50747770774802 3.59958013557715
Wnt4 9.84728025699439 9.50747770774802 3.59958013557715
Serpinh1 9.81858481917468 9.50747770774802 3.59958013557715
Gpr37 10.7285190055942 9.50747770774802 3.59958013557715
Cacng4 10.4457099204338 9.50747770774802 3.59958013557715
Psat1 12.3766727400348 9.50747770774802 3.59958013557715
Acsl6 11.9026352819757 9.50747770774802 3.59958013557715
Zfp521 8.7871667131117 9.50747770774802 3.59958013557715
Dpp6 8.26218659668601 9.50747770774802 3.59958013557715
Spsb4 8.53292371327841 9.50747770774802 3.59958013557715
Dbndd2 12.755434926368 9.50747770774802 3.59958013557715
Pcolce2 9.45836500409454 9.50747770774802 3.59958013557715
Slc1a2 9.31343771683946 9.50747770774802 3.59958013557715
Slc6a1 12.1158991441926 9.50747770774802 3.59958013557715
Nckap1 12.6654931601729 9.50747770774802 3.59958013557715
Farp1 11.108603182604 9.50747770774802 3.59958013557715
Csgalnact1 10.4187491606032 9.50747770774802 3.59958013557715
Plce1 10.028745905764 9.50747770774802 3.59958013557715
Adamts4 8.99669709504295 9.50747770774802 3.59958013557715
Zdhhc2 9.049216603419 9.50747770774802 3.59958013557715
Fam213a 12.7986388395607 9.50747770774802 3.59958013557715
Slc22a23 8.91788738771153 9.50747770774802 3.59958013557715
Gal3st1 9.02345475578511 9.50747770774802 3.59958013557715
Fez1 12.6983276874771 9.50747770774802 3.59958013557715
D430019H16Rik 9.54129219282373 9.50747770774802 3.59958013557715
Adcy2 11.0209121738345 9.50747770774802 3.59958013557715
Mag 11.6178254167042 9.50747770774802 3.59958013557715
