Uhrf1 9.53427432476441 5.59115015567631 4.22239291130309
Dpysl3 12.8837712643463 8.90648261193724 5.06677746129366
Nasp 11.6288470631536 7.96906340803329 6.24970728120448
Rrm2 11.6111642006541 7.66690453212818 4.31337093373481
Nusap1 10.6922193016853 6.07077151673366 5.10138901365936
Ezh2 11.1580666609765 7.75354127727354 4.63985224311699
Rnd3 11.147304665057 7.51088054097779 4.30901409566392
Ccna2 11.2214637710139 7.3860342543853 5.4135737396657
Dcx 12.9992884069284 7.98461385911224 4.87315578641304
2810417H13Rik 11.482242210821 7.28555744141946 5.19596660946412
Igfbpl1 9.97989734602987 5.85263020512358 4.9288950942943
Mki67 12.2894855558827 7.36839424356177 4.95366970244729
Cenpf 10.1337691740404 5.55899311041697 4.6326747163638
Smc4 10.5176275690196 7.02393007415223 4.38626371030919
Top2a 11.6433083587303 6.76244044969924 4.52172896050867
Cdca7 11.4007435849176 6.24956058547595 4.90021727342997
Trip13 10.4075548492614 6.7606197302502 4.99268381570153
Kif2c 8.54458335727805 5.20210543913063 4.13222860306069
Sox11 12.1901352007152 5.74826679461306 4.08952173088687
Cenpe 8.34767451096559 4.1900848287662 3.63280321380225
Pbk 10.9766873691486 6.9134457855189 4.83484164325533
Dlx1 13.2290397628289 9.60851433402111 4.23845640656334
Cep55 9.32947005437654 5.83270405748667 4.45302788488761
Ube2c 9.80516240401687 6.20103960510828 4.56320837258757
