Golm1 13.1709345745481 9.48825141781856 7.13410042496087
Dusp6 12.2043335698759 8.64378683910049 5.3769885178037
Tgfbi 10.1729708775644 6.54800861298676 4.16418401928713
Junb 11.5780026398467 6.38710056862191 4.84721572990262
Lcp1 11.8463632704423 6.94129420379507 4.3033384980528
Txnip 13.6993914736524 8.86376520322638 5.72002381178358
Cd34 10.5911587485583 5.12835234297422 4.59169534859184
Tpst2 11.1246231388186 7.66052004593699 7.33190223611722
Cd83 13.2264749464343 8.47011017616482 6.08412989611169
Fkbp5 11.3757997333897 7.7045596412664 6.31360544452246
Sipa1 11.1257432146877 6.82525543568489 6.10712140704717
Btg2 11.4968904593275 7.16892295789906 5.51381291098779
Ctsc 12.6065842886925 6.07640630329968 4.12058890903801
Ier2 13.4150634942812 9.01296772838388 6.86373334454985
Socs3 12.8363611039744 5.33122801786325 3.96561916567248
Scamp2 12.0782300087712 8.27953125169489 6.62882599249925
4632428N05Rik 12.9592128362635 5.79244787255907 4.81703561732985
Spint1 10.3415667614487 6.52251206839139 5.12497336206241
Slc2a5 10.7506339487812 7.35371422177901 6.26914322848396
Irf8 12.5606886061131 5.7278935230319 5.36496007007885
Dnajb1 11.4072973894197 7.72365955038348 6.98096755931445
Parvg 10.3224146114506 6.62620755463239 5.31534045205054
Mfng 10.1100884876208 5.87480292527053 5.57520581651687
Slc40a1 11.6365802495677 6.07526225052535 5.046669684018
C1qb 13.3846079047961 4.96212213612193 3.84415528864949
Ccl6 10.223717633042 4.72981273670045 4.09833685638423
Cd14 13.3052539164274 6.5533594129082 5.62784502351321
Pycard 11.8185468367102 7.52917867879991 4.89639270079144
C1qa 13.2380236204344 6.32478508024667 5.37824855043724
Slc7a7 11.052383619296 5.86383848887335 4.96685967420028
Klf4 12.698526861476 6.75622622929506 4.86639724499442
Jun 13.1567215574815 9.15160777487218 5.49723041405901
Srgn 13.2509970787582 5.989740608346 5.05069960088599
Nfkbiz 12.6860754101133 7.2581684222505 4.61496671869815
Tgm2 11.7718766956168 6.70196286745058 5.43194132532247
Plek 13.0669588958399 7.52065574270976 5.94699658053783
Rgs1 11.2541972267774 4.79250113371062 4.33491288558587
Ier5 13.0591463203827 8.82473228011638 7.59517619559589
Cd79b 8.31573716498709 4.92140543410184 4.66641076102302
Naglu 9.26626288253695 5.8567581853745 5.17361016071126
Laptm5 13.2497958585741 5.97929491398707 4.61101433178269
Rgs19 10.139947557409 6.73252040200312 5.9242249576578
Ctsz 13.0341451754765 8.88181020634293 5.90383322795419
Fcgr1 12.3056772228307 6.14100753387893 4.31727088388762
Slc16a6 11.601886645942 7.07112936706366 6.09585625518356
Ccl9 11.5606702750711 4.80065344449863 4.57750062160271
Trim30a 9.82440837349698 5.698002951912 4.89198807296719
B4galt1 11.050190662426 7.10821990991611 5.75199426582937
Nrp1 10.4416176811946 6.06776385177001 5.01740221569465
Tnfrsf1b 11.5849644137814 6.72886344105197 5.80400915556475
Inpp5d 12.5199395399242 6.88833499425263 5.62316426024648
Tlr4 9.52419084436795 5.87411015385946 4.29712428554094
Pmaip1 7.94812896443572 4.33436878619339 3.86404702861372
Aif1 11.8782125697407 5.24507513160342 4.71766110180949
Syk 11.2305153374971 6.34343836905182 5.68591011755601
Klf6 12.1614928848338 7.136739922939 4.65799851274441
Crybb1 12.3010895138039 7.00572114007843 6.41833682304934
Fcer1g 12.6409109862305 6.19844976492282 5.41896971224438
Ctsh 12.8519091129382 5.67292717480303 5.012271525316
Gpsm3 9.66649074936397 5.65767313676747 5.35048839452872
Ncf4 10.7081144474155 5.25392550557383 4.93330556264514
Ggta1 10.3145780373454 4.34052940618376 3.95816749864419
Lcp2 10.3889718130272 5.48661509077631 4.78619229590388
Ngp 12.4329204009581 6.48428391026435 5.11538081847524
Spi1 10.2850028049619 6.81173487626283 5.97357034440854
Atp7a 10.1404314445784 6.49302307251953 5.174080036923
Csf3r 10.4703586336665 6.2900743721723 4.89795785311756
Ms4a6b 11.1222234312687 5.09934893052277 4.61242632945944
Hcls1 8.83239317939796 5.15160947155332 4.63007681148123
Pabpc1 11.1513836653323 6.30513844650599 4.14239959410729
Cebpb 11.6879517821222 7.95993782904763 6.5359655665637
Cxcl10 9.83264446685726 5.6520773025878 4.91751203012534
Maff 10.2395219098757 6.57838805012988 6.02654088758342
Cysltr1 9.33333349087416 4.09750555765395 3.90402691815969
Cebpa 9.88957255483431 6.42485772216911 5.1695801725663
Lyl1 9.97533629065994 5.61552812760597 4.88801448129863
Ptpn18 10.4025712369028 6.53173546784151 5.98407288937012
Tlr2 11.9268402473875 6.36452291837374 5.36286869539853
Serpine1 9.52331793271942 5.4926449348104 4.41591134181341
Mlxipl 10.549742788076 6.30277347661305 4.5130750506805
Cd37 10.9048574016166 6.15521775971545 5.46420801638339
Map3k8 10.2849700718244 5.5020792607212 4.69551272589661
Rgs2 12.8270914592276 9.23132438379541 7.32149938736532
Myd88 10.7278217724093 6.61879397218652 5.41898168189788
Ccl12 10.5112043294489 4.65707286077151 4.2829956325896
Arhgap4 9.36525554969312 5.7684620388466 5.31058743396994
H2-Oa 8.7917936065526 5.3811005175059 4.95206148189701
Pon3 9.20297150005047 4.41698024970828 4.14655551401756
Slamf9 11.1882832385642 7.69978309412951 6.11199235182157
S100a8 13.0395448654869 4.95440956123225 4.76824289796451
Il10rb 10.7116513838826 6.73878660399675 5.18879531364843
C3ar1 11.7072754362155 6.16803177718248 5.01999668433496
Ripk1 10.1243899929041 6.80015001851155 5.4727047068312
Fgd2 12.1304825880125 6.12593982865359 5.70613643760872
Ccl3 13.4953964323281 5.05404152854257 4.53540517629955
Ms4a6d 11.3799791784438 4.92007229986389 4.58623714610391
Camp 12.113738407204 5.79743716520937 5.34000066062726
Klk8 10.2464469222101 5.7463047906575 5.37624786977189
Chil3 11.1159878878753 4.42729470332532 3.87754152480374
Arap3 9.86775374576886 4.54216098807114 4.09559714771975
Tlr7 11.2112407400947 5.64654309622949 4.64740376643513
Csf1r 14.0460007158016 8.96509188669982 6.58248857264292
Rab3il1 10.4710400563943 6.92102823381311 6.27236735344843
Slc11a1 11.4154854568916 6.28535148788844 5.2102522364506
Ccl2 9.49866288250659 5.49120398886134 5.06364588147403
Cd86 11.6419705628058 5.28121482771934 4.80715250872365
Gpr84 11.5935377294956 6.20790574766211 5.27991173281734
Tcirg1 11.3257053795282 7.26399896024589 6.5336146702288
Trim12a 8.5835260320544 4.30524208795685 4.09284618287576
Zfhx3 11.2942984484453 5.49725129889019 4.43653100111273
Slc15a3 11.5219827541908 5.63029104165634 5.309512155543
Clec7a 9.36335652990378 5.38594756478575 4.60828847225066
Rel 9.30153835661437 5.27680047809118 4.70262485191253
Tgfbr1 13.4953964323281 7.06911427322187 4.61334593644178
Adcy7 11.9646243532397 7.83315845789892 4.3605491139224
Rbm39 10.4094928984617 7.07084744102445 4.63450998395373
Lgals9 9.80576100376818 5.98245978497187 5.09442421235381
Trem2 11.528689695107 7.55732237392039 6.13033050685408
Myo7a 9.61565808015342 6.28388845337395 5.27527663590578
Birc3 10.7521481640029 7.27070905218072 5.9919043765011
Igsf6 8.68495551282954 4.53622299095221 4.16733346600183
Samsn1 8.95535277925432 4.65016148618617 4.40932344054167
Il1a 10.5450729398403 4.45967546556792 4.05537611409292
Hpgds 9.14123713383759 5.66066244374433 5.12051823838556
Naip5 11.1347547074536 4.52996302046469 4.09838420364028
Ccl4 12.7516225784521 7.2520337018731 5.37239735286936
Itpr2 10.8613975316724 6.83570580098762 5.34690203734344
Stat6 10.5031698578152 5.62651591254445 4.63148796939464
Abca1 12.0785728549459 8.33186886838904 5.60921037884621
Dapp1 10.626591308075 5.063908618474 4.82180166338528
Clec4a2 10.1190075949126 5.09180477196726 4.80797868197663
Fli1 10.0832277034328 4.60666306726529 3.84554476996461
Ets1 9.75745818736726 4.75281068289068 4.04447176875164
Ptprc 12.4215732421658 4.4019944716519 4.20954047419696
Fosb 11.9818678393755 5.54034812908253 4.7155521288923
Ccr5 11.7087776692335 4.64997891356485 4.39104554269873
Il6ra 12.6405285425734 6.34129008995406 5.74396933668234
Pla2g15 12.3512186582331 6.97823142387201 6.01245129449932
Itga6 11.5906633280243 8.25516283848027 5.77340680239211
Ifi30 11.4062018650154 7.7396017253459 5.55488562284413
H2-DMa 11.3395300052483 6.78370437576053 5.78727452210575
Gpr34 12.142699851518 4.05331047580503 3.77899802803983
Rrad 10.0026571297703 6.0369955528979 4.8509542650696
Rnase4 13.0771643703574 5.92875240956265 5.2042906302448
Hfe 11.3196450739578 7.84656488770693 4.83414674476231
Pik3cg 10.1537853547168 5.57822005997228 4.73773225323896
Dock2 8.86389566600281 5.42810584152936 4.93307471090307
Mertk 13.0985151577591 8.11324613741803 5.28834227617068
Cd84 9.96224237530016 4.79961569235101 4.4733187320758
Ly86 13.8305038298173 6.44214821563316 5.37828407709315
Vav1 10.4997459843954 4.49220778379651 4.10198303594666
Pik3cd 8.99966364024255 5.62148714554418 5.10817304589803
Cfh 10.8438396260437 3.8419656935618 3.4912580351594
Tnfrsf13b 9.66545251361214 4.81331993019468 4.26194402065949
Hhex 10.060418644213 5.48702944536232 5.03454298765856
Entpd1 9.58873000960094 4.72279787851867 4.22347723623811
Ptgs1 12.1626150793908 4.88660347102252 4.5645936260042
Frrs1 10.6966078261321 5.62051282892034 4.85334963590915
Lyz2 12.5660138290276 6.94029073926222 6.16716111934374
Ctc1 11.7422487728519 7.64686753867298 6.79595946699851
Unc93b1 11.3066168079527 7.27732963410617 6.0826475120166
Hvcn1 10.2856187487951 5.93000545405059 5.42510798183061
Edem1 10.5644676490564 6.6822833460667 4.34705972957086
Icam1 12.144222640413 4.97031984310922 4.56932737044309
Ptbp3 11.2952745829932 7.7881872370607 5.4546359516691
Rcsd1 12.3223507478265 7.54682806585112 5.94212837277026
Tmem140 8.46080936763924 5.0815876431392 4.42840646919486
Cd177 8.01898297885642 4.55767305889513 3.91350536383067
Casp8 9.83591177234681 5.34398687952648 5.03138563449099
Tmed5 10.4601759587631 7.01070438762503 4.97769762706381
F11r 12.1638127271072 7.77216291030482 5.43389107641135
Glipr1 8.88148604367629 5.2454117044452 4.98529615846019
Lpxn 10.730982217212 5.06567492649901 4.43770571929818
Siglec5 8.337886172674 4.17150349884133 3.75072901119711
Fcrl1 9.27554865404005 5.64410567701339 5.11834454707051
P2ry6 11.5909433501351 4.64355768599341 4.23043976087768
Ighm 11.6041085325057 7.19513466797471 5.83040742278417
Tgfbr2 12.4312251246194 6.29513501466352 5.0086376003992
Ceacam1 8.73427463823456 4.74591970032347 4.02086769681067
Ncf1 9.01873662127703 5.52369751481558 4.96366221942766
Il13ra1 9.69650941211153 4.82508684882044 4.31811863541266
Adap2 10.4876327911899 6.13649574693349 5.26155290727727
Capn3 10.437566906065 5.02743026472479 4.18302074690026
Gem 8.28009388336886 4.14780757094093 3.84304231967773
Vwa5a 10.3690918760756 6.76040604788089 4.72111203837838
Arrb2 11.5161791808491 8.0635357693417 6.57503449874081
Pros1 11.4244912078995 6.23490015654459 5.31750458496446
Arhgdib 10.7800288131728 6.90686684996087 5.66268951511024
Arhgap17 11.0358082941061 6.86573502603128 4.99510979826603
Trim47 10.122871565472 5.23380590978076 4.86746833218285
Sash3 11.2528818012755 6.23673631614274 5.16000550753576
Themis2 9.94919523666928 5.43217156995473 4.90207892012256
Mpeg1 13.5339312443488 6.32467926550586 5.7037789306058
Cd48 9.99176185857167 4.70465523590453 4.33971624344503
Akna 10.5978331936346 6.75046383585116 4.85844175946099
Fes 10.5840546362038 7.038068789089 5.51793211926311
Cep152 9.68353142517718 5.71567195484513 5.47524107989952
Egr2 11.2144151601674 5.22376098992073 4.40399993930194
Ccrl2 11.4107831106411 6.83210578070942 5.51596736293841
Lcn2 11.7182561949748 4.41437311024427 4.15669785541656
Hbb-b2 7.86146929235822 4.45586216410399 3.98578790615589
Tmem173 11.1696407087511 6.94014369455246 5.55592563936565
AF251705 12.0057126252299 8.15545243803378 6.15408919061173
Hmha1 10.4487011332694 6.27572321835914 5.64958991781902
Gmip 10.2055870255081 6.3543423809655 5.55718405171353
Nckap1l 11.1526856630168 6.30154569020825 5.08467917571175
Abcc3 9.7509259850256 5.95013147701757 4.86454731468299
Rhoh 10.7637079698635 5.42235329555444 4.69800365049827
1700017B05Rik 11.7522974287947 6.56912762351883 5.54839247576733
Gusb 11.4803411718158 6.87443330655999 4.66674856390318
Lair1 10.6612900224916 5.46199873840331 4.77682179194061
P2ry12 12.4385715566921 5.30405546457991 4.23687865492883
Epb4.1l2 12.5432840929574 8.983836354643 5.03358406433399
Pld4 12.1700437011819 5.71921112951805 5.1798233474227
AU020206 9.79768698851007 5.54040011363531 4.82839999145162
Fermt3 11.4207362066657 5.11887082919812 4.45544067259448
Ankrd44 11.5679366187782 7.45548453249423 5.58803106867513
H2-Aa 11.2644036954394 4.85728919031083 4.46734500452089
Fam105a 11.8820924454901 6.82029901139766 5.47886672342491
Herpud1 12.5116726598182 8.99855305039769 7.63698094488539
Cd300a 10.0530239896872 5.43944582285873 4.81249874471673
Lyz1 12.2502412289951 5.24919595646399 4.46504328492041
Clcf1 8.68466038510135 3.96732050870345 3.75610376099203
Zfp36l2 12.4004422821899 8.97967305023527 6.04901961088063
Il10ra 11.9867649941734 5.10707902956376 4.74246142422838
Hexb 13.9214339669789 9.1514298084351 7.31785481108369
D530037H12Rik 10.4018822600769 5.61032028894798 3.95760580424507
Rab20 9.64744268247702 4.5766938252683 3.80548502831093
Grn 13.6303783372944 8.33861986333865 7.29286421346806
Fam46c 12.2421510197398 6.68397436543355 4.28257293114889
Ctsa 12.9644748360344 9.20863487824736 8.20568102280086
Pald1 11.0128320429645 7.21755067453267 5.88511618887454
Ifngr1 12.016051864462 7.8537699640237 7.13525398858485
Tcn2 12.1195930224409 8.37122387223383 6.44031242798911
Anxa1 9.64055143138413 4.98210713324021 4.5230562236083
Ppp1r15a 12.6593601245383 8.24836286159883 7.62383479091171
Olfml3 13.5644607358692 6.87606352824069 6.08851680049704
Ncf2 11.109264808914 6.27346249727631 5.73834930029107
Il7r 9.22711297999003 5.85797099631315 4.65832301422077
Ctss 14.1223387589978 6.99450750608953 5.23177238670563
Cd53 12.6270729328698 5.6126267655842 5.03354051747614
Fcgr3 13.3874319809845 6.34018815164792 5.34528906660831
Hps4 12.4456398299555 8.6668428315088 7.91187008651721
S100a9 12.2965410503709 5.59108142743794 4.49741899068515
Lgmn 13.4068999504885 9.15919486319132 7.73694526924868
Klf2 12.9915058739807 6.20551967017424 5.42689710635514
Fcrls 13.5200887013828 6.53422951796155 5.32310718834226
Tlr1 9.55990391864875 4.63956845303977 4.11768210348923
Selplg 13.492313873689 8.16460632223075 6.08525011676692
Cd68 12.2825968841945 5.23823329482872 4.49611751431169
Ebi3 9.38512048892932 5.74781183704106 5.06332712679244
Csf2rb2 9.46516272602394 4.94559448158158 4.3513153908603
Atf3 13.3007390383143 5.47418861229879 4.77737097355969
C1qc 13.5695399365939 5.57338372670892 5.07160697142796
Chst7 11.0545300964632 7.15118936734974 6.17589706161911
Hck 11.7192724128215 6.56907386298777 4.9783288083442
Casp4 9.17977855891737 4.34400935588448 4.01033495414591
Ehd4 10.2769858985773 6.86107667166271 5.10964505788202
Lag3 9.94342037341401 6.07285239307055 5.39968940583983
Cxcl2 10.9236295592129 4.32542192082446 4.08673068584085
Ltf 11.9771261319803 7.4333404506754 6.27328957006023
Cx3cr1 12.8322911670036 6.50328004646753 5.24923942736377
Stab1 10.7835801182221 5.78648112275527 5.20852293773487
Il6 8.3523884587654 4.1509455363119 3.78098993217844
Pdgfb 10.6620659529342 6.3381946579608 5.3324784926828
Mrc1 8.47267687587698 4.32264748591436 4.01268745456517
Itgb2 11.8281947861841 5.16685850793485 4.58285472311085
Adamts1 11.3973807177838 7.66116013271486 5.47071285828425
Ang 8.67340897437916 4.35811738954389 4.04539194584826
Tyrobp 12.9035612805634 6.11602459462805 5.37481297305898
Ptplad2 9.63817330010533 6.18352579346519 5.36899204749704
Slc29a3 11.6835560124248 7.52252799236405 5.21497688607081
Emr1 12.777781853873 7.93295677652761 5.49285003202328
Nrros 12.3519497751025 7.07881803663604 5.51144790483411
Tmem119 13.699678559052 6.90816247124512 5.43747233851334
1810011O10Rik 8.37120216738482 4.5713009845767 4.31904134883231
Parp14 9.10437062254361 5.64637970799916 5.11648767279308
Havcr2 10.710530075929 4.64430930419148 4.10910184605541
Alas2 9.97256535353661 6.06318561185426 4.8442868917274
Cmtm7 10.4036329494645 6.7149041270253 5.25504704256837
Mafb 10.9849900615298 5.7983646346246 5.18777250839327
Blnk 11.8079240962002 6.05324772840408 5.27083926745144
Alox5ap 12.5749967599795 8.62857361226999 6.0724128103197
Fyb 11.7159427823204 6.81503660976415 5.85452011397686
Ctla2b 9.94438247489242 4.35848728180062 4.0518934906627
Hspa1a 11.9245276178108 7.23907373896728 5.93693864891295
Zfp36 13.4960506681509 7.82439629525566 6.07753941977425
Abhd15 9.92497435981129 6.2479085752116 5.02851014547291
Cyba 11.7749627835735 7.99181129001116 5.22803583186152
Ptpn6 11.3292345329635 7.60517756486714 6.32826188093947
4833441D16Rik 9.33372525445037 5.968221234878 4.67234681677325
Tec 10.1967601761071 6.78412751212422 5.36069258129839
Cd52 8.83934325002235 5.20210845109068 4.24977756271086
Irf5 10.4417221455899 6.23160392446624 5.58139701431535
Naip2 10.8151812852359 4.69849595731464 4.36456034258891
Anxa3 12.9131833282778 5.78888244418828 5.23240130400372
