Aldh1a1 13.3271047502939 8.83639814303718 7.3380080102475
Slc6a3 12.2373434865181 6.66637972106902 5.32069861109172
Amy1 9.62255662895084 5.20085862400021 4.26102482000977
Col11a1 8.17360455910188 4.58638139279341 4.37451331638381
Sptbn1 12.1066132598577 7.78919301171356 7.52524974496975
Pclo 10.460590675012 6.75282135851453 4.16095266183302
C78859 9.20004676579336 5.09054206943819 4.19264309922194
Th 12.8479786978374 6.85230185768718 6.37675181627083
Lce1i 10.4786984144046 7.10593191431146 7.06265267349283
Mobp 12.3958476472298 8.68907225764174 4.77584970486148
Gcnt2 7.57565127434193 4.18774359514959 3.99321274931267
Prkcg 9.72429420479895 6.04199599557089 5.82377811672642
Tenm1 10.0596281288927 6.52607996201974 5.230349556003
Syne1 10.7082890463446 7.03433376856654 5.41030377973355
Foxa2 9.0367576604017 5.49501596290079 5.09925258989498
Parm1 10.0387333753636 6.69019571274496 4.883784520812
Ptprd 11.9623335422352 8.40004971988617 4.88303478949701
Meg3 13.1776256494711 8.63060579645735 7.43611036887689
Ryr3 10.1659793957496 6.50311864379849 5.58660259534807
Rian 10.4177857753675 4.80740205322926 4.53719789478756
Snhg11 13.1384011667283 8.23844008309405 5.53072100695146
Col6a1 9.49006514770578 5.84239608312941 5.65804820339655
Chrna6 9.3943502710361 5.61369323174211 5.3448075179859
Cacna2d2 13.0997251125851 8.8180496813127 6.09289363913205
Cadps2 12.7018427460246 8.17523980944911 5.2858427762905
