Apod 10.4074201632571 6.64158501538235 6.52921096082449
Cryab 11.8042931500583 8.13272011522964 5.98178316621349
Tppp3 11.0485018778841 6.29265089188151 6.05188372446234
Ntsr2 12.3437684650549 8.47819366618879 5.53528029183511
Mal 11.7116724813328 7.36095418038879 6.55012347748784
Ppp1r14a 8.98690490167047 5.10455791294022 4.63310528987546
Aspa 9.26336718910867 5.68917280711862 5.65240689150107
Ugt8a 10.7753000747153 7.39187523488288 4.28212134295299
Ptgds 10.2837512166246 6.41679485894237 6.01571134796179
Atp1a2 10.3727643050494 6.7299373094481 5.00471783385714
Mog 8.23385873767243 4.82439710700431 4.22895818578005
Itih3 10.5289177381347 7.19133964333203 4.98457529318457
Pcp4 11.9189451275884 8.22723957618328 7.11213413664437
