Golm1 13.1792932323564 9.521439911533 7.12636818662859
Dusp6 12.1118170992931 8.64378683910049 5.20927351419773
Tgfbi 10.214108505107 6.45773065608613 4.19435778014557
Junb 11.5499826198348 6.47033640925636 4.86939326226586
Lcp1 11.9186828085383 7.22548475059003 4.31871729217987
Txnip 13.6926905825169 8.86376520322638 5.78808245199676
Cd34 10.4821943254353 5.11243711683733 4.4522423424692
Tpst2 11.1108919206009 7.66637989787607 7.24142622921669
Cd83 13.2161047162533 8.48258038340129 6.08412989611169
Fkbp5 11.7347664490302 7.67707892789105 6.31360544452246
Sipa1 11.028832104782 6.96787159401596 5.99880798261277
Btg2 11.3906424677534 7.24174622590145 5.51381291098779
Ctsc 12.6108642775907 6.07640630329968 4.27923390498438
Ier2 13.4029366730924 8.95383173083029 6.86373334454985
Socs3 12.8477426387797 5.25103789749973 3.93495403110053
Scamp2 12.1490850674193 8.27953125169489 6.82607710562332
4632428N05Rik 12.9633024758073 5.79244787255907 4.87402692766657
Spint1 10.3283172527647 6.53505032104404 5.01334873690608
Irf8 12.5462653592052 5.84887843442064 5.31644382012538
Dnajb1 11.2409766690475 7.69321310842085 6.92642349939165
Parvg 10.4281853264487 6.63464654955453 5.37565012162608
Mcl1 12.2077605709068 8.84863690507708 7.14304877580546
Mfng 10.2459357618163 5.85573766758984 5.48666709408499
Slc40a1 11.6873175794834 5.9740854832069 5.09747612743643
C1qb 13.3809165744448 5.02547624455597 3.84415528864949
Ccl6 10.4831140019336 4.65599419669752 4.04339563231897
Cd14 13.3794861542207 6.47091707058194 5.77351606637265
Pycard 11.7530559991681 7.52917867879991 5.01742218993397
C1qa 13.1874316054276 6.70672629714449 5.37824855043724
Slc7a7 10.9326702827516 5.85826026956003 5.01546351147905
Klf4 12.8356975471887 6.66937786154752 4.86557911575902
Jun 13.1513958362792 8.97116870037287 5.37920895784938
Srgn 13.2795222117037 5.86210803098061 5.16874640070293
Nfkbiz 12.6921044506167 7.2581684222505 4.556845071698
Tgm2 11.6702792723547 6.80883981826209 5.4401917598354
Plek 13.0385446953369 7.44647023685419 6.01350728543857
Rgs1 11.3590498478886 4.79970189943351 4.40127371698428
Ier5 13.0447369736646 8.78020688820654 7.54731656814443
Laptm5 13.25292607905 6.16169475591566 4.58508346985884
Pygl 8.54904715943291 5.20520576456062 4.20778067629962
Rgs19 10.0869225771368 6.73252040200312 6.09002954570425
Ctsz 12.9968566741552 8.88181020634293 6.07713799016641
Fcgr1 12.2955371160684 6.19373957401894 4.30848169301377
Slc16a6 11.5647594820405 7.19010069518464 6.17580179698973
Ccl9 11.4677327663853 4.76846791203409 4.59081851606479
Trim30a 9.81298833801394 5.95738804000898 5.01481455460783
B4galt1 11.1336165305587 7.14307161350635 5.76965565114465
Nrp1 10.6812295061732 5.88558518643168 5.05808069493973
Tnfrsf1b 11.7452188608572 6.54599016764847 5.82252481335421
Inpp5d 12.4577394438636 6.79789519793765 5.61994608217628
Tlr4 9.57555684780965 5.87411015385946 4.25101202570398
Pmaip1 7.97566326054479 4.4952148704225 3.75842407911244
Aif1 11.8214348072249 5.22759364975086 4.7560189306882
Syk 11.3160084368777 6.23056894586624 5.76927907487506
Klf6 12.2250639567383 7.07998974297141 4.86073340490386
Crybb1 12.2648088011919 6.91918509050534 6.41833682304934
Fcer1g 12.6718396223893 6.16913901615002 5.45273155370183
Ctsh 12.87251521366 5.59446821538442 5.012271525316
Gpsm3 9.55595780536678 5.7057774068906 5.40484851229384
Ncf4 10.7292352869563 5.36519860573217 4.86747479694622
Ggta1 10.3002208247185 4.30427451118412 3.90091234773851
Lcp2 10.4089431447829 5.48661509077631 4.76871200253365
Ngp 12.7574775005176 6.50598926658759 4.99639014269153
Spi1 10.4190424481911 6.853561606848 5.95818465279383
Atp7a 10.2141459779396 6.52832906836124 5.11367346393669
Csf3r 10.4683520496493 6.26782946901017 4.85919899809525
Ms4a6b 11.2554621340409 5.27566796725576 4.69741398374316
Hcls1 8.70906636115833 5.06184443010983 4.61057720434871
Pabpc1 11.1781404360411 6.31218121344443 4.14239959410729
Cebpb 11.5932508063623 7.89621954300686 6.39389063526993
Cxcl10 9.72683118350032 5.6520773025878 4.90197715415023
Maff 10.2074887860116 6.77276424161732 5.98941218475795
Cysltr1 9.25437959121948 4.12143977280492 3.90402691815969
Cebpa 9.84230025530157 6.42485772216911 5.12546643204463
Lyl1 9.96552235514374 5.42961975247093 4.83060475823475
Ptpn18 10.3344380846283 6.55480082185458 5.98407288937012
Tlr2 11.9276981137555 6.37722953361112 5.44138561457108
Cd163 7.96377468160987 4.45993960128225 4.0430666284676
Serpine1 9.65311808101758 5.43808417040769 4.34352568612277
Mlxipl 10.5385226388773 6.55430327998115 4.48221852054998
Cd37 10.9003612304416 6.14928708794753 5.59153612394324
Map3k8 10.2772018482877 5.65817392112599 4.62130401982187
Rgs2 12.8588029707337 9.23132438379541 7.33185864312905
Myd88 10.6605178444686 6.61879397218652 5.73131112336864
Ccl12 10.6391731596107 4.76458186139614 4.25638264190447
Arhgap4 9.32893709991249 5.81580660324107 5.2300210275404
Pon3 9.25424963832735 4.47112645923397 4.21828113922365
Slamf9 11.1460693903532 7.63424789465418 6.02392458915805
S100a8 13.1710031765985 4.98870901310376 4.81518600956334
Il10rb 10.5493104181091 6.73878660399675 5.17943790418997
C3ar1 11.7048817822179 6.05148133470955 4.99770718379531
Ripk1 10.2351943744533 6.80015001851155 5.4889715958783
Fgd2 12.0963667807367 6.1419828840466 5.70613643760872
Ccl3 13.5359936909524 5.44078671893735 4.4259759378789
Ms4a6d 11.4841310922632 5.10045139473693 4.6331530467519
Ier3 13.5124048716238 10.1691045963 7.3153446006937
Camp 12.4507582747533 5.71351969790715 5.27828369907259
Klk8 10.1827990465209 5.79877355275575 5.37624786977189
Chil3 11.4871946767607 4.44651276495444 3.87754152480374
Arap3 9.99309938625579 4.50899839183301 4.06671285568367
Tlr7 11.1537008662761 5.6564868752677 4.62978447468038
Csf1r 14.0292728577336 8.32420268485695 6.63591504485706
Rab3il1 10.3829864041852 6.88784101393622 6.18402498542769
Slc11a1 11.3948658681908 6.40364821548836 5.2102522364506
Ccl2 9.3887194295731 5.51945413365882 5.19337762663275
Cd86 11.6527693006629 5.20322802482323 4.82912682456544
Gpr84 11.5263505075912 6.16143414781199 5.19004974086507
Tcirg1 11.2860007996333 7.24121837006149 6.53344979494441
Trim12a 8.39694276788024 4.37720478817389 4.09284618287576
Zfhx3 11.2191522315493 5.68219292289256 4.4579425205757
Slc15a3 11.3995649353571 5.56709762817113 5.309512155543
Clec7a 9.25038759656192 5.27455756871195 4.67643492329521
Rel 9.43208070521036 5.38570460987044 4.81824648109545
Tgfbr1 13.5090583473981 7.2112211477802 4.7469440423284
Adcy7 11.9949098164077 7.86265891773863 4.3605491139224
Lgals9 9.69958847858634 5.88867862304112 5.09442421235381
Trem2 11.303795824757 7.39898890113015 6.08863874405375
Birc3 10.6915102166933 7.28385268666292 5.99570998456235
Igsf6 8.83394697282607 4.53622299095221 4.15825501607238
Samsn1 8.81738530496463 4.80377863135858 4.40932344054167
Il1a 10.5376640185961 4.3685199790616 4.03211358237387
Hpgds 9.22775583355141 5.41003889858599 5.05746575092485
Naip5 11.0978070538461 4.8431558518862 4.09838420364028
Ccl4 12.6588721873418 7.28216694942549 5.29167960584503
Itpr2 10.8475742428576 7.20294200904557 5.26811244156595
Stat6 10.468465477124 5.63521093657508 4.46307463005189
Abca1 12.0542577742267 8.33186886838904 5.54053700437315
Dapp1 10.6129812986097 5.06278073251579 4.85745780915308
Clec4a2 10.1399334143348 5.12969345472179 4.86907381282687
Fli1 10.1221580891138 4.5919673179863 3.88494308179406
Ets1 9.52298260959165 4.64075918384985 4.01603026239865
Ptprc 12.4924457080349 4.54103006990303 4.12727362429327
Fosb 12.0153263432166 5.47944669653423 4.7408585753261
Ccr5 11.6775104276773 4.7360080447993 4.33678372455344
Il6ra 12.6762370901779 6.06285573965314 5.68203184884136
Pla2g15 12.3402771280608 6.938667425666 6.15210946100384
Ifi30 11.3741036101554 7.7396017253459 5.55568241408015
H2-DMa 11.302506340632 6.77020069820853 5.79929354445263
Gpr34 12.0465417111213 4.36823005353324 3.83509495061025
Rrad 10.0218987777276 6.0369955528979 4.87783371037687
Rnase4 13.0645450224258 6.51509865889582 5.3847924409117
Fam111a 8.38937991141375 5.04892705401849 4.37011523595891
Hfe 11.261965590755 7.84656488770693 4.98698664888992
Pik3cg 10.1391450667911 5.57231073330553 4.73773225323896
Dock2 8.82632728691093 5.40318782531552 5.08831221728743
Mertk 13.1492058693859 8.11324613741803 5.26006739098198
Cd84 9.79853579725004 4.77742199561895 4.52326675156165
Ly86 13.8484382572477 6.5547259286553 5.26543647202841
Vav1 10.4988780096262 4.53949896923653 4.13232119773725
Cfh 10.9189995251726 3.9729034029431 3.56411761781794
Tnfrsf13b 9.55249902249023 4.7936463107309 4.19428112978589
Hhex 10.0129558927535 5.57533448285275 5.05834254624687
Entpd1 9.36332417160173 4.80949342215295 4.13603270491171
Ptgs1 12.1460566579667 4.95049983630695 4.66382095761352
Frrs1 10.5118954880326 5.542118066876 4.91139067477375
Lyz2 12.6255399097117 7.10309747609694 6.13777536626087
Ctc1 11.7381009275171 7.68225697820422 6.94795405606073
Unc93b1 11.2638153754962 7.34203299193503 6.07106750539286
Hvcn1 10.3744362140918 5.83315643019593 5.50445085437865
Edem1 10.5468048765477 6.40687543638793 4.47089399739728
Icam1 12.0835121128031 5.0013571469461 4.64509834197296
Ptbp3 11.2821230739434 7.83285130897727 5.90430049013514
Rcsd1 12.3327371826167 7.58253340209033 5.96369426875584
Cd177 8.34962699286364 4.45633262839513 3.91350536383067
Casp8 9.75678338176791 5.39983865625345 4.71322462929962
Tmed5 10.5709139699701 7.04085312910581 5.04561457686551
F11r 12.1396861374846 7.4133207598531 5.46080063867094
Glipr1 8.77583583215041 5.24129572873839 4.98529615846019
Lpxn 10.7275528959061 5.09134515623769 4.42669712862602
Siglec5 8.28941632201165 4.09373766632777 3.75417020007515
Fcrl1 9.22764356004362 5.62721560413856 5.12528145069805
P2ry6 11.5574667748729 4.83869216844837 4.3844367049918
Ighm 11.5555075036114 7.28080059391353 5.83040742278417
Tgfbr2 12.4393744689228 6.29513501466352 4.98269214103138
Ceacam1 8.80282175058088 4.77692747792293 4.02086769681067
Il13ra1 9.84239214017086 4.65409276017421 4.32489433601912
Adap2 10.5722797031115 6.21299877174193 5.26214104535626
Pld1 10.8239587790307 7.37752229639768 5.82508527250759
Ggnbp2 8.92116224716715 5.48164888685754 4.73633820247035
Capn3 10.3369957490321 5.13994154900157 4.17893366762602
Gem 8.28519304309807 4.31890363283392 3.84304231967773
Vwa5a 10.3106484906387 6.76040604788089 4.76418218192481
Arrb2 11.4983554070217 8.04187300105365 6.74058503638357
Pros1 11.4603712254362 6.23490015654459 5.43334927435044
Arhgdib 10.7973257228637 6.88029888171775 5.74540773951996
Tifa 10.8074268423842 7.37436091206447 5.99287633501861
Arhgap17 10.9767981793134 6.80075185018956 5.07716034685884
Trim47 10.0791566495733 5.26363291685183 4.7305879390997
Sash3 11.249005723635 6.26012444474159 5.06100788197987
Themis2 9.99513496121799 5.30875532325067 4.85477710346265
Mpeg1 13.5931395335038 6.24707096927153 5.7105670371838
Cd48 9.95999221182058 4.73865120347841 4.17831485552252
Akna 10.7072692564892 6.75046383585116 4.74529502211859
Cep152 9.74520694836984 5.83668890202702 5.43651173657178
Egr2 11.2484829324693 5.22377138158145 4.40399993930194
Ccrl2 11.3826980615646 6.83560317238181 5.48571456963609
Lcn2 12.0118513639671 4.41437311024427 4.14304698706265
Hbb-b2 7.88283645776123 4.39848232054115 4.04191481670891
Tmem173 11.0989726590541 6.9283385691911 5.55502458399803
AF251705 11.9378287827213 8.21871189555198 6.0317454487158
Hmha1 10.4292840746509 6.35258694843725 5.64958991781902
Gmip 10.0312950363764 6.2937365443873 5.55692487258114
Nckap1l 11.1514517971807 6.36013043505033 5.08467917571175
Abcc3 9.68880748830503 5.86613688034805 4.87855602913183
Rhoh 10.6886747062572 5.29851335168751 4.74812303438626
1700017B05Rik 11.7630363477309 6.56912762351883 5.41794103571157
Gusb 11.4166507135997 6.81953019295849 4.74301937213621
Lair1 10.6341607739461 5.46199873840331 4.82016458435286
P2ry12 12.3417720061336 5.30405546457991 4.33568115699181
Epb4.1l2 12.5141878325852 8.88880191757041 4.97008743316226
Pld4 12.0162068213804 5.82955445645555 5.13285292759381
AU020206 9.7250304187546 5.56401121274953 4.82839999145162
Fermt3 11.255187597153 4.8725185621263 4.36271452110656
Plk3 11.1628299712601 7.72237712821106 6.31833758556759
Ankrd44 11.6555430067368 7.58986747108539 5.73171771848386
H2-Aa 10.95884712019 4.83618838861887 4.4850027107133
Fam105a 11.8141138102905 6.94207859195628 5.47886672342491
Herpud1 12.561534184029 8.6531998749013 7.70796307179714
Cd300a 9.78331319123392 5.51699283692114 4.81249874471673
Lyz1 12.291433368859 5.28472830270685 4.32721539463969
Clcf1 8.66818372368241 4.00028950490902 3.80450969982866
Zfp36l2 12.4844215051541 8.97967305023527 5.98530357258573
Il10ra 11.9204835825207 5.22296895507581 4.72496394211671
Hexb 13.9682695694516 9.22268036518307 7.3376844941121
D530037H12Rik 10.2863068988974 5.6074262191748 3.94515631665341
Rab20 9.47961105235741 4.54168313287361 3.83920050977148
Grn 13.5694893497197 8.33861986333865 7.33558066062484
Fam46c 12.3008656779841 6.53875642357282 4.38148698120773
Ctsa 12.9368651417016 9.14180450320618 8.01858820623465
Pald1 10.8157904216058 7.42789983810683 6.03485733242261
Ifngr1 12.0120817823602 7.82030976849097 7.02153557311272
Tcn2 12.1131223131962 8.37122387223383 6.42521527559717
Anxa1 10.0891907764378 5.27871404062778 4.50207580584371
Ppp1r15a 12.6842681011032 8.18004728879774 7.47602292585146
Olfml3 13.5589885962411 6.95500711171042 6.07916305196456
Ncf2 10.9678841319022 6.28322214086434 5.80670670414157
Ctss 14.0972400899769 7.43133869178027 5.23177238670563
Cd53 12.647448770815 5.9632224301699 4.9464120504784
Fcgr3 13.39521832835 6.62169818215073 5.34528906660831
Hps4 12.4456398299555 8.76160168661926 7.96515035555421
S100a9 12.5433488948648 5.52792055378031 4.6538075350675
Lgmn 13.3423749152836 9.10722232668853 7.73694526924868
Klf2 13.0114488593516 6.0644316464118 5.35783200785639
Fcrls 13.5094801235154 6.52639130175156 5.32310718834226
Tlr1 9.47210882993985 4.67571408266443 4.07978700857172
Selplg 13.4608296010201 8.41181350279868 6.0171825776368
Cd68 12.242490069775 5.18680494513892 4.394784980665
Gpr65 7.84688309866013 4.30665023047837 3.85655921060539
Csf2rb2 9.41716750216967 5.05135652676528 4.22114915393009
Atf3 13.3007390383143 5.55505142094722 4.77737097355969
C1qc 13.5863871767458 5.89245045343395 4.9076326733965
Chst7 10.9028652320415 7.02356374622751 6.24810793904693
Hck 11.677853867497 6.56907386298777 4.9825605550516
Gcnt1 8.17673933531389 4.73921838646343 4.22070218230139
Casp4 9.24666718666705 4.35000012130217 3.91712889040711
Lag3 9.95212609690159 6.02537273521329 5.33877846827011
Cxcl2 11.1862547067567 4.30810465583471 4.12456473511699
Ltf 12.2109361391241 7.32041637065121 6.24710961733662
Cx3cr1 12.8661645891936 6.65460402225472 5.27420395528898
Stab1 10.8319181809469 5.62327155652816 5.20357122055041
Il6 8.39447282799593 4.12081933266263 3.78755804720502
Pdgfb 10.784427213788 6.3855837486073 5.3324784926828
Mrc1 8.63837955832117 4.30122584911227 4.01463175884142
Itgb2 11.8272052895604 4.99884155670665 4.6676757091463
Adamts1 11.3594540869076 7.66116013271486 5.27923646744419
Ang 8.39410428367088 4.32550077424112 4.0816614922954
Tyrobp 12.8882077765556 6.25009744451845 5.37481297305898
Ptplad2 9.53045279911964 6.19528636652422 5.33704860048841
Slc29a3 11.671269772336 7.40557806724618 5.31963848144825
Emr1 12.7324162108168 7.93295677652761 5.37106916020931
Nrros 12.2035612900789 6.93565644234076 5.57052720085182
Tmem119 13.7062504747088 7.08864615715148 5.51870368417748
1810011O10Rik 8.23549028637786 4.8802321934282 4.34196799056245
Parp14 9.29651035265735 5.7232684152864 4.9825358979108
Havcr2 10.6395343238155 4.65262694648054 4.11540957540404
Alas2 10.1192139258561 5.75162941092782 4.76902746291421
Cmtm7 10.2158890607314 6.45235753364732 5.10719737574806
Mafb 10.9468667556878 5.7983646346246 5.21191524837733
Blnk 11.7867853033936 5.91193735956908 5.31938434259904
Alox5ap 12.5576931349978 8.58868051041296 6.07433547027954
Fyb 11.7070682335866 6.61729688181391 5.86298257661783
Ctla2b 9.98817720392032 4.37519688674795 4.07868662651082
Hspa1a 11.8296568285311 7.33538252738178 5.76704578747909
Zfp36 13.4710413836478 7.68749680306004 6.25056383926734
Abhd15 10.2572440975652 6.29894242212706 5.08442933207639
Cyba 11.7795222099381 7.99181129001116 5.12046044385906
Ptpn6 11.5568573976642 7.65567074686255 6.33097487821483
Tec 10.1464631671626 6.76242278882764 5.2048789439119
Cd52 8.87459768254704 5.17979766136753 4.24977756271086
Irf5 10.4986359523617 6.27747769013201 5.5832183976469
Naip2 10.6906973938164 4.69464902003726 4.32058478641934
Anxa3 12.8939144704404 5.76520436713835 5.0772244179072
