Aldh1a1 13.2361056958218 8.81156756576189 7.31842706231756
Slc6a3 12.1089151099321 6.86091607756677 5.28188054579275
Amy1 9.43258063018673 4.73542950202961 4.67402344683445
Col11a1 8.16197318731878 4.60640648940338 4.42187541252816
Sptbn1 12.0626679603104 7.75088204903761 7.43734728126587
C78859 8.94614352356753 4.91492566802066 4.25563751221206
Th 12.7504893415643 6.79096339614828 6.27039140230814
Lce1i 10.5057768450018 6.99937258278449 6.81016052221847
Mobp 12.4910079054199 8.59576959703238 5.00560385847125
Prkcg 9.7576003288099 6.06944901892991 5.95615827207288
Tenm1 10.0401757392971 6.55540523388349 5.14206279440007
Syne1 10.7360450547047 6.90787542636106 5.61775579304668
Foxa2 9.06469140668441 5.51871057425507 5.16977579616614
Rapgef3 10.1961229136995 6.59477846863734 4.73798493037354
Ptprd 11.932125373904 8.49402046238235 5.08892794554598
Meg3 13.1886404046721 8.96230141525232 7.24259809391319
Ryr3 10.3210317586899 6.52500672898793 5.76610270427863
Rian 10.1729143569526 4.60648127277677 4.41489971052625
Defa15 8.07940661626217 4.72603687997614 4.59234007034147
Snhg11 13.1223966023262 8.19179884837209 5.40322949564199
Col6a1 9.62299017438825 5.83798993746749 5.83084049937997
Chrna6 9.2145965660939 5.43285822271169 5.30768641218028
Cacna2d2 13.0826746668675 9.17745804913555 6.29168425274532
Cadps2 12.6442295164229 8.33636995981396 5.26671691658616
