Tppp3 11.3097617027285 7.64313688138042 6.05188372446234
Tac1 12.4833860749657 8.92554395751776 6.4031271941467
Abhd8 10.2078976914348 6.74460725050785 6.63853112229753
Pfdn1 10.8999249496647 7.50126817118405 6.23892800751318
C1qtnf4 9.69690227861889 6.09499908238684 4.67588264220828
Ceacam10 8.43406418414937 4.78030655881883 4.38432877240087
Slc6a4 13.2439176433155 7.38524895402458 5.89951939786371
Fxyd6 10.544595185125 7.18973378298788 4.99726832207823
Kcna5 8.77805231077401 5.09913466427455 4.48555011534656
Synj2bp 10.9266567344569 6.64999325967686 6.50382819457445
Nenf 11.4951356115031 8.07951288707702 8.02126125135441
Tpd52l1 11.4213353496728 6.96242472506485 6.41839804832382
Lor 10.2709545425096 6.88429823277514 5.43585824604675
Slc22a3 10.5815262018998 6.01118891424215 4.6796342182836
Hs6st2 11.6966306688815 8.30838319393301 5.19369056073346
Cend1 9.01243590771429 5.34385579766043 4.50738061229579
2010204K13Rik 12.7819107064305 8.33502972870077 6.16402588034291
Klk1b27 8.95894684812547 4.8316585455946 4.27813552870855
Nedd4 10.0457264365237 6.06615114183274 5.93346758030293
Id4 11.5782503987121 6.17722601414229 5.19574794365202
Stmn2 11.1177360559133 7.61325916681117 4.53507066064454
Zwint 9.31898869901205 5.8850205430862 4.79830921563356
Tmem242 9.65752964405264 5.90964709659247 5.29684219294901
Pmm1 9.71874880338656 6.3921137738306 5.32946077055038
Flywch2 10.0127374986063 6.47357786167901 4.09237035554968
Gpr85 8.68563637120883 5.22224214932204 4.73119014096872
Fev 10.7145072979201 6.84010918504954 5.1509218563019
Ppp2r2b 9.66891950220789 6.27556738112927 6.22142257560478
Qpct 8.64023304294799 4.89240702554207 4.50485037441526
Mal2 10.3703181571723 4.80090128204708 3.99793190726517
Ggct 10.7466184396018 7.03748529589039 6.23917493736216
Timm8b 12.6976237031336 9.11447628130008 8.67433714069604
Kcnj9 8.79367897136592 5.11362443377445 5.01403566359477
Mela 9.88755620448043 4.3437115127413 4.02467390515762
Dos 10.268209787722 6.74110106648544 6.01555432379179
Uqcc2 12.638255670701 9.23363365301094 8.88792047277927
Ykt6 9.87512610659265 6.46413282482676 6.06974310939936
Ctla2a 7.95913381262081 4.61194387345766 3.9836440019091
Myh7 10.4232790025953 6.82173802923207 5.53165443839626
Rpp25 8.7129127296472 4.61921769954192 4.54883607028323
Gata3 8.41968527786437 4.67018574453733 4.49906351445502
Cited1 9.04523865893519 5.30213814079207 5.0146932103569
Spock3 9.22240548624985 4.95108134115462 3.60042042850014
Fam92a 11.4193242305961 7.38238115957653 6.8256824843686
