Tnfrsf19 13.0018564991993 7.87174241942276 5.68860091988845
Fkbp10 9.12410383749549 5.69843663905653 4.90681316303461
Vcam1 12.3929491233355 8.18118631825557 4.07948648066256
Cyr61 10.9959600609751 5.7796472471778 5.20123723519839
Gldc 10.7486757444651 6.81159548980897 4.76922810698914
Glud1 13.0938298200263 9.492320176979 8.76576367313332
Elovl2 10.7045883816083 5.5704693981897 4.3649464617835
Aldh1a1 12.9479740462605 8.60298741046821 4.68089937380111
Ppic 9.14722961732418 5.25607496996005 4.61900803912946
Lcat 10.4268306042058 6.72420341940124 5.40769338998357
Pdgfrb 9.49399287654257 5.35373791028778 4.05637802088181
Ntsr2 13.5433900397122 9.40990559905206 5.53528029183511
F3 12.046858941471 7.38826196656721 4.63992351213819
Fmo1 11.328392264092 7.9582466693898 5.75347208333535
Tspan7 12.1971439474922 8.08896126499316 6.74442668763496
Slc15a2 12.8515915560421 8.84529439707958 5.63095454118509
Prodh 11.5570945696488 7.27078384697928 6.17066053890267
Wwtr1 11.2891910474882 7.01360458077397 5.05040229529862
Entpd2 11.0209535809569 7.59754420325676 5.95452714229846
Lhx2 10.6192542909112 7.17832296836985 4.46972851436558
Fzd2 10.9219675636019 7.12235004389304 5.7142712851975
Osmr 8.05891078594142 4.46238289116447 4.08212197581095
Ptprz1 12.2939710035561 8.75578826534881 5.79323210780622
Slc38a3 11.9946206880177 7.71294115223451 6.64726344868143
Dio2 13.7075714520868 8.46999895353352 5.46436298120136
Fads2 11.6100482486408 7.77050146973095 5.78480148620385
Cyp2d22 10.5032782141718 6.22855203013312 5.22990949532343
Cyp4f14 10.4876568274442 5.91853169875705 4.87351513954973
Tmem47 11.0487403533928 6.21715339072244 4.60544189527875
Cyp7b1 10.9183729902927 7.03312264177123 4.54851527851229
Slc7a10 11.9907195457607 7.08094117866955 6.03905199026398
Myo6 11.2983410380988 7.85661961820868 5.47116408612508
Chrdl1 8.70484370492258 4.79059357507887 4.55050335930263
Fxyd1 11.6471131690215 8.19499312294201 6.69961596620637
Hapln1 9.15497826699135 4.98780210689773 3.89384442984399
Fgfr3 12.978403379467 8.64740036433808 6.30902063163889
Papss2 9.44814438915199 6.08498939080078 4.65587024733754
Phkg1 9.24460946071246 5.21451751179582 4.08518989116341
Acsbg1 12.5561219741604 7.4209630657866 5.53453804398374
Tgfb2 9.58391514634977 5.88841246522861 4.71983204286992
Id4 13.3274437479135 9.51879512027051 5.19574794365202
Slco1c1 12.9156129450902 7.24155263899532 5.05405455288998
S1pr1 12.8954296083567 8.42396300333168 6.93188477124601
Axl 10.376813463072 6.04021996507953 5.55022507418366
Cbs 10.9440294202575 6.79719968525113 5.59911345633735
Ccdc80 12.2804139354384 7.09186347894989 6.10782965279182
Adhfe1 11.0055411814471 7.17008339828529 4.62805679694742
Aldh1l1 11.7969252409185 7.10588692326037 5.06573469561095
Emp2 11.5813403849635 6.81928601945929 6.09956459039008
Aqp4 13.3317577866316 8.13024779639364 4.5351850304642
Col4a5 8.46756084170596 4.1642052853248 3.78651824181333
Amot 11.5651260492706 7.21453821252706 5.49603881746243
Cldn10 11.427477768378 6.91288752185924 5.35655409638056
Cth 10.6632472716645 6.2029297117114 4.65683493575449
Slc1a3 13.1185958759032 7.88743489253179 4.61705079556029
Tlcd1 11.8706489810631 7.90587756947745 5.75304454834617
Nhsl1 10.0215222567882 6.58785756727117 4.84265803366288
Scara3 11.5669597770191 7.95881519733076 4.6591139148873
Gabrg1 11.3801334964114 7.01959341909244 4.79421069608055
Ttpa 10.3132942933807 6.00213777938715 4.64040537849092
Atp1a2 12.7730230034308 8.27356211509085 4.52890637839522
Slc14a1 9.97550775801048 5.30629709828312 4.28743877772581
Btbd17 9.29219035907704 5.63007066549907 4.60283913468005
Tril 12.4923090063915 8.68132350646394 5.16422119701935
Itih5 11.6030915588945 6.90466848677437 5.70780240184293
Pla2g7 13.0044315423776 7.70533387958527 5.56171541078121
Cd38 10.6533207272686 6.2087471434466 5.16232867369038
Lrig1 10.6582805228039 6.98520167310066 4.45486868808381
AI464131 10.7536473694453 6.00500337449456 4.04083004776513
Mlc1 12.8557599857415 7.69307004019666 4.42370448235774
Gjb6 12.1555953563466 7.75468216474847 4.76532291520519
Heph 8.11704224431769 4.38584817000571 3.85559856102256
Grin2c 11.0798354491927 6.23250512951145 5.24953415910839
Cyp4f15 10.9460279593568 6.00809356191787 5.16604878986504
Myoc 9.34548543543468 5.85092633810135 4.70141369399126
Slc1a2 11.9669799727402 6.68314476021159 5.46310557072158
Igfbp2 11.5269113352783 7.08944122331148 5.39824278945971
