Tgfbi 10.1729708775644 6.28378798640652 4.45936681519755
Lcp1 11.8463632704423 6.4858791633991 4.31266824542078
Cd83 13.2264749464343 7.39714679673361 5.51158075813205
Sipa1 11.1257432146877 7.34865969531348 6.26879735912192
Tnfaip2 9.08145533726492 5.2638239501642 3.96309040539338
Tubb6 9.94309885815544 6.50136389102639 5.48458258557606
Ier2 13.4150634942812 9.70321789337444 7.34604790835587
Socs3 12.8363611039744 8.54371339582012 3.93790735830334
4632428N05Rik 12.9592128362635 8.5721834088109 4.8636485428988
Spint1 10.3415667614487 6.09116924742404 5.28672544240122
Afp 8.20241684612463 3.94665426612628 3.67745830811756
Clic1 11.3846871257571 7.70810020158444 5.6269276239763
Irf8 12.5606886061131 5.76109706427652 5.21988653222913
Dnajb1 11.4072973894197 7.8522408298656 7.25187648379523
Tbxas1 9.77227819439976 6.40298083893644 5.86537460478388
Parvg 10.3224146114506 6.65547966643495 5.36651618517573
Rps6ka1 12.439882687873 8.55656632257288 7.41064092353406
Mfng 10.1100884876208 6.36335767633168 5.69366356595703
Slc40a1 11.6365802495677 6.69659985956782 5.69570776581768
C1qb 13.3846079047961 5.53968917131283 3.80825530362134
Ccl6 10.223717633042 4.88703594826191 4.10969299327648
Cd14 13.3052539164274 7.4294609062257 6.39255161994697
Pycard 11.8185468367102 6.50896927666615 5.36560166979802
C1qa 13.2380236204344 7.02970631328881 5.25932815667497
Il16 10.7022595486227 5.88972623154799 5.43640926584128
Slc7a7 11.052383619296 5.47539768053984 5.05632676164097
Srgn 13.2509970787582 6.6895669591784 5.43821657397001
Myh9 12.5865032254667 8.14287312375199 7.45843854455607
Nfkbiz 12.6860754101133 8.96925728275913 4.97867531942832
Tgm2 11.7718766956168 7.52086920272567 5.43437095704187
Plek 13.0669588958399 6.70832078779167 5.78347093470868
Rgs1 11.2541972267774 4.86459402183925 4.57296439364739
Cd79b 8.31573716498709 4.66941772868682 4.53343396272611
Snx5 12.5628056055199 8.69748164214515 6.85402440588019
Elk3 10.4901390004177 5.90980815988666 4.46445656390692
Laptm5 13.2497958585741 7.00753686545906 3.8942293857196
Slc25a37 10.6378478547555 7.09502227833792 6.09629839536227
Rgs19 10.139947557409 6.25897173639659 4.75229882293627
Serinc3 10.8737843005988 7.13655004701132 6.40358461120551
Fcgr1 12.3056772228307 5.23502889338605 4.42409397342882
Slc16a6 11.601886645942 7.41635878792676 5.66278125871509
Ccl9 11.5606702750711 5.08949621831561 4.72145167947353
B4galt1 11.050190662426 7.27362925950635 5.97365704588716
Tnfrsf1b 11.5849644137814 6.8040813989128 5.89882332867702
Inpp5d 12.5199395399242 7.13316391194061 6.36348878202264
Tlr4 9.52419084436795 5.22233541703166 4.34585329423772
Pmaip1 7.94812896443572 4.59304257431671 3.99506142736077
Aif1 11.8782125697407 5.29566499194742 4.9008727195965
Syk 11.2305153374971 6.76258635165056 6.20466627039457
Klf6 12.1614928848338 8.11333613705797 6.50125074181594
Crybb1 12.3010895138039 7.14602442876454 6.36660898550764
Fcer1g 12.6409109862305 6.71162348759731 5.8793254210701
Ctsh 12.8519091129382 6.14197983201667 5.23441181508092
Gpsm3 9.66649074936397 5.52838985917647 4.73904531918133
Ncf4 10.7081144474155 5.26045165334691 5.0046010445142
Lcp2 10.3889718130272 5.01909931229801 4.63489770958958
Ngp 12.4329204009581 6.32947751164519 5.40549981952619
Spi1 10.2850028049619 6.20563207051464 5.83457507730417
Csf3r 10.4703586336665 6.72391563062315 5.33423793992572
Ms4a6b 11.1222234312687 5.11906337562247 4.79826827157351
Hcls1 8.83239317939796 4.95532217146414 4.67529585737682
Pabpc1 11.1513836653323 6.51927441338879 4.566839263853
Cebpb 11.6879517821222 7.71124942336773 5.95882906582159
Plxdc2 12.0633823649962 8.15742170179432 5.74726366307939
Cxcl10 9.83264446685726 5.67375396724177 5.09579355150892
Cysltr1 9.33333349087416 4.40280210665679 4.02114545399955
Cebpa 9.88957255483431 6.31674134533882 5.44394328396752
Cttnbp2nl 11.7204560544011 7.21923073835411 5.80876252311655
Lyl1 9.97533629065994 5.45631905087239 5.01222254050019
Ptpn18 10.4025712369028 6.75792890855003 5.74246959374279
Tlr2 11.9268402473875 6.02588364956857 5.60261608495919
Cd163 7.66769719158114 4.17591716623399 4.00567498585874
Serpine1 9.52331793271942 5.5613189281379 4.50413403745752
Mlxipl 10.549742788076 6.58899649327763 5.11133345820777
Cd37 10.9048574016166 6.48494908478704 5.36821387624259
Map3k8 10.2849700718244 4.99400262582782 4.69502828267099
Myd88 10.7278217724093 6.67724820075552 5.89613483613921
Ccl12 10.5112043294489 4.66494407394863 4.3328633715242
Arhgap4 9.36525554969312 5.51564964224087 5.20188645738781
H2-Oa 8.7917936065526 5.44212661040064 5.07514025875995
Pon3 9.20297150005047 4.50342565016534 4.27647263454034
Slamf9 11.1882832385642 7.81824744438884 6.31947785362005
S100a8 13.0395448654869 4.80260536798535 4.5633145003296
Il10rb 10.7116513838826 6.66206283392018 5.20214875107075
C3ar1 11.7072754362155 6.55695174189805 5.56925928041829
Fgd2 12.1304825880125 6.88748709932733 5.81231470833906
Ccl3 13.4953964323281 5.31807801592476 4.81317039221474
Ms4a6d 11.3799791784438 4.73555760412397 4.41784920946763
Ier3 13.4963591841383 8.18165155291032 7.44172573096457
Camp 12.113738407204 5.7369818537644 5.39412405455477
Klk8 10.2464469222101 5.91277733567139 5.41317230217015
Chil3 11.1159878878753 4.48845598350513 4.05004376792194
Arap3 9.86775374576886 4.50084433300195 3.98819874327128
Tlr7 11.2112407400947 5.40429607712655 4.80011965385167
Csf1r 14.0460007158016 9.52244346818308 6.94153207766805
Hpgd 12.0107499612859 6.18298109650812 4.19969601424802
Slc11a1 11.4154854568916 6.57052414383222 5.26033213959333
Ccl2 9.49866288250659 5.45218412471993 5.15789649275684
Cd86 11.6419705628058 5.32388764483183 4.86251909317764
Gpr84 11.5935377294956 6.36683176651152 5.39832060975313
Tcirg1 11.3257053795282 7.92058629409284 6.91729070922918
Trim12a 8.5835260320544 4.60920694088508 3.94210803749038
Zfhx3 11.2942984484453 5.30063234051373 4.45148160632592
Slc15a3 11.5219827541908 5.45069944349265 5.1279768309407
Rel 9.30153835661437 5.85295245269375 5.28300382430921
Sla 12.3378861062474 7.94585834826924 5.66357111193482
Tgfbr1 13.4953964323281 7.80945098784355 5.39365566782687
Adcy7 11.9646243532397 7.87168537761358 5.22203893845977
Lgals9 9.80576100376818 5.88761521443768 5.16850696474246
Trem2 11.528689695107 6.81995518373711 6.25222314809369
Gna15 8.93153578094543 5.49307025355993 5.09593797228623
Birc3 10.7521481640029 6.41007843372401 5.94693057999048
Igsf6 8.68495551282954 4.33709025763672 4.11209238122457
Samsn1 8.95535277925432 4.78418416631005 4.48786943252946
Il1a 10.5450729398403 4.54312634439986 4.31556511941403
Hpgds 9.14123713383759 5.34150611881964 4.97451436675861
Naip5 11.1347547074536 4.89423788355517 4.15267089234473
Ccl4 12.7516225784521 7.59350788663039 6.13657498355851
Stat6 10.5031698578152 6.13713354953776 4.79059662313852
Clec4a2 10.1190075949126 5.1115311716469 4.97468931546075
Fli1 10.0832277034328 4.01540459830889 3.83414089653653
Ets1 9.75745818736726 5.33703834555384 3.96002702068555
Ptprc 12.4215732421658 4.79235543991181 4.27291039090592
Fosb 11.9818678393755 8.34825899406382 5.71069808907445
Ccr5 11.7087776692335 4.82365841211848 4.39603216991454
Il6ra 12.6405285425734 5.87086962682665 5.47244716904454
Tgif1 8.50458243562559 5.07760259636984 4.48844725680759
Pla2g15 12.3512186582331 8.07232342717378 6.58319020634811
Ifi30 11.4062018650154 6.94752860482151 6.08435460929995
H2-DMa 11.3395300052483 7.5916869263509 6.33287612457681
Gpr34 12.142699851518 4.32722004083736 3.85738820827396
Rrad 10.0026571297703 5.84866725794747 5.12892023388813
Rnase4 13.0771643703574 6.342962944186 5.32265078684232
Hk2 12.3164140648536 7.47356025556999 6.0615218691297
Hfe 11.3196450739578 6.75146571734827 5.87723766543311
Naalad2 9.64837692903074 6.29481908144558 5.225568704271
Pik3cg 10.1537853547168 5.72818709571557 4.94982048470176
Cd84 9.96224237530016 4.6859905121706 4.37996838852939
Ly86 13.8305038298173 6.88516810861776 5.47292877380112
Vav1 10.4997459843954 4.23607995905323 4.04143845742007
Cfh 10.8438396260437 4.01931608625792 3.48881649629309
Tnfrsf13b 9.66545251361214 5.01340914350978 4.43545449087782
Hhex 10.060418644213 5.99297118597753 5.23909205888398
Entpd1 9.58873000960094 5.39586785584299 4.17464041162606
Ptgs1 12.1626150793908 8.16762269076362 4.8962308210978
Adrb1 10.5218876655346 7.19816210429282 5.44228160778635
Lyz2 12.5660138290276 7.18621836383854 6.1509230451104
Ctc1 11.7422487728519 7.82678709510321 7.14395331297709
Unc93b1 11.3066168079527 7.19069225779341 6.5491578447359
Hvcn1 10.2856187487951 5.76488923566812 5.52270624949766
Edem1 10.5644676490564 6.62344792773819 4.62240215688412
Icam1 12.144222640413 5.62860585818088 4.83791633843305
Rcsd1 12.3223507478265 7.63445278287602 6.51167662466025
Tmem140 8.46080936763924 4.63271069480049 4.43949940330408
Cd177 8.01898297885642 4.5525690501661 4.15846737241676
Casp8 9.83591177234681 5.26041601395578 4.93077131713669
F11r 12.1638127271072 6.41537218985881 5.63587327576629
Tor4a 10.4213155961976 6.71712222653889 5.67621623513855
Lpxn 10.730982217212 5.14157882860119 4.51272239511848
Siglec5 8.337886172674 4.0124708735874 3.74432109583228
Fcrl1 9.27554865404005 5.5490678103469 5.20434558893709
P2ry6 11.5909433501351 4.71400465169035 4.03795642718023
H2-K1 12.7949568117272 7.92091793587863 7.3856898914426
Tgfbr2 12.4312251246194 7.86144861640743 6.14199260151083
Ceacam1 8.73427463823456 4.8033195852986 4.416698717403
Mlph 9.52478746573067 5.81283374561418 5.14543778463547
Ncf1 9.01873662127703 5.48030045482831 4.97265425759001
Il13ra1 9.69650941211153 6.12506566856192 4.31016321126026
Adap2 10.4876327911899 5.3016870875039 5.06912708386363
Capn3 10.437566906065 5.1424116573227 4.4921176450543
Arrb2 11.5161791808491 7.07135699095882 6.60201752352753
Pros1 11.4244912078995 7.72147922933284 4.70945537647658
Arhgap17 11.0358082941061 7.40890796569783 4.96472039346373
Trim47 10.122871565472 6.12867821393421 5.27368667914128
Plcg2 11.2395812321787 7.68998401222431 7.15635105233822
Mlxip 11.0131464704826 7.63040420051607 7.12240988012336
Sash3 11.2528818012755 6.9513975928173 5.41956561936546
Themis2 9.94919523666928 5.33392349251532 5.08785542767124
Mpeg1 13.5339312443488 7.34417615806058 5.84895815284574
Cd48 9.99176185857167 4.80358863700956 4.37072185465408
Akna 10.5978331936346 6.30685136602571 4.71742991868321
Fes 10.5840546362038 6.76749058449867 5.93255280808347
Cep152 9.68353142517718 6.05942889222579 5.65637760164267
Egr2 11.2144151601674 6.73919944375023 4.18164274203552
Ccrl2 11.4107831106411 6.38011871639347 6.08281837688949
Lcn2 11.7182561949748 4.49257423153515 4.22066434240529
Hbb-b2 7.86146929235822 4.19789673604983 3.89507686256325
Gimap6 8.28896486111756 4.9525747458966 4.48503274332432
Tmem173 11.1696407087511 7.62378867170557 6.09711327622586
AF251705 12.0057126252299 7.33044504973909 6.51479315326381
Hmha1 10.4487011332694 5.90784142373133 5.3353039395179
Gmip 10.2055870255081 6.60538408425269 5.69117142016643
Nckap1l 11.1526856630168 6.28195592707985 5.0298361576048
Abcc3 9.7509259850256 5.68802207769291 5.05883867088191
Rhoh 10.7637079698635 5.53759673998967 5.02075417402036
1700017B05Rik 11.7522974287947 6.73617476301257 5.6378281109149
Lair1 10.6612900224916 5.6162504949113 4.89312723290358
P2ry12 12.4385715566921 5.47619608040815 4.67373013222235
Rnf19b 9.65744414029616 5.66347300001849 4.84272684338289
Pld4 12.1700437011819 5.90036102346294 5.36978902320772
Lrrfip1 10.7224886700699 7.37206619135064 5.02471138241296
AU020206 9.79768698851007 5.70561437903611 5.01584079560528
Fermt3 11.4207362066657 4.64786005034852 3.92494518378914
Ankrd44 11.5679366187782 7.94561450438303 5.31065072425669
H2-Aa 11.2644036954394 5.87608877058388 4.69633219362102
Fam105a 11.8820924454901 8.30815601053599 5.65627677002646
Herpud1 12.5116726598182 9.14037128830544 8.25906415764801
Cd300a 10.0530239896872 5.48854325182583 4.94439897580405
Lyz1 12.2502412289951 6.22026113426874 4.29084558843044
Clcf1 8.68466038510135 3.97187392139086 3.70991810010154
Adrb2 8.29734945321406 4.40464240740203 4.22740635233639
Lrrk1 9.1635528470806 5.33616718658293 4.60377936516982
Il10ra 11.9867649941734 5.06399842239308 4.79616774270968
Hexb 13.9214339669789 9.22007890581684 7.24651060582418
D530037H12Rik 10.4018822600769 6.73964888432981 4.64921480603344
Rab20 9.64744268247702 5.18535094044142 3.91555824669344
Grn 13.6303783372944 9.70833902329731 8.07804611365464
Ifitm6 9.1396048659572 5.79413154402351 5.52789274383001
D9Ertd306e 8.20712585253381 4.57991117361171 4.27245557436754
Fam46c 12.2421510197398 6.28627759222597 4.69700776306818
Pald1 11.0128320429645 6.94782896566438 6.11643804972467
Ifngr1 12.016051864462 8.17259832635399 7.26377492845679
Anxa1 9.64055143138413 5.52834990904895 4.45496800955464
Lrmp 8.89491220593798 4.67221964862921 4.40800362696669
Olfml3 13.5644607358692 7.11431047736092 6.28975126044941
Ncf2 11.109264808914 6.29573863868261 5.56941712288328
Il7r 9.22711297999003 5.79941682304783 4.85045646691996
Ctss 14.1223387589978 8.11989535063321 4.86888412341692
Cd53 12.6270729328698 5.6196585649477 5.25985803517771
Fcgr3 13.3874319809845 6.31825151793019 5.25929630194037
S100a9 12.2965410503709 5.13430220733511 4.70299316985679
Lgmn 13.4068999504885 9.88281768848597 8.67592447195092
Klf2 12.9915058739807 7.88146794505982 5.60837295863131
Fcrls 13.5200887013828 6.68326453108094 5.70339213109349
Tlr1 9.55990391864875 4.29070615326501 4.12068648675414
Selplg 13.492313873689 7.84916171387897 6.17855439697933
Cd68 12.2825968841945 5.93064471411682 4.79517477710137
Gpr65 7.85611733273235 3.8781874866775 3.81401158670727
Casp1 8.72506021576845 4.74664712798331 4.35444834750572
Csf2rb2 9.46516272602394 5.02219898372664 4.60400499065017
Atf3 13.3007390383143 8.66118254483082 5.38169394918402
C1qc 13.5695399365939 6.37684673559916 5.06999283718323
Hck 11.7192724128215 5.58381180740153 4.88396841195701
Gcnt1 7.89240442650036 4.37474449102937 4.16096334094221
Casp4 9.17977855891737 4.7765489061898 4.07331844145473
Ehd4 10.2769858985773 6.65102311995411 5.10291532936658
Ly96 8.98885773803667 5.30895507699424 4.53419232886099
Lag3 9.94342037341401 6.19724619027555 5.49321267745814
Cxcl2 10.9236295592129 4.72178130718909 4.34613826769185
Ltf 11.9771261319803 7.63249701162625 6.18348884657993
Cx3cr1 12.8322911670036 6.67854123274573 5.24301901232038
H2-D1 12.6856010965553 7.85345560258678 7.1573720080264
Stab1 10.7835801182221 5.30629898053365 5.0447011016942
Il6 8.3523884587654 4.51086396125208 3.83087787813747
Mrc1 8.47267687587698 4.58850385306872 4.43497943872051
Itgb2 11.8281947861841 5.12973976794097 4.66490632348897
Psmb9 9.49408509768935 5.91294772349957 5.45995595905828
Ang 8.67340897437916 4.17829392349899 3.96256427407909
Sh2b2 9.32069277757714 5.37990619967726 4.62925008527059
Tyrobp 12.9035612805634 6.79519217737264 5.58237878264742
Emr1 12.777781853873 6.66247963315686 5.87766554939322
Nrros 12.3519497751025 8.12728826777458 5.81249981166324
Tmem119 13.699678559052 7.18041030583014 5.87719910794758
Ttr 13.1109777518357 7.11327777970395 3.92836079695585
Havcr2 10.710530075929 4.44166990467087 4.23245087415033
Alas2 9.97256535353661 5.29310579202313 4.8913396769836
Cmtm7 10.4036329494645 5.79811992374085 4.90821407091375
Blnk 11.8079240962002 6.85365752247457 5.11259475991045
Alox5ap 12.5749967599795 6.80462402219028 6.01187472371721
Fyb 11.7159427823204 6.12917003336333 5.90822750443344
Ctla2b 9.94438247489242 4.34698216477939 4.0774439736932
Zfp36 13.4960506681509 9.09379325918594 7.02768858537449
Abhd15 9.92497435981129 5.42041744403193 4.95369519296798
Cyba 11.7749627835735 7.2209700868719 5.07498626352336
Spata13 11.8360921296241 8.24854958227203 5.12051426386623
Ptpn6 11.3292345329635 7.58614131066217 6.4340502451849
4833441D16Rik 9.33372525445037 5.75955121528368 5.02258256525263
Tec 10.1967601761071 6.78302154106952 5.5620101541267
Cd52 8.83934325002235 4.83999452495142 4.63370738729425
Irf5 10.4417221455899 6.56256399740909 5.25957921732905
Naip2 10.8151812852359 4.65521581408676 4.3651447139998
Anxa3 12.9131833282778 6.21547746769042 5.09201410218599
