Ddr1 11.2346825629109 9.50747770774802 3.59958013557715
Gja1 13.5350083485536 9.50747770774802 3.59958013557715
Plat 9.76277690304137 9.50747770774802 3.59958013557715
Gsn 12.3433510533496 9.50747770774802 3.59958013557715
Scd2 8.55945170545832 9.50747770774802 3.59958013557715
Stmn1 13.5453856201718 9.50747770774802 3.59958013557715
Npdc1 8.51454359469172 9.50747770774802 3.59958013557715
Tnfrsf19 9.13270361920499 9.50747770774802 3.59958013557715
Ndn 10.9258911089591 9.50747770774802 3.59958013557715
Atp9a 10.4280388842534 9.50747770774802 3.59958013557715
Bcar3 9.59204241889757 9.50747770774802 3.59958013557715
Scd1 11.1504226028146 9.50747770774802 3.59958013557715
Sqle 11.3813228029365 9.50747770774802 3.59958013557715
Cldn11 10.3378135188394 9.50747770774802 3.59958013557715
Fabp5 10.2546143518012 9.50747770774802 3.59958013557715
Lrrn1 10.8032921420605 9.50747770774802 3.59958013557715
Nsg2 9.76676067383071 9.50747770774802 3.59958013557715
Sparcl1 13.0904233344875 9.50747770774802 3.59958013557715
Trim59 10.4372915386648 9.50747770774802 3.59958013557715
Ccnd2 10.1940534193959 9.50747770774802 3.59958013557715
Prnp 13.6880867068666 9.50747770774802 3.59958013557715
Olig1 13.144705740355 9.50747770774802 3.59958013557715
Plekhb1 13.0248609899295 9.50747770774802 3.59958013557715
Il33 10.4807176933083 9.50747770774802 3.59958013557715
Ptn 10.9649901393382 9.50747770774802 3.59958013557715
Fstl1 9.90008579659317 9.50747770774802 3.59958013557715
Olig2 8.73424848159904 9.50747770774802 3.59958013557715
Nfib 10.9384741128234 9.50747770774802 3.59958013557715
Serpinb1a 10.3904113492717 9.50747770774802 3.59958013557715
Gsta4 10.650435718435 9.50747770774802 3.59958013557715
Apod 12.0710932786064 9.50747770774802 3.59958013557715
Pcx 10.0772599070407 9.50747770774802 3.59958013557715
Gstm1 11.9303259391435 9.50747770774802 3.59958013557715
Cryab 13.0452389371171 9.50747770774802 3.59958013557715
Igdcc4 10.4628856503642 9.50747770774802 3.59958013557715
Thbs3 10.0052277062732 9.50747770774802 3.59958013557715
Me1 9.37293106825082 9.50747770774802 3.59958013557715
Plod2 9.34783498677652 9.50747770774802 3.59958013557715
Snap91 8.65740197208778 9.50747770774802 3.59958013557715
Tppp3 12.191583816737 9.50747770774802 3.59958013557715
Efs 8.84124909407124 9.50747770774802 3.59958013557715
Bcan 11.6110859240121 9.50747770774802 3.59958013557715
Htra1 13.1926528327702 9.50747770774802 3.59958013557715
Osbpl1a 11.6157686895213 9.50747770774802 3.59958013557715
Tspan6 10.8691020119411 9.50747770774802 3.59958013557715
Pcsk1n 9.72100965035903 9.50747770774802 3.59958013557715
Sox2 10.0275894726225 9.50747770774802 3.59958013557715
Sdc2 10.3849685104948 9.50747770774802 3.59958013557715
Acot7 11.1724490706443 9.50747770774802 3.59958013557715
Hspa2 9.78079837215799 9.50747770774802 3.59958013557715
Lpar1 11.5831045851598 9.50747770774802 3.59958013557715
Ntsr2 13.2124043192751 9.50747770774802 3.59958013557715
Eif2s3y 8.49439023545924 9.50747770774802 3.59958013557715
Fah 10.7751528076111 9.50747770774802 3.59958013557715
Mal 13.3797062982831 9.50747770774802 3.59958013557715
Dmd 8.64486231989653 9.50747770774802 3.59958013557715
Sorbs1 11.4762957966606 9.50747770774802 3.59958013557715
Bex2 9.04307586375656 9.50747770774802 3.59958013557715
Elovl6 10.3035068643177 9.50747770774802 3.59958013557715
F3 10.4401897342474 9.50747770774802 3.59958013557715
Nap1l5 11.3887106751923 9.50747770774802 3.59958013557715
Kcna1 10.8038615644875 9.50747770774802 3.59958013557715
Gpd2 10.9531185064324 9.50747770774802 3.59958013557715
Calb1 8.53165514693488 9.50747770774802 3.59958013557715
Rab33a 10.4025218141572 9.50747770774802 3.59958013557715
Ncald 9.81668968780108 9.50747770774802 3.59958013557715
Ackr3 9.86194000399538 9.50747770774802 3.59958013557715
Slc6a9 10.6262410181901 9.50747770774802 3.59958013557715
Rsph1 10.9586432556651 9.50747770774802 3.59958013557715
Grb14 10.4050101192764 9.50747770774802 3.59958013557715
Grhpr 11.114506808068 9.50747770774802 3.59958013557715
Fhl1 12.020332230133 9.50747770774802 3.59958013557715
Mapt 11.2253376917774 9.50747770774802 3.59958013557715
Sirt3 11.0209991738807 9.50747770774802 3.59958013557715
Vldlr 8.98637552525362 9.50747770774802 3.59958013557715
Abhd3 11.2553222467206 9.50747770774802 3.59958013557715
Cml1 10.6391306677742 9.50747770774802 3.59958013557715
Bhlhe40 9.93200569753626 9.50747770774802 3.59958013557715
Gpld1 12.8770355169285 9.50747770774802 3.59958013557715
Prkcz 10.2662217773461 9.50747770774802 3.59958013557715
Ppp1r14a 10.0315717536524 9.50747770774802 3.59958013557715
Stmn4 13.1690679092386 9.50747770774802 3.59958013557715
Dhcr24 10.0406165451726 9.50747770774802 3.59958013557715
Nr2f1 9.28881848340765 9.50747770774802 3.59958013557715
Gstt1 10.0771175978944 9.50747770774802 3.59958013557715
Pfn2 11.4487300855793 9.50747770774802 3.59958013557715
Omg 11.6856093053449 9.50747770774802 3.59958013557715
Entpd2 10.5038610098951 9.50747770774802 3.59958013557715
Fn3k 9.16333009943794 9.50747770774802 3.59958013557715
Apcdd1 9.6986838075712 9.50747770774802 3.59958013557715
Larp6 9.14996539226279 9.50747770774802 3.59958013557715
Tnfaip6 8.40123828890004 9.50747770774802 3.59958013557715
Sh3d19 9.38812972753495 9.50747770774802 3.59958013557715
Matn4 9.11706456037314 9.50747770774802 3.59958013557715
Aspa 11.7853387878281 9.50747770774802 3.59958013557715
Nap1l3 8.20538215512309 9.50747770774802 3.59958013557715
Nrsn1 8.72575524857411 9.50747770774802 3.59958013557715
Astn1 9.828072015573 9.50747770774802 3.59958013557715
Clu 13.502257755709 9.50747770774802 3.59958013557715
Mpdz 9.041006383522 9.50747770774802 3.59958013557715
Ptprz1 11.934210012667 9.50747770774802 3.59958013557715
Slc38a3 10.1506162935987 9.50747770774802 3.59958013557715
Psd3 9.69619380468973 9.50747770774802 3.59958013557715
Sh3gl2 10.1244127735307 9.50747770774802 3.59958013557715
Cds2 12.0835657795528 9.50747770774802 3.59958013557715
Rdh5 10.3681602829604 9.50747770774802 3.59958013557715
Cdh2 8.25814159639754 9.50747770774802 3.59958013557715
Eno2 8.46089744930201 9.50747770774802 3.59958013557715
Fads2 9.96296326558204 9.50747770774802 3.59958013557715
Cyp2d22 9.23259257180082 9.50747770774802 3.59958013557715
Rtn2 9.13113164551326 9.50747770774802 3.59958013557715
Ugt8a 12.914573490328 9.50747770774802 3.59958013557715
Gstm7 9.62663762227764 9.50747770774802 3.59958013557715
Tmeff2 11.6745770695047 9.50747770774802 3.59958013557715
Timp3 9.46097290767553 9.50747770774802 3.59958013557715
Serpina3n 9.66159937283858 9.50747770774802 3.59958013557715
Hrh1 8.45033049894145 9.50747770774802 3.59958013557715
Dtna 10.5136001817375 9.50747770774802 3.59958013557715
Sptbn1 12.2860151804488 9.50747770774802 3.59958013557715
S100b 11.3949914483361 9.50747770774802 3.59958013557715
Aox1 8.39296274406315 9.50747770774802 3.59958013557715
Kcnj10 12.8785432536004 9.50747770774802 3.59958013557715
Mia 8.54473641191321 9.50747770774802 3.59958013557715
Bbox1 10.4162295504973 9.50747770774802 3.59958013557715
Mbp 14.1687363691772 9.50747770774802 3.59958013557715
Nkain1 11.0626756369745 9.50747770774802 3.59958013557715
Gabrb1 12.2461865193738 9.50747770774802 3.59958013557715
Arhgap23 10.3842781431605 9.50747770774802 3.59958013557715
Mark1 8.71128827819088 9.50747770774802 3.59958013557715
Ninj2 9.27009858601471 9.50747770774802 3.59958013557715
Kif3a 10.1170145396144 9.50747770774802 3.59958013557715
Tmem47 9.13514094057573 9.50747770774802 3.59958013557715
Csrp2 8.85131694815545 9.50747770774802 3.59958013557715
Ndrg1 13.0010381705216 9.50747770774802 3.59958013557715
1700019G17Rik 8.07474030533717 9.50747770774802 3.59958013557715
Ntrk2 12.6900168207884 9.50747770774802 3.59958013557715
Ptprf 11.703130736007 9.50747770774802 3.59958013557715
Fgfr2 10.9305924154803 9.50747770774802 3.59958013557715
Hapln2 9.85388912385468 9.50747770774802 3.59958013557715
Mobp 12.5531511910164 9.50747770774802 3.59958013557715
Irx5 8.82197771123806 9.50747770774802 3.59958013557715
Cyp7b1 8.87498273501713 9.50747770774802 3.59958013557715
Slc7a10 10.8328515588795 9.50747770774802 3.59958013557715
Nkx2-2 8.51799478903158 9.50747770774802 3.59958013557715
Ttyh2 10.3269741269805 9.50747770774802 3.59958013557715
Cttn 11.7736255976993 9.50747770774802 3.59958013557715
Dzip1 7.91742121969129 9.50747770774802 3.59958013557715
Syne1 10.8655356029373 9.50747770774802 3.59958013557715
Sytl2 10.1953266843782 9.50747770774802 3.59958013557715
Enah 12.3468423597459 9.50747770774802 3.59958013557715
Spry2 8.09596194489114 9.50747770774802 3.59958013557715
Vcan 8.49347988925402 9.50747770774802 3.59958013557715
Gpr19 10.6786812111188 9.50747770774802 3.59958013557715
Epdr1 11.0114775656763 9.50747770774802 3.59958013557715
Bace1 11.5434224115247 9.50747770774802 3.59958013557715
Fgfr3 12.0453987770555 9.50747770774802 3.59958013557715
Pdgfra 9.92166765576902 9.50747770774802 3.59958013557715
Nedd4 11.6903062585806 9.50747770774802 3.59958013557715
Ncam1 11.9969495639365 9.50747770774802 3.59958013557715
Atp1b2 11.8292414660603 9.50747770774802 3.59958013557715
Zbtb20 11.9897337154345 9.50747770774802 3.59958013557715
Klf9 12.1377683233402 9.50747770774802 3.59958013557715
Igfbp5 10.768188347812 9.50747770774802 3.59958013557715
Acsbg1 10.3961370184442 9.50747770774802 3.59958013557715
Acss2 9.76207904235241 9.50747770774802 3.59958013557715
Glrb 8.64387198354984 9.50747770774802 3.59958013557715
Myo10 10.4947878419601 9.50747770774802 3.59958013557715
Nkain4 11.4984346173794 9.50747770774802 3.59958013557715
Shroom3 9.31273846291245 9.50747770774802 3.59958013557715
Rnd2 10.3546933748241 9.50747770774802 3.59958013557715
Ttyh1 9.01725428867204 9.50747770774802 3.59958013557715
Mak 9.6271500795089 9.50747770774802 3.59958013557715
Fjx1 8.955512067651 9.50747770774802 3.59958013557715
Tle1 10.2589939931098 9.50747770774802 3.59958013557715
Rims2 8.85102184577215 9.50747770774802 3.59958013557715
Kcnd2 9.60168948095427 9.50747770774802 3.59958013557715
Kif5c 10.0718812325994 9.50747770774802 3.59958013557715
Sc4mol 11.5190846365099 9.50747770774802 3.59958013557715
Efnb3 10.7962118383436 9.50747770774802 3.59958013557715
Gpm6b 11.3491179681021 9.50747770774802 3.59958013557715
Irs1 9.32519408920998 9.50747770774802 3.59958013557715
Hes5 10.8429977036198 9.50747770774802 3.59958013557715
Lgi1 8.51259819783472 9.50747770774802 3.59958013557715
Id4 11.9132963250595 9.50747770774802 3.59958013557715
Ints6 10.8525209688344 9.50747770774802 3.59958013557715
Ptprk 9.61285131837866 9.50747770774802 3.59958013557715
Add3 11.1727837427304 9.50747770774802 3.59958013557715
Cspg4 9.60915983033046 9.50747770774802 3.59958013557715
Wnt7a 8.93726420047816 9.50747770774802 3.59958013557715
Clic4 11.9442515540556 9.50747770774802 3.59958013557715
Agt 11.9602476499429 9.50747770774802 3.59958013557715
Timp4 11.357977695893 9.50747770774802 3.59958013557715
Sv2a 10.3935598316329 9.50747770774802 3.59958013557715
Bicc1 8.62443946385316 9.50747770774802 3.59958013557715
Nfix 12.8691219256016 9.50747770774802 3.59958013557715
Scn8a 7.66197079013167 9.50747770774802 3.59958013557715
Ednrb 10.8672035973926 9.50747770774802 3.59958013557715
Ncan 9.39068917638055 9.50747770774802 3.59958013557715
Atp1a1 11.4645482186231 9.50747770774802 3.59958013557715
Qdpr 12.6116867516279 9.50747770774802 3.59958013557715
Dner 10.9500480387838 9.50747770774802 3.59958013557715
Tmem246 9.3236342528802 9.50747770774802 3.59958013557715
Idi1 9.86540080390961 9.50747770774802 3.59958013557715
Ptgds 11.8276152924469 9.50747770774802 3.59958013557715
Slc44a1 12.3471081345871 9.50747770774802 3.59958013557715
Sez6l2 12.2167314074014 9.50747770774802 3.59958013557715
Tspyl4 11.1175763774154 9.50747770774802 3.59958013557715
Elovl7 9.05426761988818 9.50747770774802 3.59958013557715
Tmem98 10.1317305922923 9.50747770774802 3.59958013557715
Gpr37l1 12.8789032354788 9.50747770774802 3.59958013557715
Polr3h 10.4177535190152 9.50747770774802 3.59958013557715
Lrrc48 10.3403898041432 9.50747770774802 3.59958013557715
Cdc42ep1 9.26970657920626 9.50747770774802 3.59958013557715
Tmem51 9.71528526815824 9.50747770774802 3.59958013557715
Adhfe1 8.52099978974895 9.50747770774802 3.59958013557715
Selm 9.32998669425246 9.50747770774802 3.59958013557715
Asrgl1 11.8615437107029 9.50747770774802 3.59958013557715
Aldh1l1 9.65636148077051 9.50747770774802 3.59958013557715
Spon1 11.4779755965096 9.50747770774802 3.59958013557715
Phldb1 11.4697254451824 9.50747770774802 3.59958013557715
Rapgef3 11.27595654438 9.50747770774802 3.59958013557715
Mmd2 12.4532710567255 9.50747770774802 3.59958013557715
Nrbp2 9.9167518924504 9.50747770774802 3.59958013557715
Tspan2 11.3975884159925 9.50747770774802 3.59958013557715
Samd4 10.5629249777612 9.50747770774802 3.59958013557715
Gprc5b 11.944567271774 9.50747770774802 3.59958013557715
Slit2 9.66512248480149 9.50747770774802 3.59958013557715
Cyp2j9 10.4089385733926 9.50747770774802 3.59958013557715
Calml4 11.2056148389434 9.50747770774802 3.59958013557715
Aldoc 13.7785879333191 9.50747770774802 3.59958013557715
Hip1 9.28652299945629 9.50747770774802 3.59958013557715
Rsph9 10.4082498945323 9.50747770774802 3.59958013557715
Slain1 9.74159237206808 9.50747770774802 3.59958013557715
Ptprd 12.7143806221276 9.50747770774802 3.59958013557715
Gpsm2 9.45211961726747 9.50747770774802 3.59958013557715
Sox10 11.1528162736258 9.50747770774802 3.59958013557715
Mboat2 9.91129693390107 9.50747770774802 3.59958013557715
Cdh10 9.83284058674974 9.50747770774802 3.59958013557715
Tyro3 8.16726879795647 9.50747770774802 3.59958013557715
Zcchc18 9.70113714776829 9.50747770774802 3.59958013557715
Slc12a5 8.9876127609556 9.50747770774802 3.59958013557715
Aqp4 11.4371973892337 9.50747770774802 3.59958013557715
2610034M16Rik 7.6111485705713 9.50747770774802 3.59958013557715
Plp1 13.296578397158 9.50747770774802 3.59958013557715
Prrx1 8.42549973836844 9.50747770774802 3.59958013557715
S100a16 12.6071610367656 9.50747770774802 3.59958013557715
Edil3 9.56365299305178 9.50747770774802 3.59958013557715
Ppp1r3c 10.9869844944609 9.50747770774802 3.59958013557715
Dock5 9.48317400284807 9.50747770774802 3.59958013557715
Csrp1 11.2427829934154 9.50747770774802 3.59958013557715
Dtx1 11.1082407388378 9.50747770774802 3.59958013557715
Amot 9.69895078507587 9.50747770774802 3.59958013557715
Armcx1 9.2018970812735 9.50747770774802 3.59958013557715
Cuedc1 10.7918176818966 9.50747770774802 3.59958013557715
Sox6 8.97172863025435 9.50747770774802 3.59958013557715
Plagl1 8.48689215639535 9.50747770774802 3.59958013557715
Ddc 9.05887056889379 9.50747770774802 3.59958013557715
Vit 8.20740359643285 9.50747770774802 3.59958013557715
Nefl 8.37435737747738 9.50747770774802 3.59958013557715
Sorl1 11.7038043887136 9.50747770774802 3.59958013557715
Cadm4 9.56285487232381 9.50747770774802 3.59958013557715
Ntm 8.94891017596309 9.50747770774802 3.59958013557715
Alcam 8.9865734532035 9.50747770774802 3.59958013557715
Ddx3y 9.0265959743797 9.50747770774802 3.59958013557715
Gpm6a 8.96865473228641 9.50747770774802 3.59958013557715
Ndrg4 10.2574231226011 9.50747770774802 3.59958013557715
Tlcd1 10.7350459022994 9.50747770774802 3.59958013557715
Trib2 9.42402037751156 9.50747770774802 3.59958013557715
Tmeff1 9.42972754934527 9.50747770774802 3.59958013557715
Srebf1 12.4998432507712 9.50747770774802 3.59958013557715
Cnn3 11.5070158929058 9.50747770774802 3.59958013557715
Meg3 10.9620187906814 9.50747770774802 3.59958013557715
6330403K07Rik 13.1154055976539 9.50747770774802 3.59958013557715
Celf4 8.42727884234489 9.50747770774802 3.59958013557715
Fa2h 10.4068538243926 9.50747770774802 3.59958013557715
Phlpp1 11.3908255401056 9.50747770774802 3.59958013557715
Thra 10.6630283726257 9.50747770774802 3.59958013557715
Fbxo2 10.7518985257919 9.50747770774802 3.59958013557715
Scara3 8.12071010920328 9.50747770774802 3.59958013557715
Amph 10.2843233894206 9.50747770774802 3.59958013557715
Metrn 10.9806034127171 9.50747770774802 3.59958013557715
Zfp612 9.83055922609931 9.50747770774802 3.59958013557715
Copg2os2 10.4500910105107 9.50747770774802 3.59958013557715
Gabrg1 9.76409580873976 9.50747770774802 3.59958013557715
Adora1 10.2852348841688 9.50747770774802 3.59958013557715
Abca8a 8.77997032874099 9.50747770774802 3.59958013557715
Nkx6-2 9.46477868874075 9.50747770774802 3.59958013557715
Atp1a2 11.8435154583481 9.50747770774802 3.59958013557715
Gnai1 8.89598293744349 9.50747770774802 3.59958013557715
Rassf9 8.43064332911894 9.50747770774802 3.59958013557715
Tmem163 9.20073766717724 9.50747770774802 3.59958013557715
Tmcc2 10.3470644135668 9.50747770774802 3.59958013557715
Pacrg 9.56769763759814 9.50747770774802 3.59958013557715
Dmkn 8.98360511163176 9.50747770774802 3.59958013557715
Ptch1 12.2789669269386 9.50747770774802 3.59958013557715
Tril 12.066552659849 9.50747770774802 3.59958013557715
Itih5 9.83048645109037 9.50747770774802 3.59958013557715
Ppap2b 13.5920300282875 9.50747770774802 3.59958013557715
Rimklb 9.59553138694342 9.50747770774802 3.59958013557715
Bcat1 9.64354848807665 9.50747770774802 3.59958013557715
Pla2g7 10.5775443092862 9.50747770774802 3.59958013557715
Fmn2 9.62140446861947 9.50747770774802 3.59958013557715
Rhpn2 7.43627719538492 9.50747770774802 3.59958013557715
Antxr1 11.3308981778861 9.50747770774802 3.59958013557715
Tekt1 9.47042950112402 9.50747770774802 3.59958013557715
Lrrc23 10.3932025760924 9.50747770774802 3.59958013557715
Sh3gl3 11.1766974100696 9.50747770774802 3.59958013557715
Anln 10.3417638674301 9.50747770774802 3.59958013557715
Abat 10.0218441712735 9.50747770774802 3.59958013557715
Ppargc1a 9.29231363527828 9.50747770774802 3.59958013557715
Fermt2 11.9278897261425 9.50747770774802 3.59958013557715
Lrig1 10.6430534444015 9.50747770774802 3.59958013557715
Slc20a2 10.7049308731094 9.50747770774802 3.59958013557715
Coro2b 10.0708608463889 9.50747770774802 3.59958013557715
Tbcel 10.5726057779643 9.50747770774802 3.59958013557715
Erbb3 9.9566095525532 9.50747770774802 3.59958013557715
Nrcam 10.194483666014 9.50747770774802 3.59958013557715
Neo1 10.9083282526706 9.50747770774802 3.59958013557715
Plekhh1 8.30628108112029 9.50747770774802 3.59958013557715
Limch1 11.6936023060781 9.50747770774802 3.59958013557715
Unc5b 10.0116698695912 9.50747770774802 3.59958013557715
Stmn3 9.45385851788827 9.50747770774802 3.59958013557715
Gria1 10.1223088772917 9.50747770774802 3.59958013557715
AI464131 8.12055905194434 9.50747770774802 3.59958013557715
Elavl3 9.71334498479169 9.50747770774802 3.59958013557715
Cachd1 10.1992546931484 9.50747770774802 3.59958013557715
Cacnb4 8.59168663730767 9.50747770774802 3.59958013557715
Mapk10 9.21954610326392 9.50747770774802 3.59958013557715
Impad1 11.0650772479416 9.50747770774802 3.59958013557715
F2r 9.63344721858649 9.50747770774802 3.59958013557715
Cpeb3 8.99085663013343 9.50747770774802 3.59958013557715
Fdft1 12.085530753931 9.50747770774802 3.59958013557715
Pkp4 12.4393055265321 9.50747770774802 3.59958013557715
Ahi1 10.0997566612833 9.50747770774802 3.59958013557715
Gli2 9.52535372176387 9.50747770774802 3.59958013557715
Sash1 11.1337234363858 9.50747770774802 3.59958013557715
Tm4sf1 10.5703775746782 9.50747770774802 3.59958013557715
Mlc1 10.5147132350463 9.50747770774802 3.59958013557715
Ndrg2 12.6396013835903 9.50747770774802 3.59958013557715
Atp6v0e2 11.8930087027635 9.50747770774802 3.59958013557715
Uchl1 9.2876786404909 9.50747770774802 3.59958013557715
Tnk2 12.0898782445669 9.50747770774802 3.59958013557715
Gjb6 10.6830825739229 9.50747770774802 3.59958013557715
Efhd1 9.99828326450377 9.50747770774802 3.59958013557715
Bex1 11.5438677213254 9.50747770774802 3.59958013557715
Scg3 11.7789630070023 9.50747770774802 3.59958013557715
Kcnk1 10.8196635542335 9.50747770774802 3.59958013557715
Sept4 12.4755606324804 9.50747770774802 3.59958013557715
Car2 13.501505259725 9.50747770774802 3.59958013557715
Mog 10.6869290330022 9.50747770774802 3.59958013557715
Kcnn2 9.28825546939151 9.50747770774802 3.59958013557715
Gng11 11.6058737116895 9.50747770774802 3.59958013557715
Cadps 8.36463526763097 9.50747770774802 3.59958013557715
Ngef 10.5776152732676 9.50747770774802 3.59958013557715
Klk6 9.56673557658769 9.50747770774802 3.59958013557715
Rhou 12.2025407712802 9.50747770774802 3.59958013557715
Acot1 9.44337116785109 9.50747770774802 3.59958013557715
Itih3 13.6608138748926 9.50747770774802 3.59958013557715
Cyfip2 9.09838889264748 9.50747770774802 3.59958013557715
S1pr5 10.4074246543331 9.50747770774802 3.59958013557715
Gdpd3 12.0475752588213 9.50747770774802 3.59958013557715
Trps1 9.18185460823898 9.50747770774802 3.59958013557715
Cntn1 11.2539096531301 9.50747770774802 3.59958013557715
AI594671 7.73868199297245 9.50747770774802 3.59958013557715
Tagln3 9.37507078041456 9.50747770774802 3.59958013557715
Car14 10.0072135886387 9.50747770774802 3.59958013557715
Kif21a 8.39822053941696 9.50747770774802 3.59958013557715
Cdh11 8.46324408469384 9.50747770774802 3.59958013557715
Fabp7 11.0771572365172 9.50747770774802 3.59958013557715
Wnt4 9.54982941058836 9.50747770774802 3.59958013557715
Gpr37 9.77011238059639 9.50747770774802 3.59958013557715
Cacng4 10.5712545690909 9.50747770774802 3.59958013557715
Acsl6 11.1987493345264 9.50747770774802 3.59958013557715
Dbndd2 13.1115833962408 9.50747770774802 3.59958013557715
Pcolce2 9.98796526896358 9.50747770774802 3.59958013557715
Fam20b 8.90456709791339 9.50747770774802 3.59958013557715
Slc6a1 11.1858185676723 9.50747770774802 3.59958013557715
Nckap1 12.3748335760528 9.50747770774802 3.59958013557715
Csgalnact1 9.71587154773326 9.50747770774802 3.59958013557715
Adamts4 9.10022382067963 9.50747770774802 3.59958013557715
Zdhhc2 8.41904428115988 9.50747770774802 3.59958013557715
Fam213a 12.432764725644 9.50747770774802 3.59958013557715
Slc22a23 9.13928458298302 9.50747770774802 3.59958013557715
Gal3st1 9.44101232733308 9.50747770774802 3.59958013557715
Fez1 12.4346401295399 9.50747770774802 3.59958013557715
Ankrd28 9.9679544502397 9.50747770774802 3.59958013557715
Leprel4 9.51394600037258 9.50747770774802 3.59958013557715
D430019H16Rik 9.37386172296332 9.50747770774802 3.59958013557715
Adcy2 10.6179266325297 9.50747770774802 3.59958013557715
Mag 11.9008965019293 9.50747770774802 3.59958013557715
