Aldh1a1 13.2290650954971 9.62506641969223 6.73562710696945
Ntsr2 12.7046248561377 9.01753298920631 5.53528029183511
Cxcl14 10.2270107545625 6.80632021761485 4.90651041147964
Dao 9.86693791770824 6.51399832787521 4.62501806632955
Fxyd1 12.8501204014389 9.52078822836394 6.69961596620637
Wif1 9.67083739734556 6.34881179404149 3.78433499859791
Cldn10 10.813979698532 7.34486645782695 4.91127965276292
Baalc 11.1095567581765 7.6725943319368 5.90924397229596
Tlcd1 12.440867561208 9.04903105679978 5.75304454834617
Ttpa 10.7706168550902 6.30702493121899 4.68722033811832
Gjb6 10.8081478425847 6.79607909003584 4.76532291520519
Cd70 9.87202204660144 6.06940300497787 4.49013482299473
