Tgfbi 10.1729708775644 6.5890273371474 4.46013589978078
Lcp1 11.8463632704423 6.49987670872505 4.27293477202973
Cd83 13.2264749464343 7.51564489289335 5.44613895664227
Sipa1 11.1257432146877 7.34705283892617 6.29882422522925
Tnfaip2 9.08145533726492 5.08804174719091 3.87698406781135
Socs3 12.8363611039744 8.15208093846307 3.99435988964155
4632428N05Rik 12.9592128362635 8.4562148510701 4.84384917730122
Spint1 10.3415667614487 6.0982927275595 5.28275577690876
Afp 8.20241684612463 3.91218162285192 3.68566901913214
Clic1 11.3846871257571 7.85647974180966 5.46578359287703
Irf8 12.5606886061131 5.86131265456718 5.14151060014373
Dnajb1 11.4072973894197 7.92898006922403 7.24682137257328
Tbxas1 9.77227819439976 6.4254025784401 5.93269404267599
Parvg 10.3224146114506 6.59592895384025 5.39128565569759
Rps6ka1 12.439882687873 8.40026512180007 7.60906127728885
Mfng 10.1100884876208 6.44231191117679 5.62248930279993
Slc40a1 11.6365802495677 6.79878357631009 5.61761600984585
C1qb 13.3846079047961 5.39559898257322 3.78858281053259
Ccl6 10.223717633042 5.04471579088617 4.09802037367063
Cd14 13.3052539164274 7.70459044619666 6.39834131743939
Pycard 11.8185468367102 6.53204311857668 5.32037982242778
C1qa 13.2380236204344 7.05115549361165 5.09269046789414
Il16 10.7022595486227 5.98501094046021 5.3813251325882
Slc7a7 11.052383619296 5.73994138655276 5.01427064817479
Srgn 13.2509970787582 6.99421664219884 5.419321342106
Myh9 12.5865032254667 8.18990917616841 7.21534510048732
Nfkbiz 12.6860754101133 8.76968503487333 4.15053792214438
Tgm2 11.7718766956168 7.52624011683309 5.23756925212498
Plek 13.0669588958399 6.74566257373128 5.76210808065603
Itgb5 13.3318370523038 9.90853628036109 3.80759392541851
Rgs1 11.2541972267774 4.91393704355761 4.41827242582498
Cd79b 8.31573716498709 4.73485678597024 4.43862197526245
Snx5 12.5628056055199 8.72073090638701 6.69681972393522
Elk3 10.4901390004177 6.16620949512316 4.42251205582833
Laptm5 13.2497958585741 6.86574947422218 3.89956790241383
Slc25a37 10.6378478547555 7.21030211777844 5.97970915502034
Rgs19 10.139947557409 6.25048267391688 4.60538755768582
Serinc3 10.8737843005988 7.2710246509894 6.40507812208397
Fcgr1 12.3056772228307 5.19194076800906 4.46113166087464
Slc16a6 11.601886645942 7.49092740253724 5.50241413600463
Ccl9 11.5606702750711 5.2810486847211 4.81298849003731
Trim30a 9.82440837349698 6.42488352396739 5.38938433926734
B4galt1 11.050190662426 7.43618629193399 5.97257564386974
Tnfrsf1b 11.5849644137814 6.82893167233506 5.91043391601569
Inpp5d 12.5199395399242 7.10272965187709 6.39090311456107
Tlr4 9.52419084436795 5.02354108037154 4.35724931008564
Pmaip1 7.94812896443572 4.62306165515625 3.94180245830357
Aif1 11.8782125697407 5.283347238787 4.87112284017977
Syk 11.2305153374971 7.24957724951465 6.15912312657101
Klf6 12.1614928848338 8.17274722909545 6.41192813927174
Crybb1 12.3010895138039 7.17765301770871 6.45278320451604
Fcer1g 12.6409109862305 6.90403459749949 5.80324110402207
Ctsh 12.8519091129382 6.3928682309376 5.20494926095073
Gpsm3 9.66649074936397 5.73478559343171 5.18919800891654
Ncf4 10.7081144474155 5.22405272796778 4.85269602783883
Ggta1 10.3145780373454 5.6908661206901 4.14712616091258
Lcp2 10.3889718130272 5.04461732271666 4.59797340214007
Ngp 12.4329204009581 6.62389227243884 5.38557766434419
Spi1 10.2850028049619 6.17673337194354 5.84358801778021
Ms4a6b 11.1222234312687 5.16692748103902 4.75199873390149
Hcls1 8.83239317939796 4.8995207548874 4.67453755730112
Pabpc1 11.1513836653323 6.10610358368073 4.47715597047137
Skap2 11.9890479352489 8.55348114135535 6.47819258535421
Cebpb 11.6879517821222 7.83262407527931 6.02717912058325
Plxdc2 12.0633823649962 7.94856452604498 5.04745913827364
Cxcl10 9.83264446685726 5.50928194957338 5.11738060054344
Cysltr1 9.33333349087416 4.37665051406671 3.95900535622561
Cttnbp2nl 11.7204560544011 7.2646251714864 5.63750847718164
Lyl1 9.97533629065994 5.96356510798952 4.99037716690558
Ptpn18 10.4025712369028 6.83678095991454 5.58126482703644
Tlr2 11.9268402473875 5.93666066273974 5.60258802079433
Cd163 7.66769719158114 4.17699666799058 3.9980211006749
Serpine1 9.52331793271942 5.54280211176507 4.5826919988731
Mlxipl 10.549742788076 6.75730574253479 5.06164690052249
Cd37 10.9048574016166 6.84684454739397 5.34059284776231
Map3k8 10.2849700718244 5.07805633365557 4.76224499345579
Myd88 10.7278217724093 6.68286312778823 5.95366594886603
Ccl12 10.5112043294489 4.6684796939206 4.32501718792885
Arhgap4 9.36525554969312 5.60640907314404 5.19503413030892
Pon3 9.20297150005047 4.66572870631199 4.20282411486175
S100a8 13.0395448654869 4.77429500740548 4.54410206144925
Il10rb 10.7116513838826 6.53599212030897 5.18138482323977
C3ar1 11.7072754362155 6.67122765202027 5.3109121926608
Fgd2 12.1304825880125 6.34701329006761 5.82506043074332
Ccl3 13.4953964323281 5.4462776855335 4.51647656829541
Ms4a6d 11.3799791784438 4.67631317429724 4.49812940292336
Ier3 13.4963591841383 8.84620678958184 7.3461643879221
Camp 12.113738407204 5.93840266818534 5.39766931506529
Klk8 10.2464469222101 6.03230102825383 5.42595781458491
Chil3 11.1159878878753 4.49968669191073 3.85564531901123
Arap3 9.86775374576886 4.47878907148539 3.96585447145887
Tlr7 11.2112407400947 5.3850566518102 4.85104890149664
Csf1r 14.0460007158016 9.51141570088384 6.8013031906346
Hpgd 12.0107499612859 6.27635003281265 4.21636780494782
Slc11a1 11.4154854568916 6.81300948147953 5.54660187334742
Ccl2 9.49866288250659 5.55743975921941 5.13110637274827
Cd86 11.6419705628058 5.41838133614297 4.81081766854463
Gpr84 11.5935377294956 6.30924998520414 5.32737554038853
Trim12a 8.5835260320544 4.2686426386761 3.9344795343443
Zfhx3 11.2942984484453 5.66413956281835 4.40424017849644
Slc15a3 11.5219827541908 5.47301948565602 5.09413346921565
Rel 9.30153835661437 5.87101505508809 5.07412526766677
Sla 12.3378861062474 7.88202565246859 5.72856306835371
Tgfbr1 13.4953964323281 7.83362662127095 5.33875682975203
Lgals9 9.80576100376818 5.92471404828814 5.22392328239114
Trem2 11.528689695107 6.81476246230616 6.30976893029418
Gna15 8.93153578094543 5.57945064081354 4.89508697444916
Birc3 10.7521481640029 6.33868282442204 5.89119602309196
Igsf6 8.68495551282954 4.44802245741269 4.14316584184231
Samsn1 8.95535277925432 4.84336991047163 4.43821618315275
Il1a 10.5450729398403 4.77703157543168 4.36552622220934
Hpgds 9.14123713383759 5.72270258776321 4.9902591809335
Naip5 11.1347547074536 4.9730925305585 4.17976503339444
Ccl4 12.7516225784521 7.69242147931297 5.86406799427228
Stat6 10.5031698578152 6.45244933510046 4.8453699819021
Clec4a2 10.1190075949126 5.26274179403858 4.88038193794205
Fli1 10.0832277034328 4.27751756156978 3.81809364779184
Ets1 9.75745818736726 5.39120591348134 3.95960718853561
Ptprc 12.4215732421658 4.80603259569511 4.22029634895893
Ccr5 11.7087776692335 4.84606510820709 4.38127430725521
Il6ra 12.6405285425734 5.82755259541395 5.5243341347985
Tgif1 8.50458243562559 5.006523464524 4.53921508862011
Pla2g15 12.3512186582331 8.34998834788288 6.52503837967126
Ifi30 11.4062018650154 7.30657712262821 5.91348769424365
H2-DMa 11.3395300052483 7.6973982517095 6.08299642485813
Gpr34 12.142699851518 4.31394753456738 3.93457297380571
Rrad 10.0026571297703 5.91439412995518 5.03629659619848
Rnase4 13.0771643703574 6.41714045881365 5.02852110279954
Hk2 12.3164140648536 7.48676634008317 6.03833297100339
Hfe 11.3196450739578 6.72231190854532 5.83589262089378
Pik3cg 10.1537853547168 5.83804637775298 4.98528573542333
Cd84 9.96224237530016 4.76503049295807 4.36493033186934
Ly86 13.8305038298173 6.81223456699666 5.53427473309651
Vav1 10.4997459843954 4.21359574656899 3.95208536756467
Cfh 10.8438396260437 3.97612042347295 3.4775771168744
Tnfrsf13b 9.66545251361214 5.09055054836729 4.35829656765996
Hhex 10.060418644213 6.23097569877326 5.21582573592269
Entpd1 9.58873000960094 5.53588320326248 4.14608506154423
Ptgs1 12.1626150793908 8.28090581810469 4.9459845815328
Lyz2 12.5660138290276 7.26916194468483 5.94417062454589
Ctc1 11.7422487728519 7.96441241193199 7.20379911999948
Unc93b1 11.3066168079527 7.3724957202307 6.55292031535937
Cmtm6 12.2803328178186 8.85075956381599 4.74491631182674
Hvcn1 10.2856187487951 5.86405216244796 5.27247522877549
Edem1 10.5644676490564 6.8313793796782 4.6444239913927
Icam1 12.144222640413 6.38216719391081 4.86255398021675
Rcsd1 12.3223507478265 7.70685668574698 6.28890381832693
Tmem140 8.46080936763924 4.66137501749733 4.32652405896205
Cd177 8.01898297885642 4.56599852467937 4.11898578487535
Casp8 9.83591177234681 5.25898839030618 4.9061560432657
F11r 12.1638127271072 6.70464880831456 5.64258096342726
Tor4a 10.4213155961976 7.07204040745939 5.66309634761628
Lpxn 10.730982217212 5.23908329060979 4.52325626184344
Siglec5 8.337886172674 4.11229878404368 3.78730808301599
Fcrl1 9.27554865404005 5.53372626793618 5.28578111414049
P2ry6 11.5909433501351 4.68670437731416 4.30083792153558
H2-K1 12.7949568117272 8.12968236290402 7.27179767323754
Tgfbr2 12.4312251246194 7.73443180278398 6.21156602032915
Ceacam1 8.73427463823456 4.76606921480072 4.43480873177166
Mlph 9.52478746573067 6.20137061917156 5.13011595474762
Il13ra1 9.69650941211153 5.499798318112 4.20617511677767
Adap2 10.4876327911899 5.28372759321851 4.97485239178243
Capn3 10.437566906065 5.16039276619076 4.5056273453004
Arrb2 11.5161791808491 7.19887655996016 6.75737284698638
Pros1 11.4244912078995 7.39207433974594 4.65393774202589
Arhgap17 11.0358082941061 7.42137229653351 4.82762675844527
Trim47 10.122871565472 6.56186250088837 5.15865405300729
Sash3 11.2528818012755 6.95136976254563 5.40222391354521
Themis2 9.94919523666928 5.25861337540865 4.99252179096231
Mpeg1 13.5339312443488 7.2506457800896 5.75790353122935
Cd48 9.99176185857167 4.87446039105054 4.2713356711434
Akna 10.5978331936346 6.62663941705133 4.6287537093561
Fes 10.5840546362038 7.11836731556931 5.90985887573429
Cep152 9.68353142517718 5.90458059081334 5.60089700213438
Egr2 11.2144151601674 6.72426896550366 4.51328243799112
Ccrl2 11.4107831106411 6.43984198892226 5.70692394501564
Lcn2 11.7182561949748 4.53578593401022 4.20378184653821
Hbb-b2 7.86146929235822 4.2330725101394 3.87175847828098
AF251705 12.0057126252299 7.64895949831569 6.33337302952858
Hmha1 10.4487011332694 6.13734083253898 5.34691068864841
Gmip 10.2055870255081 6.48607385276092 5.6968256925437
Nckap1l 11.1526856630168 6.30411477708269 4.88678426562665
Abcc3 9.7509259850256 5.92361456569556 5.04981551204219
Rhoh 10.7637079698635 5.83855444077343 4.76554004556271
1700017B05Rik 11.7522974287947 7.34141138323772 5.64524736443404
Lair1 10.6612900224916 5.63233562556744 4.86115124879537
P2ry12 12.4385715566921 5.6912053472515 4.67965714719699
Rnf19b 9.65744414029616 5.57154400785021 4.70027756615602
Pld4 12.1700437011819 5.87978231925936 5.35894157618784
Lrrfip1 10.7224886700699 7.02407347037351 4.67399119782974
AU020206 9.79768698851007 5.63112358202858 5.00729467138132
Fermt3 11.4207362066657 4.67727421906829 3.85558095812429
Ankrd44 11.5679366187782 8.03199747148049 5.02762605757627
H2-Aa 11.2644036954394 5.96832288676722 4.65386403652465
Fam105a 11.8820924454901 8.31097760708911 5.95258786084075
Herpud1 12.5116726598182 9.08728671974159 7.92649662518398
Cd300a 10.0530239896872 5.46247609818314 4.84496685891362
Lyz1 12.2502412289951 6.28801262202999 4.23459265121829
Clcf1 8.68466038510135 3.98178265885231 3.7084379156792
Adrb2 8.29734945321406 4.37780075719311 4.2403396876913
Lrrk1 9.1635528470806 5.35038770660782 4.56191355489146
Il10ra 11.9867649941734 5.1755560109218 4.85033979402844
Hexb 13.9214339669789 9.18129023425384 6.5439822484433
D530037H12Rik 10.4018822600769 6.903534094856 4.6055469354684
Rab20 9.64744268247702 5.17633962024926 3.88315796754442
Grn 13.6303783372944 10.182142497977 7.10420706713123
D9Ertd306e 8.20712585253381 4.56860747089937 4.23301598500281
Fam46c 12.2421510197398 6.41016203930664 4.66428882511585
Pald1 11.0128320429645 6.75400541747764 5.81164768487684
Ifngr1 12.016051864462 8.32450074790656 7.203216415874
Anxa1 9.64055143138413 5.55260330081009 4.43207465683524
Lrmp 8.89491220593798 4.75632064940316 4.3328009580308
Olfml3 13.5644607358692 7.01633580160756 6.08441178470241
Ncf2 11.109264808914 6.28607699699899 5.50514961402233
Il7r 9.22711297999003 5.82511787908181 4.8668047929635
Ctss 14.1223387589978 8.04958988876661 4.61323467198184
Cd53 12.6270729328698 5.5895281146429 5.17099115957211
Fcgr3 13.3874319809845 6.48859893405727 5.35721797016997
S100a9 12.2965410503709 5.41826390510995 4.65511953343684
Klf2 12.9915058739807 8.88662738504177 5.58695656151802
Fcrls 13.5200887013828 6.76461140363218 5.56088216098945
Tlr1 9.55990391864875 4.50660917913068 4.14363911955822
Selplg 13.492313873689 8.05417067930836 6.21574761531593
Cd68 12.2825968841945 6.33301469052303 4.89726340357513
Gpr65 7.85611733273235 4.01684434456716 3.8010108237256
Casp1 8.72506021576845 4.84581644313128 4.17620454387694
Csf2rb2 9.46516272602394 5.07321547380454 4.54633322310938
Atf3 13.3007390383143 8.33713056298996 5.32693626056711
C1qc 13.5695399365939 6.44592302643705 5.1230897462742
Hck 11.7192724128215 5.60028581166104 4.613580653524
Gcnt1 7.89240442650036 4.35498804432344 4.12396031434698
Casp4 9.17977855891737 4.93299209466453 4.06772108965155
Ehd4 10.2769858985773 6.66660798642143 5.19361318352432
Ly96 8.98885773803667 5.33905950072586 4.45190822695575
Lag3 9.94342037341401 6.40685049021056 5.22836806335992
Cxcl2 10.9236295592129 5.00607635795836 4.32838680557116
Ltf 11.9771261319803 7.85635073094404 6.18254306883166
Cx3cr1 12.8322911670036 6.61242504808046 5.28023427224278
H2-D1 12.6856010965553 7.99623237096705 7.12029964373831
Stab1 10.7835801182221 5.24850484091555 5.00056210809736
Il6 8.3523884587654 4.19177730787933 3.81181204776611
Mrc1 8.47267687587698 4.64393898236838 4.11481343912311
Hps3 10.6281605531013 7.30231162556643 6.8988239652516
Itgb2 11.8281947861841 5.23162436312052 4.62672852633843
Psmb9 9.49408509768935 5.85701720237745 5.33593352551144
Ang 8.67340897437916 4.22330081284532 3.98689807053955
Sh2b2 9.32069277757714 5.41604605142791 4.66842990808284
Tyrobp 12.9035612805634 6.73638768206812 5.52564246585815
Emr1 12.777781853873 7.13619007851054 5.51726729187898
Nrros 12.3519497751025 8.96465622848474 5.55864093685678
Tmem119 13.699678559052 7.24833473500425 5.49290060916939
Parp14 9.10437062254361 5.76606157950825 5.22323185805016
Ttr 13.1109777518357 7.04997423477977 3.97533996567923
Havcr2 10.710530075929 4.51389448078824 4.1839915157425
Alas2 9.97256535353661 5.42865888741392 4.87657443778508
Cmtm7 10.4036329494645 5.84672989472434 4.89726773057391
Blnk 11.8079240962002 7.10178402857446 5.15493080528775
Alox5ap 12.5749967599795 6.85865483719103 5.97813930675243
Fyb 11.7159427823204 6.21449593134296 5.75541435384351
Ctla2b 9.94438247489242 4.46868136299752 4.09622258071968
Zfp36 13.4960506681509 9.86675409800298 6.9824183419737
Abhd15 9.92497435981129 5.43432038716633 4.95610825510045
Cyba 11.7749627835735 7.2410334102754 4.86638480840016
Spata13 11.8360921296241 8.31260218604204 5.22027246841925
Ptpn6 11.3292345329635 7.55949588852457 6.50557264376891
4833441D16Rik 9.33372525445037 5.89903617180727 5.03588198056549
Tec 10.1967601761071 6.80251433458582 5.71453073405438
Cd52 8.83934325002235 4.84668390564557 4.5684152116115
Irf5 10.4417221455899 6.82182452294659 5.50093789970726
Naip2 10.8151812852359 4.63522012637793 4.26667648395476
Anxa3 12.9131833282778 6.25245998001396 4.92804934113399
