Nr2f2 11.0517232357351 7.15088340308123 6.43182014390126
Pdzrn3 9.63958266458421 5.98169286728233 5.03812846307236
Meis2 11.6093862191474 7.31181986087126 4.90336072283527
Pcbp3 10.7559827931493 7.34912698230503 4.66493041095197
Slc4a10 12.9565189433735 9.41156501325687 6.73929852353296
Amy1 9.82819437827845 5.00222426324653 4.88236554501494
Dpysl4 10.4352826451971 6.7097679267517 5.03906782646128
Cdhr1 11.9187310657978 7.37112346155432 5.17559589999576
Lmo1 12.8378434113725 8.15408279996186 6.06404122551877
Zfpm2 10.0937545840645 6.18893324624513 4.67804891405062
Vstm2b 11.496033196918 8.1194088472472 5.61109666532929
Sptbn1 12.6338911628644 8.53233140500512 7.31601998314536
Pclo 10.8795096502982 7.08981066990557 4.25784235011152
St6galnac5 11.2345294324925 7.90964873367954 5.11703912770248
Igf1 12.0024449945954 6.55339953186984 5.98952440734474
Uncx 8.63283836297849 5.21717296321822 4.12121415487858
Pcdhb21 8.78198855997394 5.21591545132909 4.99139728267565
Gabrr2 10.5595802271787 5.47337468493573 5.0988008919076
Hs6st2 12.2752575123785 8.63063577514704 5.01777070948594
Ptprt 10.8306609098842 6.51941261178713 5.26644054111732
Syne1 11.3788141259095 6.77114856122131 5.60402553972163
Lhx1 8.56592571182609 4.53498561252534 4.07636210562144
Cntnap2 12.6400715643303 9.25672540305094 4.26958832351212
Kcnc1 12.1577806610807 8.44747807679314 6.8460635414177
Spon1 12.0161265788778 8.49417689845696 6.55813748586868
Cplx3 12.0811422982789 6.24821940528714 5.66109169862279
Pcdh20 11.4637206666833 7.606116521188 5.10710900067104
Otx2 11.7187052203036 5.94164231146641 4.84315272851511
Meg3 12.9131673694511 9.08538166086428 7.46489972085518
Rell1 10.398485096309 6.79950430318788 6.1235538626728
Apba2 11.0454755204251 7.63951911585453 5.29020045843846
Ryr3 10.3335085651811 6.67729318680213 5.68079453371508
Arhgap20 10.7621757172063 7.29082992171958 5.0950009619593
Rian 9.82756531182442 4.30957362484583 4.22827928247585
Fmn2 11.4233976398808 6.16702076614929 5.41869859201754
Snhg11 12.4390489930922 8.93488846331431 5.50353999834229
Frmd5 11.9360953657325 8.5356789975404 5.75337237451649
Gata3 8.73640599741753 4.94551862435461 4.50719649146379
Reln 13.485287623864 8.15756579525151 5.59065428789919
Ssbp2 11.27735028231 7.6372038633686 6.64697946234268
Ppargc1b 10.4384773729382 6.65455865750698 6.49617861046469
Chrna6 11.2687258867279 6.00949567835248 5.24604931684203
Cacna2d2 12.8844444445554 8.31497480043604 6.03704981597976
Chrna3 8.65468584831926 5.18882131516886 4.98793022646068
Slc6a1 12.4061889876405 9.03776903918377 4.53115881623332
Ablim1 11.2652021516163 7.76758709393725 7.67575503221913
