Gja1 9.12761828174088 10.0218914624412 3.50714129164259
Cx3cl1 9.73650591317447 10.0218914624412 3.50714129164259
Syt4 8.21821563025098 10.0218914624412 3.50714129164259
Stmn1 13.804730722705 10.0218914624412 3.50714129164259
Chgb 11.0344288321808 10.0218914624412 3.50714129164259
Tpi1 13.3936300926774 10.0218914624412 3.50714129164259
Npdc1 8.81118521682247 10.0218914624412 3.50714129164259
Ndn 11.2146662288164 10.0218914624412 3.50714129164259
Tubb3 9.87523556627814 10.0218914624412 3.50714129164259
Vdac1 11.2472760784001 10.0218914624412 3.50714129164259
Hey1 9.91500625469591 10.0218914624412 3.50714129164259
Fabp5 10.8959578155879 10.0218914624412 3.50714129164259
Fabp3 11.0588714364756 10.0218914624412 3.50714129164259
Map4 10.9339382233564 10.0218914624412 3.50714129164259
Nsg2 12.0704444560712 10.0218914624412 3.50714129164259
Sparcl1 10.2712445735051 10.0218914624412 3.50714129164259
Ccnd2 9.6776983528558 10.0218914624412 3.50714129164259
Prnp 11.9816098716274 10.0218914624412 3.50714129164259
Olig1 9.34476384823408 10.0218914624412 3.50714129164259
Hmgb3 9.67937720028247 10.0218914624412 3.50714129164259
Ptn 9.40586928752892 10.0218914624412 3.50714129164259
Rgs4 12.0527805473826 10.0218914624412 3.50714129164259
Nfib 9.5318364475507 10.0218914624412 3.50714129164259
Mllt11 13.1912556791663 10.0218914624412 3.50714129164259
Dync1i1 10.9850463080687 10.0218914624412 3.50714129164259
Gsta4 10.4383381428122 10.0218914624412 3.50714129164259
Gabarapl1 12.1201549147513 10.0218914624412 3.50714129164259
Cryab 9.84446095135378 10.0218914624412 3.50714129164259
Gad1 11.0431501717801 10.0218914624412 3.50714129164259
Zfp239 9.70120106011551 10.0218914624412 3.50714129164259
Snap91 11.9369738566261 10.0218914624412 3.50714129164259
Serpini1 10.5627990912057 10.0218914624412 3.50714129164259
Tbr1 7.39652594298688 10.0218914624412 3.50714129164259
Prkar1b 13.7750869791552 10.0218914624412 3.50714129164259
Crym 11.5839987031001 10.0218914624412 3.50714129164259
Pfkm 11.9757451018931 10.0218914624412 3.50714129164259
Parva 8.60179984961338 10.0218914624412 3.50714129164259
Osbpl1a 10.9754722259691 10.0218914624412 3.50714129164259
Snap25 13.2993736082752 10.0218914624412 3.50714129164259
Gstm5 11.41922448345 10.0218914624412 3.50714129164259
Pdzrn3 10.0800220699141 10.0218914624412 3.50714129164259
Ncdn 10.871049782609 10.0218914624412 3.50714129164259
Abhd8 10.0091620321459 10.0218914624412 3.50714129164259
Ppa1 11.4111228192282 10.0218914624412 3.50714129164259
Pcsk1n 10.0458680531793 10.0218914624412 3.50714129164259
Sox2 8.12873683890088 10.0218914624412 3.50714129164259
Lcmt1 11.35953319855 10.0218914624412 3.50714129164259
C1qtnf4 9.55076042811667 10.0218914624412 3.50714129164259
Pcdh8 8.5752920269875 10.0218914624412 3.50714129164259
Ckmt1 11.3729092116618 10.0218914624412 3.50714129164259
Acot7 12.1526590778357 10.0218914624412 3.50714129164259
Meis2 9.9775255644568 10.0218914624412 3.50714129164259
Actr10 11.7110099538136 10.0218914624412 3.50714129164259
Psip1 9.61900767151692 10.0218914624412 3.50714129164259
Eif2s3y 7.13675907247638 10.0218914624412 3.50714129164259
Rab27b 8.16730868500525 10.0218914624412 3.50714129164259
Lynx1 10.2455510856068 10.0218914624412 3.50714129164259
Dmd 8.47576202014791 10.0218914624412 3.50714129164259
Crip2 11.0811901003296 10.0218914624412 3.50714129164259
Dkk3 9.27988335733435 10.0218914624412 3.50714129164259
Brinp1 9.80464383118235 10.0218914624412 3.50714129164259
Arl6 11.0737487162893 10.0218914624412 3.50714129164259
Fxyd6 8.53822073863082 10.0218914624412 3.50714129164259
Tuba4a 11.9471320973652 10.0218914624412 3.50714129164259
Bex2 12.2303451882387 10.0218914624412 3.50714129164259
Nap1l5 12.7647544096401 10.0218914624412 3.50714129164259
Sept3 10.3915863375036 10.0218914624412 3.50714129164259
Gng3 11.2030891220825 10.0218914624412 3.50714129164259
Calb1 11.5627219942027 10.0218914624412 3.50714129164259
Pcbp3 7.86056354162575 10.0218914624412 3.50714129164259
Rab33a 11.1291318058422 10.0218914624412 3.50714129164259
Ncald 12.0769204865382 10.0218914624412 3.50714129164259
Cxcl12 9.3429867147037 10.0218914624412 3.50714129164259
Pvalb 9.87824444589433 10.0218914624412 3.50714129164259
Slc4a10 9.93481002456905 10.0218914624412 3.50714129164259
Grb14 8.95797149529464 10.0218914624412 3.50714129164259
Cplx1 12.8919858352315 10.0218914624412 3.50714129164259
Atp6v1g2 12.0902434645846 10.0218914624412 3.50714129164259
Rab15 11.3691726207418 10.0218914624412 3.50714129164259
Cep19 12.2488472747649 10.0218914624412 3.50714129164259
Fhl1 10.4137838307215 10.0218914624412 3.50714129164259
Mapt 11.0964002504954 10.0218914624412 3.50714129164259
Pdxp 9.93190401017419 10.0218914624412 3.50714129164259
Ica1 10.5190880646288 10.0218914624412 3.50714129164259
Pak3 10.0938914271596 10.0218914624412 3.50714129164259
Nanp 10.7824424512738 10.0218914624412 3.50714129164259
Pdlim7 9.64492675044776 10.0218914624412 3.50714129164259
Cpeb1 8.23159978506621 10.0218914624412 3.50714129164259
Resp18 8.93750801656175 10.0218914624412 3.50714129164259
Bhlhe40 11.202071298433 10.0218914624412 3.50714129164259
Nap1l2 11.459428232466 10.0218914624412 3.50714129164259
Neurod6 9.80935090567655 10.0218914624412 3.50714129164259
Eef1a2 12.4966312037546 10.0218914624412 3.50714129164259
Prkcz 10.3075796429655 10.0218914624412 3.50714129164259
Chd3os 11.3795014206502 10.0218914624412 3.50714129164259
Nrip3 11.4899518464644 10.0218914624412 3.50714129164259
Stmn4 12.1470982052268 10.0218914624412 3.50714129164259
Gspt2 9.49365165743287 10.0218914624412 3.50714129164259
Chga 9.14736446364192 10.0218914624412 3.50714129164259
Nr2f1 9.48352154704414 10.0218914624412 3.50714129164259
Ina 11.0338428644055 10.0218914624412 3.50714129164259
Pfn2 12.8330212314931 10.0218914624412 3.50714129164259
Hspa4l 10.3318424630298 10.0218914624412 3.50714129164259
Ddx25 9.10560950077834 10.0218914624412 3.50714129164259
Bhlhe22 11.4997745294878 10.0218914624412 3.50714129164259
Epb4.1l4b 8.71290048531321 10.0218914624412 3.50714129164259
Fn3k 9.54548476919393 10.0218914624412 3.50714129164259
Rbfox1 11.5260928105423 10.0218914624412 3.50714129164259
Foxg1 10.6074060084088 10.0218914624412 3.50714129164259
Rnf112 10.4785492964493 10.0218914624412 3.50714129164259
Tnnc1 8.79770097880017 10.0218914624412 3.50714129164259
Larp6 10.2658294837611 10.0218914624412 3.50714129164259
Atp1b1 10.4971971377282 10.0218914624412 3.50714129164259
Snca 13.0301725933263 10.0218914624412 3.50714129164259
Fgf13 11.4405274502928 10.0218914624412 3.50714129164259
Nap1l3 9.93861925450485 10.0218914624412 3.50714129164259
Wasf1 11.5605422803191 10.0218914624412 3.50714129164259
Nrsn1 10.3711138416495 10.0218914624412 3.50714129164259
Mpdz 9.05046634877834 10.0218914624412 3.50714129164259
Lin7b 11.7464408589605 10.0218914624412 3.50714129164259
Arc 9.07043800088617 10.0218914624412 3.50714129164259
Tnnt2 7.24771750533023 10.0218914624412 3.50714129164259
Tesc 11.6395471728575 10.0218914624412 3.50714129164259
Pnkd 8.73867982619968 10.0218914624412 3.50714129164259
Psd3 11.1436635220419 10.0218914624412 3.50714129164259
Fezf2 9.33397191034399 10.0218914624412 3.50714129164259
Sh3gl2 12.5350649505042 10.0218914624412 3.50714129164259
Eno2 12.4702405480879 10.0218914624412 3.50714129164259
Zfpm2 8.09229336706905 10.0218914624412 3.50714129164259
Arpp21 8.76890720235501 10.0218914624412 3.50714129164259
Tmeff2 8.84732353610411 10.0218914624412 3.50714129164259
Chac2 9.04614271186083 10.0218914624412 3.50714129164259
Cacna2d3 9.16172253186743 10.0218914624412 3.50714129164259
Krt12 10.3616264176105 10.0218914624412 3.50714129164259
Cdk14 10.5463785875209 10.0218914624412 3.50714129164259
S100b 9.071827451171 10.0218914624412 3.50714129164259
Pclo 8.18374253632546 10.0218914624412 3.50714129164259
Bcl11a 10.9592950052422 10.0218914624412 3.50714129164259
Gng13 9.20746460092433 10.0218914624412 3.50714129164259
St6galnac5 8.81734041207525 10.0218914624412 3.50714129164259
Gnb4 9.95803356803403 10.0218914624412 3.50714129164259
Cck 11.2633591737078 10.0218914624412 3.50714129164259
Fam19a5 8.67145657763146 10.0218914624412 3.50714129164259
Mbp 10.4772290068424 10.0218914624412 3.50714129164259
Gabrb1 9.62440455324023 10.0218914624412 3.50714129164259
Mark1 10.4232058000922 10.0218914624412 3.50714129164259
Tubg2 8.43941807025651 10.0218914624412 3.50714129164259
Prss12 9.73655167449586 10.0218914624412 3.50714129164259
Atp2b2 8.68226786921693 10.0218914624412 3.50714129164259
Chn1 12.2718427316626 10.0218914624412 3.50714129164259
Epha5 8.49803373259075 10.0218914624412 3.50714129164259
Kcnq2 8.91179532890474 10.0218914624412 3.50714129164259
Gucy1b3 11.0228652879137 10.0218914624412 3.50714129164259
Hs6st2 9.0151529432326 10.0218914624412 3.50714129164259
Vsnl1 12.6426556676747 10.0218914624412 3.50714129164259
Nrg3 7.69309570190931 10.0218914624412 3.50714129164259
Trpc1 8.76156582693217 10.0218914624412 3.50714129164259
Ldb2 10.1634789165131 10.0218914624412 3.50714129164259
Strbp 9.10069575985594 10.0218914624412 3.50714129164259
Gnao1 10.5414351904114 10.0218914624412 3.50714129164259
Myt1l 10.2006153831432 10.0218914624412 3.50714129164259
Sh3rf1 8.48820733517898 10.0218914624412 3.50714129164259
Gabra1 9.95587497610555 10.0218914624412 3.50714129164259
Cttn 12.0692430056075 10.0218914624412 3.50714129164259
Cend1 9.18322863827929 10.0218914624412 3.50714129164259
Prkcg 9.58271060145399 10.0218914624412 3.50714129164259
Cplx2 9.75885430770444 10.0218914624412 3.50714129164259
Rabgap1l 11.0692546280013 10.0218914624412 3.50714129164259
2010204K13Rik 10.8593552595265 10.0218914624412 3.50714129164259
Syne1 8.82190287361967 10.0218914624412 3.50714129164259
Sytl2 10.5254950587166 10.0218914624412 3.50714129164259
Sult4a1 8.42642408766869 10.0218914624412 3.50714129164259
Rapgef4 9.77781368723636 10.0218914624412 3.50714129164259
Enah 11.1095801312937 10.0218914624412 3.50714129164259
Spry2 9.06670918677927 10.0218914624412 3.50714129164259
Sox17 8.49953687372006 10.0218914624412 3.50714129164259
Rit2 11.6063177709474 10.0218914624412 3.50714129164259
Ppp3r1 12.8452436454452 10.0218914624412 3.50714129164259
Epdr1 10.2766110367356 10.0218914624412 3.50714129164259
Ak4 9.37602074961211 10.0218914624412 3.50714129164259
Vamp1 9.85999167150228 10.0218914624412 3.50714129164259
Elavl2 10.9577765418397 10.0218914624412 3.50714129164259
Nedd4 9.51053718318158 10.0218914624412 3.50714129164259
Gria2 9.32149614929804 10.0218914624412 3.50714129164259
Pou3f1 10.514460171546 10.0218914624412 3.50714129164259
Oprl1 8.36854878134822 10.0218914624412 3.50714129164259
Nptx1 9.07147872650983 10.0218914624412 3.50714129164259
Gnb5 10.5461435825188 10.0218914624412 3.50714129164259
Klf9 12.4166449936702 10.0218914624412 3.50714129164259
Kctd1 8.47301453726913 10.0218914624412 3.50714129164259
Magee1 11.003732124015 10.0218914624412 3.50714129164259
Nsf 11.7405793863645 10.0218914624412 3.50714129164259
Idh3a 10.1811078337773 10.0218914624412 3.50714129164259
Glrb 9.47365296077306 10.0218914624412 3.50714129164259
Nefm 11.2909527552335 10.0218914624412 3.50714129164259
Rprm 8.55763860926497 10.0218914624412 3.50714129164259
Myl4 9.69669300102879 10.0218914624412 3.50714129164259
Rab3a 12.3003305440785 10.0218914624412 3.50714129164259
Rasgrf1 11.1225000235076 10.0218914624412 3.50714129164259
Arpp19 12.7893136471903 10.0218914624412 3.50714129164259
Ly6h 9.32901158576822 10.0218914624412 3.50714129164259
Ahr 8.71153245946996 10.0218914624412 3.50714129164259
Sub1 11.9665408637407 10.0218914624412 3.50714129164259
Cntnap2 8.14436686159144 10.0218914624412 3.50714129164259
Rims2 9.12874801724143 10.0218914624412 3.50714129164259
Kif5c 11.4615836169806 10.0218914624412 3.50714129164259
Syt17 11.092810317946 10.0218914624412 3.50714129164259
Tpm1 10.1502615330587 10.0218914624412 3.50714129164259
Nsg1 9.83762124474286 10.0218914624412 3.50714129164259
Irs1 8.72749533696549 10.0218914624412 3.50714129164259
Avpi1 9.3864926585391 10.0218914624412 3.50714129164259
Thy1 11.3834222777667 10.0218914624412 3.50714129164259
Scg5 9.2348291862266 10.0218914624412 3.50714129164259
Napb 12.0913820079838 10.0218914624412 3.50714129164259
Lgi1 8.49756861830921 10.0218914624412 3.50714129164259
Tiam2 10.2610812203842 10.0218914624412 3.50714129164259
Cap2 11.8311776202768 10.0218914624412 3.50714129164259
Nrgn 11.0995576709619 10.0218914624412 3.50714129164259
Hdgfrp3 9.32554255331201 10.0218914624412 3.50714129164259
Id4 9.42298637850807 10.0218914624412 3.50714129164259
Ints6 11.402598302142 10.0218914624412 3.50714129164259
Stmn2 10.1875423473475 10.0218914624412 3.50714129164259
Gdap1 10.4272389973611 10.0218914624412 3.50714129164259
Ptbp2 10.0565064214877 10.0218914624412 3.50714129164259
Scn8a 8.38370765967879 10.0218914624412 3.50714129164259
Gap43 12.2004139324536 10.0218914624412 3.50714129164259
Prrt1 8.80639121172236 10.0218914624412 3.50714129164259
Synpr 9.68729018335246 10.0218914624412 3.50714129164259
Dner 9.98154660544506 10.0218914624412 3.50714129164259
Tmem246 9.37629841568349 10.0218914624412 3.50714129164259
Zwint 9.88793701718211 10.0218914624412 3.50714129164259
Snap47 12.4708242765315 10.0218914624412 3.50714129164259
Chchd6 11.5095162457651 10.0218914624412 3.50714129164259
Camkv 11.2421600095185 10.0218914624412 3.50714129164259
Idi1 9.54981789539196 10.0218914624412 3.50714129164259
Lamp5 11.4270111727861 10.0218914624412 3.50714129164259
Rasl11b 11.8127408970448 10.0218914624412 3.50714129164259
Apbb1 10.8431237274302 10.0218914624412 3.50714129164259
1110008P14Rik 11.8041391865046 10.0218914624412 3.50714129164259
Tspyl4 12.7060885126656 10.0218914624412 3.50714129164259
Itpka 11.1643310685475 10.0218914624412 3.50714129164259
2010107G23Rik 9.76466573050955 10.0218914624412 3.50714129164259
Nme1 12.8667995153722 10.0218914624412 3.50714129164259
Pmm1 8.91403390875268 10.0218914624412 3.50714129164259
Fam216a 10.2080477634026 10.0218914624412 3.50714129164259
Parm1 8.23282291098078 10.0218914624412 3.50714129164259
Mtfp1 10.9790282187656 10.0218914624412 3.50714129164259
Lgalsl 10.944450492957 10.0218914624412 3.50714129164259
Ube2e2 10.562691356212 10.0218914624412 3.50714129164259
Selm 9.51437534966919 10.0218914624412 3.50714129164259
Rufy3 9.65691687338413 10.0218914624412 3.50714129164259
Cbx6 11.4800719408178 10.0218914624412 3.50714129164259
Arhgef7 9.93744869999051 10.0218914624412 3.50714129164259
Flywch2 7.87681362532301 10.0218914624412 3.50714129164259
Grp 9.27147114879221 10.0218914624412 3.50714129164259
Mmd2 9.13268593290518 10.0218914624412 3.50714129164259
Car10 10.1852913663424 10.0218914624412 3.50714129164259
2900011O08Rik 11.3850941641837 10.0218914624412 3.50714129164259
Aldoc 12.4680480318138 10.0218914624412 3.50714129164259
Smyd2 10.4077333949865 10.0218914624412 3.50714129164259
Ccsap 10.2734432037244 10.0218914624412 3.50714129164259
Slain1 7.87455183518157 10.0218914624412 3.50714129164259
Nefh 9.61555618624237 10.0218914624412 3.50714129164259
Ptprd 8.6823354077125 10.0218914624412 3.50714129164259
Cdh10 8.32283081140335 10.0218914624412 3.50714129164259
Neto1 9.2343992792849 10.0218914624412 3.50714129164259
C1ql3 10.5782477885194 10.0218914624412 3.50714129164259
Fam81a 11.6051960950287 10.0218914624412 3.50714129164259
Tyro3 7.28356294891625 10.0218914624412 3.50714129164259
Zcchc18 10.8093940476721 10.0218914624412 3.50714129164259
Slc12a5 10.9515108142854 10.0218914624412 3.50714129164259
Fam84a 9.78038553683107 10.0218914624412 3.50714129164259
Grb10 9.10042449789842 10.0218914624412 3.50714129164259
Plp1 9.51407214675414 10.0218914624412 3.50714129164259
Stau2 10.7836791930304 10.0218914624412 3.50714129164259
Edil3 8.31529407150451 10.0218914624412 3.50714129164259
Baiap2 9.7119689248444 10.0218914624412 3.50714129164259
Tsc22d1 12.4657775752534 10.0218914624412 3.50714129164259
Rab40b 9.99428461395378 10.0218914624412 3.50714129164259
Olfm1 11.7052320691836 10.0218914624412 3.50714129164259
Hpca 8.77894465408347 10.0218914624412 3.50714129164259
Ccrn4l 11.3843471449253 10.0218914624412 3.50714129164259
Caln1 11.0951536302161 10.0218914624412 3.50714129164259
Dusp26 10.3204433067475 10.0218914624412 3.50714129164259
Olfm3 8.50231717585526 10.0218914624412 3.50714129164259
Satb2 9.20132095710158 10.0218914624412 3.50714129164259
Armcx1 10.6119755025237 10.0218914624412 3.50714129164259
Plagl1 9.83931375845348 10.0218914624412 3.50714129164259
Nefl 12.9673022545443 10.0218914624412 3.50714129164259
Dlat 10.9403406957203 10.0218914624412 3.50714129164259
Ntm 8.83029033750401 10.0218914624412 3.50714129164259
Scn3b 9.25277714492072 10.0218914624412 3.50714129164259
Ntng1 8.46305639525414 10.0218914624412 3.50714129164259
Neurod1 8.68545189538102 10.0218914624412 3.50714129164259
Ddx3y 8.25035685160443 10.0218914624412 3.50714129164259
Gpm6a 11.1761443516471 10.0218914624412 3.50714129164259
Gnaz 9.06543411821471 10.0218914624412 3.50714129164259
Ndrg4 13.8178945341178 10.0218914624412 3.50714129164259
Ppp2r2b 10.2126663295464 10.0218914624412 3.50714129164259
Tmeff1 8.51602819489536 10.0218914624412 3.50714129164259
Slc6a15 8.32540178344472 10.0218914624412 3.50714129164259
Fam131a 11.1508677319007 10.0218914624412 3.50714129164259
6330403K07Rik 12.8415098081096 10.0218914624412 3.50714129164259
Nov 9.859113035352 10.0218914624412 3.50714129164259
Etl4 8.85498619013076 10.0218914624412 3.50714129164259
Celf4 11.7815987072766 10.0218914624412 3.50714129164259
Medag 7.5891551339925 10.0218914624412 3.50714129164259
Tsr2 10.4594050858068 10.0218914624412 3.50714129164259
Thra 11.5653360643186 10.0218914624412 3.50714129164259
Fbxo2 9.95400316101961 10.0218914624412 3.50714129164259
Plk2 10.350036164893 10.0218914624412 3.50714129164259
Phyhipl 9.5545071742178 10.0218914624412 3.50714129164259
Mtmr7 10.1858549434353 10.0218914624412 3.50714129164259
Mal2 10.1851859973709 10.0218914624412 3.50714129164259
Amph 11.6285351692148 10.0218914624412 3.50714129164259
Synpo 8.99570204851646 10.0218914624412 3.50714129164259
Them4 9.42720232542591 10.0218914624412 3.50714129164259
Mapre3 9.35969442699119 10.0218914624412 3.50714129164259
Zfp612 9.25161292323936 10.0218914624412 3.50714129164259
Copg2os2 9.74953496647115 10.0218914624412 3.50714129164259
Ccdc85a 8.69394887670337 10.0218914624412 3.50714129164259
Armcx4 8.42608089939457 10.0218914624412 3.50714129164259
Clip4 8.46907283390342 10.0218914624412 3.50714129164259
Rbfox3 9.70763998153936 10.0218914624412 3.50714129164259
Adora1 9.06957023339513 10.0218914624412 3.50714129164259
Kcnq5 7.73767255484015 10.0218914624412 3.50714129164259
Gnai1 8.9017766208684 10.0218914624412 3.50714129164259
Arhgap20 9.30836572459623 10.0218914624412 3.50714129164259
Epha7 8.44217747018262 10.0218914624412 3.50714129164259
Acyp2 10.0319559057744 10.0218914624412 3.50714129164259
Rasl10a 9.51090084845073 10.0218914624412 3.50714129164259
Tmem158 9.43886112339191 10.0218914624412 3.50714129164259
Slitrk1 8.93356033764326 10.0218914624412 3.50714129164259
Bex4 9.90875610440596 10.0218914624412 3.50714129164259
Nkiras1 11.7982766487452 10.0218914624412 3.50714129164259
Lysmd2 10.4100590091368 10.0218914624412 3.50714129164259
Elavl4 10.1648228002152 10.0218914624412 3.50714129164259
Ndufaf5 10.1168882283274 10.0218914624412 3.50714129164259
Pacrg 8.6444222872557 10.0218914624412 3.50714129164259
Ngfrap1 12.7957877193195 10.0218914624412 3.50714129164259
Ggct 9.70166473606896 10.0218914624412 3.50714129164259
Spryd7 10.4838995328348 10.0218914624412 3.50714129164259
Bcat1 10.0729498567944 10.0218914624412 3.50714129164259
Tmod2 9.29774632553042 10.0218914624412 3.50714129164259
Dusp14 9.69576859592387 10.0218914624412 3.50714129164259
Sh3gl3 9.91192804766935 10.0218914624412 3.50714129164259
Rab3c 9.55134796123392 10.0218914624412 3.50714129164259
Ttc7b 9.36205227583335 10.0218914624412 3.50714129164259
Reep1 10.1472461303953 10.0218914624412 3.50714129164259
Chchd10 11.226248449986 10.0218914624412 3.50714129164259
Abat 9.40390101553742 10.0218914624412 3.50714129164259
Clvs1 10.8045892357682 10.0218914624412 3.50714129164259
Asns 11.1332515498567 10.0218914624412 3.50714129164259
Ppargc1a 8.83590249997978 10.0218914624412 3.50714129164259
Fermt2 9.80664099594085 10.0218914624412 3.50714129164259
Coro2b 10.1538799942822 10.0218914624412 3.50714129164259
Tmem56 8.05218768305747 10.0218914624412 3.50714129164259
Nrcam 8.63333998562486 10.0218914624412 3.50714129164259
Ccl27a 10.3467409368382 10.0218914624412 3.50714129164259
Rnf208 10.1185085090868 10.0218914624412 3.50714129164259
Stmn3 12.1678661351433 10.0218914624412 3.50714129164259
Npr3 8.08332794914674 10.0218914624412 3.50714129164259
Gria1 8.79497800561407 10.0218914624412 3.50714129164259
Kctd17 9.32368928552451 10.0218914624412 3.50714129164259
Fhod3 9.97034299686402 10.0218914624412 3.50714129164259
Fgf14 8.79430716847953 10.0218914624412 3.50714129164259
Fam169a 10.1904831398665 10.0218914624412 3.50714129164259
Elavl3 8.74227775956648 10.0218914624412 3.50714129164259
Kalrn 14.1073685424894 10.0218914624412 3.50714129164259
Doc2a 9.86215324338039 10.0218914624412 3.50714129164259
Cacnb4 10.9775792138807 10.0218914624412 3.50714129164259
Sowaha 8.1379188878792 10.0218914624412 3.50714129164259
Mapk10 11.6952391377238 10.0218914624412 3.50714129164259
Dennd6a 8.82255276943654 10.0218914624412 3.50714129164259
Stx1a 12.4844349485615 10.0218914624412 3.50714129164259
Lrrtm1 9.23489025575445 10.0218914624412 3.50714129164259
Fdft1 11.3981210563459 10.0218914624412 3.50714129164259
Phactr1 9.15464197253825 10.0218914624412 3.50714129164259
Ahi1 9.28594542043803 10.0218914624412 3.50714129164259
Atp6v0e2 12.1764655984527 10.0218914624412 3.50714129164259
Uchl1 12.4277968350276 10.0218914624412 3.50714129164259
Syp 9.21254162101202 10.0218914624412 3.50714129164259
Crmp1 10.702680104952 10.0218914624412 3.50714129164259
Tnk2 10.6446181982773 10.0218914624412 3.50714129164259
Mgst3 10.0289941751688 10.0218914624412 3.50714129164259
Rab6a 11.8962388142407 10.0218914624412 3.50714129164259
Pcsk2 9.89587948747182 10.0218914624412 3.50714129164259
Nipsnap1 10.0048377496019 10.0218914624412 3.50714129164259
Kcnab1 10.2579421520239 10.0218914624412 3.50714129164259
Myh7 8.8352025520765 10.0218914624412 3.50714129164259
Bex1 13.0156336539143 10.0218914624412 3.50714129164259
Scg3 8.84791515165701 10.0218914624412 3.50714129164259
Cacnb3 9.28520817240219 10.0218914624412 3.50714129164259
Arhgdig 10.4603427185602 10.0218914624412 3.50714129164259
Camk2b 10.4678310921115 10.0218914624412 3.50714129164259
Kcnk1 9.6428326037022 10.0218914624412 3.50714129164259
Sept4 10.7011000235385 10.0218914624412 3.50714129164259
Cd200 8.81488088196677 10.0218914624412 3.50714129164259
Cdo1 8.70410086742321 10.0218914624412 3.50714129164259
Ctnna2 9.94474653815218 10.0218914624412 3.50714129164259
Cadps 11.1202968703185 10.0218914624412 3.50714129164259
Ngef 11.4036619515647 10.0218914624412 3.50714129164259
Rhou 9.84514934685661 10.0218914624412 3.50714129164259
Syn2 8.7631718030266 10.0218914624412 3.50714129164259
E330009J07Rik 10.4812885553659 10.0218914624412 3.50714129164259
Cdkl2 9.87477325186779 10.0218914624412 3.50714129164259
Cyfip2 11.5399682711701 10.0218914624412 3.50714129164259
Pde1a 10.1354461640632 10.0218914624412 3.50714129164259
Nicn1 11.059454193647 10.0218914624412 3.50714129164259
Pacsin1 9.74365830006792 10.0218914624412 3.50714129164259
Fkbp1b 10.4671686006358 10.0218914624412 3.50714129164259
Kcnmb4 9.27883535302269 10.0218914624412 3.50714129164259
Cntn1 9.11166695383756 10.0218914624412 3.50714129164259
Cpne6 11.1119996098655 10.0218914624412 3.50714129164259
Tsen15 12.1502760374934 10.0218914624412 3.50714129164259
Scn1a 8.45665551221964 10.0218914624412 3.50714129164259
Bcl11b 9.17256974042257 10.0218914624412 3.50714129164259
Kcnip4 9.50681089686769 10.0218914624412 3.50714129164259
Rgs7 11.6635144852573 10.0218914624412 3.50714129164259
Tagln3 11.6997780091686 10.0218914624412 3.50714129164259
Rgs17 11.2403428025788 10.0218914624412 3.50714129164259
Kif21a 9.17505805355125 10.0218914624412 3.50714129164259
Fabp7 8.39543497726475 10.0218914624412 3.50714129164259
Got1 12.1162663021796 10.0218914624412 3.50714129164259
Dtd1 10.6582688231561 10.0218914624412 3.50714129164259
Acsl6 8.47546546869942 10.0218914624412 3.50714129164259
Syn1 10.1194790527125 10.0218914624412 3.50714129164259
Cadps2 11.7275464254339 10.0218914624412 3.50714129164259
Sgtb 10.3146080655679 10.0218914624412 3.50714129164259
Fam92a 10.8744839963279 10.0218914624412 3.50714129164259
Fgf12 9.15983844987453 10.0218914624412 3.50714129164259
Vstm2a 7.96459243408835 10.0218914624412 3.50714129164259
Slc6a1 8.14533816049404 10.0218914624412 3.50714129164259
Nckap1 13.0515711838241 10.0218914624412 3.50714129164259
Myo5b 8.93812439203893 10.0218914624412 3.50714129164259
Zdhhc2 8.8823537297002 10.0218914624412 3.50714129164259
Rgs8 8.77871855811187 10.0218914624412 3.50714129164259
Fez1 10.2005450852718 10.0218914624412 3.50714129164259
Fam131b 7.9447810431184 10.0218914624412 3.50714129164259
D430019H16Rik 10.8623361353918 10.0218914624412 3.50714129164259
Mterfd3 8.82192242187188 10.0218914624412 3.50714129164259
Gm1976 9.49405957802628 10.0218914624412 3.50714129164259
Rspo2 8.5135845852278 10.0218914624412 3.50714129164259
Pcp4 13.9682695694516 10.0218914624412 3.50714129164259
Dmtn 10.7676456168337 10.0218914624412 3.50714129164259
Sept11 11.349165245099 10.0218914624412 3.50714129164259
