Golm1 13.1709345745481 7.03893465895834 6.46966626673728
Sgpl1 9.54910293773426 6.01156720121255 5.34037849440883
Junb 11.5780026398467 6.81730848804289 5.47096092051842
Marcksl1 12.1999211654877 8.82884298871135 8.3844658018933
Creg1 11.4502595824185 7.89931278463613 7.50432061701411
Lcp1 11.8463632704423 5.89182478055727 4.55908524659692
Txnip 13.6993914736524 6.42713752405511 6.33926797703828
Cd9 11.8962881279299 6.45942202714478 6.20805576481316
Cd34 10.5911587485583 7.10072922661347 5.14292226241226
Cd83 13.2264749464343 8.58953993727103 6.06889474947797
Mmp2 8.84546583079709 5.19594148765711 4.7902566778223
Sipa1 11.1257432146877 6.85855261675438 6.51733358090306
Coro1a 12.6004028717715 9.09338854660817 8.35188595836988
Btg2 11.4968904593275 6.13810303082798 5.98627289892518
Tnfaip2 9.08145533726492 4.35365136279419 4.16800060887855
Litaf 12.5127367018525 7.20130679761262 6.95413984387103
Cyfip1 12.6066769077138 8.69461534269058 7.08139948326488
Lamp2 11.6172171151883 7.44951771706449 6.64856328258466
Snx18 11.9105809619856 8.36451145053565 7.88415558489786
Ctsc 12.6065842886925 4.82976632932048 4.74369641436906
Cd82 9.38715719713112 5.76005923752402 5.56196554440556
Tubb6 9.94309885815544 5.74452693578798 5.55020588340558
Ier2 13.4150634942812 7.14137173523788 5.9346080670614
Pnp 12.8627608953087 8.68190611097167 8.14870244221697
Nfe2l2 11.3735710823378 5.92875366800065 5.8793121841164
Socs3 12.8363611039744 4.34171418097589 4.08701648731818
Sparc 11.723215805215 6.17866555946135 5.02963781258595
Scamp2 12.0782300087712 6.86060726196143 6.28126578820441
4632428N05Rik 12.9592128362635 5.44553110209804 4.86529583753842
Spint1 10.3415667614487 7.01320129763816 5.14992572933985
Slc2a5 10.7506339487812 6.52083471006861 6.33248104809112
Clic1 11.3846871257571 6.64228355733117 5.5076853766461
Plxnb2 11.1751053377305 6.95372793957164 6.04609358607576
Irf8 12.5606886061131 6.44635618753488 5.54156157738714
Mical1 8.88736256308852 5.08665508509921 4.92153022465356
Tbxas1 9.77227819439976 6.12141516414062 5.95447044618608
Slc39a8 8.3702572354114 4.12435581387763 3.75610529404513
Parvg 10.3224146114506 5.85468922184267 5.77672168646746
Mcl1 12.1472433486191 7.42374303670623 6.73825436372341
Rps6ka1 12.439882687873 7.40527708766674 6.89307627096392
Parp9 9.82908871348782 5.36121118765173 5.29943366675537
Tnfaip8 9.91373565516323 5.08812796426716 5.08683550426281
Fcgrt 9.65042068842126 6.27977093023209 5.93498523082472
Mfng 10.1100884876208 5.70592200802834 5.67725264383797
Slc40a1 11.6365802495677 5.69617470704251 4.99187255017454
C1qb 13.3846079047961 4.0714609392477 4.05376718163557
Cyp4v3 11.0721852303594 5.47258931252316 5.36092106100899
Qk 12.3621647632087 8.77416550996082 8.77259915981768
Syngr2 11.4559121689701 5.45013933714421 4.94479108874765
Pmp22 12.2653168767854 7.9815317729298 6.59781825898429
Igtp 10.5169764277721 6.87492883686002 6.28654458898203
Ccl6 10.223717633042 4.45766308592371 4.36559645549118
Cd14 13.3052539164274 6.03033036597513 6.00216069104751
Tnfrsf1a 11.3244537624855 7.32825315842244 6.97473242610112
Tob2 11.2284375997777 7.68864099385934 6.99143574164372
Pycard 11.8185468367102 6.00045665475129 5.49754221447621
C1qa 13.2380236204344 6.30471651133585 5.83971402714793
Il16 10.7022595486227 5.75914826928101 5.58319930231839
Slc7a7 11.052383619296 5.07568422131921 4.83966555120798
Klf4 12.698526861476 5.02026830217497 5.00129571971553
Jun 13.1567215574815 6.96015453321872 5.99888905670498
Srgn 13.2509970787582 5.89015807171308 5.201241480478
Myh9 12.5865032254667 7.48745228256075 6.93876744848306
Nfkbiz 12.6860754101133 4.91093217969429 4.38197334838297
Tgm2 11.7718766956168 6.09014525511166 5.82199600994311
Plek 13.0669588958399 7.6896476417308 7.60981286752404
Itgb5 13.3318370523038 5.15580120419889 4.82057676009597
Elf1 9.08676867890006 5.20441793811826 4.50832587794467
Cln3 9.94836220653156 6.28959939188229 6.1515121583543
Rgs1 11.2541972267774 4.57923808331909 4.46923987888608
Rac2 9.75239695917386 6.21747517045082 6.09928726027292
Nfatc1 10.1057640630075 6.43410138820685 6.13541377733496
Cd79b 8.31573716498709 4.9384448291885 4.6082906797109
Snx5 12.5628056055199 8.97798673488699 7.96340431228257
Elk3 10.4901390004177 5.05010105193147 4.74674039733838
Soat1 9.02708526356189 5.11186883048584 5.02194627761638
Laptm5 13.2497958585741 5.77719929811265 5.25163417510186
Ptgr1 10.0953671914278 5.5964458658037 5.25748405541927
Serinc3 10.8737843005988 6.95041171586321 6.38600744223342
D17H6S56E-5 9.99291673904863 6.47732468230867 6.3279831526574
Ctsz 13.0341451754765 8.81297939745918 8.43050778134147
Fcgr1 12.3056772228307 5.16115330624013 4.69631245561214
Slc16a6 11.601886645942 7.3255503933135 7.25781906165603
Pdlim4 9.4700059993897 4.79646131441065 4.69526211638045
Ccl9 11.5606702750711 5.41501127140394 4.94541412736144
Trim30a 9.82440837349698 5.44571870710756 5.25668756465427
B4galt1 11.050190662426 6.17764952021503 6.13546237512704
Nrp1 10.4416176811946 6.87596968660478 5.2587195499827
Tnfrsf1b 11.5849644137814 6.12373807287252 5.79734059037314
Inpp5d 12.5199395399242 7.19514781600079 6.3465757729795
Tlr4 9.52419084436795 4.28105014309074 4.20938976333374
Pmaip1 7.94812896443572 4.52674106741617 4.05294233976696
Aif1 11.8782125697407 6.94034524326688 5.69905879646932
Il15 7.4967535230896 4.10210404088001 4.04311291138008
Lims1 11.3895886323577 7.36864092728163 7.08999140570738
Syk 11.2305153374971 6.06197124741186 5.81392848175845
Klf6 12.1614928848338 7.72106718518256 6.03241273475651
Crybb1 12.3010895138039 6.48446208380372 6.41512590284875
Fcer1g 12.6409109862305 5.93431503674083 5.8667308997616
Ctsh 12.8519091129382 5.3972014543533 5.29705286588782
Gpsm3 9.66649074936397 5.47244161893756 5.28443671469069
Ncf4 10.7081144474155 5.08506171830282 4.78202309995127
Ggta1 10.3145780373454 4.07576437865273 4.06544563511735
Calcrl 7.84138491604448 4.42626094486022 3.97001090432429
Lcp2 10.3889718130272 4.99231021819387 4.95795541702184
Ngp 12.4329204009581 5.6087487324624 5.28972366878229
Spi1 10.2850028049619 6.06855340670149 5.8405120134841
Atp7a 10.1404314445784 5.97593618597904 5.39444112535113
Csf3r 10.4703586336665 5.47087118454281 4.86895536570706
Ms4a6b 11.1222234312687 4.82603774738487 4.76777619268664
Hcls1 8.83239317939796 4.92485028134647 4.74039258470376
Abcb1b 8.00305280287427 4.51682268417297 4.46030071334022
Pabpc1 11.1513836653323 4.24874753987044 3.90831049027965
Cebpb 11.6879517821222 7.62980847025108 7.33891352865583
Plxdc2 12.0633823649962 6.32605953208381 5.89365452682372
Cxcl10 9.83264446685726 5.29423995219812 5.20184196568132
Maff 10.2395219098757 6.63301220886762 5.92848647396099
Cysltr1 9.33333349087416 4.04674488538697 3.93664906588044
Cebpa 9.88957255483431 6.21232736624155 5.51721463455367
Cttnbp2nl 11.7204560544011 6.13682221834437 5.74495665352952
Lyl1 9.97533629065994 4.98584000309978 4.78669381613256
Ptpn18 10.4025712369028 6.18879037758092 5.97005184660934
Tlr2 11.9268402473875 5.55157886754106 5.36461661505407
Serpine1 9.52331793271942 5.09084152569201 4.6081601589122
Mlxipl 10.549742788076 5.16190609230628 4.61627966222547
Cd37 10.9048574016166 5.6744082144499 5.53742607625527
Map3k8 10.2849700718244 4.78334521343936 4.49665486501836
Myd88 10.7278217724093 5.99638424913798 5.68247190650412
Ccl12 10.5112043294489 4.52294910618211 4.50481744921684
Jam2 8.80820666224123 5.24382231268144 5.11840159002177
Arhgap4 9.36525554969312 5.47197596206395 5.3390441669148
H2-Oa 8.7917936065526 5.15472254735574 4.68137196486037
Pon3 9.20297150005047 4.33939942614546 4.25620712485348
Slamf9 11.1882832385642 6.43274141974789 6.41971360370428
S100a8 13.0395448654869 5.01976571494349 4.89220338755639
Il10rb 10.7116513838826 6.96610612290815 5.44002118854597
C3ar1 11.7072754362155 5.51912712146865 5.40267918822615
Ripk1 10.1243899929041 5.71432209678895 5.51788044880773
Fgd2 12.1304825880125 5.85666906108498 5.82242868112958
Rela 11.8428094359349 7.48671633422921 7.05785288268594
Ccl3 13.4953964323281 4.70128025215114 4.5145229353056
Ms4a6d 11.3799791784438 4.87048036571782 4.48548826112252
Tnf 10.0055468588953 6.3204151082592 6.27929987780005
Was 8.0303356973264 4.61133449247068 4.31882925123526
Ier3 13.4963591841383 9.76531285886071 7.66726889057493
Nupr1 9.93831898336817 5.659286889878 5.39978320380373
Camp 12.113738407204 5.62500259050018 5.43148193434361
Ltc4s 9.78168546230716 6.26171603731411 6.16766829995881
Klk8 10.2464469222101 5.55133822776051 5.53155283820922
Chil3 11.1159878878753 4.32750581539042 4.005739079463
Arap3 9.86775374576886 4.7394835665219 4.59377903878712
Tlr7 11.2112407400947 5.04163067191303 4.85389557981769
Csf1r 14.0460007158016 7.38400272224636 7.24620300160681
Hpgd 12.0107499612859 6.74995157127285 5.3576237172016
Rab3il1 10.4710400563943 6.79260167622488 6.4227570323182
Mcm3 8.92535440058905 4.89277973029455 4.73974424509567
Gdap10 8.80480802896476 4.43003388410058 4.21256724378224
Slc11a1 11.4154854568916 5.50401459448456 5.29330344217603
Hnrnpa2b1 10.315155226878 6.51028786874177 6.05191353903648
Ccl2 9.49866288250659 5.27771537657978 5.27055337174595
Cd86 11.6419705628058 5.19869796557502 4.93246909666451
Prkd3 9.70383275414416 6.29333116890424 5.44188126483546
Gpr84 11.5935377294956 5.57743977992707 5.50043800062681
Vamp8 11.9027573726861 6.72417484691436 6.17872749543856
Tcirg1 11.3257053795282 6.74996480208176 6.57334817771471
Sqrdl 11.0518617676912 7.65485689820845 6.14618095621264
Trim12a 8.5835260320544 4.17980912038532 4.10265981134834
Slc15a3 11.5219827541908 5.4867907258238 5.31324267909792
Clec7a 9.36335652990378 4.98249610048595 4.88664336682307
Rel 9.30153835661437 5.07313631499915 4.65418793577816
Tsc22d3 11.4721491337919 7.93115156938408 6.20371217423342
Sla 12.3378861062474 6.36341495212632 5.50080279507209
Tgfbr1 13.4953964323281 6.93178351474195 6.38279782925792
Snap23 8.47917138557207 4.49384709293845 4.1426219635217
St6gal1 11.5108116293154 7.68910361909695 7.58470990871382
Asph 11.1131392793095 7.04721654519992 6.33627080409908
Adcy7 11.9646243532397 6.561656013859 5.40762617992977
Rbm39 10.4094928984617 5.88080697205769 5.34971413450035
Rsad2 9.55409990020448 6.09503511329433 6.05920377877808
Vamp3 10.8638436564196 7.46518466104601 7.41728220426004
Gpr56 11.0473777353108 7.3991530847188 7.11854296460777
Lgals9 9.80576100376818 5.29334709130119 5.1545154205645
Bco2 8.88551273021649 5.43148856490494 5.02781481114022
Trem2 11.528689695107 6.51290212474773 6.43001483203098
Gna15 8.93153578094543 5.36604396393602 5.24872201947956
Myo7a 9.61565808015342 5.86876939371882 5.64458011484646
Birc3 10.7521481640029 6.32629094471252 6.14606116226204
Igsf6 8.68495551282954 4.27871449012529 4.27575736470742
Samsn1 8.95535277925432 5.16972656260348 4.58418340930928
Il1a 10.5450729398403 4.18445403460737 4.16998372013779
Hpgds 9.14123713383759 5.35746389260065 5.2215350062144
Naip5 11.1347547074536 4.27557575803466 4.24422387428064
Ccl4 12.7516225784521 6.25265866417862 5.99414238530605
Itpr2 10.8613975316724 5.74864711032799 5.39208699622998
Stat6 10.5031698578152 6.21650133175494 5.58054915341867
Phxr1 9.60550945602768 5.95672382149149 5.574053441795
Tapbp 11.4240903434095 8.09347929468764 7.11810962455304
Msn 10.7217422633417 6.29466124549451 6.02525159156758
Abca1 12.0785728549459 6.72071108634358 6.38749400142976
Adam17 10.581995677351 5.95112301382412 5.12469459153471
Dapp1 10.626591308075 5.33224140752837 5.17385388037573
Clec4a2 10.1190075949126 5.04970167152291 4.96282273886717
Fli1 10.0832277034328 4.38407465554254 3.89060334214183
Ets1 9.75745818736726 4.2550793314386 3.98916165566551
Itgam 7.64683147867138 4.31219723643223 4.26661983214669
Ptprc 12.4215732421658 4.8215079903143 4.42394840498887
Fosb 11.9818678393755 6.44268168538581 4.72290540804826
Ccr5 11.7087776692335 4.68030661792793 4.5883441793886
Il6ra 12.6405285425734 5.75202633518318 5.60944429479669
Tgif1 8.50458243562559 4.66550590572437 4.47747328408161
Pla2g15 12.3512186582331 7.91275920397729 7.35433274739665
Itga6 11.5906633280243 6.19340661654475 5.78356319112767
Ifi30 11.4062018650154 7.22335726229366 5.53899376333118
Zfp36l1 12.7019764996359 6.18439771279663 5.45039650532347
Gpr34 12.142699851518 4.10617776415483 3.96923892371822
Rrad 10.0026571297703 5.79566000150859 5.14358692353493
Cr1l 11.6955153199688 7.85415746239222 7.64436901181358
Ndel1 9.26249492481989 4.3305912579042 4.28865322243466
Rhog 11.2037880767617 7.18173219760729 7.17986919078272
Rnase4 13.0771643703574 5.33685581766547 5.31253745730604
Hk2 12.3164140648536 6.17686365061216 6.00553803727501
Hfe 11.3196450739578 6.96018806660694 5.08055520870845
Naalad2 9.64837692903074 5.57968159408657 5.4078337448229
Pik3cg 10.1537853547168 5.3572994682592 5.34639286838557
Zeb2 11.4350095719432 6.20145656417715 5.20568837968067
Btk 9.58917222158551 5.63260230024968 5.55906421483038
Tlr3 9.63659550839082 5.22840048762789 5.03080784718035
Dock2 8.86389566600281 5.309018765113 5.28826705705924
Prkcd 11.3607793398998 7.76686510119836 6.70948162255285
Mertk 13.0985151577591 5.66415284855444 5.38949810527599
Cd84 9.96224237530016 5.03386057490861 4.72698909671316
Ly86 13.8305038298173 5.60409618891995 5.493145402671
Vav1 10.4997459843954 4.35048666633863 4.2321065298845
Pag1 12.6736213180298 8.37120898596507 7.35141255436564
Fos 13.9327205870223 8.49791251685182 8.49266605444805
Cfh 10.8438396260437 4.13036774577888 3.61913999434705
Tnfrsf13b 9.66545251361214 4.53824002440274 4.49671764723093
Cebpd 10.5744174492867 5.54558185894975 4.48618677788077
Luc7l2 10.6746402351895 5.48224749328232 5.25162781387765
Smim3 9.32886126195367 5.9267376673398 5.56073382310441
Hhex 10.060418644213 5.36424514024061 5.17305820835896
Entpd1 9.58873000960094 5.09114003138775 4.34094514239679
Ptgs1 12.1626150793908 5.46156153778069 5.20728666504775
Rock1 9.72163310525527 6.35669741593441 5.73016522741622
Stk17b 9.80355004387352 5.58815530080446 5.35597027892979
Frrs1 10.6966078261321 4.95795361354928 4.87099791994934
Lyz2 12.5660138290276 6.39520880474407 6.26778458057735
Ssfa2 10.4026641404164 6.61399722134557 6.19093507519404
Ccnl1 12.9368942943523 7.67374405956073 7.20319938546355
Galnt4 9.11869231898454 4.86197595872173 4.72723795218052
Ctc1 11.7422487728519 7.71137186318576 7.56366274970921
Unc93b1 11.3066168079527 6.56554857925236 6.11631927422651
Mob1a 11.6304802850351 7.87781863110786 7.49794978303311
Cmtm6 12.2803328178186 7.02192279413824 6.69083734873699
Sfpq 11.5708095722532 5.32527199517399 5.25736935596283
Wls 8.21516176510327 4.66931136549202 4.61261474542281
Tmem63a 11.3727165126659 7.04265422038429 7.02909491887614
Tspan14 11.2007785813707 7.21168613542842 7.06676535449867
Lpcat3 11.4786154330381 7.17592742873334 7.09715317962329
Pxn 11.8612215849744 6.9734879010662 6.26360448642474
Hvcn1 10.2856187487951 6.36153193993858 5.42055508293202
Srsf7 12.1714156611169 8.80421969906869 8.12239492089677
Edem1 10.5644676490564 6.05596498339094 4.56159183030126
Icam1 12.144222640413 4.69165767464971 4.55978540368089
Ptbp3 11.2952745829932 7.7285470609016 6.55609749540767
Prkab1 10.8728158992286 7.12980146936408 6.94392898275314
Rbl1 8.51194870241016 4.86368311328043 4.66129029131
Rcsd1 12.3223507478265 7.14857478883936 6.56564765879617
Tmem140 8.46080936763924 4.43001677361396 4.33237564315225
0610040J01Rik 10.8106638816197 5.80922368787322 5.52345299073603
Cklf 11.3324839569912 6.2314355309806 5.4947881777095
Cd177 8.01898297885642 4.22064911691594 4.0234600515294
Casp8 9.83591177234681 4.79958859112549 4.50999360127006
Tmed5 10.4601759587631 6.86432780620335 6.22008167438742
F11r 12.1638127271072 6.01243450646349 5.87796545016117
Eva1a 8.63294613398656 4.73636376005887 4.4596845169945
Mfap3 11.4258563297422 8.05195762537279 7.49885010558038
Reep3 10.7593284719606 6.76375858209254 5.58701448513498
Tor4a 10.4213155961976 5.71939565218679 5.13938004271245
Trim34a 8.69868770830196 5.33765743312795 5.22124524989446
Ptbp1 9.02225932629817 5.52872989460812 5.01464309625587
Lpxn 10.730982217212 4.80897171964684 4.50768399790702
Siglec5 8.337886172674 3.93215737393257 3.82571433152494
Mylip 12.3804927223987 8.04679896705757 7.36363057680379
Fcrl1 9.27554865404005 5.3342745412424 5.25821213215406
Lifr 10.914871574386 7.47797628099699 7.4322357431854
Csf1 9.80595405056766 6.22683071253115 5.9738595891356
P2ry6 11.5909433501351 4.3837966086037 4.37680647085991
Wsb1 12.1955534450875 7.74713325678057 6.61530848760495
H2-K1 12.7949568117272 8.77886834977019 6.73062118449696
Slc3a2 12.5439222171533 9.05423611346606 8.26435166283429
Tgfbr2 12.4312251246194 6.16154184434343 5.89810303284415
H2-Ab1 8.4512011309411 4.91466340883653 4.54744845805379
Prpf4b 10.2022154854581 6.59611120503416 6.08900263023983
Ceacam1 8.73427463823456 4.33014690534856 4.32923932461199
Mlph 9.52478746573067 5.24563075857663 4.93164147404257
Ncf1 9.01873662127703 5.28766742394917 5.21406273976271
Il13ra1 9.69650941211153 5.53393419506404 5.05521821056205
Adap2 10.4876327911899 5.35458093255352 5.16834255762599
Akr1b10 8.35430474274704 4.57454822916086 4.50965088944133
Pld1 10.7880824610021 5.90117328775782 5.57692316178268
Pon2 9.26937417743214 5.51331953225089 4.46914860814989
Capn3 10.437566906065 4.71031300904984 4.65300016917328
Gem 8.28009388336886 4.35821360652606 4.01508414812165
Tor1aip1 9.84392113236668 6.48599109260947 6.01636765170885
ND5 11.9712888648361 8.0412286461257 7.26378180503025
Rrbp1 12.1135184174842 7.85935681515651 6.57985130273651
Clk1 11.9971319270739 7.49786284170501 7.4741078644485
Vwa5a 10.3690918760756 6.44915518824009 5.18782601672945
Glul 11.9439234863599 7.10537985984988 6.87893454994713
Arrb2 11.5161791808491 8.02054020420874 6.93102687074129
Pros1 11.4244912078995 5.21720300712568 5.11503595559244
Rin2 10.1302854085197 6.22284997495916 5.95262909986369
Tifa 10.6649959627868 6.17905881987756 5.71635918297763
Arhgap17 11.0358082941061 5.31930183902329 5.27572704880748
Phgdh 11.0663668828628 7.51601731159532 7.03452580472106
Parp12 9.52345845288495 4.99981401422992 4.72844590129372
Trim47 10.122871565472 5.25364230898077 5.04781969998291
Lgals3 8.71732817427299 4.70673703342859 4.69059896402619
Ddx26b 12.2655895521916 7.849230033189 7.64071050078662
Slc25a45 10.8783954265567 6.56847674081727 6.21904495258971
Plcg2 11.2395812321787 7.19800470879415 7.0301770623418
Mlxip 11.0131464704826 7.23438229873063 6.43003386184636
Sash3 11.2528818012755 6.03379943234135 5.5507296112337
Themis2 9.94919523666928 5.23629603901397 5.12118962875751
Mpeg1 13.5339312443488 6.18437202915691 6.06638471028677
Hspa1b 12.7328150924375 7.72191181391677 7.45835372362244
Xist 12.7732517233129 4.44045159776551 4.2304118277439
Cd48 9.99176185857167 4.99675913394029 4.66307818287192
Akna 10.5978331936346 4.89823581546065 4.87862796727074
Sult1a1 9.92143049281146 5.11902012902896 4.68196563683638
Fes 10.5840546362038 6.1040752000184 6.06906683289755
Cep152 9.68353142517718 5.5626481402199 5.21298049667039
B2m 13.2088860971046 9.73579358010716 7.25852620245074
Ccrl2 11.4107831106411 5.59009218019556 5.39194279632789
Lcn2 11.7182561949748 4.4510386181755 4.36025318303846
Hbb-b2 7.86146929235822 4.42457410971555 4.02231576502067
Gimap6 8.28896486111756 4.70613437112832 4.47722340132577
Myo1g 9.04216166021584 5.08375798039114 5.03067543742588
Tmem173 11.1696407087511 6.3690660816533 6.1161730047233
BC028528 9.01173787915138 5.07912171312738 4.75464786217034
AF251705 12.0057126252299 6.74222589259368 6.70922229468536
Hmha1 10.4487011332694 5.58559165295948 5.57822592122203
Rreb1 9.66195512280759 5.53858771048131 4.98049354369945
Gmip 10.2055870255081 6.09450582340918 5.78557585230975
Nckap1l 11.1526856630168 6.78083999348013 5.35729756569364
Abcc3 9.7509259850256 5.29785236234742 4.9499098494611
Rhoh 10.7637079698635 5.06786748706297 4.92143384141036
1700017B05Rik 11.7522974287947 5.76487543813706 5.61943542941304
Srgap2 11.7585843286276 8.21419209018361 8.19881784824069
2810043O03Rik 8.32709215618797 4.17488964166494 4.02985336659734
Gusb 11.4803411718158 6.59665121124455 4.96760626427016
Lair1 10.6612900224916 4.74980672593771 4.38743430951063
P2ry12 12.4385715566921 4.6078877438406 4.55256172454724
Apoe 11.7960795852016 7.9905491623345 7.73904057634912
Epb4.1l2 12.5432840929574 7.27593976297538 6.38373479167513
Pld4 12.1700437011819 5.55555305492759 5.34251574812549
Lrrfip1 10.7224886700699 5.69561234209919 5.38161117192237
AU020206 9.79768698851007 5.88180218174539 5.19631957740935
Fermt3 11.4207362066657 4.61677273811873 4.47404116581323
AW112010 8.11044475989335 4.78766960554526 4.73762468718811
Tgif2 9.9426138283241 6.29044988811918 5.89229442308194
Ankrd44 11.5679366187782 8.16587847457597 5.60151483954246
H2-Aa 11.2644036954394 4.65539986004757 4.64449678232411
Fam105a 11.8820924454901 8.43796531164435 7.55766577928136
Cpne3 9.50290347799534 6.0676568839644 5.86550677391598
Herpud1 12.5116726598182 8.37515129018309 7.86267667830268
2610528A11Rik 7.85521558302243 4.50089015323262 4.42628094433361
Cd300a 10.0530239896872 4.90268022108828 4.84381658023793
Tmem71 7.83337212150143 4.26498284207096 4.10889890788657
Lyz1 12.2502412289951 4.95018248791441 4.35129888676296
Zfp110 10.6738601357144 7.16563283911762 6.97450697372122
Clcf1 8.68466038510135 4.26396923492288 3.78530349981435
Adrb2 8.29734945321406 4.32617094469581 4.20823673721644
Hmgb2 9.04290768492065 5.55197171684542 5.54579116383884
Lrrk1 9.1635528470806 4.89443266424574 4.70719994730894
Zfp36l2 12.4004422821899 6.96763644711932 6.08962934443365
Il10ra 11.9867649941734 5.30321685054354 5.08600087447737
Hexb 13.9214339669789 10.4784948811777 7.60574613700777
D530037H12Rik 10.4018822600769 4.10963179295933 3.97152110123042
Rbm5 8.25606928937062 4.09124741403754 3.99749758405383
Rab20 9.64744268247702 4.05994026157957 4.03869209303326
Slc9a3r1 10.5341792603602 7.13557953912924 6.55728964950037
Vim 8.20604281286246 4.24776425005705 3.83524154773631
Grn 13.6303783372944 8.78383024160784 7.31219271383899
Mavs 9.23385264584594 5.49448329793071 4.34096718875625
Bach1 11.7684659473826 8.16391304597892 6.988181864149
D9Ertd306e 8.20712585253381 4.00242784367631 3.98918392291888
C79242 8.41316050528701 4.48353940614122 4.43625229299284
Fam46c 12.2421510197398 7.33014480730021 4.71595778899488
Ctsa 12.9644748360344 9.18330475160487 8.68727835155167
Pald1 11.0128320429645 6.15214409186831 6.07630237359728
Ifngr1 12.016051864462 7.56383192645687 7.33883923666164
Ucp2 10.8156159051053 7.105831436501 6.90355293909786
Tcn2 12.1195930224409 6.77129098479459 6.2645710424923
Anxa1 9.64055143138413 4.82770003239067 4.54941062333577
Cmtm3 10.0110497819572 5.67219141303819 5.60149334057146
Ppp1r15a 12.6593601245383 7.99993453568607 7.32645576739067
Slc15a4 11.356384012252 7.74897413112789 7.67028098174565
Dhrs3 10.8328899765314 7.1242688171617 6.23106745531239
Lrmp 8.89491220593798 4.56522784089548 4.50798753586952
Olfml3 13.5644607358692 6.36623070924226 6.02345443801225
Pla2g4a 9.55730250855793 5.12459997264068 5.09394407594235
Ncf2 11.109264808914 5.67554415837327 5.58772356184123
Il7r 9.22711297999003 5.10021368495397 4.93494956106398
Ctss 14.1223387589978 7.64792812311349 7.64544255897854
Cd53 12.6270729328698 5.49076301513881 5.26763684456166
Fcgr3 13.3874319809845 6.0396655266117 5.84577035035327
Hps4 12.4456398299555 7.92020201453166 7.88297983550435
S100a9 12.2965410503709 4.87331473641727 4.74937036050192
Dusp1 14.1813580097059 9.94896789894581 9.17404058513155
Traf5 9.0214474215703 5.61879001231807 5.52317157244257
Lgmn 13.4068999504885 9.79756404841762 7.05895808487645
Klf2 12.9915058739807 5.31613358539134 5.05343320988804
Fcrls 13.5200887013828 5.69255133343924 5.69155053113899
Trip6 9.31751803635675 5.75066966531527 5.63678833355454
Tlr1 9.55990391864875 4.15260610569977 4.1187282251435
St3gal6 9.54566709615045 6.17913101080923 5.77273564906594
Selplg 13.492313873689 6.78214353467508 6.72652355155848
Cd68 12.2825968841945 7.02776039610959 5.31250214197696
Gpr65 7.85611733273235 4.2868059845193 3.88239347628451
Ebi3 9.38512048892932 5.87317997869545 5.59138705237674
Csf2rb2 9.46516272602394 4.48251219543734 4.15216241446612
Atf3 13.3007390383143 5.05453052527953 4.8634613956869
Il1b 8.75804374629313 5.41206361016086 5.33932722034384
C1qc 13.5695399365939 5.86168290746827 5.26438295806243
Chst7 11.0545300964632 5.98690015135668 5.824028479505
Hck 11.7192724128215 5.68873171631606 4.90438563030227
Gcnt1 7.89240442650036 4.40178631149205 4.21355197240044
Casp4 9.17977855891737 4.3313728493086 4.10633735098456
Lag3 9.94342037341401 5.60377833860915 5.58037229826285
Cxcl2 10.9236295592129 4.21909679758293 4.20707421014501
Ltf 11.9771261319803 7.90573664118435 6.35442872749431
Cx3cr1 12.8322911670036 5.70855841387439 5.67055065507788
H2-D1 12.6856010965553 9.08190351477622 6.73218221664039
Stab1 10.7835801182221 5.52601514419263 5.25080785697395
Evi2a 12.5801879760248 6.36348246927511 6.15457960929328
Il6 8.3523884587654 4.09084501438593 3.80663360733725
Pdgfb 10.6620659529342 6.34567913842406 6.32401068561719
Mrc1 8.47267687587698 4.29938946376234 4.15182108043988
Cd33 8.91751905662005 5.35219369313458 4.95332591969353
Itgb2 11.8281947861841 4.99219951032332 4.74833694735751
Rgl2 11.0627483576315 7.33620356231926 7.20301941562941
Psmb9 9.49408509768935 6.08021514848771 5.71769437026226
Adamts1 11.3973807177838 5.47967922840674 5.39781785424659
Ang 8.67340897437916 4.06541033021904 4.02518060345021
Sh2b2 9.32069277757714 4.59678757596591 4.56692024124971
Tyrobp 12.9035612805634 5.80446566404006 5.77519446879251
Ptplad2 9.63817330010533 5.38102705412913 5.28951933953967
Slc29a3 11.6835560124248 5.74070224908969 5.49669185116455
Pbxip1 10.3716503756831 6.52730823428331 6.33619352451784
Emr1 12.777781853873 5.75901723764449 5.63970253929158
Nrros 12.3519497751025 6.21613424085136 5.78028546064021
Tmem119 13.699678559052 6.17279083888072 6.00890178945786
Pnpla7 10.5843197435089 5.81818732056327 5.45926216851224
1810011O10Rik 8.37120216738482 4.35018284258464 4.32771424453883
Slc46a3 9.85031592896195 6.30381887890665 6.19992346996402
Parp14 9.10437062254361 5.12582900737535 5.1158769819768
Havcr2 10.710530075929 4.44425894329827 4.35793312912391
Alas2 9.97256535353661 5.05750877526294 5.01712164849972
Cmtm7 10.4036329494645 5.34414860564601 5.16049326872902
Mafb 10.9849900615298 5.78103688226993 5.21946423794451
Apobec1 9.7227717478305 5.67669483576899 5.34862387596903
Blnk 11.8079240962002 5.9504942725828 5.82554474950296
Tmcc3 9.16895367720384 5.16017166954372 4.9630687294602
Notch2 11.035203297165 6.3033940368381 5.58441472359457
Vrk2 8.87003271247097 5.2858564625058 5.25980941068503
Alox5ap 12.5749967599795 7.65791617022246 6.36252172320585
Fyb 11.7159427823204 6.14066911246191 5.91538957094251
Sepp1 13.725757445204 8.71440742288445 8.31090545278584
Ctla2b 9.94438247489242 4.51530966856923 4.15955114816068
Hspa1a 11.9245276178108 6.26249521881082 5.90272202210014
Slc37a2 8.79282849614854 5.37426434053129 5.27335141982746
Zfp36 13.4960506681509 6.1277242211654 5.77649638214332
Abhd15 9.92497435981129 4.91154595205815 4.80360806303463
Cyba 11.7749627835735 5.45533018614834 5.20490184684429
Wasf2 12.4660305697947 7.53343692264996 6.74581986852188
Scarb2 11.7293389223241 8.40160190746456 6.62910892229261
Ptpn6 11.3292345329635 6.71428391335532 6.59802514068948
4833441D16Rik 9.33372525445037 5.06814891735621 4.69087934080191
Tec 10.1967601761071 5.71711116943776 5.08047866732108
Cd52 8.83934325002235 5.19227017109408 4.78025999085041
Irf5 10.4417221455899 5.99226137002758 5.83961009748346
Wdr81 11.507769957771 8.11329020431585 7.7090231686231
Klrd1 7.52307482814316 4.19100230038183 4.05886155684447
Naip2 10.8151812852359 4.5439139548947 4.33762068591109
Anxa3 12.9131833282778 5.4747387577439 5.15614007453875
