Dkk3 11.6429019346828 7.48066486314397 5.64579752311257
Neurod6 8.93939686614631 4.87648674694374 3.58434525940149
Arc 9.95351900925177 6.16384451788159 5.13044713263665
Fezf2 10.4039548317574 6.05850515524343 4.69620183608295
Ndrg1 11.1646002423784 7.73748716363947 5.02169872311955
Ldb2 12.0351979758854 8.15452717373303 5.5444708577885
Pou3f1 9.80376068485529 6.37969775440768 4.46245402583878
Nnat 10.3350977751965 6.98366281781685 5.15827858891622
Grp 11.786789590501 7.58043059555825 5.22237117131539
Sorcs3 10.5218927626316 7.16719137056483 5.80654435040984
Tyro3 8.61888175998532 5.24914884019297 3.61947523787487
Nov 12.8942593750167 6.12156493049502 4.62130309534623
Npr3 7.9023832917415 4.31994571829341 4.21699391994206
Pde1a 11.3889863439958 7.18837257771765 4.85129757510522
Dcn 12.8399512076632 6.35400889996612 5.78096307834299
Nr4a2 10.3346855196137 6.12813405971744 5.20343116594217
