Ddr1 8.75271712489733 9.604535171332 3.55450070301302
Syt4 8.92790989320038 9.604535171332 3.55450070301302
Stmn1 13.5229080319222 9.604535171332 3.55450070301302
Chgb 10.8917883073527 9.604535171332 3.55450070301302
Npdc1 10.85672782246 9.604535171332 3.55450070301302
Ndn 12.2884702345712 9.604535171332 3.55450070301302
Atp9a 10.6468294062641 9.604535171332 3.55450070301302
Cdk16 10.1329923245978 9.604535171332 3.55450070301302
Tubb3 10.5256648902908 9.604535171332 3.55450070301302
Sqle 10.3308612148723 9.604535171332 3.55450070301302
Fabp5 11.4220959267124 9.604535171332 3.55450070301302
Fabp3 11.556671918373 9.604535171332 3.55450070301302
Map4 11.2282576888386 9.604535171332 3.55450070301302
Syngr3 11.3000060636281 9.604535171332 3.55450070301302
Nsg2 10.2790755547759 9.604535171332 3.55450070301302
Prnp 12.3535041069916 9.604535171332 3.55450070301302
Aplp1 9.8503444285677 9.604535171332 3.55450070301302
Hmgb3 9.61782408118345 9.604535171332 3.55450070301302
Ptn 10.3549580837592 9.604535171332 3.55450070301302
Fstl1 9.05433251411176 9.604535171332 3.55450070301302
Ass1 8.6986398753259 9.604535171332 3.55450070301302
Capn10 9.00631171516173 9.604535171332 3.55450070301302
Ndufc1 11.8291731381497 9.604535171332 3.55450070301302
Rgs4 9.86064343426754 9.604535171332 3.55450070301302
Mllt11 13.0407428133076 9.604535171332 3.55450070301302
Dync1i1 9.89825134118757 9.604535171332 3.55450070301302
Gabarapl1 11.7869847468506 9.604535171332 3.55450070301302
Igdcc4 9.38571737505452 9.604535171332 3.55450070301302
Higd1a 9.12578581844777 9.604535171332 3.55450070301302
Sepw1 10.1561280688194 9.604535171332 3.55450070301302
Gad1 10.4370951067412 9.604535171332 3.55450070301302
Ptprn 9.41226451531944 9.604535171332 3.55450070301302
Me1 9.19744016133641 9.604535171332 3.55450070301302
Frzb 8.86009688196039 9.604535171332 3.55450070301302
Snap91 10.5520279921725 9.604535171332 3.55450070301302
Tppp3 10.8279238744932 9.604535171332 3.55450070301302
Prkar1b 13.2691952343318 9.604535171332 3.55450070301302
S100a10 12.2698716264757 9.604535171332 3.55450070301302
Parva 8.49290628654249 9.604535171332 3.55450070301302
Snap25 12.4584982681088 9.604535171332 3.55450070301302
Ndufb2 12.3871908173586 9.604535171332 3.55450070301302
Abhd8 10.3680696709679 9.604535171332 3.55450070301302
Tspan6 9.27424028654054 9.604535171332 3.55450070301302
Ppa1 10.8231515866234 9.604535171332 3.55450070301302
Pcsk1n 12.0963344171832 9.604535171332 3.55450070301302
Hspb8 10.2874043656617 9.604535171332 3.55450070301302
Pfdn1 11.3428844807644 9.604535171332 3.55450070301302
C1qtnf4 9.02474541584347 9.604535171332 3.55450070301302
Pcdh8 9.79037287324328 9.604535171332 3.55450070301302
Ceacam10 8.38898732966031 9.604535171332 3.55450070301302
Ckmt1 9.72050598823787 9.604535171332 3.55450070301302
Acot7 12.003274571917 9.604535171332 3.55450070301302
Arl2bp 9.00555505850736 9.604535171332 3.55450070301302
Psip1 9.17682504597641 9.604535171332 3.55450070301302
Rab27b 8.19310164081793 9.604535171332 3.55450070301302
Tmsb10 8.5745001603163 9.604535171332 3.55450070301302
Lynx1 9.92671237713846 9.604535171332 3.55450070301302
Brinp1 8.90991239809193 9.604535171332 3.55450070301302
Arl6 10.8752309972084 9.604535171332 3.55450070301302
Fxyd6 10.0188374666707 9.604535171332 3.55450070301302
Bex2 11.7742268822245 9.604535171332 3.55450070301302
Elovl6 8.38068114360432 9.604535171332 3.55450070301302
Nap1l5 12.9030170223672 9.604535171332 3.55450070301302
Sept3 10.1886738720546 9.604535171332 3.55450070301302
Gng3 11.9319785570117 9.604535171332 3.55450070301302
Calb1 10.8461262565852 9.604535171332 3.55450070301302
Cyb561 10.8247723294798 9.604535171332 3.55450070301302
Pcbp3 7.81896827151508 9.604535171332 3.55450070301302
Rab33a 9.46802299079213 9.604535171332 3.55450070301302
Ncald 11.4405557036101 9.604535171332 3.55450070301302
Trpc3 9.81708698147697 9.604535171332 3.55450070301302
Kcna5 7.81036911198475 9.604535171332 3.55450070301302
Ppp1r14c 9.53190801419816 9.604535171332 3.55450070301302
Cplx1 12.4344327766486 9.604535171332 3.55450070301302
Sncg 11.1467223686822 9.604535171332 3.55450070301302
Atp6v1g2 11.4175161879936 9.604535171332 3.55450070301302
Ufsp1 9.64178515020301 9.604535171332 3.55450070301302
Rab15 11.4307024531632 9.604535171332 3.55450070301302
Synj2bp 10.6444435188171 9.604535171332 3.55450070301302
Cep19 11.5224984512234 9.604535171332 3.55450070301302
Fhl1 11.3892969503047 9.604535171332 3.55450070301302
Mapt 9.96481104491921 9.604535171332 3.55450070301302
Pdxp 10.3555530523882 9.604535171332 3.55450070301302
Pak3 9.15864483206776 9.604535171332 3.55450070301302
Gng4 8.71107919784961 9.604535171332 3.55450070301302
Pdlim7 9.22586141875376 9.604535171332 3.55450070301302
Cpeb1 8.40750784675457 9.604535171332 3.55450070301302
Pop5 12.4166449936702 9.604535171332 3.55450070301302
Resp18 11.6732497430962 9.604535171332 3.55450070301302
Ngb 9.68126539852569 9.604535171332 3.55450070301302
Slco3a1 8.94357291637338 9.604535171332 3.55450070301302
Nap1l2 10.0928401278825 9.604535171332 3.55450070301302
Eef1a2 12.0248398071249 9.604535171332 3.55450070301302
Cfl2 11.8720312533683 9.604535171332 3.55450070301302
Prkcz 9.75326638137678 9.604535171332 3.55450070301302
Chd3os 11.3749863393307 9.604535171332 3.55450070301302
Nrip3 11.6866952987468 9.604535171332 3.55450070301302
Stmn4 10.3460126785029 9.604535171332 3.55450070301302
Gspt2 8.48879818245398 9.604535171332 3.55450070301302
Unc119 11.1850674596022 9.604535171332 3.55450070301302
Chga 10.3434669798099 9.604535171332 3.55450070301302
Ina 10.6073250641244 9.604535171332 3.55450070301302
Pfn2 12.4957112458627 9.604535171332 3.55450070301302
Ddx25 9.29153564014949 9.604535171332 3.55450070301302
Fn3k 9.03405600880491 9.604535171332 3.55450070301302
Rbfox1 10.3966860976549 9.604535171332 3.55450070301302
Foxg1 9.50194164017332 9.604535171332 3.55450070301302
Rnf112 8.26192392364308 9.604535171332 3.55450070301302
Larp6 8.87621058119672 9.604535171332 3.55450070301302
Atp1b1 11.4288262837591 9.604535171332 3.55450070301302
Cxcl14 10.7482044696486 9.604535171332 3.55450070301302
Smarcd3 10.4491564554747 9.604535171332 3.55450070301302
Nap1l3 9.78773810020452 9.604535171332 3.55450070301302
Socs2 8.97687394139923 9.604535171332 3.55450070301302
Wasf1 9.72482471423463 9.604535171332 3.55450070301302
Limk2 9.9946885863501 9.604535171332 3.55450070301302
Nrsn1 11.3143671854932 9.604535171332 3.55450070301302
Astn1 9.3824371498357 9.604535171332 3.55450070301302
Lin7b 11.1854153463733 9.604535171332 3.55450070301302
Pcbd1 11.8887715062587 9.604535171332 3.55450070301302
Tnnt2 7.79968190408668 9.604535171332 3.55450070301302
Tesc 12.5906684508321 9.604535171332 3.55450070301302
Pnkd 8.57376189840938 9.604535171332 3.55450070301302
Psd3 8.78814841686305 9.604535171332 3.55450070301302
Ccdc109b 9.50201716125462 9.604535171332 3.55450070301302
Sh3gl2 11.3789949641258 9.604535171332 3.55450070301302
Cds2 11.7943037415136 9.604535171332 3.55450070301302
Cdh2 8.13709380534232 9.604535171332 3.55450070301302
Eno2 11.0373451723086 9.604535171332 3.55450070301302
Necab2 10.2342567914871 9.604535171332 3.55450070301302
Hebp2 9.54829042925713 9.604535171332 3.55450070301302
Drd2 9.59989543277721 9.604535171332 3.55450070301302
Rtn2 9.15836155834983 9.604535171332 3.55450070301302
Tmeff2 9.32377685788417 9.604535171332 3.55450070301302
Chac2 8.69306861084599 9.604535171332 3.55450070301302
Gdnf 8.87363555505777 9.604535171332 3.55450070301302
Hrh1 8.29371671170813 9.604535171332 3.55450070301302
Dtna 7.11109809660255 9.604535171332 3.55450070301302
Cacna2d3 10.2955743398131 9.604535171332 3.55450070301302
Cdk14 10.6593642712538 9.604535171332 3.55450070301302
Zfp423 7.92642449419102 9.604535171332 3.55450070301302
Bcl11a 10.2417266130881 9.604535171332 3.55450070301302
Gng13 10.0064223503563 9.604535171332 3.55450070301302
Matn2 7.77585655158029 9.604535171332 3.55450070301302
Fam19a5 9.52797608914535 9.604535171332 3.55450070301302
Nkain1 10.8370455629729 9.604535171332 3.55450070301302
Gabrb1 9.87064381801578 9.604535171332 3.55450070301302
Mark1 9.41960815956792 9.604535171332 3.55450070301302
Lor 9.44280073589655 9.604535171332 3.55450070301302
Slc8a1 8.55404224645176 9.604535171332 3.55450070301302
Gbx2 7.9100672259086 9.604535171332 3.55450070301302
Chn1 9.10859619277626 9.604535171332 3.55450070301302
Th 9.74385100179732 9.604535171332 3.55450070301302
Epha5 9.49341348281728 9.604535171332 3.55450070301302
Mt3 11.6142156854151 9.604535171332 3.55450070301302
Doc2b 10.458334119835 9.604535171332 3.55450070301302
Ntsr1 8.35833835956224 9.604535171332 3.55450070301302
Kcnq2 10.1195932891924 9.604535171332 3.55450070301302
Vamp2 9.54899256089789 9.604535171332 3.55450070301302
Ptprf 9.14691072596525 9.604535171332 3.55450070301302
Gucy1b3 9.19104339503538 9.604535171332 3.55450070301302
Sln 8.78529885837231 9.604535171332 3.55450070301302
Arx 9.1801619339858 9.604535171332 3.55450070301302
Hs6st2 9.26905571826568 9.604535171332 3.55450070301302
Vsnl1 10.2030879074738 9.604535171332 3.55450070301302
Nrg3 8.08727266257587 9.604535171332 3.55450070301302
Epb4.1l1 8.99005070246437 9.604535171332 3.55450070301302
Trpc1 8.56253961522222 9.604535171332 3.55450070301302
Gnao1 10.861051426113 9.604535171332 3.55450070301302
Myt1l 9.24249864856088 9.604535171332 3.55450070301302
Gabrb3 7.77427333148588 9.604535171332 3.55450070301302
Ngfr 9.50246750216374 9.604535171332 3.55450070301302
Sh3rf1 8.80471568024356 9.604535171332 3.55450070301302
Gabra1 9.68413074153693 9.604535171332 3.55450070301302
Cttn 11.8319132534599 9.604535171332 3.55450070301302
Cend1 9.85589774833155 9.604535171332 3.55450070301302
Rcan2 8.67087514027542 9.604535171332 3.55450070301302
Slc5a7 8.05247033023651 9.604535171332 3.55450070301302
Cplx2 9.81747750508908 9.604535171332 3.55450070301302
2010204K13Rik 11.0370123476062 9.604535171332 3.55450070301302
Sytl2 9.96989172061932 9.604535171332 3.55450070301302
Sult4a1 9.35870461824164 9.604535171332 3.55450070301302
Rapgef4 9.53450002606684 9.604535171332 3.55450070301302
Enah 10.7429364207694 9.604535171332 3.55450070301302
Rit2 12.200346969027 9.604535171332 3.55450070301302
Epdr1 10.9703495671141 9.604535171332 3.55450070301302
Pip5k1b 7.59259381490943 9.604535171332 3.55450070301302
Vamp1 9.6392448216734 9.604535171332 3.55450070301302
Elavl2 12.1361184152067 9.604535171332 3.55450070301302
Nedd4 9.88773527400788 9.604535171332 3.55450070301302
L1cam 9.98910502361872 9.604535171332 3.55450070301302
Ncam1 10.1383736141849 9.604535171332 3.55450070301302
Cdh8 8.01331184815277 9.604535171332 3.55450070301302
Oprl1 8.81733879342217 9.604535171332 3.55450070301302
Slc18a3 10.5169484325972 9.604535171332 3.55450070301302
Lhx6 9.55417185973958 9.604535171332 3.55450070301302
Hras 11.4406074918716 9.604535171332 3.55450070301302
Glrb 9.87180162086696 9.604535171332 3.55450070301302
Nefm 8.01733063422703 9.604535171332 3.55450070301302
Atp5k 13.314159275639 9.604535171332 3.55450070301302
Actl6b 8.81156214573051 9.604535171332 3.55450070301302
Rab3b 10.3215180033514 9.604535171332 3.55450070301302
Ecel1 11.0681125166126 9.604535171332 3.55450070301302
Rab3a 11.1743337723311 9.604535171332 3.55450070301302
Rasgrf1 11.3537168197816 9.604535171332 3.55450070301302
Arpp19 10.6743898447455 9.604535171332 3.55450070301302
Ly6h 10.8473143527501 9.604535171332 3.55450070301302
Ache 11.2108644446256 9.604535171332 3.55450070301302
Pcdhb9 8.82475912304193 9.604535171332 3.55450070301302
Rnd2 10.6270638244859 9.604535171332 3.55450070301302
Pnck 9.76661674559471 9.604535171332 3.55450070301302
Isl1 11.7592963517504 9.604535171332 3.55450070301302
Fjx1 8.23046645914907 9.604535171332 3.55450070301302
Polr3k 9.85557573685259 9.604535171332 3.55450070301302
Slc32a1 8.89639566430571 9.604535171332 3.55450070301302
Cntnap2 8.69972799756842 9.604535171332 3.55450070301302
Rims2 8.2317668526166 9.604535171332 3.55450070301302
Cartpt 9.94911779531255 9.604535171332 3.55450070301302
Kcnd2 8.12633547846631 9.604535171332 3.55450070301302
Hrasls 8.68379616696582 9.604535171332 3.55450070301302
Kif5c 8.97145544172579 9.604535171332 3.55450070301302
Syt17 11.009065439917 9.604535171332 3.55450070301302
Nsg1 10.5020154963279 9.604535171332 3.55450070301302
Avpi1 9.81646398168647 9.604535171332 3.55450070301302
Thy1 11.9444516665341 9.604535171332 3.55450070301302
Fgf1 9.11439160337859 9.604535171332 3.55450070301302
Scg5 10.5244166249678 9.604535171332 3.55450070301302
Napb 10.8936590421958 9.604535171332 3.55450070301302
Lgi1 9.44970439599227 9.604535171332 3.55450070301302
Nop10 10.6011609225168 9.604535171332 3.55450070301302
Plxnc1 9.56701550476686 9.604535171332 3.55450070301302
Cap2 8.84236224242925 9.604535171332 3.55450070301302
Hdgfrp3 9.31062443620573 9.604535171332 3.55450070301302
Id4 9.3047235268004 9.604535171332 3.55450070301302
Ints6 10.8024684097627 9.604535171332 3.55450070301302
Stmn2 11.1248190332413 9.604535171332 3.55450070301302
Cbln1 8.66638960320412 9.604535171332 3.55450070301302
Gdap1 10.1495801328626 9.604535171332 3.55450070301302
Sv2a 10.5451783632335 9.604535171332 3.55450070301302
Gpr83 10.2660086405787 9.604535171332 3.55450070301302
Zic3 8.98709424702719 9.604535171332 3.55450070301302
Ptbp2 10.1869025945838 9.604535171332 3.55450070301302
Zic1 11.7294426971873 9.604535171332 3.55450070301302
Scn8a 7.75437927091434 9.604535171332 3.55450070301302
Gap43 12.5535927592598 9.604535171332 3.55450070301302
Cdh13 9.95906946872846 9.604535171332 3.55450070301302
Cygb 9.6871063780696 9.604535171332 3.55450070301302
Dner 11.9389211214669 9.604535171332 3.55450070301302
Tmem246 10.7712135183809 9.604535171332 3.55450070301302
Zwint 9.83315234648008 9.604535171332 3.55450070301302
Vat1 9.55785116833334 9.604535171332 3.55450070301302
Snap47 12.1028577564018 9.604535171332 3.55450070301302
Chchd6 11.4432480567044 9.604535171332 3.55450070301302
Idi1 10.0951331410538 9.604535171332 3.55450070301302
Ptgds 9.54421242307236 9.604535171332 3.55450070301302
Apbb1 9.90650571320825 9.604535171332 3.55450070301302
1110008P14Rik 11.4531814340201 9.604535171332 3.55450070301302
Sez6l2 10.4072243952749 9.604535171332 3.55450070301302
Tspyl4 11.7126979453434 9.604535171332 3.55450070301302
Tmem242 9.98034429123343 9.604535171332 3.55450070301302
2010107G23Rik 10.3055789427243 9.604535171332 3.55450070301302
Nme1 12.7692307418745 9.604535171332 3.55450070301302
Pmm1 9.61522631790638 9.604535171332 3.55450070301302
Fam216a 10.2240708913724 9.604535171332 3.55450070301302
Parm1 8.40534287144514 9.604535171332 3.55450070301302
Susd4 8.62158361337488 9.604535171332 3.55450070301302
Mtfp1 10.4228820288556 9.604535171332 3.55450070301302
Elovl4 8.12236831067952 9.604535171332 3.55450070301302
Tspan17 9.9738220584645 9.604535171332 3.55450070301302
Ube2e2 11.0052523842008 9.604535171332 3.55450070301302
Uqcr10 10.062615001858 9.604535171332 3.55450070301302
Selm 11.8250566396081 9.604535171332 3.55450070301302
Rufy3 9.9400160834865 9.604535171332 3.55450070301302
Arhgef7 9.62730863581655 9.604535171332 3.55450070301302
Zfp428 9.64062534459784 9.604535171332 3.55450070301302
Flywch2 10.4121236802388 9.604535171332 3.55450070301302
Cgref1 10.7064860651806 9.604535171332 3.55450070301302
Mmd2 9.15638694237169 9.604535171332 3.55450070301302
2900011O08Rik 11.8259032357908 9.604535171332 3.55450070301302
Cacfd1 9.64198296324261 9.604535171332 3.55450070301302
Aldoc 10.1302818164634 9.604535171332 3.55450070301302
Smyd2 11.0420415315902 9.604535171332 3.55450070301302
Cdh22 9.51851750472968 9.604535171332 3.55450070301302
Slain1 7.59046173669017 9.604535171332 3.55450070301302
Atp1a3 8.85321266104975 9.604535171332 3.55450070301302
Klhdc8a 10.1643986348519 9.604535171332 3.55450070301302
Gpr85 8.30564318928147 9.604535171332 3.55450070301302
Cdh10 8.66046942927786 9.604535171332 3.55450070301302
Neto1 9.74067943111545 9.604535171332 3.55450070301302
Fam81a 10.3132630219773 9.604535171332 3.55450070301302
Zcchc18 9.62404160580381 9.604535171332 3.55450070301302
Prima1 9.74534093917962 9.604535171332 3.55450070301302
Slc12a5 11.0206290704722 9.604535171332 3.55450070301302
Tfr2 8.87278091820087 9.604535171332 3.55450070301302
Slc1a1 9.33442672462627 9.604535171332 3.55450070301302
Grb10 9.62296010438397 9.604535171332 3.55450070301302
Stau2 10.5985658376226 9.604535171332 3.55450070301302
Edil3 9.76812837703709 9.604535171332 3.55450070301302
Diras1 9.53433942769712 9.604535171332 3.55450070301302
Rab40b 8.44082288921488 9.604535171332 3.55450070301302
Olfm1 11.2165414756034 9.604535171332 3.55450070301302
Ccrn4l 10.146851634669 9.604535171332 3.55450070301302
Caln1 9.71088653875873 9.604535171332 3.55450070301302
Dusp26 12.1250914248461 9.604535171332 3.55450070301302
Olfm3 10.5082595910539 9.604535171332 3.55450070301302
Nfatc2 10.2324852070172 9.604535171332 3.55450070301302
Armcx1 10.370914559149 9.604535171332 3.55450070301302
Ttc39c 8.90568053078721 9.604535171332 3.55450070301302
Nefl 9.74787215140808 9.604535171332 3.55450070301302
Alcam 10.0659805195827 9.604535171332 3.55450070301302
Serpinb1b 9.71307784316018 9.604535171332 3.55450070301302
Scn3b 10.6495551835506 9.604535171332 3.55450070301302
Cacng5 9.30204715529872 9.604535171332 3.55450070301302
Ntng1 8.3946336892071 9.604535171332 3.55450070301302
Rnf11 8.53207923565234 9.604535171332 3.55450070301302
Ddx3y 7.46514119006394 9.604535171332 3.55450070301302
Gpm6a 10.7012482894216 9.604535171332 3.55450070301302
Gnaz 9.1512548905337 9.604535171332 3.55450070301302
Ndrg4 13.0944209693924 9.604535171332 3.55450070301302
Qpct 8.14744684503841 9.604535171332 3.55450070301302
Tmeff1 9.65910981895494 9.604535171332 3.55450070301302
Slc6a15 10.2555554527233 9.604535171332 3.55450070301302
6330403K07Rik 12.7922067915287 9.604535171332 3.55450070301302
Celf4 11.2335693189959 9.604535171332 3.55450070301302
Tsr2 10.7037560345978 9.604535171332 3.55450070301302
Thra 12.0639209909766 9.604535171332 3.55450070301302
Fbxo2 9.00993729270548 9.604535171332 3.55450070301302
Mal2 9.60975433360186 9.604535171332 3.55450070301302
Amph 10.9891965205123 9.604535171332 3.55450070301302
Zfp612 9.73953041876674 9.604535171332 3.55450070301302
Copg2os2 10.1804150017476 9.604535171332 3.55450070301302
Ccdc85a 7.91473949797498 9.604535171332 3.55450070301302
Armcx4 8.40023159609825 9.604535171332 3.55450070301302
Gabrg1 9.78044524680108 9.604535171332 3.55450070301302
Clip4 7.73274648359357 9.604535171332 3.55450070301302
Rbfox3 7.95743989436672 9.604535171332 3.55450070301302
Lhx8 12.3430874400543 9.604535171332 3.55450070301302
Rasd2 12.3516152846469 9.604535171332 3.55450070301302
Cda 9.01805152211861 9.604535171332 3.55450070301302
Arhgap20 9.28717711620152 9.604535171332 3.55450070301302
Cystm1 11.4004499849956 9.604535171332 3.55450070301302
Uqcrq 12.5071757568575 9.604535171332 3.55450070301302
Phpt1 10.9554144911072 9.604535171332 3.55450070301302
Tceb1 8.95970953199215 9.604535171332 3.55450070301302
Acyp2 11.6398042129939 9.604535171332 3.55450070301302
Snrnp25 11.4622848165997 9.604535171332 3.55450070301302
Tmem158 10.1762960833598 9.604535171332 3.55450070301302
Bex4 10.5559913305561 9.604535171332 3.55450070301302
Hcfc1r1 11.4367401009114 9.604535171332 3.55450070301302
Nkiras1 11.0943402377361 9.604535171332 3.55450070301302
Lysmd2 10.5780841261868 9.604535171332 3.55450070301302
Hopx 10.6521194392699 9.604535171332 3.55450070301302
Ndufaf5 10.3798987662733 9.604535171332 3.55450070301302
Pacrg 8.93278984766085 9.604535171332 3.55450070301302
Ngfrap1 12.9117675028136 9.604535171332 3.55450070301302
Dda1 10.7504013482781 9.604535171332 3.55450070301302
Ggct 11.2022173466599 9.604535171332 3.55450070301302
2610524H06Rik 9.41808200059686 9.604535171332 3.55450070301302
Spryd7 10.5955768096364 9.604535171332 3.55450070301302
Bcat1 10.3627214417943 9.604535171332 3.55450070301302
Tmod2 8.45003911550117 9.604535171332 3.55450070301302
Lypd1 10.516941486838 9.604535171332 3.55450070301302
Timm8b 12.1458408426005 9.604535171332 3.55450070301302
Sh3gl3 10.6205390516393 9.604535171332 3.55450070301302
Rab3c 7.77661158761196 9.604535171332 3.55450070301302
Mela 10.0252096841614 9.604535171332 3.55450070301302
Dos 10.3372126179282 9.604535171332 3.55450070301302
Reep1 11.736085522266 9.604535171332 3.55450070301302
Chchd10 11.3270368245539 9.604535171332 3.55450070301302
Abat 10.187024051072 9.604535171332 3.55450070301302
Clvs1 10.4144840333481 9.604535171332 3.55450070301302
Asns 10.3170262924236 9.604535171332 3.55450070301302
Fermt2 8.83611715824036 9.604535171332 3.55450070301302
Fam174b 9.12671026080333 9.604535171332 3.55450070301302
Serf1 9.64072357233809 9.604535171332 3.55450070301302
Coro2b 9.25220554263566 9.604535171332 3.55450070301302
Rnf157 11.950242156098 9.604535171332 3.55450070301302
Tmem56 7.62210407677233 9.604535171332 3.55450070301302
Nrcam 8.18649087762402 9.604535171332 3.55450070301302
Morn4 10.1928050375393 9.604535171332 3.55450070301302
Ccl27a 9.75649605437597 9.604535171332 3.55450070301302
Spock2 9.07514003785789 9.604535171332 3.55450070301302
Rnf208 10.6227264101319 9.604535171332 3.55450070301302
Stmn3 12.6145156819525 9.604535171332 3.55450070301302
Gria1 8.91268412096489 9.604535171332 3.55450070301302
Kctd17 9.56356200645978 9.604535171332 3.55450070301302
Fhod3 8.12960616607453 9.604535171332 3.55450070301302
Fgf14 7.82494668510435 9.604535171332 3.55450070301302
Elavl3 8.05610817580643 9.604535171332 3.55450070301302
Cachd1 9.30439959785199 9.604535171332 3.55450070301302
Uqcc2 12.5128995697302 9.604535171332 3.55450070301302
Cacnb4 9.47114365563498 9.604535171332 3.55450070301302
Tacr3 9.19296443713288 9.604535171332 3.55450070301302
Mapk10 10.7617684196359 9.604535171332 3.55450070301302
Dennd6a 9.16761907668904 9.604535171332 3.55450070301302
F2r 10.7642636600326 9.604535171332 3.55450070301302
Stx1a 11.1014022555197 9.604535171332 3.55450070301302
Lrrtm1 7.98952260694682 9.604535171332 3.55450070301302
Fdft1 12.0442826330404 9.604535171332 3.55450070301302
A530058N18Rik 7.40157368433483 9.604535171332 3.55450070301302
Ahi1 10.0351041196217 9.604535171332 3.55450070301302
Atp6v0e2 12.4487264070161 9.604535171332 3.55450070301302
Uchl1 12.6848254633822 9.604535171332 3.55450070301302
Syp 10.1562885342365 9.604535171332 3.55450070301302
Crmp1 9.48768154135171 9.604535171332 3.55450070301302
Uqcr11 13.0804638442752 9.604535171332 3.55450070301302
Tnk2 10.8211566747032 9.604535171332 3.55450070301302
Mgst3 10.0727063498946 9.604535171332 3.55450070301302
Pcsk2 10.2894637140441 9.604535171332 3.55450070301302
Crabp1 9.18076390514532 9.604535171332 3.55450070301302
Ykt6 9.88414153694394 9.604535171332 3.55450070301302
Nipsnap1 10.2466921519495 9.604535171332 3.55450070301302
Bex1 13.2785211128822 9.604535171332 3.55450070301302
Scg3 9.59815375056149 9.604535171332 3.55450070301302
Cacnb3 10.3920237555868 9.604535171332 3.55450070301302
Arhgdig 11.9603602377777 9.604535171332 3.55450070301302
Kcnk1 9.78380053285654 9.604535171332 3.55450070301302
Cd200 9.79649089540434 9.604535171332 3.55450070301302
Rpp25 7.99921881694143 9.604535171332 3.55450070301302
Ctnna2 10.0777060923425 9.604535171332 3.55450070301302
Cadps 10.4701611111525 9.604535171332 3.55450070301302
Stard10 10.213118024042 9.604535171332 3.55450070301302
Gpx3 10.9192999389767 9.604535171332 3.55450070301302
Kcnk2 9.41188534639446 9.604535171332 3.55450070301302
Cdkl2 9.04415348967764 9.604535171332 3.55450070301302
Cyfip2 9.54773757600088 9.604535171332 3.55450070301302
Pde1a 8.93146008145369 9.604535171332 3.55450070301302
Dbndd1 10.3121747652444 9.604535171332 3.55450070301302
Ptger2 8.14104856288629 9.604535171332 3.55450070301302
Nicn1 10.4611384742392 9.604535171332 3.55450070301302
Pacsin1 8.82981373801395 9.604535171332 3.55450070301302
Fkbp1b 12.2262548330497 9.604535171332 3.55450070301302
Kcnh2 8.93098597474544 9.604535171332 3.55450070301302
Cntn1 10.5697905840274 9.604535171332 3.55450070301302
Sh3yl1 9.11704494969599 9.604535171332 3.55450070301302
Spock3 8.38844492211309 9.604535171332 3.55450070301302
Scn1a 7.99774415040437 9.604535171332 3.55450070301302
Kcnip4 8.0694552397474 9.604535171332 3.55450070301302
Rgs7 11.1094625962152 9.604535171332 3.55450070301302
Tagln3 11.3913629526358 9.604535171332 3.55450070301302
Rgs17 10.081376120117 9.604535171332 3.55450070301302
Scg2 9.34635868956195 9.604535171332 3.55450070301302
Kif21a 8.8733550329151 9.604535171332 3.55450070301302
Cacna2d2 10.4490468028017 9.604535171332 3.55450070301302
Cdh11 8.26122742976833 9.604535171332 3.55450070301302
Crabp2 8.96635752451387 9.604535171332 3.55450070301302
Lrrc3b 9.15462523243663 9.604535171332 3.55450070301302
Acsl6 8.47087077502239 9.604535171332 3.55450070301302
Tram1l1 9.54985946988933 9.604535171332 3.55450070301302
Zfp521 9.73437491102923 9.604535171332 3.55450070301302
Dpp6 9.19618571078329 9.604535171332 3.55450070301302
Cadps2 10.2002080586008 9.604535171332 3.55450070301302
Nol3 9.54223966856944 9.604535171332 3.55450070301302
Fam92a 11.4600439805702 9.604535171332 3.55450070301302
Fgf12 9.30230994194421 9.604535171332 3.55450070301302
Vstm2a 8.90117051700808 9.604535171332 3.55450070301302
Slc6a1 9.41547801786991 9.604535171332 3.55450070301302
Nckap1 12.0603456788376 9.604535171332 3.55450070301302
Slc41a2 8.05955013291161 9.604535171332 3.55450070301302
Zdhhc2 9.7966849956104 9.604535171332 3.55450070301302
Svop 9.52543506230589 9.604535171332 3.55450070301302
Rgs8 8.17918609118139 9.604535171332 3.55450070301302
Cltb 11.4244494795231 9.604535171332 3.55450070301302
Fez1 9.24507562854557 9.604535171332 3.55450070301302
Nlgn2 10.547958634631 9.604535171332 3.55450070301302
D430019H16Rik 10.4110118180375 9.604535171332 3.55450070301302
Adcy2 11.4183169595158 9.604535171332 3.55450070301302
Mterfd3 8.34366089953235 9.604535171332 3.55450070301302
Gm1976 8.93742127459662 9.604535171332 3.55450070301302
Pcp4 13.8492772238076 9.604535171332 3.55450070301302
Gal 9.346336976166 9.604535171332 3.55450070301302
