Lcp1 11.9186828085383 6.45623575552324 4.2735716800484
Cd83 13.2161047162533 7.39157349263806 5.55679532278665
Sipa1 11.028832104782 7.3380212903116 6.26781297199495
Tnfaip2 9.07410944533167 5.23418580201184 3.90173852262921
Socs3 12.8477426387797 8.14102216121594 3.99859309032392
4632428N05Rik 12.9633024758073 8.59302290073858 4.8306577045602
Spint1 10.3283172527647 6.06616160773614 5.27644939415078
Afp 8.35050803873215 3.90998583389911 3.68348013105638
Clic1 11.3122330580261 7.6855493010895 5.39121956870016
Irf8 12.5462653592052 5.76318297202978 5.16352676451703
Parvg 10.4281853264487 6.53741131084273 5.28923906165503
Rps6ka1 12.3511118887686 8.44345908334506 7.52231222383361
Mfng 10.2459357618163 6.06990751182627 5.63526573628301
Slc40a1 11.6873175794834 6.94690912707862 5.52456671718527
C1qb 13.3809165744448 5.37415221478738 3.71725114758972
Ccl6 10.4831140019336 4.89342457285125 4.11104894808907
Cd14 13.3794861542207 7.8061605699732 6.2402975021489
Pycard 11.7530559991681 6.41636922469651 5.26007478312772
C1qa 13.1874316054276 6.79378756910994 5.0274187892083
Il16 10.5676116874908 5.82416920172216 5.31012956476627
Slc7a7 10.9326702827516 5.73846795159116 5.03944421835646
Srgn 13.2795222117037 6.97389865702801 5.43845687781053
Myh9 12.5447914497017 8.89963487963593 7.45087939597818
Nfkbiz 12.6921044506167 8.82304901139205 4.30519068125258
Tgm2 11.6702792723547 7.31545163231451 5.12951149908809
Plek 13.0385446953369 6.59071363965361 5.55349509100935
Rgs1 11.3590498478886 4.93402767406109 4.52965355395571
Snx5 12.5419589726741 8.75901418268292 6.76967688107215
Elk3 10.4319956263106 6.18732321529403 4.55665867744336
Laptm5 13.25292607905 6.7317035538928 3.85765344140498
Slc25a37 10.7377469263125 7.30738449300431 5.66511185089494
Rgs19 10.0869225771368 6.23303723920231 4.6568970085834
Serinc3 10.7887820532689 7.03537202848599 6.42614105185332
Fcgr1 12.2955371160684 5.19959214801166 4.47672247956336
Slc16a6 11.5647594820405 7.23105566047062 5.56486283159873
Ccl9 11.4677327663853 5.17100010963301 4.7728871510616
B4galt1 11.1336165305587 7.54988685639638 5.93922690224829
Tnfrsf1b 11.7452188608572 6.83429536048017 5.91213120142582
Inpp5d 12.4577394438636 7.07371963984621 6.42811589988303
Tlr4 9.57555684780965 5.04401920765451 4.38262657456359
Pmaip1 7.97566326054479 4.62055905405149 3.98817601818806
Aif1 11.8214348072249 5.37860588147518 4.85277675312531
Syk 11.3160084368777 7.08200021202032 6.10749773392305
Klf6 12.2250639567383 8.12195635771206 6.18567911780974
Crybb1 12.2648088011919 7.08613402411575 6.41138678550014
Fcer1g 12.6718396223893 6.80241344965675 5.78755660328333
Ctsh 12.87251521366 6.53487048845804 5.22695206091509
Gpsm3 9.55595780536678 5.59048673631638 5.08652194206308
Ncf4 10.7292352869563 5.33938345661998 4.88210414752885
Ggta1 10.3002208247185 5.89788919712068 4.15849008412884
Lcp2 10.4089431447829 4.99302138937227 4.57429667145155
Ngp 12.7574775005176 6.44172223385175 5.39791186130121
Spi1 10.4190424481911 6.16307903388708 5.82383616135408
Ms4a6b 11.2554621340409 5.13351385621353 4.74999460916093
Hcls1 8.70906636115833 4.89446838259994 4.68732583535491
Pabpc1 11.1781404360411 6.16508838528943 4.52697005290847
Skap2 12.056136723105 8.65151263580429 6.5618181252304
Cebpb 11.5932508063623 8.10133582209179 5.86749964844276
Plxdc2 12.0745716973584 7.93492485655956 5.1604314975585
Cxcl10 9.72683118350032 5.65988035610003 5.08296542831249
Cysltr1 9.25437959121948 4.78515088938708 3.95051357379772
Cttnbp2nl 11.6991350325633 7.26263983675145 5.67901521033275
Lyl1 9.96552235514374 5.73503761243778 4.97098006986273
Ptpn18 10.3344380846283 6.8077966986409 5.53960742663222
Tlr2 11.9276981137555 6.12988004563919 5.61629852987975
Cd163 7.96377468160987 4.12135777164426 4.00202204202865
Serpine1 9.65311808101758 5.40426636812792 4.60010530520744
Mlxipl 10.5385226388773 6.65817087496869 5.18337115843903
Cd37 10.9003612304416 6.81593043724128 5.40985409802239
Map3k8 10.2772018482877 5.01883656304589 4.76329779670462
Myd88 10.6605178444686 6.69016044008047 5.9066147579295
Ccl12 10.6391731596107 4.65384059165202 4.37386796779382
Arhgap4 9.32893709991249 5.50443731169312 5.25094829505189
Pon3 9.25424963832735 4.57765970201478 4.30677135987758
S100a8 13.1710031765985 4.82574976050841 4.55385310448386
Il10rb 10.5493104181091 6.64686870534261 5.16210291419389
C3ar1 11.7048817822179 6.60756744760421 5.23946811047501
Fgd2 12.0963667807367 6.35257260925282 5.79292403244003
Ccl3 13.5359936909524 5.29729699700406 4.67042615092848
Ms4a6d 11.4841310922632 4.72550783773685 4.34118213470142
Ier3 13.5124048716238 8.75684869741547 7.24982011325745
Camp 12.4507582747533 6.05294008448372 5.36216752876169
Klk8 10.1827990465209 5.91151561777248 5.43648341293638
Chil3 11.4871946767607 4.51266154326408 3.88871825126172
Arap3 9.99309938625579 4.40955771984442 4.00264222820557
Tlr7 11.1537008662761 5.34900315718736 4.81907598806535
Csf1r 14.0292728577336 9.30694085799824 6.86553838412522
Hpgd 11.9738918982247 6.30224045413315 4.19846348353157
Slc11a1 11.3948658681908 6.84486742232107 5.49981807285767
Ccl2 9.3887194295731 5.38076988226236 5.06328703817535
Cd86 11.6527693006629 5.60763936587905 4.83925908402142
Gpr84 11.5263505075912 6.27635106725732 5.28803339332288
Trim12a 8.39694276788024 4.53256419392026 3.96650731895618
Zfhx3 11.2191522315493 5.62867271616929 4.32636134864122
Slc15a3 11.3995649353571 5.42568357023969 5.14482225971731
Sla 12.4329217789332 7.77069957093191 5.69537781667972
Tgfbr1 13.5090583473981 7.88063973496517 5.70358403766302
Lgals9 9.69958847858634 5.83279270927489 5.22447656941512
Trem2 11.303795824757 6.86293136171939 6.21558372846626
Gna15 8.99367862824198 5.60604143432473 4.96534331138279
Birc3 10.6915102166933 6.77996226588029 5.73382908255085
Igsf6 8.83394697282607 4.40866550999599 4.12710621107542
Samsn1 8.81738530496463 4.74223203200636 4.50541291252623
Il1a 10.5376640185961 4.64439298354229 4.32587022065431
Hpgds 9.22775583355141 5.65262306383073 4.97771967629155
Naip5 11.0978070538461 4.94244504424785 4.16121507854427
Ccl4 12.6588721873418 7.68150160091443 5.87010272210613
Stat6 10.468465477124 6.38373917848813 4.8494901778866
Clec4a2 10.1399334143348 5.25832635410918 4.87042851521641
Fli1 10.1221580891138 4.18151103052345 3.72886370991294
Ets1 9.52298260959165 5.1592911119038 4.12370338594052
Ptprc 12.4924457080349 4.63390933140219 4.23474973888318
Ccr5 11.6775104276773 4.75373513993151 4.41851864580422
Il6ra 12.6762370901779 5.95296834737579 5.48691023103741
Pla2g15 12.3402771280608 8.09180870389373 6.48992579891096
Ifi30 11.3741036101554 7.27153322758149 6.03813391317161
H2-DMa 11.302506340632 7.46430131557528 6.11680923732384
Gpr34 12.0465417111213 4.2324357463921 3.96509951370183
Rrad 10.0218987777276 5.9678542329061 5.09990968098645
Rnase4 13.0645450224258 6.28928828444932 5.21631976483924
Hk2 12.2311857728962 7.44619101918466 6.08542758069806
Hfe 11.261965590755 6.76083712404458 6.01530915251142
Pik3cg 10.1391450667911 5.97093817739297 5.00254563842399
Cd84 9.79853579725004 4.69960587729223 4.40252996249926
Ly86 13.8484382572477 6.95836301329708 5.38937031060565
Vav1 10.4988780096262 4.16882452341209 4.00560214021206
Cfh 10.9189995251726 3.88748477212921 3.46865086331591
Tnfrsf13b 9.55249902249023 5.38462240796096 4.36789949089369
Hhex 10.0129558927535 6.05392614531855 5.19724412810422
Entpd1 9.36332417160173 5.51057056770958 4.20171791066433
Ptgs1 12.1460566579667 8.25329771456646 4.92391696929035
Adrb1 10.6329930698674 7.22554433655044 4.76856875146031
Lyz2 12.6255399097117 7.31866744491147 5.92621328277477
Ctc1 11.7381009275171 8.09984264801717 7.20886274009533
Unc93b1 11.2638153754962 7.34738082945849 6.51076478628235
Cmtm6 12.3249537931389 8.89378318036806 4.62635709790099
Hvcn1 10.3744362140918 5.70944836999793 5.33380376141753
Edem1 10.5468048765477 6.83166252408179 4.58090798218096
Icam1 12.0835121128031 6.38229877030171 4.85601451033698
Rcsd1 12.3327371826167 7.74372715045345 6.37770964869935
Tmem140 8.37653073680301 4.66658718617913 4.39395558145888
Cd177 8.34962699286364 4.55255159023883 4.13708470432019
Casp8 9.75678338176791 5.24934755142252 4.84719652251732
F11r 12.1396861374846 6.68374104277726 5.6560430344607
Ifi35 9.14048261664104 5.67132904614487 5.36747460211725
Lpxn 10.7275528959061 5.149931395286 4.46206215149213
Siglec5 8.28941632201165 4.34389267838942 3.7744320000997
Fcrl1 9.22764356004362 5.71776968541498 5.30582658256876
P2ry6 11.5574667748729 4.75858924354822 4.24709261115977
H2-K1 12.7949568117272 8.11223781881536 7.27616513053113
Tgfbr2 12.4393744689228 7.79832681188619 4.91938174876294
Ceacam1 8.80282175058088 4.84587858862851 4.55451703164369
Mlph 9.57489838859243 5.97729283078601 5.18996889400248
Ncf1 8.88584686160739 5.54439106860825 5.22335617582449
Il13ra1 9.84239214017086 5.76985243111988 4.25606046526379
Adap2 10.5722797031115 5.23609010633352 5.01083108773758
Capn3 10.3369957490321 5.17311218462343 4.4098823228641
Arrb2 11.4983554070217 6.98962549172206 6.31404784061067
Pros1 11.4603712254362 7.55943792501305 4.61818893014368
Arhgap17 10.9767981793134 7.4674039179823 4.9412450510454
Trim47 10.0791566495733 6.50664225786076 5.25042194181665
Lgals3 9.11302237976578 5.71208779338716 4.70737682667148
Sash3 11.249005723635 7.0504000306282 5.22232578575152
Themis2 9.99513496121799 5.28334442453924 4.92271239199063
Mpeg1 13.5931395335038 7.26200718402515 5.78845684532295
Cd48 9.95999221182058 4.81717168742487 4.27215387998341
Akna 10.7072692564892 6.75264004164427 4.68468565224084
Fes 10.5551239260507 6.96732303807414 5.86723918639233
Cep152 9.74520694836984 6.15734555228237 5.63958996304606
Egr2 11.2484829324693 6.550904374474 4.15687945489457
Ccrl2 11.3826980615646 6.48336892479939 5.89678640502578
Lcn2 12.0118513639671 4.51509219093936 4.25336652961683
Hbb-b2 7.88283645776123 4.20494169750734 3.87756437721122
AF251705 11.9378287827213 7.66848621514614 6.33443338513461
Hmha1 10.4292840746509 6.05539163098179 5.5061386221392
Ebf3 8.03327435115078 4.61326436057612 4.16298396217269
Gmip 10.0312950363764 6.61996089301424 5.66158580364711
Nckap1l 11.1514517971807 6.29968599624488 4.79994630512669
Abcc3 9.68880748830503 5.62009772326188 5.02754778539706
Rhoh 10.6886747062572 5.67311355563939 4.89511117329998
1700017B05Rik 11.7630363477309 7.35593863015357 5.59017781500082
Lair1 10.6341607739461 5.74064536788303 4.89836469312787
P2ry12 12.3417720061336 5.62707486580792 4.64032813265517
Rnf19b 9.59453701735849 5.63251252911536 4.55322745547807
Pld4 12.0162068213804 6.00126279596322 5.32705598797131
Lrrfip1 10.7165591037594 7.17750771066272 4.6920996921415
AU020206 9.7250304187546 5.58182865341033 5.00080805544841
Fermt3 11.255187597153 4.64276479712937 3.82447034939189
Ankrd44 11.6555430067368 8.0293809102342 5.13704953557827
H2-Aa 10.95884712019 5.98149775404434 4.6622003919159
Fam105a 11.8141138102905 8.34220905637694 5.90234992902726
Herpud1 12.561534184029 9.0779971299122 7.6288130810475
Cd300a 9.78331319123392 5.63818891735356 4.86260588297482
Lyz1 12.291433368859 6.3094132095188 4.27781498626214
Clcf1 8.66818372368241 4.00394970882429 3.70358113427195
Adrb2 8.06163788196254 4.3538604681543 4.24485378302983
Lrrk1 9.00233842375518 5.3516143693259 4.58347514178944
Il10ra 11.9204835825207 5.46288744932474 4.78734549261275
Hexb 13.9682695694516 9.16071703356246 7.22496262921761
D530037H12Rik 10.2863068988974 6.94041435521247 4.5037083881916
Rab20 9.47961105235741 5.0552841452086 3.85808013689413
Grn 13.5694893497197 10.2093009695052 6.98790998362006
Ifitm6 9.52062006754197 6.06726814692567 5.59991186673576
D9Ertd306e 8.17933645172779 4.83866071901423 4.18176187162543
Fam46c 12.3008656779841 6.33026687622475 4.6703999522886
Pald1 10.8157904216058 6.9306613473926 6.08409531150885
Ifngr1 12.0120817823602 8.35129502303863 7.14470133343989
Anxa1 10.0891907764378 5.58381312713476 4.46731136853933
Lrmp 8.72621364395205 4.66716830773858 4.35092347685091
Olfml3 13.5589885962411 7.00049609030601 6.16917030556389
Ncf2 10.9678841319022 6.38670752734672 5.53422737926668
Ctss 14.0972400899769 7.88596213534811 4.84137403476783
Cd53 12.647448770815 5.50768315948579 5.13848409506615
Fcgr3 13.39521832835 6.30801758177581 5.33830233991099
S100a9 12.5433488948648 5.34942310096296 4.74525968908843
Hp 9.14524736055938 5.71149926136182 5.44565307055039
Klf2 13.0114488593516 8.83704373812925 5.62006323749398
Fcrls 13.5094801235154 6.43490109779211 5.50551864432611
Tlr1 9.47210882993985 4.29230130875415 4.14165265581508
Selplg 13.4608296010201 7.89069297529175 6.1487780935666
Cd68 12.242490069775 5.77715170883806 4.91059800837732
Gpr65 7.84688309866013 4.03559404231657 3.80069062792966
Casp1 8.7453943640576 4.6683543332191 4.29685829028463
Csf2rb2 9.41716750216967 5.02541429831429 4.59848523215053
Atf3 13.3007390383143 8.52923948329675 5.29122633749122
C1qc 13.5863871767458 6.06550451832792 5.08909137073905
Hck 11.677853867497 5.54858439157514 4.61169013754589
Gcnt1 8.17673933531389 4.45023505852488 4.13981384758009
Casp4 9.24666718666705 4.95304692492815 4.04794107479151
Ehd4 10.2095137657382 6.87134961854667 5.23668758777869
Ly96 9.04291773410898 5.29396933740624 4.47508056288756
Lag3 9.95212609690159 6.23465049241362 5.36136295018979
Cxcl2 11.1862547067567 5.20286035158239 4.2373092102517
Ltf 12.2109361391241 7.73392118037709 6.00288625434835
Cx3cr1 12.8661645891936 6.42447764092639 5.13899211999131
H2-D1 12.6018887958776 7.9710028859782 7.15320902976712
Stab1 10.8319181809469 5.21894777757581 5.07825089253822
Il6 8.39447282799593 4.32425445060444 3.79255135262266
Pdgfb 10.784427213788 7.40641695885546 5.75622431564763
Mrc1 8.63837955832117 4.52930798653471 4.26254380315081
Itgb2 11.8272052895604 5.29594936767639 4.59796821555072
Psmb9 9.34845122497028 5.89075875741479 5.38254342325221
Ang 8.39410428367088 4.17411556964761 3.93124657650025
Sh2b2 9.22244603896785 5.40966478923064 4.59343691934353
Tyrobp 12.8882077765556 6.75402194776184 5.51854428557174
Emr1 12.7324162108168 7.40567077927302 5.5753635530187
Nrros 12.2035612900789 8.76918484798966 5.64052229976024
Tmem119 13.7062504747088 7.04809238435868 5.57567220428204
Parp14 9.29651035265735 5.74762602342057 5.19269229204336
Ttr 13.2596253146871 7.03966459790973 3.8843431404928
Havcr2 10.6395343238155 4.47889194516964 4.21821519654418
Alas2 10.1192139258561 5.31602777529155 4.81555638573437
Cmtm7 10.2158890607314 5.80163430848705 4.84659827893512
Blnk 11.7867853033936 6.96955992156273 5.15642790506826
Alox5ap 12.5576931349978 6.88860279341647 5.97556975740168
Fyb 11.7070682335866 6.20930988287464 5.92724314408029
Ctla2b 9.98817720392032 4.59292728069057 4.06363238808703
Zfp36 13.4710413836478 9.82470715187815 7.01679833956122
Abhd15 10.2572440975652 5.58884537689669 4.93410023297985
Cyba 11.7795222099381 7.088115026121 5.04042507688659
Spata13 11.8423721764084 8.31397142299803 5.12674283028789
Ptpn6 11.5568573976642 7.62010017535243 6.474671580651
Cd52 8.87459768254704 4.94529363887863 4.49848186439098
Irf5 10.4986359523617 6.67418914236372 5.41960884272375
Naip2 10.6906973938164 4.74520793808571 4.24288535604549
Anxa3 12.8939144704404 6.20851863475712 5.0144478158771
