Tgfbi 10.214108505107 6.69150274134593 6.02135587609442
Junb 11.5499826198348 7.27470172961184 6.26542797519658
Mpo 8.64472480371545 5.09111674702047 4.93875936199648
Lcp1 11.9186828085383 6.71226010631307 4.9201990637601
Fuca2 9.94422515793594 6.4207230333962 6.15900195567432
Cd34 10.4821943254353 5.00659246686424 4.95365264470671
Tpst2 11.1108919206009 7.41129714953739 7.26977600525715
Cd83 13.2161047162533 9.48758713067987 7.48261645005634
Serpinf1 9.44570354298151 5.43097330629383 4.85773339965242
Sipa1 11.028832104782 6.54629196313698 6.01950473344771
Coro1a 12.5292545103329 8.17145603555715 6.60436543730956
Tnfaip2 9.07410944533167 5.14674926900673 4.42891903981605
Ctsc 12.6108642775907 8.82493534628462 7.03684359451762
Tubb6 9.94746027053954 5.75061949283726 5.5331393301455
Socs3 12.8477426387797 9.48064354176178 9.44892418662226
4632428N05Rik 12.9633024758073 8.72034502152509 6.42497865589162
Spint1 10.3283172527647 5.46889363859369 5.21862942539154
Afp 8.35050803873215 4.02348761932565 3.80361198014354
Irf8 12.5462653592052 7.56960293350871 5.97902495606184
Slc39a8 8.14296708004609 4.16718188897593 4.01446995802196
Parvg 10.4281853264487 6.61670721721409 5.77616888606565
Rgs10 13.3720136026536 8.50019269060231 8.42449739285529
Rps6ka1 12.3511118887686 8.2706104578365 7.48660310333078
Trpv2 10.5248576204666 6.41870662009512 6.36283810608177
Sirpa 12.4881260050488 8.60922029137444 7.87922733851523
Slc40a1 11.6873175794834 6.64633141923351 5.66110816173901
C1qb 13.3809165744448 6.78257125551698 5.56277024172312
Syngr2 11.5324666076936 6.72182709836163 6.4127106716749
Pmp22 12.2434056339285 8.53050335512514 7.35835067486151
Igtp 10.573481340332 6.96107321012544 6.78626804773553
Ccl6 10.4831140019336 6.96310616375551 5.81813155516792
Cd14 13.3794861542207 9.08258002015048 7.81610017461185
Pycard 11.7530559991681 7.59653307415042 6.65356917514462
Il16 10.5676116874908 6.8661663674361 5.69778346907529
Slc7a7 10.9326702827516 6.64466252633687 5.36303225733662
Srgn 13.2795222117037 7.38752604675907 6.64571299787026
Myh9 12.5447914497017 8.75046805531008 7.47224535895301
Nfkbiz 12.6921044506167 9.17274409772691 8.06539720131365
Ctsb 11.3550575287054 6.45969135145127 6.26095328146377
Tgm2 11.6702792723547 7.6894381164647 7.46776237954128
Plek 13.0385446953369 8.75279855237208 6.9576979574331
Itgb5 13.3122301859398 9.62334771198382 8.76645769940193
Rgs1 11.3590498478886 7.10655618774568 5.80513323109267
Rac2 9.85175366603671 6.49613496214051 6.31839949159528
Cd79b 8.10777669835161 4.59929911521537 4.59451225760846
Snx5 12.5419589726741 8.64475315089014 8.57275357063301
Elk3 10.4319956263106 7.03719829490292 5.78866600636301
Abhd12 10.8191173965588 6.8078417127468 6.42423942993562
Rgs19 10.0869225771368 6.39510960418203 5.61872190065294
Serinc3 10.7887820532689 6.74246101809107 6.24087322785503
Ctsz 12.9968566741552 9.65643395530836 9.48732994916553
Fcgr1 12.2955371160684 6.68275632918252 5.18545048635948
Slc7a8 10.2647240515047 6.59848533359507 6.16261262496525
Ccl9 11.4677327663853 5.39516713578984 5.00966240110747
Trim30a 9.81298833801394 6.08519175983032 6.00640264411966
B4galt1 11.1336165305587 7.75443436745867 7.2809398767561
Tnfrsf1b 11.7452188608572 6.77936519472788 6.23152267760849
Inpp5d 12.4577394438636 7.9771661865135 6.5501303413274
Tlr4 9.57555684780965 5.80771479418916 4.63925344487808
Aif1 11.8214348072249 5.60755076577105 5.3011847970685
Syk 11.3160084368777 6.72644388670874 5.72013124596262
Crybb1 12.2648088011919 7.27920101187162 6.57777665972575
Fcer1g 12.6718396223893 6.3227944360301 6.15373768489707
Ctsh 12.87251521366 7.63796304777926 7.17004743131145
Gpsm3 9.55595780536678 5.81349562432327 5.52877967536383
Ncf4 10.7292352869563 6.68310775228969 5.55267128149079
Ggta1 10.3002208247185 5.6785373094711 5.16501920084958
Calcrl 7.78386106503694 4.35307279046982 3.96926267057197
Ptpre 10.8054724634459 7.04941634946091 6.49414579791699
Lcp2 10.4089431447829 5.97122831108902 5.04671057057665
Ngp 12.7574775005176 7.38308271638493 5.53214454969557
Spi1 10.4190424481911 6.04523142459189 6.04121273048549
Csf3r 10.4683520496493 6.73832256139147 5.77870539218461
Ms4a6b 11.2554621340409 6.1986691691124 5.10536584963947
Skap2 12.056136723105 8.02146999350357 7.83887699685925
Cebpb 11.5932508063623 8.02140045624237 7.88944226277646
Acsl4 9.92672516772363 6.30541860080714 6.11411269742392
Plxdc2 12.0745716973584 8.29215679416028 7.87961915470582
Cxcl10 9.72683118350032 5.48448139498584 5.39663961162332
Lyl1 9.96552235514374 5.84639266808952 5.28937390028414
Ptpn18 10.3344380846283 6.63701760404642 6.11644830125113
Tlr2 11.9276981137555 6.73897690443904 5.93421231163831
Cd163 7.96377468160987 4.04498740062028 3.65370423568293
Serpine1 9.65311808101758 5.51448521709816 4.87547454776003
Mlxipl 10.5385226388773 7.10284963867304 6.51897734372043
Cd37 10.9003612304416 6.10970304572707 5.88943996913532
Map3k8 10.2772018482877 5.63172363082624 4.9494028958687
Myd88 10.6605178444686 6.25891487179659 6.21411927931412
Ccl12 10.6391731596107 4.67802671455965 4.28827382147512
H2-Oa 8.62773488286702 5.17456457016188 4.6740899991811
Pon3 9.25424963832735 5.73147649164603 5.00120986577637
Slamf9 11.1460693903532 7.13079898221538 6.56023093790728
S100a8 13.1710031765985 5.76813881674369 4.60129311517723
Il10rb 10.5493104181091 6.53337565788655 5.91534926679208
C3ar1 11.7048817822179 5.59406146323693 5.44762747655399
Fgd2 12.0963667807367 6.70001073324299 6.30715874637842
Ccl3 13.5359936909524 6.9758148288609 6.00522833140131
Ms4a6d 11.4841310922632 5.58451528595324 4.77041381393469
Ier3 13.5124048716238 8.38789648272965 8.16072535093409
Camp 12.4507582747533 5.44873284938602 5.43097330629383
Klk8 10.1827990465209 5.68605956418755 5.60005767662646
Chil3 11.4871946767607 5.40529079769404 4.35759148522355
Arap3 9.99309938625579 5.55027836322475 4.22102335323081
Tlr7 11.1537008662761 5.59679348176338 4.83065834443496
Hpgd 11.9738918982247 4.90695776969409 4.43302872065288
Rab3il1 10.3829864041852 6.78003322283736 6.65886298667407
Slc11a1 11.3948658681908 6.18817435800313 5.55874489800826
Ccl2 9.3887194295731 5.41792878138038 5.31200195462168
Cd86 11.6527693006629 6.22171484622785 5.24791932275485
Gpr84 11.5263505075912 6.4378005125329 6.00448394508542
Vamp8 11.7850542682879 7.631939410951 5.89779479966331
Tcirg1 11.2860007996333 7.28277087243144 7.10270324138001
Trim12a 8.39694276788024 3.98130044158145 3.92708262738743
Slc15a3 11.3995649353571 6.03262658038342 5.81754597183691
Rel 9.43208070521036 5.68989489795542 4.83133210980131
Tsc22d3 11.5894187043498 6.67427075303327 6.66178852835351
Gdi2 8.02870913914554 4.61035467178044 4.56839763770028
Sla 12.4329217789332 7.00359677010563 5.91760821969124
Asph 11.0774007157198 7.08391477804598 7.04570363842545
Adcy7 11.9949098164077 7.94388922680126 6.00744285255769
Rbm39 10.2573002722239 6.7704084697837 6.46561444901624
Bmp2k 11.294755197974 7.01109280782436 6.5606614859283
Pkib 7.85029048760629 4.43508700617077 3.86890358174598
Lgals9 9.69958847858634 5.31581003975166 5.24114250611553
Trem2 11.303795824757 6.79679404612251 6.45678425481078
Clec5a 8.06555640971743 4.62922368034818 4.39854868099022
Birc3 10.6915102166933 6.659753271305 6.62036813997094
Igsf6 8.83394697282607 4.57103870751629 4.38430819246693
Samsn1 8.81738530496463 5.13916707306363 4.93301021621634
Il1a 10.5376640185961 5.81907068449818 5.07685409691651
Hpgds 9.22775583355141 5.78974947512444 5.1458409092835
Naip5 11.0978070538461 6.10945675228134 4.53263335867253
Ccl4 12.6588721873418 8.12431805520109 6.99400742038759
Stat6 10.468465477124 6.23266627789416 5.23009620116227
Dapp1 10.6129812986097 6.05409997458474 5.90354118634261
Clec4a2 10.1399334143348 4.92173043643738 4.89495337758104
Fli1 10.1221580891138 5.13916707306363 4.04407268011523
Mitf 10.359595527133 6.74836376399319 6.60462675538395
Ptprc 12.4924457080349 8.18866056317589 5.55794096448363
Fosb 12.0153263432166 7.90609409884381 7.47424431517764
Ccr5 11.6775104276773 7.15035062784841 4.73233982195572
Il6ra 12.6762370901779 8.15512250280799 6.86859835716773
Pla2g15 12.3402771280608 8.47939891142437 7.10209678787848
Itga6 11.5191682655928 7.62460869284633 7.59963239351687
Ppt1 10.4914672126155 6.87734004095292 6.51678918990721
Ifi30 11.3741036101554 8.00444240356075 7.40339278763433
H2-DMa 11.302506340632 6.9695181831721 6.14877812212557
Gpr34 12.0465417111213 7.04570363842545 4.75216779727635
Rnase4 13.0645450224258 9.17723756512559 8.23833109045066
Hk2 12.2311857728962 8.25987189915224 6.93979233429274
Rassf5 12.0777209054467 7.1302635198703 5.81294947964441
Hfe 11.261965590755 7.16126395201119 6.59478078118703
Prkcd 11.3269526908875 6.95837007018657 6.3021800753721
Mertk 13.1492058693859 8.62579065014573 8.13873182281625
Cd84 9.79853579725004 5.15058636042562 4.68853713589737
Ly86 13.8484382572477 8.68908260769408 7.06635960164176
Vav1 10.4988780096262 6.04739882502396 4.36703902720069
Cfh 10.9189995251726 4.6436853195722 4.06681659549475
Tnfrsf13b 9.55249902249023 5.15952073293683 4.98183254484354
Cebpd 10.5727375378467 7.21167187857497 6.77007290064832
Entpd1 9.36332417160173 5.7593667199441 4.61138895493853
Ptgs1 12.1460566579667 6.72091382405031 5.68964378723673
Adrb1 10.6329930698674 6.4534890800408 6.12902539396023
Frrs1 10.5118954880326 6.09584833773707 5.59400476847002
Lyz2 12.6255399097117 7.91419762123782 7.06971569155524
Bin1 11.0419581077655 7.45825064812287 6.96251556971886
Pdk1 10.5237600984828 6.67880772013433 6.34672194194868
Unc93b1 11.2638153754962 7.26021207323284 6.62338383125657
Cmtm6 12.3249537931389 8.98268314214273 8.86000351659459
Edem1 10.5468048765477 6.45763669943344 6.01348304715545
Icam1 12.0835121128031 8.18621280482204 6.40725683509159
Rcsd1 12.3327371826167 8.35431516704654 7.1596322007672
0610040J01Rik 10.8216796982396 6.26575910141435 6.22029331016254
Tm6sf1 11.2414066824985 6.46179697959639 5.10846276187458
Cd177 8.34962699286364 4.33254841822959 4.20668083405557
Casp8 9.75678338176791 6.39335672734074 5.475679896541
F11r 12.1396861374846 7.6643408509556 6.09123456934581
Trim34a 8.51637667451946 5.12832539108475 5.04538644615595
Plxdc1 10.9345884722293 7.01334007383487 6.41156908962788
Glipr1 8.77583583215041 5.23048641936312 5.21242145287598
Lpxn 10.7275528959061 6.6699215606673 4.71352515147782
Siglec5 8.28941632201165 4.24513726470344 3.98015232254307
Mylip 12.3911493278824 8.26291000482164 7.56467808723967
Fcrl1 9.22764356004362 5.28046610780627 5.13741267253624
P2ry6 11.5574667748729 6.49954892671124 5.10736200575724
Ighm 11.5555075036114 7.03419142416784 6.20277886499356
Tgfbr2 12.4393744689228 7.67471185630845 7.56976447693866
Mlph 9.57489838859243 5.25238712133091 5.18782358739191
Ncf1 8.88584686160739 5.534113091411 5.19014732019734
Il13ra1 9.84239214017086 4.93527337055885 4.84689218866028
Adap2 10.5722797031115 7.19500271743872 6.1363089592615
Lrba 12.2631508876539 8.61665178815963 8.44837409580245
Pld1 10.8239587790307 7.0621059476518 6.72863662032289
Capn3 10.3369957490321 6.16841198514844 5.95949628440522
Vwa5a 10.3106484906387 5.34182441029771 5.09367397898818
Arrb2 11.4983554070217 6.7270298111057 5.90755646055815
Pros1 11.4603712254362 6.73959832511228 6.08550576684055
Rin2 10.1168098461982 6.17414865634835 5.327946303111
Arhgdib 10.7973257228637 6.20681359103719 6.12126822700486
Tifa 10.8074268423842 6.40548839299839 6.26599046794109
Arhgap17 10.9767981793134 7.15852012547967 6.71644330032136
Trim47 10.0791566495733 5.47583458933583 5.10818714923087
Slc25a45 10.8173200145939 7.43590248319676 7.25364388031421
Cln5 10.8200679718298 7.4469559408813 7.29991845788256
Rps9 12.6440720428475 8.45425828963059 7.07823906624524
Sash3 11.249005723635 6.69647315307384 5.90316139246355
Themis2 9.99513496121799 5.97912940421017 5.33105754723525
Mpeg1 13.5931395335038 8.76531829045449 7.15568807880013
Cd48 9.95999221182058 5.29798403551863 4.7049329672102
Sult1a1 9.98708391284936 6.28153833989587 5.68216873173269
Fes 10.5551239260507 7.1427623834102 5.90930891735632
Cep152 9.74520694836984 6.06175233720552 6.016623606399
B2m 13.1894322739796 8.18771236828213 7.93399930315795
Ccrl2 11.3826980615646 7.50031460974523 6.72675000413583
Lcn2 12.0118513639671 5.16928057363226 4.21241213071809
Gimap6 8.28531118681062 4.64671134231868 4.49624405855882
Myo1g 9.24155609377298 5.2493404485056 5.21359900908754
Tmem173 11.0989726590541 6.22417217623207 5.95654928562033
BC028528 8.76172624772281 4.86586466423056 4.52615572788555
AF251705 11.9378287827213 7.9000178518875 7.17771226984669
Acsl5 10.9329425458093 7.4302484820917 7.18831230747963
Hmha1 10.4292840746509 6.98763858863666 5.73747500488853
Rreb1 9.67685838321431 6.2648882203997 6.24215747223354
Abcc3 9.68880748830503 5.55027836322475 5.40166541515436
Rhoh 10.6886747062572 5.94948250364945 5.62818892443407
1700017B05Rik 11.7630363477309 6.36818553655318 5.43148409826158
Gusb 11.4166507135997 6.62553062085998 6.46912144582686
Lair1 10.6341607739461 5.23847105761347 5.20871759891408
P2ry12 12.3417720061336 8.73945527851456 5.76631978798837
Rnf19b 9.59453701735849 5.61560665379908 4.92537040496696
Pld4 12.0162068213804 7.19733735021099 6.18953169793478
D15Ertd621e 10.2021769651159 6.79368577614995 6.16661599701113
Fermt3 11.255187597153 6.47715884417116 4.42023763439998
Plk3 11.1628299712601 6.97486272567461 6.60429447251997
Ankrd44 11.6555430067368 8.18312917463275 8.15144466526879
Kctd12 12.2024123826132 8.70063376918564 6.86630453707308
H2-Aa 10.95884712019 5.66963453294105 5.00299540660235
Fam105a 11.8141138102905 7.83921611746437 6.73954622004316
Herpud1 12.561534184029 9.00947578117021 8.21150162698799
Cd300a 9.78331319123392 5.86237789534139 5.15217100986695
Lyz1 12.291433368859 8.70856385941475 7.0440734296361
Clcf1 8.66818372368241 3.91336965751667 3.75292228487641
Il10ra 11.9204835825207 6.09891758803774 4.9772401703796
Rab20 9.47961105235741 4.65590886653128 4.58449420882591
Grn 13.5694893497197 9.82061955232524 8.6419864322517
Ifitm6 9.52062006754197 5.31255843998768 5.24442575820937
Ifngr1 12.0120817823602 8.51383420970396 7.99742185256543
Tcn2 12.1131223131962 8.00026855871431 7.91385301252073
Anxa1 10.0891907764378 5.47422476844199 5.46025470519673
Ppp1r15a 12.6842681011032 9.05005609229595 8.91999533190792
Lgals3bp 9.31699434078624 5.62574070682665 5.55646506821494
Slc15a4 11.4134041549916 8.05900648448803 7.35559587993374
Dhrs3 10.8664384075394 6.92035732194763 6.65073020481423
Olfml3 13.5589885962411 8.18350581854891 6.83942544196908
Slc16a7 9.14199363414269 5.56080218108725 4.94496066337395
Pla2g4a 9.54677550171969 5.91970876571158 5.91695919478872
Ncf2 10.9678841319022 6.56751553846196 5.67321121690956
Il7r 9.09542824054331 5.56878822878527 5.43743802291002
Cd53 12.647448770815 8.6306483484664 6.53649139609001
Fcgr3 13.39521832835 9.22669357552983 7.3788178289919
Hps4 12.4456398299555 8.68484784451742 8.05294908739121
S100a9 12.5433488948648 6.30541860080714 4.59892447226018
Klf2 13.0114488593516 8.48522001009719 7.57180670854956
Fcrls 13.5094801235154 7.7216568125516 6.43038428677933
Pf4 8.75071323421427 5.3976041321168 4.9796795438093
Tlr1 9.47210882993985 4.88460414251727 4.37012309037062
Cd68 12.242490069775 6.23266627789416 5.98876331591521
Ebi3 9.21311913542791 5.48245367577132 5.34664227078768
Casp1 8.7453943640576 4.90918825893132 4.56263059174749
Csf2rb2 9.41716750216967 4.92138339642812 4.85010723969497
C1qc 13.5863871767458 8.28071090093681 6.53800753770454
Chst7 10.9028652320415 7.43698764504285 6.1938918161483
Hck 11.677853867497 6.76394552431713 5.2141801781003
Gcnt1 8.17673933531389 4.85179486796709 4.47284631902317
Casp4 9.24666718666705 5.319458167819 4.49185442135634
Ehd4 10.2095137657382 5.96734662155777 5.95363298281179
Ly96 9.04291773410898 4.35237689450221 3.97161010488106
Lag3 9.95212609690159 5.54118351031365 5.26913346978839
Cxcl2 11.1862547067567 7.52797132295235 5.41727444418214
Ltf 12.2109361391241 7.72055512482942 6.28067784760466
Stab1 10.8319181809469 5.44447076418927 5.15370149903096
Evi2a 12.5292457386737 8.57670410975645 7.87993431066067
Il6 8.39447282799593 4.01029935830274 3.93109679565372
Ptger3 7.91209741922707 4.38720745290928 3.99074059745939
Pdgfb 10.784427213788 6.04309194029621 5.6962511298731
Mrc1 8.63837955832117 4.05980267356146 4.02057959884331
Hps3 10.5852544761163 6.98304877395208 6.31105841047309
Smap2 11.0019898893746 6.88205305075434 6.32069310963838
Itgb2 11.8272052895604 7.71358240566797 5.27613067878625
Ang 8.39410428367088 4.22998000938295 4.0190897402345
Tyrobp 12.8882077765556 7.22484488497191 7.0642034158165
Ptplad2 9.53045279911964 5.95442792101025 5.44525813197921
Emr1 12.7324162108168 6.49087175487174 5.75389176437117
Nrros 12.2035612900789 7.50412982883544 5.38898164588563
Tmem119 13.7062504747088 10.3657537152618 7.23083460324454
Havcr2 10.6395343238155 6.01387206320856 4.54094699817445
Cmtm7 10.2158890607314 5.81147755303475 5.40611044564245
Blnk 11.7867853033936 7.32824392551931 5.9620043621148
Tmcc3 9.49652683269657 5.03228983722363 4.97213737020428
Daglb 9.96152605211251 6.07878676523721 6.06117181547513
Alox5ap 12.5576931349978 7.96511860053353 6.60715535569626
Fyb 11.7070682335866 6.30950058858222 6.25877797966941
Ctla2b 9.98817720392032 5.25559366513076 4.20606402655295
Zfp36 13.4710413836478 8.46170984470531 8.39353633134345
Abhd15 10.2572440975652 6.59296879520272 5.24179746942546
Lmo2 12.1333491829634 7.97867082175598 7.42350241401417
Cyba 11.7795222099381 7.97545282323566 6.79711077849653
Spata13 11.8423721764084 7.93268165874083 7.39634812006118
Ptpn6 11.5568573976642 7.60711663843269 6.95477785038299
Cd52 8.87459768254704 5.39849365996742 5.24451011833215
Irf5 10.4986359523617 6.33271126127209 5.79206739440639
Naip2 10.6906973938164 4.62179460571386 4.52317525178388
Anxa3 12.8939144704404 6.69468001479522 5.91082258786764
