Apod 10.5793343618523 6.64158501538235 6.40081829473245
Cryab 12.2253281171403 8.13272011522964 6.36674121808743
Tppp3 11.0302856441069 6.29265089188151 5.79248073556221
Ntsr2 12.3784139249462 8.47819366618879 5.56500787484286
Mal 12.1945330701746 7.36095418038879 6.35792774825812
F3 9.41345424654411 5.94507242805472 5.51275530930534
Aspa 9.6270119006134 5.68917280711862 5.61356740065488
Ugt8a 10.9994058212304 7.39187523488288 4.23442880885491
Fxyd1 10.8676897413675 7.40290263513043 6.83363431029703
Timp4 9.9947363407456 6.67188151829996 4.67595216957735
Ptgds 10.7263150098079 6.41679485894237 6.0694784832018
Adhfe1 9.05780615339153 5.52336948457008 4.45697260051677
Tspan2 9.60325657877353 6.08622811465516 4.84390924016187
Atp1a2 10.54322316844 6.7299373094481 4.63967309253329
Mog 8.97908074429278 4.82439710700431 4.05632999264306
Dbndd2 11.7940690820791 8.38049086956276 8.3553779714152
Pcp4 12.0219975938393 8.22723957618328 6.9148264524578
