Smpx 10.1547028790719 6.08555800682682 4.40051661364803
Krt25 9.49440605131768 5.16969581054779 4.25698736848683
Slc1a6 12.1591986605 8.70304047856849 5.07773914393498
Bcl11a 11.3223044800443 7.1689316408685 5.20834205192213
Cck 10.8613154906834 7.46276314083202 6.25365200508575
Casq2 10.2756450268885 6.81767915710452 5.63820251601907
Itpka 11.7793803195407 7.95980668896257 4.99018545515739
Ptprr 11.3944495396131 7.8144969321854 5.03395060671216
Nrk 11.3860037734673 8.05491348517073 4.25301931797589
Ppp1r17 12.7898244394853 8.80743161635315 4.55556034250724
Car7 9.63012640608436 6.12566693778169 5.23701363630921
