Cd24a 12.5610415167067 8.93508939538895 8.84132031742713
Mcam 9.59521154969639 5.93966379541705 5.49458299124981
Htra1 12.5026054865691 8.96864783588627 5.78527470659656
Irx3 10.6067487740216 6.28586821017383 5.21182243608455
Anxa2 11.7022593281692 7.81652061454824 7.73697571792039
Lgals1 13.1040061279892 9.240686070232 7.88522404514306
Prph 11.3710843180706 7.66299791249057 4.81662153442286
Prss12 10.9632763592632 7.37475067062856 6.36715560976134
Uts2 9.41308063344634 4.96089772146273 4.74721033167497
Slc18a3 11.7152211508049 5.08036638941735 4.81075064211953
Calcb 12.6901914103932 5.66224501997564 4.44337996882901
Sh3bgr 11.6324995356339 6.76665753988673 4.68712884700741
Isl1 10.5877319093866 5.26646445996199 4.56614766324837
Nts 9.91677970845241 6.22197208292487 5.08174592298915
Calca 12.0483406782928 7.61855201876075 4.21769352304037
Spp1 11.4610430050214 7.9983784238882 5.66406622555852
Trhr 8.30812763779678 4.65731684037296 4.05990402972886
Kcnj14 10.6481224632483 5.62267229013589 4.66352584667302
Rspo2 9.96617813360072 4.98975698712642 4.87303343440625
