Uhrf1 9.53427432476441 5.52616547449125 4.223020930628
Dpysl3 12.8837712643463 8.44282766135637 5.2018476270825
Nasp 11.6288470631536 7.77370682955278 6.27495592905198
Rrm2 11.6111642006541 7.75700388238176 4.54549017293924
Ccnd2 13.9324354113347 10.6013237627647 5.4915601811607
Nusap1 10.6922193016853 6.06074258914389 5.14580651032836
Ezh2 11.1580666609765 7.83121981987864 4.60350488717003
Ccna2 11.2214637710139 7.72074594452734 5.35017806502126
Dcx 12.9992884069284 7.98461385911224 4.81161070594493
2810417H13Rik 11.482242210821 7.3695841427209 5.1806006428634
Pola1 10.2740555126902 6.94414723106739 5.94501806623954
Igfbpl1 9.97989734602987 6.13914281638489 4.86460970112396
Mki67 12.2894855558827 7.26124047908645 5.13485038257576
Cenpf 10.1337691740404 5.62265891805508 4.67160497976621
Smc4 10.5176275690196 7.02781527068673 4.42635908516247
Top2a 11.6433083587303 6.70072397007785 4.52172896050867
Cdca7 11.4007435849176 6.39927256787733 4.90021727342997
Trip13 10.4075548492614 6.75735974793164 4.73298499230216
Kif2c 8.54458335727805 5.16029982820227 4.1612607287713
Zbtb12 9.46654178096821 6.00171643120198 4.88509967663838
Sox11 12.1901352007152 5.772376095684 4.08470451954381
Cenpe 8.34767451096559 4.08141656967554 3.67085971766554
Pbk 10.9766873691486 6.99355228605831 4.82212125907858
Dlx1 13.2290397628289 9.77060308476014 4.23845640656334
Gsg2 8.00149169800754 4.67041611126691 4.26728885294739
Cep55 9.32947005437654 5.82062049790544 4.46004492524202
Ube2c 9.80516240401687 6.10085171390105 4.56320837258757
