Tnfrsf19 12.7642431122239 8.4183454471607 5.27789499599053
Fkbp10 10.2624460048996 5.87711467668966 3.51126443193058
Vcam1 13.3937574356865 9.98714568598604 3.01085300536342
Cyr61 12.6930016376476 7.49996859974163 5.92511124469703
Gldc 11.9722587597634 7.99894817856448 3.16102248516076
Prelp 10.2269605457825 6.53059965565748 5.57167449345982
Elovl2 11.4664815023599 6.73844438757512 4.76664210258762
Lcat 11.94353125314 7.78386942085061 5.03217583734985
Pdgfrb 11.0847835194799 5.60810801872447 1.74278665022956
Ntsr2 14.6890660027143 10.5091979438062 5.58982372250042
Fzd6 9.47171740297105 6.01402489042104 4.53893970356064
F3 13.3038453137736 8.27330147009572 3.35286506642366
Slc15a2 13.643022086923 10.1663928569475 6.4083603835738
Prodh 12.3188409859533 7.50000468595703 4.6853762655988
Wwtr1 9.17177720212808 5.59137277491612 3.04272320277581
Gpld1 13.5287624255734 9.64171031182441 3.63975245220079
Entpd2 12.845239874356 8.12184018830068 5.70040506265863
Sdsl 9.94368417595823 5.94227301845591 3.43959720612682
Fzd2 11.8456583123786 8.02622830062556 3.47974419618147
Clu 14.6234677338107 11.0803851053911 8.65215686753418
Ptprz1 13.5172579592109 7.86579070265939 2.51989574423787
Slc38a3 12.9308055861639 8.49718980976866 7.18892456348288
Celsr1 9.27350231254506 5.0670122510413 2.33219338428196
Dio2 13.3538198601289 9.70939079518862 4.43396550896515
Fads2 12.6434180583231 9.02540152943432 5.38465923765906
Cyp2d22 10.9904114826687 5.87296451492429 3.25908872533196
Egfl6 8.771394092325 5.36431218006237 3.03192211464051
Slc2a10 8.428244239798 4.61439321448729 1.77584400749237
Aox1 10.5400365733128 6.30461880176048 4.60460028795601
Nat8 10.5780560093454 7.12572206991778 5.08353362647346
Cyp4f14 10.7064870685731 5.62566780960603 2.86586545022189
Tmem47 12.1023945983491 6.66152071126806 4.12744951437445
Mfge8 14.3267465489862 10.978351749798 7.68558683056727
Cyp7b1 12.2050739112253 8.40661936078746 4.14086104462802
Slc7a10 12.9710118829552 7.80365447188986 7.11303526255601
Fgfr3 13.7983170025117 9.17446989568517 5.36136041960812
Papss2 11.1515561850145 7.30610875778941 3.31294746371285
Zbtb20 12.8959711208205 9.11663669720325 5.27945176882658
Igfbp5 12.3727921619561 8.99253606671757 4.3778728739141
Phkg1 10.630161794178 5.41438761780274 2.55995995087813
Acsbg1 13.4464261834187 8.20421700557102 3.41969912081217
Phka1 11.6006117699748 8.08682114705703 4.45407213604373
Tgfb2 9.10217188983686 5.33639399603496 3.28589094790222
Id4 13.9016388265527 10.4942848853143 3.68429526868435
Slco1c1 13.8074983327895 8.25116585346965 3.75182298830666
Agt 11.982888071876 7.53021469833962 3.01455862014178
Aass 9.58997304491433 5.57131421119625 4.53207314541817
Slc1a4 10.3605806973924 6.56680801126087 4.07092043396733
S1pr1 12.3416307852198 9.01280461425133 7.56813426489784
Cbs 12.3123582202353 7.68856191905566 5.73632926628352
Ccdc80 12.2538771184778 7.97842362683069 6.33790529464238
Tmem51 11.5454335635643 7.74490793533895 5.44545105414148
Aldh1l1 13.0454530930023 8.55050490336116 5.83987656630146
Lmcd1 9.38661110845817 5.94749327470037 2.6139179135686
Aldoc 13.0572183618222 8.53193649880919 2.10845519583197
Egfr 10.1646713018906 6.8254275440512 2.68726390165338
Sox9 10.1751196895234 5.73211133319058 2.05052005971747
Rarres2 9.59774205852365 6.06708200151328 3.4977752713513
Emp2 12.0831760887616 8.18980780727591 4.91990082770098
Aqp4 14.0164866755657 9.48979800845723 4.23916156067752
2610034M16Rik 9.89396865530751 6.47558626043391 2.7913796664753
Col4a5 9.82910533072949 5.10759196055343 4.30568667673401
Ppp1r3c 13.5504188057789 10.03967498335 3.57338548880225
Acot11 8.24518259090763 4.60668677644492 3.77818600559254
Amot 11.9003911612129 7.77428164322598 2.89133819889793
Cldn10 12.4485479039688 8.12479620908912 5.87930698649703
Cth 10.9316072629206 6.81976896377544 3.37877981324496
Slc1a3 14.1254598727761 10.4433205029547 3.55364177312862
Tlcd1 12.8510189845642 8.84879661431033 5.99162631076999
Pm20d1 8.56055965974401 4.1474710547579 2.5839693259454
Scara3 12.3126392367391 8.88434088690451 0.825786218582423
Gabrg1 9.19462158516371 4.10886518578881 1.77818109845606
Ttpa 11.0829500160442 7.30395751921799 2.37497624999302
Atp1a2 14.4463600324139 8.9948121019283 5.61711510145359
Slc14a1 10.6090127727135 5.33182196343483 2.39415048250317
Btbd17 10.4406671923987 6.87615008945738 4.16095443922896
Tril 13.8548729876275 9.86646451566893 3.98516544617331
Gdpd2 10.1456070528274 5.33948388239378 2.20637890444153
Itih5 12.4609898466299 8.54891800210461 5.85734254373685
Ppap2b 14.9143731686583 11.5467815820081 4.33449119666566
Pla2g7 13.5711790647278 8.74840346049711 4.09909709999586
Lgi4 11.5983251604344 7.02034961010889 4.55254124816676
Lrig1 12.4430823356804 8.13307285735113 2.53802917533715
AI464131 12.5742454368573 7.51557692943049 2.00493551355611
DXErtd242e 8.78154235274222 4.99808280673005 1.78943393079201
Gli2 10.9547337337287 6.71217486612074 3.9440643308018
Mlc1 14.111488809085 9.26922350477633 1.09903640219331
Gjb6 13.9496737826117 9.50777051241514 4.68614956316849
Pygm 10.2502320116354 6.79323505582457 3.72046949566576
Heph 9.9856654280404 4.24179839803151 1.83802363974715
Hsd11b1 12.6432273085291 9.04099558831304 7.55261092032525
Ppara 9.10106728088433 5.11125186690572 3.0753498641921
Grin2c 12.1611779942229 6.38487047175172 4.38739647218578
Cyp4f15 12.0576141128209 6.331038006244 4.23131656163662
Slc1a2 12.2270662761016 6.68661236500147 2.38845386056451
Igfbp2 11.7996617796806 8.16510789847222 5.47759875905123
