Slc6a4 13.2687666804024 6.64591686537006 5.9295203022213
Trh 10.0993436894653 5.41408197247286 5.34946460414143
Necab2 11.1184378573953 7.64064988650135 6.00229910018531
Slc22a3 10.4316004838709 5.15014454154402 4.94389178319506
Gch1 10.4723205451581 5.56464645437512 5.50342333770273
Klk1b27 8.73392053773961 5.07112764520263 4.15678648128682
Htr5b 8.06702694164881 4.59914813806208 4.43438976805577
Asb4 9.04410063559089 5.68527825708007 4.68869928350872
Fev 10.7744246565637 5.20068476077937 4.70200980401678
Ddc 13.5601399134208 8.96380671704141 5.29655976470483
Ctla2a 8.82355876215085 4.63139551948865 4.61976526368419
Cited1 9.1785020692238 5.30656173625271 5.0582124226535
