Ceacam10 8.75773323360703 4.65373256472213 4.23635284627348
Ccdc109b 9.01793009301692 5.31988280191123 4.63015569105275
Gdnf 8.42459814167844 5.06592942479274 4.6737386090372
Sgcg 9.5636115283199 4.76729864317056 3.64640367251303
Klk1b27 7.96256134403938 4.47578857472183 4.15678648128682
Hapln1 7.87696962921835 4.43068906476599 3.85524498467993
Elavl2 11.8275439539154 8.10710065502703 4.10090376611033
Serpinb1b 11.4352421067733 5.51492511527357 4.80394537103753
Mal2 8.40608602355201 4.90735196544865 3.79103952755541
Lrrtm1 10.8486849120079 6.97742851387441 4.58567471302218
