Meis2 9.4488277879148 5.64684446656546 4.90336072283527
Dkk3 11.6429019346828 7.28718055693954 5.64579752311257
Neurod6 8.93939686614631 4.91447021805413 3.57580421912915
Arc 9.95351900925177 6.35594706147221 5.13044713263665
Fezf2 10.4039548317574 5.99215114243284 4.61413804299385
Ndrg1 11.1646002423784 7.15285299318377 4.98084122663908
Ldb2 12.0351979758854 8.09983739249462 5.5444708577885
Pou3f1 9.80376068485529 6.30082031510095 4.46245402583878
Grp 11.786789590501 6.77640484219011 5.22237117131539
Sorcs3 10.5218927626316 6.77874828860825 5.80654435040984
Tyro3 8.61888175998532 5.27637652167849 3.61947523787487
Nov 12.8942593750167 5.44240228959415 4.62130309534623
Npr3 7.9023832917415 4.31994571829341 4.21487073121296
Pde1a 11.3889863439958 7.66492481733414 4.85129757510522
Dcn 12.8399512076632 6.40365569949661 5.78096307834299
Nr4a2 10.3346855196137 6.16711747291399 5.20343116594217
