Tgfbi 10.214108505107 6.69150274134593 6.09431406651577
Junb 11.5499826198348 7.27470172961184 6.55485813670355
Mpo 8.64472480371545 5.04139449128176 4.93875936199648
Lcp1 11.9186828085383 6.71226010631307 5.37577880258242
Fuca2 9.94422515793594 6.39261839022408 6.15900195567432
Cd34 10.4821943254353 4.95365264470671 4.71710892971873
Tpst2 11.1108919206009 7.4837076470221 7.26977600525715
Cd83 13.2161047162533 9.48758713067987 7.43598505451538
Serpinf1 9.44570354298151 5.43097330629383 4.8259492491821
Sipa1 11.028832104782 6.54629196313698 6.07604716165639
Coro1a 12.5292545103329 8.17145603555715 7.19133295904586
Tnfaip2 9.07410944533167 5.14674926900673 4.9865276770347
Ctsc 12.6108642775907 8.82493534628462 7.07954638774798
Tubb6 9.94746027053954 5.75061949283726 5.67738073417567
4632428N05Rik 12.9633024758073 8.72034502152509 6.74745436478437
Spint1 10.3283172527647 5.5793676955609 5.21862942539154
Afp 8.35050803873215 4.07146627040875 4.02348761932565
Irf8 12.5462653592052 7.56960293350871 6.34594258538559
Slc39a8 8.14296708004609 4.16718188897593 4.08349694754562
Parvg 10.4281853264487 6.61670721721409 5.65148657635236
Rgs10 13.3720136026536 8.42449739285529 8.28750031694241
Rps6ka1 12.3511118887686 8.2706104578365 7.55551368795491
Trpv2 10.5248576204666 6.36283810608177 6.07202160316753
Sirpa 12.4881260050488 8.56998790981223 7.87922733851523
Slc40a1 11.6873175794834 6.64633141923351 5.44737395924858
C1qb 13.3809165744448 6.78257125551698 5.96600150315603
Syngr2 11.5324666076936 6.73767300152153 6.4127106716749
Pmp22 12.2434056339285 8.46927545827393 7.35835067486151
Igtp 10.573481340332 7.09272356510628 6.78626804773553
Ccl6 10.4831140019336 6.96310616375551 5.90735426105653
Cd14 13.3794861542207 9.08258002015048 8.0728457034673
Pycard 11.7530559991681 7.70900238404206 6.65356917514462
Il16 10.5676116874908 6.8661663674361 5.79839127949573
Slc7a7 10.9326702827516 6.64466252633687 5.41687070147735
Srgn 13.2795222117037 7.38752604675907 6.05490090860869
Myh9 12.5447914497017 9.14559006906473 7.47224535895301
Nfkbiz 12.6921044506167 9.17274409772691 8.50087249893979
Ctsb 11.3550575287054 6.45969135145127 6.31252627804389
Tgm2 11.6702792723547 8.24810971011355 7.6894381164647
Plek 13.0385446953369 8.75279855237208 7.17919092207562
Itgb5 13.3122301859398 9.62334771198382 9.39049278035808
Rgs1 11.3590498478886 7.10655618774568 5.80126273462578
Rac2 9.85175366603671 6.49613496214051 6.39149528830462
Snx5 12.5419589726741 8.57275357063301 8.50635349478583
Elk3 10.4319956263106 7.03719829490292 5.32061098389062
Abhd12 10.8191173965588 7.45074828342748 6.42423942993562
Rgs19 10.0869225771368 6.38943766272246 5.61872190065294
Serinc3 10.7887820532689 6.74246101809107 6.40959647602315
Ctsz 12.9968566741552 9.65643395530836 9.63500796031415
Fcgr1 12.2955371160684 6.68275632918252 5.45795428602386
Slc7a8 10.2647240515047 6.59848533359507 6.0598155041423
Ccl9 11.4677327663853 5.44090875001245 5.39516713578984
Trim30a 9.81298833801394 6.12041593992946 6.08519175983032
B4galt1 11.1336165305587 7.75443436745867 7.40333038939384
Tnfrsf1b 11.7452188608572 6.77936519472788 6.07408890560392
Inpp5d 12.4577394438636 7.9771661865135 6.66338992769168
Tlr4 9.57555684780965 5.80771479418916 4.87221033818813
Aif1 11.8214348072249 5.64825920291683 5.60755076577105
Syk 11.3160084368777 6.72644388670874 5.61875807347815
Crybb1 12.2648088011919 7.46413703715957 6.57777665972575
Fcer1g 12.6718396223893 6.3227944360301 6.24516618533205
Ctsh 12.87251521366 7.63796304777926 7.1181901441963
Gpsm3 9.55595780536678 5.81349562432327 5.68654525785471
Ncf4 10.7292352869563 6.68310775228969 5.54878341048702
Ggta1 10.3002208247185 5.82495129754067 5.16501920084958
Ptpre 10.8054724634459 6.81028935404865 6.49414579791699
Lcp2 10.4089431447829 5.97122831108902 5.23987120383758
Ngp 12.7574775005176 7.38308271638493 5.44106370615909
Spi1 10.4190424481911 6.07909103315668 6.04121273048549
Csf3r 10.4683520496493 6.73832256139147 5.78794246579087
Ms4a6b 11.2554621340409 6.1986691691124 5.19966256475297
Skap2 12.056136723105 8.21986633942834 7.83887699685925
Cebpb 11.5932508063623 8.22682792448464 7.88944226277646
Acsl4 9.92672516772363 6.30541860080714 5.98956928997754
Plxdc2 12.0745716973584 8.29215679416028 8.08100224667529
Cxcl10 9.72683118350032 5.48448139498584 5.44746825064488
Lyl1 9.96552235514374 5.84639266808952 5.31025580671576
Ptpn18 10.3344380846283 6.68339419994054 6.11644830125113
Tlr2 11.9276981137555 6.73897690443904 6.19812500366522
Cd163 7.96377468160987 4.11343722504542 3.65370423568293
Serpine1 9.65311808101758 5.51448521709816 4.91839196478327
Mlxipl 10.5385226388773 7.10284963867304 6.59291789494613
Cd37 10.9003612304416 6.10970304572707 6.06431268261136
Map3k8 10.2772018482877 5.63172363082624 5.19060504463105
Myd88 10.6605178444686 6.21411927931412 6.04850817296124
Ccl12 10.6391731596107 4.70880483008216 4.28827382147512
H2-Oa 8.62773488286702 5.26405091222196 4.6740899991811
Pon3 9.25424963832735 5.73147649164603 4.78610408053834
Slamf9 11.1460693903532 6.88964892531749 6.56023093790728
S100a8 13.1710031765985 5.76813881674369 4.61237526253604
Il10rb 10.5493104181091 6.53337565788655 5.65857001464766
C3ar1 11.7048817822179 5.59406146323693 5.24139944190221
Fgd2 12.0963667807367 6.70001073324299 6.18217571520057
Ccl3 13.5359936909524 6.9758148288609 6.07029027876331
Ms4a6d 11.4841310922632 5.58451528595324 5.25344317399248
Ier3 13.5124048716238 8.69859592918019 8.38789648272965
Camp 12.4507582747533 5.43097330629383 5.33937762043709
Klk8 10.1827990465209 5.68605956418755 5.60657172128275
Chil3 11.4871946767607 5.40529079769404 4.23503122231482
Arap3 9.99309938625579 5.55027836322475 4.11474538615074
Tlr7 11.1537008662761 5.59679348176338 5.18414582605166
Hpgd 11.9738918982247 4.98101032503957 4.43302872065288
Rab3il1 10.3829864041852 6.85115557409608 6.65886298667407
Slc11a1 11.3948658681908 6.18817435800313 5.89619321773473
Ccl2 9.3887194295731 5.41792878138038 5.28849651767989
Cd86 11.6527693006629 6.22171484622785 5.52550514073187
Gpr84 11.5263505075912 6.53323136659276 6.4378005125329
Vamp8 11.7850542682879 7.59796888620821 5.89779479966331
Tcirg1 11.2860007996333 7.28277087243144 7.23471413421553
Trim12a 8.39694276788024 4.16993978299158 3.92708262738743
Slc15a3 11.3995649353571 6.27348556307145 6.03262658038342
Rel 9.43208070521036 5.68989489795542 4.64002347490377
Tsc22d3 11.5894187043498 6.91807120430504 6.67427075303327
Gdi2 8.02870913914554 4.61035467178044 4.5184288649946
Sla 12.4329217789332 7.00359677010563 6.35013770950557
Asph 11.0774007157198 7.04570363842545 6.72287403040428
Adcy7 11.9949098164077 7.94388922680126 6.09487352367919
Rbm39 10.2573002722239 6.86989035462816 6.7704084697837
Bmp2k 11.294755197974 7.01109280782436 6.29713132616142
Lgals9 9.69958847858634 5.41038654281528 5.31581003975166
Trem2 11.303795824757 6.79679404612251 6.41970712517225
Clec5a 8.06555640971743 4.67866449826621 4.39854868099022
Birc3 10.6915102166933 6.71653621231517 6.62036813997094
Igsf6 8.83394697282607 4.500931522777 4.38430819246693
Samsn1 8.81738530496463 5.13916707306363 4.55566993365019
Il1a 10.5376640185961 5.81907068449818 5.0137181494988
Hpgds 9.22775583355141 5.78974947512444 5.28571091311874
Naip5 11.0978070538461 6.10945675228134 5.27420230006812
Ccl4 12.6588721873418 8.12431805520109 7.54062305638968
Stat6 10.468465477124 6.23266627789416 5.59032048097653
Tapbp 11.4198825404039 7.81546452512338 7.31582564288463
Dapp1 10.6129812986097 6.1509012107452 6.05409997458474
Clec4a2 10.1399334143348 4.97878253979528 4.89495337758104
Fli1 10.1221580891138 5.13916707306363 3.98163153646138
Mitf 10.359595527133 6.87291698630435 6.60462675538395
Ptprc 12.4924457080349 8.18866056317589 6.53586553098445
Fosb 12.0153263432166 7.90609409884381 7.69586951633341
Ccr5 11.6775104276773 7.15035062784841 5.02642175632716
Il6ra 12.6762370901779 8.15512250280799 6.86140673045791
Pla2g15 12.3402771280608 8.47939891142437 7.28241554676547
Itga6 11.5191682655928 7.611611657384 7.59963239351687
Ifi30 11.3741036101554 8.00444240356075 7.67218477730258
H2-DMa 11.302506340632 7.20573687673666 6.14877812212557
Gpr34 12.0465417111213 7.04570363842545 5.01276268717053
Rnase4 13.0645450224258 9.17723756512559 8.52296138361189
Hk2 12.2311857728962 8.25987189915224 7.4983518880612
Rassf5 12.0777209054467 7.1302635198703 5.81489461983232
Hfe 11.261965590755 7.34626074655041 6.59478078118703
Prkcd 11.3269526908875 6.95837007018657 6.25088347453669
Mertk 13.1492058693859 8.57145901595355 8.13873182281625
Cd84 9.79853579725004 5.15058636042562 4.81502177972966
Ly86 13.8484382572477 8.68908260769408 7.53183670292843
Vav1 10.4988780096262 6.04739882502396 4.59614967462427
Cfh 10.9189995251726 4.6436853195722 3.96966192734765
Tnfrsf13b 9.55249902249023 5.15952073293683 4.5514979194108
Smim3 9.36289130684882 6.02396646000054 5.56265330153532
Entpd1 9.36332417160173 5.7593667199441 4.8548457787018
Ptgs1 12.1460566579667 6.72091382405031 6.16820602485567
Adrb1 10.6329930698674 6.4534890800408 5.82405777219108
Frrs1 10.5118954880326 6.09584833773707 5.70488337635822
Lyz2 12.6255399097117 7.91419762123782 7.2154108843072
Bin1 11.0419581077655 7.55367292241625 6.96251556971886
Pdk1 10.5237600984828 6.82869950649615 6.34672194194868
Unc93b1 11.2638153754962 7.26021207323284 6.70035357235196
Cmtm6 12.3249537931389 8.98268314214273 8.81094775097609
Edem1 10.5468048765477 6.45763669943344 5.45008402245973
Icam1 12.0835121128031 8.18621280482204 6.57146609835132
Rcsd1 12.3327371826167 8.35431516704654 7.30795862218404
0610040J01Rik 10.8216796982396 6.22029331016254 6.16416787946267
Tm6sf1 11.2414066824985 6.46179697959639 4.94805001632231
Cd177 8.34962699286364 4.52560981937674 4.20668083405557
Casp8 9.75678338176791 6.39335672734074 5.29827064483102
F11r 12.1396861374846 7.6643408509556 6.29980959263211
Trim34a 8.51637667451946 5.04538644615595 4.91123457281098
Plxdc1 10.9345884722293 7.01334007383487 6.0146493055415
Glipr1 8.77583583215041 5.35277410758461 5.21242145287598
Lpxn 10.7275528959061 6.6699215606673 4.66744864105624
Siglec5 8.28941632201165 4.24513726470344 4.09519861042829
Mylip 12.3911493278824 8.26291000482164 8.1516825378792
Fcrl1 9.22764356004362 5.30712128978824 5.28046610780627
P2ry6 11.5574667748729 6.49954892671124 5.36411678948956
Ighm 11.5555075036114 7.03419142416784 6.43909152803765
Tgfbr2 12.4393744689228 7.83624172425565 7.67471185630845
Mlph 9.57489838859243 5.30668045447874 5.18782358739191
Ncf1 8.88584686160739 5.52879223506672 5.19014732019734
Il13ra1 9.84239214017086 4.93527337055885 4.7501364633901
Adap2 10.5722797031115 7.19500271743872 6.23774929039576
Lrba 12.2631508876539 8.61665178815963 8.3046886024195
Capn3 10.3369957490321 6.25061612675497 6.16841198514844
Vwa5a 10.3106484906387 5.34182441029771 5.24009728147117
Arrb2 11.4983554070217 6.7270298111057 6.0040495821733
Pros1 11.4603712254362 6.73959832511228 6.10949917961906
Rin2 10.1168098461982 6.2528259290031 5.327946303111
Arhgdib 10.7973257228637 6.46452844782936 6.20681359103719
Tifa 10.8074268423842 6.81515083863822 6.40548839299839
Arhgap17 10.9767981793134 7.15852012547967 6.24527871329434
Trim47 10.0791566495733 5.47583458933583 5.17724990345939
Slc25a45 10.8173200145939 7.43590248319676 7.38719939013128
Rps9 12.6440720428475 8.58375602770457 7.07823906624524
Sash3 11.249005723635 6.69647315307384 6.0217448438501
Themis2 9.99513496121799 5.97912940421017 5.18325576203331
Mpeg1 13.5931395335038 8.76531829045449 7.34673815608806
Cd48 9.95999221182058 5.29798403551863 4.37397305551219
Sult1a1 9.98708391284936 5.81685832580916 5.68216873173269
Fes 10.5551239260507 7.1427623834102 6.08005151058118
Cep152 9.74520694836984 6.11651133559542 6.06175233720552
B2m 13.1894322739796 8.03108428659045 7.93399930315795
Ccrl2 11.3826980615646 7.50031460974523 6.90746301734389
Lcn2 12.0118513639671 5.16928057363226 4.2698196407981
Gimap6 8.28531118681062 4.56604491527983 4.49624405855882
Myo1g 9.24155609377298 5.48020781420141 5.21359900908754
Tmem173 11.0989726590541 6.22417217623207 5.86822124728812
BC028528 8.76172624772281 5.21186862095417 4.52615572788555
AF251705 11.9378287827213 7.9000178518875 7.33078053682468
Acsl5 10.9329425458093 7.4302484820917 7.10084102497545
Hmha1 10.4292840746509 6.98763858863666 5.9199115728411
Abcc3 9.68880748830503 5.55027836322475 5.38294541051244
Rhoh 10.6886747062572 5.94948250364945 5.25509114516126
1700017B05Rik 11.7630363477309 6.36818553655318 5.49272934002124
Gusb 11.4166507135997 6.94034733587602 6.46912144582686
Lair1 10.6341607739461 5.20871759891408 5.1051882395966
P2ry12 12.3417720061336 8.73945527851456 6.11851521551713
Rnf19b 9.59453701735849 5.61560665379908 4.98253848587973
Pld4 12.0162068213804 7.19733735021099 6.1244909274549
D15Ertd621e 10.2021769651159 6.79368577614995 5.85623065343577
Fermt3 11.255187597153 6.47715884417116 4.95693495870842
Plk3 11.1628299712601 7.17079013730515 6.60429447251997
Ankrd44 11.6555430067368 8.18312917463275 8.01318190308471
Kctd12 12.2024123826132 8.70063376918564 6.88205547602809
H2-Aa 10.95884712019 5.66963453294105 4.92021655826926
Fam105a 11.8141138102905 7.83921611746437 6.63821377807826
Herpud1 12.561534184029 9.00947578117021 8.07436962812674
Cd300a 9.78331319123392 5.86237789534139 5.65476704856174
Lyz1 12.291433368859 8.70856385941475 7.79452525388575
Clcf1 8.66818372368241 3.91336965751667 3.88703454074855
Il10ra 11.9204835825207 6.09891758803774 5.05827137441356
Rab20 9.47961105235741 4.58449420882591 4.37732978384272
Grn 13.5694893497197 9.82061955232524 8.71369904205517
Ifitm6 9.52062006754197 5.31255843998768 5.27691875663603
Ifngr1 12.0120817823602 8.51383420970396 8.03100415435162
Tcn2 12.1131223131962 7.94965884283241 7.91385301252073
Anxa1 10.0891907764378 6.12777425287526 5.47422476844199
Ppp1r15a 12.6842681011032 9.05859878262291 9.05005609229595
Lgals3bp 9.31699434078624 5.64174334553176 5.62574070682665
Slc15a4 11.4134041549916 8.05900648448803 7.57529129531479
Dhrs3 10.8664384075394 7.00887816193999 6.65073020481423
Olfml3 13.5589885962411 8.18350581854891 7.02548383345306
Slc16a7 9.14199363414269 5.56080218108725 4.70902071981334
Pla2g4a 9.54677550171969 6.02582625985069 5.91695919478872
Ncf2 10.9678841319022 6.56751553846196 6.00458496781191
Il7r 9.09542824054331 5.56878822878527 5.17159747897894
Cd53 12.647448770815 8.6306483484664 6.6725122287678
Fcgr3 13.39521832835 9.22669357552983 8.09567313554099
Hps4 12.4456398299555 8.68484784451742 8.17684804998472
S100a9 12.5433488948648 6.30541860080714 4.56135141226053
Klf2 13.0114488593516 8.48522001009719 7.64892329087692
Fcrls 13.5094801235154 7.7216568125516 6.01611977232286
Pf4 8.75071323421427 5.29709768118419 4.9796795438093
Tlr1 9.47210882993985 4.88460414251727 3.96463205362178
Cd68 12.242490069775 6.23266627789416 5.89540646136111
Ebi3 9.21311913542791 5.34664227078768 5.21061699623631
Casp1 8.7453943640576 4.90918825893132 4.83735354743977
Csf2rb2 9.41716750216967 4.85010723969497 4.82443133575974
C1qc 13.5863871767458 8.28071090093681 6.50577280288761
Chst7 10.9028652320415 7.43698764504285 6.10701424970857
Hck 11.677853867497 6.76394552431713 5.18249518925068
Gcnt1 8.17673933531389 4.85179486796709 4.66733933753398
Casp4 9.24666718666705 5.319458167819 4.70812842461234
Ehd4 10.2095137657382 5.96734662155777 5.64348541365145
Ly96 9.04291773410898 4.29816792866345 3.97161010488106
Lag3 9.95212609690159 5.58303051218268 5.26913346978839
Cxcl2 11.1862547067567 7.52797132295235 5.56502961109411
Ltf 12.2109361391241 7.72055512482942 6.16941108396982
Stab1 10.8319181809469 5.50616388562875 5.15370149903096
Evi2a 12.5292457386737 8.61194326350941 7.87993431066067
Il6 8.39447282799593 5.0597381659558 3.93109679565372
Ptger3 7.91209741922707 4.38720745290928 3.94433165727076
Pdgfb 10.784427213788 6.04309194029621 5.69381432061529
Mrc1 8.63837955832117 4.05980267356146 4.04358400170091
Hps3 10.5852544761163 6.98304877395208 6.51908118586538
Smap2 11.0019898893746 6.88205305075434 6.25491528612107
Itgb2 11.8272052895604 7.71358240566797 5.91798378641468
Ang 8.39410428367088 4.22998000938295 3.95667254620836
Tyrobp 12.8882077765556 7.22484488497191 7.18239218375362
Ptplad2 9.53045279911964 5.95442792101025 5.66217604482849
Emr1 12.7324162108168 6.49087175487174 6.08418272444789
Nrros 12.2035612900789 7.50412982883544 5.82401598194176
Tmem119 13.7062504747088 10.3657537152618 7.35348257094427
Parp14 9.29651035265735 5.95496688858919 5.86774987775791
Havcr2 10.6395343238155 6.01387206320856 4.48312289081153
Cmtm7 10.2158890607314 5.81147755303475 5.60803216225226
Blnk 11.7867853033936 7.32824392551931 6.21754053731919
Tmcc3 9.49652683269657 5.03228983722363 5.01588793201913
Daglb 9.96152605211251 6.17672177365208 6.07878676523721
Alox5ap 12.5576931349978 7.96511860053353 7.00355151136021
Fyb 11.7070682335866 6.56509195314099 6.25877797966941
Ctla2b 9.98817720392032 5.25559366513076 4.10151032624557
Zfp36 13.4710413836478 8.59462070149221 8.46170984470531
Abhd15 10.2572440975652 6.59296879520272 5.27118748080754
Lmo2 12.1333491829634 7.97867082175598 7.4897659429629
Cyba 11.7795222099381 8.37953786691424 6.79711077849653
Spata13 11.8423721764084 7.90540903437916 7.39634812006118
Ptpn6 11.5568573976642 7.60711663843269 6.93941688267044
Cd52 8.87459768254704 5.39849365996742 5.23258249386113
Irf5 10.4986359523617 6.33271126127209 5.84713754222275
Naip2 10.6906973938164 4.98503534517732 4.62179460571386
Anxa3 12.8939144704404 6.69468001479522 6.23092328392337
