Golm1 13.1709345745481 7.8820948723298 6.78957325481704
Dusp6 12.2043335698759 5.66648546158827 5.07649420063129
Tgfbi 10.1729708775644 5.88355576171514 5.70639842452525
Sgpl1 9.54910293773426 5.0564921903613 4.54452927969186
Junb 11.5780026398467 5.34992712188681 4.74172852290964
Lcp1 11.8463632704423 4.84108256459341 4.43558629959791
Txnip 13.6993914736524 7.68714627350965 6.3736086611709
Klf10 10.1153774463127 5.55979901528686 4.66029107850366
Cd9 11.8962881279299 7.26239818639698 5.54496073575142
Cd34 10.5911587485583 5.65852137621647 4.85238873481882
Zfand5 13.0724898086973 9.52942707675265 8.22595672676542
Tpst2 11.1246231388186 7.63790608172511 6.39837886340101
Cd83 13.2264749464343 9.28238619731859 7.62712619746073
Sipa1 11.1257432146877 6.76479423587944 5.96855648242675
Coro1a 12.6004028717715 8.51328480786148 5.53377626524604
Btg2 11.4968904593275 6.12504737266095 5.63777794775235
Ets2 10.8279407472273 7.42064431855711 7.0057670599365
Tnfaip2 9.08145533726492 4.34529065901249 4.33330654569427
Cyfip1 12.6066769077138 8.5548519849277 7.33434624400308
Lamp2 11.6172171151883 7.81828055157112 7.52939897657001
Snx18 11.9105809619856 8.11121314137498 7.97547119600287
Ctsc 12.6065842886925 5.21938603814369 5.17607600670694
Rcbtb2 9.51693799161507 5.99800518379469 5.14701213034141
Tubb6 9.94309885815544 6.25498072913877 5.93429208848605
Ier2 13.4150634942812 7.16176603052709 5.82353115720265
Rab32 7.60118101811754 3.97145743975001 3.86675825994366
Nfe2l2 11.3735710823378 5.46767309456979 5.32611015526029
Socs3 12.8363611039744 4.62171033681063 4.15680550885794
Scamp2 12.0782300087712 8.5895253016834 6.6703894852596
4632428N05Rik 12.9592128362635 5.98053425943354 5.06654481605459
Spint1 10.3415667614487 6.72286019438221 5.24222351786965
Afp 8.20241684612463 4.13241861262127 4.02962231251893
Clic1 11.3846871257571 7.6710927634519 6.02642868990266
Plxnb2 11.1751053377305 6.95483303319764 6.58450393821627
Irf8 12.5606886061131 5.48826040235433 5.45350237253977
Dnajb1 11.4072973894197 7.84450861111869 6.13847487918184
Mical1 8.88736256308852 5.1197379040729 5.00545576628086
Fkbp7 9.58447874704344 6.13850644786687 5.21025918022941
Tbxas1 9.77227819439976 6.33253114459717 6.20089995637611
Slc39a8 8.3702572354114 4.3604806057087 3.9138725465744
Parvg 10.3224146114506 6.80266374990291 6.34681159462778
Mcl1 12.1472433486191 7.27889259221075 6.48137518974214
Rps6ka1 12.439882687873 8.79494677547523 7.04663842556033
Tnfaip8 9.91373565516323 5.98724449454894 4.68445106195853
Sirpa 12.4962163654576 8.91505155598784 8.51556245027675
Tmem206 10.2057688234462 6.66361932484036 6.26682105629981
Slc40a1 11.6365802495677 7.13539766100546 5.86588971927377
C1qb 13.3846079047961 5.08972435114225 4.72773578207943
Syngr2 11.4559121689701 5.75342973252187 4.96294547163576
Man1a 10.4296468533452 6.20008038876473 5.38252966519577
Plekho1 10.6038456884602 6.86962679486613 5.6687640391632
Pmp22 12.2653168767854 8.50398897005602 7.86012120086639
Usp2 11.7287066241903 7.21609147081148 6.02797546435475
Ccl6 10.223717633042 4.8162592736306 4.52162733595159
Cd14 13.3052539164274 7.2050736468372 5.91339480574559
Tob2 11.2284375997777 7.40545597415611 5.82586016540751
Pycard 11.8185468367102 6.41067279610797 5.48316989675839
C1qa 13.2380236204344 6.25961825411589 5.91551191355026
Il16 10.7022595486227 5.81074660641423 5.39883441906687
Slc7a7 11.052383619296 5.20509089925921 4.87163312035056
Klf4 12.698526861476 5.05942506965145 4.82226288759511
Sertad1 10.6747710405396 6.87386390284479 5.84890944134288
Jun 13.1567215574815 7.0807216520963 6.7989601675356
Srgn 13.2509970787582 7.29488590382263 6.13797498226098
Myh9 12.5865032254667 7.60124690831557 6.90336912979081
Nfkbiz 12.6860754101133 5.11314600467019 4.80608253548259
Tgm2 11.7718766956168 7.80074388241601 6.31317888104511
Plek 13.0669588958399 7.61179090337371 5.94697844440456
Itgb5 13.3318370523038 5.57119968665546 4.24082175985298
Elf1 9.08676867890006 4.76254953837674 4.33966981522303
Rgs1 11.2541972267774 4.87522144498701 4.55940395117031
Ier5 13.0591463203827 7.11226927865378 5.82629297175454
Snx5 12.5628056055199 8.8866823448365 5.03626161786868
Elk3 10.4901390004177 6.31906529744144 4.9068991931246
Naglu 9.26626288253695 5.63485021719852 5.43512453069903
Laptm5 13.2497958585741 8.4186723651549 7.19569639848386
Ptgr1 10.0953671914278 5.65970506011339 5.51779156242958
Serinc3 10.8737843005988 6.6421794375483 6.39863346062701
Ctsz 13.0341451754765 9.37235943769612 5.3429196967995
Fcgr1 12.3056772228307 4.67193621229406 4.64706848410673
Slc16a6 11.601886645942 6.64324194911113 6.22937375164729
Pdlim4 9.4700059993897 5.11046365605662 4.88451331434383
Ccl9 11.5606702750711 5.22195942423767 5.01042901571192
Tnfrsf1b 11.5849644137814 7.29698745911175 6.21821778619095
Inpp5d 12.5199395399242 7.03136136132485 6.34861299257286
Aff1 10.5286978143419 6.91124438322526 6.4525301748075
Tlr4 9.52419084436795 4.66993579192554 4.5296551012822
Pmaip1 7.94812896443572 4.01912794077985 3.89297634119091
Aif1 11.8782125697407 5.91383015332381 4.89958073682138
Lims1 11.3895886323577 7.47366672255997 7.21797864074494
Syk 11.2305153374971 6.42316986795159 6.11983441135165
Klf6 12.1614928848338 6.75009346529837 6.56421856864658
Mknk2 10.9559680185081 7.35109889696338 6.92566595009517
Crybb1 12.3010895138039 6.59131241824853 6.5572710596822
Fcer1g 12.6409109862305 7.36436230907876 6.09260382533954
Ctsh 12.8519091129382 6.31551678814137 5.57274365053228
Gbp3 8.5913202656342 5.15549486372368 5.02138345037328
Gpsm3 9.66649074936397 5.45212443569739 5.23452430445469
Ncf4 10.7081144474155 5.44802229178866 5.39809998190104
Nrip1 11.6975319588524 6.62936189709072 6.3990760291379
Ggta1 10.3145780373454 4.96947547773784 4.61045544949976
Calcrl 7.84138491604448 4.2792956359549 4.14373900081748
Lcp2 10.3889718130272 4.8801236350042 4.80440982187743
Ngp 12.4329204009581 6.60453190926788 5.52573930326163
Spi1 10.2850028049619 6.22219736716457 6.1476701599732
Atp7a 10.1404314445784 6.73988177465749 5.26821350338173
Csf3r 10.4703586336665 6.6365055555427 5.33067083927366
Ms4a6b 11.1222234312687 5.23596321733976 4.88482369515244
Hcls1 8.83239317939796 4.77481336622212 4.65309009364837
Pabpc1 11.1513836653323 5.41767299154148 4.22140155217314
Skap2 11.9890479352489 8.16289898611933 7.88935091936707
Cebpb 11.6879517821222 7.59970710886995 6.22662635840263
Plxdc2 12.0633823649962 6.83037608946945 5.7512219381819
Cxcl10 9.83264446685726 5.83000917206323 5.37362445359008
Cysltr1 9.33333349087416 4.35740840443861 3.95611837850733
Cebpa 9.88957255483431 6.10847202453173 5.22871489997809
Cttnbp2nl 11.7204560544011 5.78546928903339 5.3845591069011
Lyl1 9.97533629065994 5.52554670115414 4.93564639729057
Ptpn18 10.4025712369028 6.62682045165783 6.42346661457285
Tlr2 11.9268402473875 6.27869980923956 5.6241324370575
Serpine1 9.52331793271942 6.01655639095962 5.10904825997996
Sox4 9.95630765129675 6.0891934860757 5.57327439133579
Cd37 10.9048574016166 6.90742929252807 5.65566740733356
Map3k8 10.2849700718244 4.85462916541433 4.70747333910144
Myd88 10.7278217724093 6.41601159215747 5.86140866590826
Ccl12 10.5112043294489 4.62344518789234 4.52933227428587
Arhgap4 9.36525554969312 5.6494322440901 5.38131471342854
H2-Oa 8.7917936065526 5.29038873946679 4.96537404725288
Pon3 9.20297150005047 4.67127351168361 4.40646790797174
S100a8 13.0395448654869 4.84008378730974 4.574809491385
Il10rb 10.7116513838826 7.192707383407 6.77667957750973
C3ar1 11.7072754362155 6.82597174241257 5.30502223408787
Fgd2 12.1304825880125 6.26086070654081 6.01839882070174
Rela 11.8428094359349 8.06923797445109 6.87709069980385
Ccl3 13.4953964323281 5.51206022999829 4.72873914318725
Ms4a6d 11.3799791784438 4.95065903004418 4.66931114882338
Ier3 13.4963591841383 9.43367374340503 8.0286412746161
Nupr1 9.93831898336817 6.33066818618845 5.34602719255988
Camp 12.113738407204 5.96042125943628 5.7104801968012
Klk8 10.2464469222101 5.51669608998816 5.40042239450989
Chil3 11.1159878878753 5.19647659534282 3.6481594089514
Arap3 9.86775374576886 4.3335627509239 4.02622151316515
Tlr7 11.2112407400947 5.66534885339163 4.90709659765849
Hpgd 12.0107499612859 4.96087962548137 4.93333643940493
Mcm3 8.92535440058905 5.39149720357352 5.19513076853221
Slc11a1 11.4154854568916 7.5508260704977 5.3659738080543
Ccl2 9.49866288250659 5.28809944601885 5.23870265874494
Cd86 11.6419705628058 5.18419024621944 4.90784576188436
Prkd3 9.70383275414416 6.12009938458428 6.02646348015904
Gpr84 11.5935377294956 5.76436189246621 5.53569894055139
Vamp8 11.9027573726861 6.84553023196722 6.65406763778019
Tcirg1 11.3257053795282 7.98028502620319 6.89915213407022
Trim12a 8.5835260320544 4.30742554543587 4.16374440094049
Slc15a3 11.5219827541908 5.34092835052332 5.22473546734987
Rel 9.30153835661437 5.34978097642642 5.16180707585831
Tsc22d3 11.4721491337919 7.46409572273356 5.7277146625282
Sla 12.3378861062474 5.9688996402561 5.68588485335184
Tgfbr1 13.4953964323281 7.34701871080277 6.53713970335686
Snap23 8.47917138557207 4.52343177075534 4.07486108325287
Asph 11.1131392793095 6.52871077043655 5.00302319248168
Ivns1abp 12.7182126498181 8.89166907672389 8.29642102880346
Rbm39 10.4094928984617 5.22891222987453 5.06527247903306
Vamp3 10.8638436564196 7.40514522758125 7.04420662800194
Bmp2k 11.3162621163235 7.22581231406997 5.7661894189758
Lgals9 9.80576100376818 5.66714363395595 5.47661225602946
Trem2 11.528689695107 7.37031354982513 6.5640463776109
Gna15 8.93153578094543 5.59802921649404 5.27323062355179
Birc3 10.7521481640029 6.77436030851515 6.49964888069676
Igsf6 8.68495551282954 4.30956637788685 4.30067134540583
Samsn1 8.95535277925432 4.60869764577916 4.58500575111306
Il1a 10.5450729398403 4.61614040417013 4.01432282339471
Hpgds 9.14123713383759 5.66791079156576 5.12840941903112
Naip5 11.1347547074536 5.04758249702519 4.57041205071081
Ccl4 12.7516225784521 7.37208910163961 5.94887614735752
Klf3 8.44575749935971 4.72391790648508 4.52636158070451
Itpr2 10.8613975316724 6.71564581429165 6.24795097803933
Stat6 10.5031698578152 6.58189875845159 5.20623287821222
Msn 10.7217422633417 6.92242501024366 6.31283751254673
Bcl6 9.97529153752311 6.46704778645537 5.60409026213081
Abca1 12.0785728549459 7.87545687443391 5.96190453041915
Adam17 10.581995677351 6.21004333928255 5.70763618177266
Dapp1 10.626591308075 5.67220064396448 5.34463683676603
Clec4a2 10.1190075949126 5.16673085583441 5.0298392536634
Fli1 10.0832277034328 4.13226780472625 3.75175247971574
Mitf 10.3277193773821 6.83786061082149 6.507728846474
Ets1 9.75745818736726 4.11050590144536 4.02401829090189
Itgam 7.64683147867138 4.2721763101046 4.21289439643694
Ptprc 12.4215732421658 4.63505510712735 4.37223241984479
Fosb 11.9818678393755 5.67740215003177 4.80827771140483
Ccr5 11.7087776692335 4.70526217585081 4.60304033942976
Il6ra 12.6405285425734 5.69042708807329 5.65192570167078
Tgif1 8.50458243562559 4.68600899157657 4.30823454310216
Pla2g15 12.3512186582331 7.98248465557238 7.29436699546675
Itga6 11.5906633280243 7.31540421813908 6.9641353366843
Ifi30 11.4062018650154 7.72877225825044 5.81346799436265
Cables1 10.7158993683559 6.84467251028371 6.50283552896266
H2-DMa 11.3395300052483 7.330221915218 6.23753568625667
Zfp36l1 12.7019764996359 6.40484373463588 6.17124694259853
Gpr34 12.142699851518 4.13521899204158 3.96197732644555
Rrad 10.0026571297703 6.6040152585403 5.30195063463675
Rnase4 13.0771643703574 6.36018112264586 6.00085939312656
Hk2 12.3164140648536 7.27541284430293 6.99365323236623
Fam111a 8.33832002390926 4.7866541414642 4.51702144099773
Hfe 11.3196450739578 7.58854143628652 7.14475012219602
Pik3cg 10.1537853547168 6.62163610629244 4.86498557751174
Zeb2 11.4350095719432 7.33527515482604 6.63719760209374
Tlr3 9.63659550839082 5.98856075218288 5.52170668733231
Prkcd 11.3607793398998 7.12163685848432 6.67675682239433
Mertk 13.0985151577591 6.60706883745237 5.81774264168505
Cd84 9.96224237530016 4.65638274418728 4.65444044927303
Ly86 13.8305038298173 7.86625641376524 6.22169356080675
Vav1 10.4997459843954 4.20762791570295 4.18583573937003
Pag1 12.6736213180298 8.26458305183946 7.60647449417634
Fos 13.9327205870223 10.201394142134 9.65089297303507
Cfh 10.8438396260437 3.87263049703314 3.84060829388787
Tnfrsf13b 9.66545251361214 4.71484051881728 4.34914679842177
Cebpd 10.5744174492867 4.8835310118307 4.39800197111878
Hhex 10.060418644213 6.52977743649739 5.14421685840147
Entpd1 9.58873000960094 4.5130557744947 4.43713164857988
Ptgs1 12.1626150793908 6.2976448541919 5.35317889287373
Adrb1 10.5218876655346 5.92882410682773 4.59506671530339
Stk17b 9.80355004387352 5.78526224161964 5.47547645688371
Frrs1 10.6966078261321 6.84976553430225 5.22023947901702
Lyz2 12.5660138290276 6.99337175398944 6.40865963010201
Ssfa2 10.4026641404164 6.48485027981804 6.42226350838867
Galnt4 9.11869231898454 4.97764733254146 4.97038033674077
Ctc1 11.7422487728519 7.42153864910496 6.95091265217282
Unc93b1 11.3066168079527 6.84886192912264 6.36033622273646
Mob1a 11.6304802850351 7.89045212335744 6.71031294539491
Cmtm6 12.2803328178186 7.30766431788274 6.65756287231001
Wls 8.21516176510327 4.77436557970383 4.59817396669106
Tspan14 11.2007785813707 7.08779261362568 6.07324193715309
Lpcat3 11.4786154330381 7.10692213576836 6.89923942575142
Hvcn1 10.2856187487951 5.48376765506527 5.34148790978013
Edem1 10.5644676490564 5.32309732212589 4.75351782572985
Icam1 12.144222640413 5.72140427854518 4.67887082630209
Prkab1 10.8728158992286 7.38257716800799 6.50400291935433
Rbl1 8.51194870241016 5.1009713687213 5.07803730286923
Rcsd1 12.3223507478265 7.86051666803689 6.74408138123241
Npl 10.119227368812 5.87021108774053 5.15513271190753
Tmem140 8.46080936763924 4.727463206082 4.70007348597671
0610040J01Rik 10.8106638816197 6.18665004568116 5.7465902588776
Tm6sf1 11.273380881778 7.88120429426389 4.26430885292958
Cklf 11.3324839569912 7.00561039637292 6.45320307173558
Cd177 8.01898297885642 4.53975490851507 4.1808798246385
Casp8 9.83591177234681 5.56091934669911 4.98964768109125
Tmed5 10.4601759587631 6.77433037636248 5.89488847908212
F11r 12.1638127271072 5.96955194813109 5.81649868066311
Eva1a 8.63294613398656 5.15914792951928 4.355970181345
Zbtb1 9.31186634548201 5.90474446589303 5.66249512398266
Tor4a 10.4213155961976 6.6123018402446 5.71264330112787
Ptbp1 9.02225932629817 5.65424000267089 4.96345491289773
Glipr1 8.88148604367629 5.32073037302684 5.28197272555924
Lpxn 10.730982217212 5.40643527710299 4.46673832683149
Siglec5 8.337886172674 4.04875288779813 3.92676665931477
Fcrl1 9.27554865404005 5.86974258486679 5.17444709650993
Sppl2a 11.1847931951435 7.31447253839974 6.94364736381941
P2ry6 11.5909433501351 4.85343646466996 4.37390959271963
H2-K1 12.7949568117272 8.86048374064153 8.09150659197282
Tgfbr2 12.4312251246194 6.25756891396258 6.02183681580748
H2-Ab1 8.4512011309411 4.8954879691667 4.7276377254818
Ceacam1 8.73427463823456 5.3842153646341 4.36860450281259
Ncf1 9.01873662127703 5.33090671307382 5.03463448325287
Il13ra1 9.69650941211153 6.25881732199487 5.33812013907652
Adap2 10.4876327911899 5.62987982610584 5.51376994727462
Pld1 10.7880824610021 6.99737214873212 6.03060203063504
Pon2 9.26937417743214 5.20631281597124 4.95305272925996
Capn3 10.437566906065 4.97800424920552 4.7402997905223
Casp7 8.22612436421626 4.82024936282784 4.66644341856153
Gem 8.28009388336886 4.28400938373657 3.84828281198372
Rrbp1 12.1135184174842 8.59471229113293 7.48870652376498
Glul 11.9439234863599 7.42823067890674 6.02030219026131
Arrb2 11.5161791808491 7.63005902961839 6.17172679771686
Pros1 11.4244912078995 5.8112824912921 5.20368532126217
Rin2 10.1302854085197 5.87058488952078 5.33360720536189
Tifa 10.6649959627868 6.90397232376506 6.2681932819576
Arhgap17 11.0358082941061 5.19370660431657 5.16958819747108
Phgdh 11.0663668828628 7.41836406486553 7.17925183757825
Parp12 9.52345845288495 5.67965077314714 4.8333142526091
Trim47 10.122871565472 5.46590064088012 5.17228915760297
Lgals3 8.71732817427299 4.99827748284891 4.61447224471916
Jmjd1c 12.7042728123964 8.84097458393582 8.00442246486644
Mlxip 11.0131464704826 7.34651310411988 6.77726534074013
Sash3 11.2528818012755 7.51214765381952 5.43781784880552
Themis2 9.94919523666928 5.68590953814269 5.28870674325965
Mpeg1 13.5339312443488 6.84862006493556 6.52784628237296
Hspa1b 12.7328150924375 8.38731319172359 7.76675716841456
Xist 12.7732517233129 4.52041338788834 4.27234829816744
Cd48 9.99176185857167 4.84861732312307 4.75974983493592
Akna 10.5978331936346 4.68414551005565 4.68105368823016
Fes 10.5840546362038 6.72549542917803 6.42073524805726
Myo1b 8.42949791093437 5.08845708548288 4.85858989393417
Cep152 9.68353142517718 5.7853966204324 5.51987115320584
Diap2 9.90635960665803 5.73919261021661 5.14736871623482
Egr2 11.2144151601674 5.21104380900687 4.48326555355177
Ccrl2 11.4107831106411 5.93561742801143 5.60025904878948
Lcn2 11.7182561949748 4.25690707741069 4.22944485974592
Hbb-b2 7.86146929235822 4.21621852188704 4.15804126983811
Tmem173 11.1696407087511 7.06824162988622 6.25016864017717
BC028528 9.01173787915138 5.68822562181202 4.87150585122643
AF251705 12.0057126252299 7.83658790740091 6.93659960220153
Hmha1 10.4487011332694 6.38350528108362 5.56970865107808
Gmip 10.2055870255081 6.19775190022015 5.87177376585707
Nckap1l 11.1526856630168 7.32394182008585 5.14501680550556
Abcc3 9.7509259850256 6.03809553532466 4.86554758956559
Rhoh 10.7637079698635 4.97244033966477 4.88098134076652
1700017B05Rik 11.7522974287947 5.72064163401143 5.44439359864657
Srgap2 11.7585843286276 8.20343741286896 7.47794684511312
Gusb 11.4803411718158 6.17798095549353 5.27407938602048
Lair1 10.6612900224916 5.09084430858434 4.68201705644707
Twf2 10.9336973935694 7.48878780193841 5.38999007299494
P2ry12 12.4385715566921 5.13490457402687 4.55235618993195
Rnf19b 9.65744414029616 6.09434503070534 5.05750032057447
Epb4.1l2 12.5432840929574 6.64262292161507 6.58697831167751
Pld4 12.1700437011819 6.35177716453558 5.532274789051
D15Ertd621e 10.0624486421296 6.44248904515127 3.88869731069867
Lrrfip1 10.7224886700699 5.46240919568393 5.22602832027716
Fermt3 11.4207362066657 4.44836840142445 4.17046982641175
Ankrd44 11.5679366187782 6.17400645732186 5.54104053433959
Kctd12 12.099676793357 6.20594892390412 5.17010592374722
H2-Aa 11.2644036954394 6.39318605054812 5.16556544821573
Fam105a 11.8820924454901 6.90498680286533 6.88187891433535
Herpud1 12.5116726598182 8.83743446734715 6.98963088158138
Cd300a 10.0530239896872 5.91704177879741 5.50069168103212
Wipf1 10.3652831365882 6.85879554488015 6.85223876449189
Lyz1 12.2502412289951 6.28693775604809 4.89630835355497
Zfp110 10.6738601357144 6.49185320344958 5.44970730816009
Clcf1 8.68466038510135 3.97706526003413 3.77910457077782
Hmgb2 9.04290768492065 5.61397022729063 4.18994971680537
Zfp36l2 12.4004422821899 7.23275727871265 6.34791540755361
Il10ra 11.9867649941734 4.84545664535079 4.78280553456075
Hexb 13.9214339669789 10.2441551104681 8.85505935097205
Rab20 9.64744268247702 4.07767478013271 3.93387711123883
Grn 13.6303783372944 8.4065925236527 7.03584533183824
Bach1 11.7684659473826 7.92820082886775 7.889821371624
Usp24 8.70392300506957 5.1865508163284 4.80970423472383
Fam46c 12.2421510197398 6.37119133241348 5.5888562633949
Ctsa 12.9644748360344 8.95605085114616 7.6697875434868
Ifngr1 12.016051864462 8.16628194261394 7.80706453884206
Tcn2 12.1195930224409 7.44375133313959 6.62332639048799
Cmtm3 10.0110497819572 6.09490345350745 5.95496759802699
Ppp1r15a 12.6593601245383 8.02470097396032 7.74643179010959
Dhrs3 10.8328899765314 6.86261426336153 6.33237385048968
Lrmp 8.89491220593798 4.80954937709153 4.45959670326545
Olfml3 13.5644607358692 6.80045321029549 6.52036800488682
Pla2g4a 9.55730250855793 5.52311506796221 5.23562072538683
Ncf2 11.109264808914 6.00086819136001 5.93567628490127
Ctss 14.1223387589978 9.510577571144 8.40033595548761
Cd53 12.6270729328698 5.59279880565875 5.2947404419162
Fcgr3 13.3874319809845 6.38883577468815 5.93923007197835
Hps4 12.4456398299555 8.85309175066327 8.49821487742367
S100a9 12.2965410503709 4.98408203456268 4.81627052418114
Dusp1 14.1813580097059 9.19408642001514 8.55551558568995
Lgmn 13.4068999504885 9.3589760491584 6.77631799760054
Klf2 12.9915058739807 5.79686765273992 5.64865475623369
Fcrls 13.5200887013828 7.77808231743146 5.83003538774915
Tlr1 9.55990391864875 4.08980854085867 4.08398829599497
Rhob 13.3993450977518 9.90568575412954 8.89093924480147
Selplg 13.492313873689 8.99802230507217 6.78386054108362
Cd68 12.2825968841945 5.04216579723 4.84095144756122
Gpr65 7.85611733273235 3.88129944267529 3.69128890285817
Atf3 13.3007390383143 5.4307891209905 5.04877628726499
C1qc 13.5695399365939 6.28443302374709 5.66385877977151
Chst7 11.0545300964632 6.71636963472053 6.47619250664379
Hck 11.7192724128215 5.60209739162036 5.17831096233481
Casp4 9.17977855891737 4.8530178592405 4.05829233975633
Ly96 8.98885773803667 4.71686514124942 4.28346582920429
Lag3 9.94342037341401 6.47879117181625 5.71775893436689
Cxcl2 10.9236295592129 4.53168077585574 3.95179344967962
Ltf 11.9771261319803 8.28580354443876 7.17703129901419
Cx3cr1 12.8322911670036 7.16632182375334 5.80013216141082
H2-D1 12.6856010965553 8.48104838328688 8.41587618385613
Stab1 10.7835801182221 5.43494971670008 5.30321836616888
Evi2a 12.5801879760248 7.1977436155094 6.63708763961704
Il6 8.3523884587654 4.02364955459033 3.76423973145748
Pdgfb 10.6620659529342 6.61531265049919 6.35401528327082
Mrc1 8.47267687587698 4.43590188417702 4.23132151647837
Cbl 10.6935557955462 7.11665699311318 6.7707571297066
Itgb2 11.8281947861841 5.19788177720935 4.70795975981282
Psmb9 9.49408509768935 5.99174294881896 5.55296575924477
Selenbp1 8.46209954721546 5.08040473840234 4.91869694735089
Adamts1 11.3973807177838 6.14052810936346 5.07485720340753
Ang 8.67340897437916 4.14918912041748 4.14895865849894
Sh2b2 9.32069277757714 4.67606747701894 4.58586884584432
Tyrobp 12.9035612805634 6.27547978223311 5.96119906106494
Slc29a3 11.6835560124248 7.14046731417988 6.41442235436894
Emr1 12.777781853873 6.4255124537069 6.13867886441511
Nrros 12.3519497751025 6.38661594566668 6.0218411657704
Tmem119 13.699678559052 7.29395686095558 6.02568115005814
Pnpla7 10.5843197435089 6.86483117442139 5.49271395283544
1810011O10Rik 8.37120216738482 4.57965596415445 4.42525941689531
Havcr2 10.710530075929 4.31025333417522 4.15981450350992
Alas2 9.97256535353661 5.68997887554357 4.9754684773346
Cmtm7 10.4036329494645 5.484606744489 4.9699582685473
Mafb 10.9849900615298 5.7498207522229 5.59943090420295
Blnk 11.8079240962002 5.84152744066176 5.78015023409641
Tmcc3 9.16895367720384 5.56958622990495 5.27397151674471
Notch2 11.035203297165 6.21277842258281 5.5681561448709
Vrk2 8.87003271247097 4.71917790725776 4.49108265349814
Alox5ap 12.5749967599795 7.67316142186159 6.8655226168306
Fyb 11.7159427823204 6.21946265753673 6.13777830399697
Ctla2b 9.94438247489242 6.18023738911793 4.43271672739393
Hspa1a 11.9245276178108 7.03936316241872 6.94412940944915
Ccdc86 9.53354211585671 6.13638398380309 4.54730733265282
Slc37a2 8.79282849614854 5.4344399986214 5.25566086407404
Zfp36 13.4960506681509 7.75001336537145 6.14538654048577
Abhd15 9.92497435981129 6.0656762936445 4.79221373081619
Lmo2 12.1717394598769 8.21187798907551 8.12000745837354
Cyba 11.7749627835735 5.67193244925808 5.44184524897113
Spata13 11.8360921296241 6.51071951947655 6.19795003390206
Wasf2 12.4660305697947 9.05647589120058 7.29582794099839
4833441D16Rik 9.33372525445037 5.64213404521033 4.54261952349735
Cd52 8.83934325002235 5.21536130552215 4.73109921792615
Irf5 10.4417221455899 6.6711949699338 5.86766015521245
Naip2 10.8151812852359 4.60562595249946 4.50875758770287
Anxa3 12.9131833282778 5.830658113266 5.44111497176443
