Golm1 13.1709345745481 7.86831364535388 6.78957325481704
Dusp6 12.2043335698759 5.66648546158827 5.03307900434774
Tgfbi 10.1729708775644 5.88355576171514 5.60328238933089
Sgpl1 9.54910293773426 4.889254042723 4.54452927969186
Junb 11.5780026398467 5.34992712188681 4.74997831689987
Lcp1 11.8463632704423 4.84108256459341 4.40561663356752
Txnip 13.6993914736524 7.38253635686234 6.3736086611709
Klf10 10.1153774463127 5.55979901528686 4.65665887218008
Cd9 11.8962881279299 7.26239818639698 5.58008073006913
Cd34 10.5911587485583 5.53985249418303 4.85238873481882
Zfand5 13.0724898086973 9.52942707675265 8.19888391306017
Tpst2 11.1246231388186 7.63790608172511 6.45186267253059
Cd83 13.2264749464343 9.28238619731859 7.77317090935117
Sipa1 11.1257432146877 6.76479423587944 5.95676454522926
Coro1a 12.6004028717715 8.51328480786148 5.78162126440642
Btg2 11.4968904593275 6.12504737266095 5.789337783508
Ets2 10.8279407472273 7.42064431855711 7.03939597759963
Tnfaip2 9.08145533726492 4.34529065901249 4.18260098532335
Cyfip1 12.6066769077138 8.58060632333042 7.33434624400308
Lamp2 11.6172171151883 7.81828055157112 7.53660666811143
Snx18 11.9105809619856 8.11121314137498 7.9840417482402
Ctsc 12.6065842886925 5.24226397177177 5.17607600670694
Rcbtb2 9.51693799161507 5.99800518379469 5.06485460349138
Tubb6 9.94309885815544 6.25498072913877 5.97701186501376
Ier2 13.4150634942812 7.16176603052709 5.73109949484811
Rab32 7.60118101811754 3.913562654921 3.86675825994366
Nfe2l2 11.3735710823378 5.45017458305004 5.32611015526029
Socs3 12.8363611039744 4.52282740340667 4.15680550885794
Scamp2 12.0782300087712 8.50931404801009 6.6703894852596
4632428N05Rik 12.9592128362635 5.78650848567665 5.06654481605459
Spint1 10.3415667614487 6.67986511306892 5.24222351786965
Afp 8.20241684612463 4.06154361960054 4.02962231251893
Clic1 11.3846871257571 7.6710927634519 5.94596436245882
Plxnb2 11.1751053377305 7.10938015967686 6.58450393821627
Irf8 12.5606886061131 5.48826040235433 5.48033841315114
Dnajb1 11.4072973894197 7.84450861111869 6.04738667667141
Mical1 8.88736256308852 5.07709872421088 5.00545576628086
Fkbp7 9.58447874704344 6.13850644786687 5.23755186285512
Tbxas1 9.77227819439976 6.29186360799816 6.20089995637611
Slc39a8 8.3702572354114 4.23509452776481 3.9138725465744
Parvg 10.3224146114506 6.6898268909055 6.34681159462778
Mcl1 12.1472433486191 7.27889259221075 6.20214995559083
Rps6ka1 12.439882687873 8.81390731240101 7.04663842556033
Tnfaip8 9.91373565516323 5.98724449454894 4.75362081623719
Sirpa 12.4962163654576 8.88768948441255 8.51556245027675
Tmem206 10.2057688234462 6.66361932484036 6.40695589444791
Slc40a1 11.6365802495677 7.21850161142156 5.86588971927377
C1qb 13.3846079047961 4.94777390781904 4.72773578207943
Egr1 14.0125449996656 10.6402789584 9.02954972207448
Syngr2 11.4559121689701 5.75342973252187 4.94703112078653
Man1a 10.4296468533452 6.20008038876473 5.37876841210308
Plekho1 10.6038456884602 6.86962679486613 5.65795098234312
Pmp22 12.2653168767854 8.3272928411656 7.86012120086639
Usp2 11.7287066241903 7.06810787273854 6.02797546435475
Ccl6 10.223717633042 4.73077634597342 4.52162733595159
Cd14 13.3052539164274 7.04493244352281 5.91339480574559
Tob2 11.2284375997777 7.40545597415611 5.68560592818995
Pycard 11.8185468367102 6.41067279610797 5.4447748320009
C1qa 13.2380236204344 6.31267300291103 5.91551191355026
Il16 10.7022595486227 5.75967838693043 5.39883441906687
Slc7a7 11.052383619296 5.2698853989812 4.87163312035056
Klf4 12.698526861476 5.05942506965145 4.92690821655889
Sertad1 10.6747710405396 6.87386390284479 6.02397346725731
Jun 13.1567215574815 7.1577759409853 6.7989601675356
Srgn 13.2509970787582 7.29488590382263 6.07306462534303
Myh9 12.5865032254667 7.60124690831557 6.8861983122529
Nfkbiz 12.6860754101133 5.00966796345993 4.80608253548259
Tgm2 11.7718766956168 7.35417035558036 6.31317888104511
Plek 13.0669588958399 7.61179090337371 6.00319680100138
Itgb5 13.3318370523038 5.57119968665546 4.30322483002797
Elf1 9.08676867890006 4.76254953837674 4.3149319757847
Rgs1 11.2541972267774 4.83330464523274 4.55940395117031
Ier5 13.0591463203827 7.11226927865378 5.81799124562305
Snx5 12.5628056055199 8.8866823448365 5.11747692479871
Elk3 10.4901390004177 6.31906529744144 4.84324769739258
Naglu 9.26626288253695 5.63485021719852 5.41684414983252
Laptm5 13.2497958585741 8.24891284032582 7.19569639848386
Ptgr1 10.0953671914278 5.58006610283556 5.51779156242958
Serinc3 10.8737843005988 6.55586785135227 6.39863346062701
Ctsz 13.0341451754765 9.37235943769612 5.11681153361349
Fcgr1 12.3056772228307 4.69984998911377 4.67193621229406
Slc16a6 11.601886645942 6.69623005233457 6.22937375164729
Pdlim4 9.4700059993897 5.0510026099986 4.88451331434383
Ccl9 11.5606702750711 5.18799929746339 5.01042901571192
Tnfrsf1b 11.5849644137814 7.23525057645239 6.21821778619095
Inpp5d 12.5199395399242 6.98179120791684 6.34861299257286
Aff1 10.5286978143419 6.78041599663072 6.4525301748075
Tlr4 9.52419084436795 4.60702602678541 4.5296551012822
Pmaip1 7.94812896443572 4.07228542530149 3.89297634119091
Aif1 11.8782125697407 5.91383015332381 4.86464296888308
Lims1 11.3895886323577 7.47366672255997 7.34642927722868
Syk 11.2305153374971 6.62986578018748 6.11983441135165
Klf6 12.1614928848338 6.9592947538599 6.56421856864658
Mknk2 10.9559680185081 7.35109889696338 6.88964435082493
Crybb1 12.3010895138039 6.59131241824853 6.53766976454074
Fcer1g 12.6409109862305 7.12043109919942 6.09260382533954
Ctsh 12.8519091129382 6.12100043177084 5.57274365053228
Gbp3 8.5913202656342 5.15549486372368 4.91391350889195
Gpsm3 9.66649074936397 5.45212443569739 5.3312109933736
Ncf4 10.7081144474155 5.46482072298932 5.39809998190104
Nrip1 11.6975319588524 6.53624827633166 6.3990760291379
Ggta1 10.3145780373454 4.96947547773784 4.56742482423696
Calcrl 7.84138491604448 4.2792956359549 4.08583448860898
Lcp2 10.3889718130272 4.8801236350042 4.78586302204209
Ngp 12.4329204009581 6.52553242191075 5.52573930326163
Spi1 10.2850028049619 6.23154720866743 6.1476701599732
Csf3r 10.4703586336665 6.5990936289915 5.33067083927366
Ms4a6b 11.1222234312687 5.17381131757051 4.88482369515244
Hcls1 8.83239317939796 4.77481336622212 4.69592656033109
Pabpc1 11.1513836653323 5.45099954386024 4.22140155217314
Skap2 11.9890479352489 8.16289898611933 8.01593924649937
Cebpb 11.6879517821222 7.59970710886995 6.15891579028811
Plxdc2 12.0633823649962 6.83037608946945 5.90720032482494
Cxcl10 9.83264446685726 5.66803897938312 5.37362445359008
Cysltr1 9.33333349087416 4.37889558365993 3.95611837850733
Cebpa 9.88957255483431 6.06176625208124 5.22871489997809
Cttnbp2nl 11.7204560544011 5.78546928903339 5.40647043373893
Lyl1 9.97533629065994 5.5593084917994 4.93564639729057
Ptpn18 10.4025712369028 6.75381951012789 6.42346661457285
Tlr2 11.9268402473875 6.38386763739566 5.6241324370575
Serpine1 9.52331793271942 5.97013644746354 5.10904825997996
Sox4 9.95630765129675 6.0891934860757 5.51852313980908
Cd37 10.9048574016166 6.92987176682798 5.65566740733356
Map3k8 10.2849700718244 4.85462916541433 4.70886537337472
Myd88 10.7278217724093 6.41137127378214 5.86140866590826
Ccl12 10.5112043294489 4.62344518789234 4.53009054151634
Arhgap4 9.36525554969312 5.5547265725413 5.38131471342854
H2-Oa 8.7917936065526 5.18206159665929 4.96537404725288
Pon3 9.20297150005047 4.65714986979046 4.40646790797174
S100a8 13.0395448654869 4.89286227374785 4.574809491385
Il10rb 10.7116513838826 7.192707383407 6.79268121985212
C3ar1 11.7072754362155 6.96525299166779 5.30502223408787
Fgd2 12.1304825880125 6.26019158659662 6.01839882070174
Rela 11.8428094359349 8.08686000652965 6.87709069980385
Ccl3 13.4953964323281 5.52954941500773 4.72873914318725
Ms4a6d 11.3799791784438 4.95065903004418 4.65873524441147
Ier3 13.4963591841383 9.2283018287099 8.0286412746161
Nupr1 9.93831898336817 6.33066818618845 5.28987507541046
Camp 12.113738407204 5.86582453491687 5.7104801968012
Klk8 10.2464469222101 5.51669608998816 5.48956420641874
Chil3 11.1159878878753 5.10827488747496 3.6481594089514
Arap3 9.86775374576886 4.3335627509239 3.99348841360551
Tlr7 11.2112407400947 5.57503076846623 4.90709659765849
Hpgd 12.0107499612859 4.93333643940493 4.9063316210865
Mcm3 8.92535440058905 5.32678364991935 5.19513076853221
Slc11a1 11.4154854568916 7.51802863405986 5.3659738080543
Ccl2 9.49866288250659 5.23870265874494 5.21283867098016
Cd86 11.6419705628058 4.99818658687371 4.90784576188436
Prkd3 9.70383275414416 6.12009938458428 6.05265295029235
Gpr84 11.5935377294956 5.80086994321529 5.53569894055139
Vamp8 11.9027573726861 6.84553023196722 6.43499774076553
Tcirg1 11.3257053795282 7.8436926299657 6.89915213407022
Trim12a 8.5835260320544 4.30742554543587 4.1858792046345
Slc15a3 11.5219827541908 5.34092835052332 5.23854404039122
Rel 9.30153835661437 5.38221076733972 5.16180707585831
Tsc22d3 11.4721491337919 7.46409572273356 5.79024699769134
Sla 12.3378861062474 5.8456423849963 5.68588485335184
Tgfbr1 13.4953964323281 7.32417256267933 6.53713970335686
Snap23 8.47917138557207 4.52343177075534 4.074638731917
Asph 11.1131392793095 6.52871077043655 5.03122533673331
Ivns1abp 12.7182126498181 8.89166907672389 7.85943498683077
Rbm39 10.4094928984617 5.22891222987453 4.92683016407529
Vamp3 10.8638436564196 7.40514522758125 6.88074451860568
Bmp2k 11.3162621163235 7.22581231406997 5.66333550053544
Lgals9 9.80576100376818 5.70908938291458 5.47661225602946
Trem2 11.528689695107 7.40928165695463 6.5640463776109
Gna15 8.93153578094543 5.59802921649404 5.10781064991244
Birc3 10.7521481640029 6.73614253063818 6.49964888069676
Igsf6 8.68495551282954 4.30067134540583 4.2359870016237
Samsn1 8.95535277925432 4.58500575111306 4.54340324450507
Il1a 10.5450729398403 4.59357886192674 4.01432282339471
Hpgds 9.14123713383759 5.7627206251068 5.12840941903112
Naip5 11.1347547074536 4.92599108293506 4.57041205071081
Ccl4 12.7516225784521 7.35212334027625 5.94887614735752
Klf3 8.44575749935971 4.72250811627088 4.52636158070451
Itpr2 10.8613975316724 6.84233920517477 6.24795097803933
Stat6 10.5031698578152 6.74776441797265 5.20623287821222
Msn 10.7217422633417 6.62634775133207 6.31283751254673
Bcl6 9.97529153752311 6.46704778645537 5.57509246240579
Abca1 12.0785728549459 7.69697855215265 5.96190453041915
Adam17 10.581995677351 6.21732822380482 5.70763618177266
Dapp1 10.626591308075 5.50952371445881 5.34463683676603
Clec4a2 10.1190075949126 5.0298392536634 5.01426032152715
Fli1 10.0832277034328 4.1205857265881 3.75175247971574
Mitf 10.3277193773821 6.83786061082149 6.36207341116483
Ets1 9.75745818736726 4.02544765498323 4.02401829090189
Itgam 7.64683147867138 4.2721763101046 4.22086728105322
Ptprc 12.4215732421658 4.5708576091159 4.37223241984479
Fosb 11.9818678393755 5.7149480364245 4.80827771140483
Ccr5 11.7087776692335 4.60658250581155 4.60304033942976
Il6ra 12.6405285425734 5.65192570167078 5.57282208185431
Tgif1 8.50458243562559 4.7703783756151 4.30823454310216
Pla2g15 12.3512186582331 7.94042972892861 7.29436699546675
Itga6 11.5906633280243 7.19400089574365 6.9641353366843
Ifi30 11.4062018650154 7.72877225825044 5.8356592223094
Cables1 10.7158993683559 6.84467251028371 6.4054053562374
H2-DMa 11.3395300052483 7.330221915218 6.19691602751705
Zfp36l1 12.7019764996359 6.21521569485019 6.17124694259853
Gpr34 12.142699851518 4.09992327698165 3.96197732644555
Rrad 10.0026571297703 6.6040152585403 5.30843425481025
Rnase4 13.0771643703574 6.08983733813553 6.00085939312656
Hk2 12.3164140648536 7.27541284430293 6.75485356576632
Fam111a 8.33832002390926 4.73466143205794 4.51702144099773
Hfe 11.3196450739578 7.58854143628652 7.14293075499141
Pik3cg 10.1537853547168 6.53484880468882 4.86498557751174
Zeb2 11.4350095719432 6.92847689503023 6.63719760209374
Tlr3 9.63659550839082 5.66052062125679 5.52170668733231
Prkcd 11.3607793398998 7.12163685848432 6.63663852053768
Mertk 13.0985151577591 6.52622511028412 5.81774264168505
Cd84 9.96224237530016 4.65638274418728 4.62306247009526
Ly86 13.8305038298173 7.66159109016255 6.22169356080675
Vav1 10.4997459843954 4.20762791570295 4.13147285273476
Pag1 12.6736213180298 8.38050614754518 7.60647449417634
Fos 13.9327205870223 10.201394142134 9.33932303435714
Cfh 10.8438396260437 3.84446376545678 3.84060829388787
Tnfrsf13b 9.66545251361214 4.65057427888731 4.34914679842177
Cebpd 10.5744174492867 4.8835310118307 4.42001518000681
Hhex 10.060418644213 6.35506478643538 5.14421685840147
Entpd1 9.58873000960094 4.5130557744947 4.3532705213244
Ptgs1 12.1626150793908 6.2976448541919 5.20400123792332
Adrb1 10.5218876655346 5.94790651611679 4.59506671530339
Stk17b 9.80355004387352 5.78526224161964 5.48351061825488
Frrs1 10.6966078261321 6.80707814332239 5.22023947901702
Lyz2 12.5660138290276 6.8794128049752 6.40865963010201
Ssfa2 10.4026641404164 6.48485027981804 6.3673365319243
Galnt4 9.11869231898454 4.97038033674077 4.9280419820245
Ctc1 11.7422487728519 7.55466521542543 6.95091265217282
Unc93b1 11.3066168079527 6.82455494187111 6.36033622273646
Mob1a 11.6304802850351 7.89045212335744 6.94438660165054
Cmtm6 12.2803328178186 7.4094109412026 6.65756287231001
Wls 8.21516176510327 4.77436557970383 4.63966256202184
Tspan14 11.2007785813707 7.08779261362568 6.09067526653792
Lpcat3 11.4786154330381 7.15112949884245 6.89923942575142
Hvcn1 10.2856187487951 5.48376765506527 5.26566007613646
Edem1 10.5644676490564 5.32309732212589 4.6742004498883
Icam1 12.144222640413 5.66458524434251 4.67887082630209
Prkab1 10.8728158992286 7.39095452230359 6.50400291935433
Rbl1 8.51194870241016 5.07803730286923 5.04153861359916
Rcsd1 12.3223507478265 7.90177797710822 6.74408138123241
Npl 10.119227368812 5.87021108774053 5.07367763998983
Tmem140 8.46080936763924 4.70007348597671 4.57009219377195
0610040J01Rik 10.8106638816197 6.13081986224891 5.7465902588776
Tm6sf1 11.273380881778 7.88120429426389 4.26799844241285
Cklf 11.3324839569912 7.11742793012159 6.45320307173558
Cd177 8.01898297885642 4.50303748626448 4.1808798246385
Casp8 9.83591177234681 5.4563587125813 4.98964768109125
Tmed5 10.4601759587631 6.77433037636248 5.88238734459654
F11r 12.1638127271072 5.90780192453535 5.81649868066311
Eva1a 8.63294613398656 5.15914792951928 4.26495385810074
Zbtb1 9.31186634548201 5.90474446589303 5.57103988054198
Tor4a 10.4213155961976 6.66283903875715 5.71264330112787
Ptbp1 9.02225932629817 5.49903730234984 4.96345491289773
Glipr1 8.88148604367629 5.29499662665542 5.28197272555924
Lpxn 10.730982217212 5.35204367724308 4.46673832683149
Siglec5 8.337886172674 4.04875288779813 3.94124497328619
Fcrl1 9.27554865404005 5.72717272265011 5.17444709650993
Sppl2a 11.1847931951435 7.31447253839974 6.84771477876888
P2ry6 11.5909433501351 4.92573065308107 4.37390959271963
H2-K1 12.7949568117272 8.86048374064153 8.10253621878089
Tgfbr2 12.4312251246194 6.21122374687435 6.02183681580748
H2-Ab1 8.4512011309411 4.8954879691667 4.57592228859817
Ceacam1 8.73427463823456 5.23527848789901 4.36860450281259
Ncf1 9.01873662127703 5.33090671307382 4.95089323580653
Il13ra1 9.69650941211153 6.29319017959586 5.33812013907652
Adap2 10.4876327911899 5.62987982610584 5.51200702156095
Lrba 12.293139019726 8.90167461750227 7.64044774942167
Pld1 10.7880824610021 6.96037004734164 6.03060203063504
Suv420h1 9.74201990299736 6.38127955357966 6.36424941171178
Pon2 9.26937417743214 5.20631281597124 4.86242949845064
Capn3 10.437566906065 4.88150723451053 4.7402997905223
Casp7 8.22612436421626 4.82024936282784 4.65991323617911
Gem 8.28009388336886 4.28400938373657 3.82498049283414
Glul 11.9439234863599 7.42823067890674 6.20336713796483
Arrb2 11.5161791808491 7.63005902961839 6.15583655449302
Pros1 11.4244912078995 5.8112824912921 5.27377788932021
Rin2 10.1302854085197 5.87058488952078 5.21053305982317
Tifa 10.6649959627868 6.84009845126415 6.2681932819576
Arhgap17 11.0358082941061 5.2207966781166 5.16958819747108
Phgdh 11.0663668828628 7.41836406486553 7.25996844160633
Parp12 9.52345845288495 5.62366696185164 4.8333142526091
Trim47 10.122871565472 5.49943021039285 5.17228915760297
Lgals3 8.71732817427299 4.86243101225193 4.61447224471916
Jmjd1c 12.7042728123964 9.037576744996 8.00442246486644
Mlxip 11.0131464704826 7.40337535983236 6.77726534074013
Sash3 11.2528818012755 7.55373905052358 5.43781784880552
Themis2 9.94919523666928 5.50080091290511 5.28870674325965
Mpeg1 13.5339312443488 6.94543256614853 6.52784628237296
Hspa1b 12.7328150924375 8.38731319172359 7.85526427685032
Xist 12.7732517233129 4.93908706108954 4.27234829816744
Cd48 9.99176185857167 4.84861732312307 4.77129868185616
Akna 10.5978331936346 4.87216344404368 4.68414551005565
Sult1a1 9.92143049281146 6.5376947022658 5.19060468001719
Fes 10.5840546362038 6.79834573260358 6.42073524805726
Myo1b 8.42949791093437 5.02944932390179 4.85858989393417
Cep152 9.68353142517718 5.7267256869328 5.51987115320584
Diap2 9.90635960665803 5.6686902422742 5.14736871623482
Egr2 11.2144151601674 5.21104380900687 4.45235518595137
Ccrl2 11.4107831106411 6.03518892514611 5.60025904878948
Lcn2 11.7182561949748 4.24390258224815 4.22944485974592
Hbb-b2 7.86146929235822 4.15804126983811 4.08508498806388
Myo1g 9.04216166021584 5.64686181959617 4.98549126820692
Tmem173 11.1696407087511 6.86716327039731 6.25016864017717
BC028528 9.01173787915138 5.63477103422138 4.87150585122643
AF251705 12.0057126252299 7.81809465387775 6.93659960220153
Hmha1 10.4487011332694 6.25687500451604 5.56970865107808
Gmip 10.2055870255081 6.04391145480112 5.87177376585707
Nckap1l 11.1526856630168 7.31771650105883 5.14501680550556
Abcc3 9.7509259850256 6.0787476815765 4.86554758956559
Rhoh 10.7637079698635 5.00743403044823 4.88098134076652
1700017B05Rik 11.7522974287947 5.72064163401143 5.55241381925945
Srgap2 11.7585843286276 8.24107186381768 7.47794684511312
Gusb 11.4803411718158 6.17798095549353 5.35643555310883
Lair1 10.6612900224916 5.03584295745717 4.68201705644707
Twf2 10.9336973935694 7.48878780193841 5.42007893260439
P2ry12 12.4385715566921 5.08703633964972 4.55235618993195
Rnf19b 9.65744414029616 6.09434503070534 5.01796368365347
Epb4.1l2 12.5432840929574 6.62385057219594 6.58697831167751
Pld4 12.1700437011819 6.2616754608082 5.532274789051
D15Ertd621e 10.0624486421296 6.44248904515127 3.87186209101442
Lrrfip1 10.7224886700699 5.46240919568393 5.142648045104
Fermt3 11.4207362066657 4.44836840142445 4.1167669527965
Ankrd44 11.5679366187782 6.17400645732186 5.55259452305427
Kctd12 12.099676793357 6.20594892390412 5.06963999199507
H2-Aa 11.2644036954394 5.71675580226829 5.16556544821573
Fam105a 11.8820924454901 6.88187891433535 6.6975941376672
Herpud1 12.5116726598182 8.83743446734715 7.02113503794425
Cd300a 10.0530239896872 5.87312214024536 5.50069168103212
Wipf1 10.3652831365882 6.85879554488015 6.83333427964231
Lyz1 12.2502412289951 6.28693775604809 4.7533108090899
Zfp110 10.6738601357144 6.49185320344958 5.41879687874694
Clcf1 8.68466038510135 3.86776219824841 3.77910457077782
Hmgb2 9.04290768492065 5.61397022729063 4.13767157849074
Zfp36l2 12.4004422821899 7.14346640674724 6.34791540755361
Il10ra 11.9867649941734 4.88316257934297 4.78280553456075
Hexb 13.9214339669789 10.2441551104681 9.31591056546151
Rab20 9.64744268247702 4.05842512086767 3.93387711123883
Grn 13.6303783372944 8.4065925236527 6.94215877315647
Bach1 11.7684659473826 7.889821371624 7.7449175169212
Usp24 8.70392300506957 5.1865508163284 4.88423166201969
Fam46c 12.2421510197398 6.37119133241348 5.46648967430111
Ctsa 12.9644748360344 8.95605085114616 7.83922500354366
Ifngr1 12.016051864462 8.09561657762744 7.80706453884206
Tcn2 12.1195930224409 7.31280126375848 6.62332639048799
Cmtm3 10.0110497819572 6.09490345350745 5.71162923033071
Ppp1r15a 12.6593601245383 8.06313401345085 7.74643179010959
Dhrs3 10.8328899765314 6.81378910626441 6.33237385048968
Lrmp 8.89491220593798 4.72217848462614 4.45959670326545
Olfml3 13.5644607358692 6.56727685817464 6.52036800488682
Pla2g4a 9.55730250855793 5.37953456712599 5.23562072538683
Ncf2 11.109264808914 5.93567628490127 5.85563715765483
Ctss 14.1223387589978 9.49993658490708 8.40033595548761
Cd53 12.6270729328698 5.65769607292844 5.2947404419162
Fcgr3 13.3874319809845 6.36970071054153 5.93923007197835
Hps4 12.4456398299555 8.99446087182242 8.49821487742367
S100a9 12.2965410503709 4.91959656215366 4.81627052418114
Dusp1 14.1813580097059 9.19408642001514 8.52027758734276
Lgmn 13.4068999504885 9.3589760491584 6.94992657001676
Klf2 12.9915058739807 5.65479149505379 5.64865475623369
Fcrls 13.5200887013828 7.72562496527283 5.83003538774915
Tlr1 9.55990391864875 4.08398829599497 4.04446586202991
Rhob 13.3993450977518 9.90568575412954 9.20548902344078
Selplg 13.492313873689 8.98495624545679 6.78386054108362
Cd68 12.2825968841945 5.04216579723 4.88688684493907
Gpr65 7.85611733273235 3.88129944267529 3.7120979305517
Atf3 13.3007390383143 5.36538655579501 5.04877628726499
C1qc 13.5695399365939 6.26928620334247 5.66385877977151
Chst7 11.0545300964632 6.65439681863399 6.47619250664379
Hck 11.7192724128215 5.66696496484016 5.17831096233481
Casp4 9.17977855891737 4.82642331582475 4.05829233975633
Ly96 8.98885773803667 4.71686514124942 4.29186633097774
Lag3 9.94342037341401 6.47175367274999 5.71775893436689
Cxcl2 10.9236295592129 4.54009597572607 3.95179344967962
Ltf 11.9771261319803 8.14580765140142 7.17703129901419
Cx3cr1 12.8322911670036 7.30198323884623 5.80013216141082
H2-D1 12.6856010965553 8.41587618385613 8.37697441839172
Stab1 10.7835801182221 5.43494971670008 5.22357201382541
Evi2a 12.5801879760248 7.1977436155094 6.84183881303717
Il6 8.3523884587654 4.01968353919218 3.76423973145748
Pdgfb 10.6620659529342 6.48069546670001 6.35401528327082
Mrc1 8.47267687587698 4.38623556969677 4.23132151647837
Cbl 10.6935557955462 7.27768581420824 6.7707571297066
Itgb2 11.8281947861841 5.15825852181358 4.70795975981282
Psmb9 9.49408509768935 5.99174294881896 5.61526857881256
Adamts1 11.3973807177838 6.16270902271795 5.07485720340753
Ang 8.67340897437916 4.14895865849894 4.11148138913793
Sh2b2 9.32069277757714 4.64776439906683 4.58586884584432
Tyrobp 12.9035612805634 6.25660921393847 5.96119906106494
Slc29a3 11.6835560124248 6.98101714942556 6.41442235436894
Vasp 10.5290974508756 7.08328574357114 6.87456298766966
Emr1 12.777781853873 6.491226538675 6.13867886441511
Nrros 12.3519497751025 6.31920911893354 6.0218411657704
Tmem119 13.699678559052 7.43392431635497 6.02568115005814
Pnpla7 10.5843197435089 6.77456784867078 5.49271395283544
1810011O10Rik 8.37120216738482 4.55194621279449 4.42525941689531
Havcr2 10.710530075929 4.31025333417522 4.19613198914858
Alas2 9.97256535353661 5.53575315401254 4.9754684773346
Cmtm7 10.4036329494645 5.4122450931152 4.9699582685473
Mafb 10.9849900615298 5.7498207522229 5.67674795663592
Blnk 11.8079240962002 5.84152744066176 5.75489469391163
Tmcc3 9.16895367720384 5.50493701338139 5.27397151674471
Notch2 11.035203297165 5.96977719418286 5.5681561448709
Vrk2 8.87003271247097 4.71917790725776 4.48111722053761
Alox5ap 12.5749967599795 7.67316142186159 6.79451949863668
Fyb 11.7159427823204 6.21946265753673 5.97835646195712
Ctla2b 9.94438247489242 6.18023738911793 4.32801544439288
Hspa1a 11.9245276178108 7.03936316241872 6.96591936330639
Ccdc86 9.53354211585671 6.13638398380309 4.64379291447327
Zfp36 13.4960506681509 7.70230389726275 6.14538654048577
Abhd15 9.92497435981129 6.1045719354492 4.79221373081619
Lmo2 12.1717394598769 8.12000745837354 8.10827112710775
Cyba 11.7749627835735 5.67999095379649 5.44184524897113
Spata13 11.8360921296241 6.39746869149333 6.19795003390206
Wasf2 12.4660305697947 8.90635878122103 7.29582794099839
4833441D16Rik 9.33372525445037 5.66526004611936 4.54261952349735
Cd52 8.83934325002235 5.11182604892768 4.73109921792615
Irf5 10.4417221455899 6.55755564355727 5.86766015521245
Naip2 10.8151812852359 4.58744878540377 4.50875758770287
Anxa3 12.9131833282778 5.8167394327078 5.44111497176443
