Pvalb 11.686934339121 7.65199714800226 5.88898694666131
Sst 14.2064566787267 8.32448694119071 6.12678354643154
Timp3 10.1926310060006 6.25718029312883 5.80874377082785
Npy 13.3454508642041 7.74007530596092 5.62751487733732
Lgals1 12.2721601262823 7.88522404514306 4.75174811385567
Dlx1as 8.90259504179084 5.18346497499075 3.8709530866611
Slc8a1 10.1950343963781 6.66925840322835 4.76140244140905
Arx 10.4072598695743 6.0087849281542 3.98932708947714
Col19a1 10.7576780703524 4.8900608518398 4.21215933013769
Gad2 10.1894812521186 6.70494386029321 5.9410461746866
Igfbp4 11.8971065152113 8.34195517657038 6.36730512528099
Lhx6 10.9293485821738 5.95209919871493 5.41293718893485
Rab3b 11.4455737716884 6.6487246961864 5.47214274045868
Ache 10.4180193965632 6.5971216551991 5.09302770919609
Slc32a1 12.6253178651895 7.48691300287716 4.84001393994338
Cdh13 11.7798765224806 8.36110087296693 5.45944602991447
Pnoc 10.8248174031488 5.66889454607985 5.46928752650363
Olfm3 11.8039589714852 8.07916323967458 4.80871849163406
Kcnmb2 10.2238167462415 6.27881162302688 5.29742375594661
Grik1 9.15476661666847 5.40153553303787 3.82859243787073
Fhod3 9.57646488405029 6.04962471968014 4.68365582810921
Rpp25 9.7856099246939 5.03430400684048 4.61921769954192
Reln 13.5398897525198 7.80504434669272 5.84157656088717
Cort 11.9208752264714 8.29334472822543 7.09635743705365
Grpr 10.0510154067124 5.9743683986884 4.92469754090548
Klf5 9.66698150148354 5.57823253917046 5.26213323494141
Rgs8 11.6832234331956 8.26816486599557 4.7854524861273
Nxph1 8.99316321790731 5.63744616879116 5.350243782718
