Tgfbi 10.214108505107 6.19580496964956 4.45436031753368
Lcp1 11.9186828085383 6.42227923058575 4.32612231842596
Cd83 13.2161047162533 7.45510734007602 5.48689145328906
Sipa1 11.028832104782 7.30873127794149 6.21765268784322
Tnfaip2 9.07410944533167 5.38208132170733 3.91001147617463
Socs3 12.8477426387797 8.16272168396026 4.02846107265321
4632428N05Rik 12.9633024758073 8.56237180354389 4.88600722334666
Spint1 10.3283172527647 6.04709041184063 5.20054911727119
Afp 8.35050803873215 3.95995376416357 3.66085843218985
Clic1 11.3122330580261 7.80579589147979 5.45873988608961
Irf8 12.5462653592052 6.06114840167853 5.20820370324152
Dnajb1 11.2409766690475 7.9179696940077 7.16141122279969
Tbxas1 9.68864876043037 6.32780169118515 5.72679167079122
Parvg 10.4281853264487 6.57252725996229 5.29695013118546
Rps6ka1 12.3511118887686 8.57226709357004 7.45136615457229
Mfng 10.2459357618163 6.06468686463689 5.57506597211344
Slc40a1 11.6873175794834 6.96521468770619 5.69011759832283
C1qb 13.3809165744448 7.32133372103729 3.74688440027115
Ccl6 10.4831140019336 4.85170888200169 4.03687750097553
Cd14 13.3794861542207 7.56669251119727 6.27277945010988
Pycard 11.7530559991681 6.28852353304067 5.35631365473539
C1qa 13.1874316054276 7.55433160655238 5.10418174279125
Il16 10.5676116874908 5.79047691653432 5.28638028486753
Slc7a7 10.9326702827516 5.57409470189644 5.06119184867315
Srgn 13.2795222117037 7.22224592368181 5.49909553356737
Nfkbiz 12.6921044506167 8.86888846888951 4.97206617580535
Tgm2 11.6702792723547 7.75242815241739 5.51892061461587
Plek 13.0385446953369 6.60324028245133 5.68516835601014
Rgs1 11.3590498478886 4.8842029587516 4.53646540726713
Cd79b 8.10777669835161 4.77268809642973 4.53964494887266
Snx5 12.5419589726741 8.7456939043332 6.79944337976768
Elk3 10.4319956263106 6.27312979878986 4.57193577169255
Laptm5 13.25292607905 8.411744782315 3.89000180489839
Serinc3 10.7887820532689 7.02836881974453 6.34536388626204
Ctsz 12.9968566741552 9.67333327755644 6.41579641173828
Fcgr1 12.2955371160684 5.14052592361896 4.42783911275859
Slc16a6 11.5647594820405 7.40245487299994 5.46397912997454
Ccl9 11.4677327663853 5.27075137377968 4.78795135014162
B4galt1 11.1336165305587 7.32682906838865 5.94114567813242
Tnfrsf1b 11.7452188608572 6.80816657881966 5.90747178567799
Inpp5d 12.4577394438636 7.57251761646494 6.37560295299573
Tlr4 9.57555684780965 5.2180008199392 4.35768675270888
Pmaip1 7.97566326054479 4.60933797817447 3.96476821751988
Aif1 11.8214348072249 5.39632858975953 4.86423583939077
Syk 11.3160084368777 6.91646224453288 6.13614819599375
Klf6 12.2250639567383 8.08485822485562 6.33010109312213
Crybb1 12.2648088011919 7.10064215496561 6.39380717531217
Fcer1g 12.6718396223893 6.71060823273771 5.70492425240114
Ctsh 12.87251521366 6.58640635968129 5.20157897099899
Gpsm3 9.55595780536678 5.54438589855813 5.08392132049835
Ncf4 10.7292352869563 5.24070817827592 4.82858411981678
Ggta1 10.3002208247185 5.82954043308749 4.08016564531484
Lcp2 10.4089431447829 4.9620063888617 4.50715304055113
Ngp 12.7574775005176 6.25573582389312 5.34928227423278
Spi1 10.4190424481911 6.11920499283956 5.89045037520466
Csf3r 10.4683520496493 6.78215611022902 5.2798820609712
Ms4a6b 11.2554621340409 5.40002336225087 4.75637570651165
Hcls1 8.70906636115833 4.89471920154469 4.62624456367784
Pabpc1 11.1781404360411 6.20831952153304 4.45089554118655
Skap2 12.056136723105 8.63773887847866 6.54210908777826
Cebpb 11.5932508063623 8.16205734383938 6.10184521556849
Plxdc2 12.0745716973584 7.95723096231356 5.63619127555555
Cxcl10 9.72683118350032 5.70383248267113 5.10553532217254
Cysltr1 9.25437959121948 4.46353781725948 3.90434970023548
Cttnbp2nl 11.6991350325633 7.31163681824833 5.8508500424056
Lyl1 9.96552235514374 5.44611132307259 4.96684072227089
Ptpn18 10.3344380846283 6.59165105372429 5.63920641380079
Tlr2 11.9276981137555 5.9846830867709 5.57342979389686
Cd163 7.96377468160987 4.25040806851142 4.00767890831645
Serpine1 9.65311808101758 5.3591174918496 4.61695239745883
Mlxipl 10.5385226388773 6.53259427392119 4.85363830988824
Cd37 10.9003612304416 6.53165897469961 5.28101546520869
Map3k8 10.2772018482877 5.03980626405729 4.82725098115908
Myd88 10.6605178444686 6.74689949791107 5.71394884777381
Ccl12 10.6391731596107 4.63387338229437 4.33924424953966
Arhgap4 9.32893709991249 5.49745398686561 5.26721320228162
Pon3 9.25424963832735 4.65652122578698 4.23975667527504
Slamf9 11.1460693903532 7.8133592595583 6.2446131597206
S100a8 13.1710031765985 4.95802959676718 4.55101980366992
Il10rb 10.5493104181091 6.7348297197201 5.22891607045903
C3ar1 11.7048817822179 6.46716641700346 5.3030378128737
Fgd2 12.0963667807367 6.23494977820797 5.91734566726451
Ccl3 13.5359936909524 5.11036091404416 4.54757032369773
Ms4a6d 11.4841310922632 5.24755662566101 4.35778075498731
Ier3 13.5124048716238 8.43916394225255 7.20995097184315
Camp 12.4507582747533 5.76202972724345 5.33196943060394
Klk8 10.1827990465209 5.90219197343477 5.45615319709903
Chil3 11.4871946767607 4.51978077887424 3.72300307903421
Arap3 9.99309938625579 4.38186919044578 3.97095537042326
Tlr7 11.1537008662761 5.32990643616395 4.77328000180199
Hpgd 11.9738918982247 6.20045674837712 4.21254141445901
Slc11a1 11.3948658681908 6.63479367829142 5.60256848513471
Ccl2 9.3887194295731 5.36518808515964 4.91296894718064
Cd86 11.6527693006629 5.29990628250463 4.78496689717974
Gpr84 11.5263505075912 6.27039465027007 5.31158009260946
Trim12a 8.39694276788024 4.58727825823659 3.97013673178615
Zfhx3 11.2191522315493 5.94461153408984 4.40794476555997
Slc15a3 11.3995649353571 5.58960589133672 5.15773463145835
Rel 9.43208070521036 5.81486675731878 5.15900402579389
Sla 12.4329217789332 7.72452671639487 5.6909169495346
Tgfbr1 13.5090583473981 7.8488569558309 5.7621306733352
Adcy7 11.9949098164077 7.15443496694088 4.82803349892651
Lgals9 9.69958847858634 5.84093357214374 5.18882334586478
Trem2 11.303795824757 6.83992319734916 6.18595294667372
Gna15 8.99367862824198 5.52455002202059 4.94386765775972
Birc3 10.6915102166933 6.66630735813246 5.9333689227315
Igsf6 8.83394697282607 4.3273266893174 4.09856727439245
Samsn1 8.81738530496463 4.73279511063623 4.4482962002668
Il1a 10.5376640185961 4.51988875674266 4.29400400647657
Hpgds 9.22775583355141 5.37959116676291 4.86705892098415
Naip5 11.0978070538461 4.83894911550463 4.11721207668913
Ccl4 12.6588721873418 7.61618661108196 5.86367983003298
Stat6 10.468465477124 6.19731770645137 4.89708169128155
Clec4a2 10.1399334143348 5.25359478911196 4.852275362651
Fli1 10.1221580891138 4.26447283939859 3.80471706160954
Ets1 9.52298260959165 5.13295095547092 4.13421842495797
Ptprc 12.4924457080349 4.76354678098565 4.30679825342577
Ccr5 11.6775104276773 5.37455192554375 4.35554905244884
Il6ra 12.6762370901779 6.29481779762438 5.5176677244784
Tgif1 8.32241012578398 4.88578707934347 4.56979229482659
Pla2g15 12.3402771280608 8.01851313256614 6.50741065703323
Ifi30 11.3741036101554 7.30486396747774 5.94076324160292
H2-DMa 11.302506340632 7.49322056192091 6.40470415476799
Gpr34 12.0465417111213 4.32929356736416 3.9863107129035
Rrad 10.0218987777276 6.1178787035511 5.21232822957579
Rnase4 13.0645450224258 6.41790559519726 5.19187577275468
Hk2 12.2311857728962 7.51593430491791 6.02248387925158
Hfe 11.261965590755 6.83781039705067 5.68592459541934
Pik3cg 10.1391450667911 5.69009027978081 4.99519674630448
Cd84 9.79853579725004 4.72249882994243 4.36489123371041
Ly86 13.8484382572477 7.19754266844084 5.32900211888484
Vav1 10.4988780096262 4.19554347332949 3.94055478472808
Cfh 10.9189995251726 4.2786525314578 3.48570296780513
Tnfrsf13b 9.55249902249023 5.08210898462378 4.30070984675694
Hhex 10.0129558927535 5.97356858062019 5.1939849599211
Entpd1 9.36332417160173 5.53306965594171 4.16927472436855
Ptgs1 12.1460566579667 8.2378617313306 4.86628532571951
Lyz2 12.6255399097117 7.30453578938605 5.93216975195296
Ctc1 11.7381009275171 7.87174831557334 7.24484743516308
Unc93b1 11.2638153754962 7.17793737267539 6.40553815446024
Cmtm6 12.3249537931389 8.71285800347408 4.6892970076428
Hvcn1 10.3744362140918 5.70601715617941 5.32775896168291
Edem1 10.5468048765477 6.88186174512219 4.58751704323801
Icam1 12.0835121128031 6.38301477461085 4.77789880624994
Ptbp3 11.2821230739434 7.93784666990998 6.04956989913157
Rcsd1 12.3327371826167 7.64776546764091 6.40058859175205
Tmem140 8.37653073680301 4.71219773537896 4.38956908698773
Cd177 8.34962699286364 4.54801371859824 4.13049671150205
Casp8 9.75678338176791 5.30120977942954 4.93078980883265
F11r 12.1396861374846 6.50914970426854 5.6678038481305
Ifi35 9.14048261664104 5.65916235014239 5.32006975081178
Tor4a 10.2205590701386 6.87446565722581 5.47157954605176
Lpxn 10.7275528959061 5.19948704434633 4.39464804917839
Siglec5 8.28941632201165 4.16821834351929 3.80047224459786
Fcrl1 9.22764356004362 5.60512723378799 5.26162360877788
P2ry6 11.5574667748729 4.64004449340885 4.2783367578884
H2-K1 12.7949568117272 7.98308606558259 7.28441150517807
Tgfbr2 12.4393744689228 7.72732184841212 5.44547553214904
Ceacam1 8.80282175058088 4.79707776397443 4.52716203099752
Mlph 9.57489838859243 5.8425007284325 5.15248207454333
Ncf1 8.88584686160739 5.53039899369891 5.22950821020907
Il13ra1 9.84239214017086 5.9173410952909 4.25898832490967
Adap2 10.5722797031115 5.39487736055675 5.06046915333127
Capn3 10.3369957490321 5.09133299910897 4.52270618296937
Arrb2 11.4983554070217 7.13560488232976 6.63722222485924
Pros1 11.4603712254362 7.51108118467235 4.66024711606368
Arhgap17 10.9767981793134 7.47659240585895 4.94315472635097
Trim47 10.0791566495733 6.57963562655283 5.32921379681478
Plcg2 11.1549584884923 7.82030758572978 7.11207692137967
Sash3 11.249005723635 6.91807163776269 5.22852786794284
Themis2 9.99513496121799 5.3522950792624 4.89617386396937
Mpeg1 13.5931395335038 7.24825432389092 5.67082582014634
Cd48 9.95999221182058 4.85497622520868 4.29088130731779
Akna 10.7072692564892 6.62715790705715 4.70001665823674
Fes 10.5551239260507 6.79568848391942 5.89573097675847
Cep152 9.74520694836984 6.09700580402894 5.65297708648819
Ccrl2 11.3826980615646 6.48286807217404 5.79367300707851
Lcn2 12.0118513639671 4.50960157102257 4.22049443720846
Hbb-b2 7.88283645776123 4.31253959618416 3.88634154773489
Gimap6 8.28531118681062 4.9245600666436 4.558614196046
Tmem173 11.0989726590541 7.7748128044883 5.9877363986413
AF251705 11.9378287827213 7.35942465517874 6.25985769279751
Hmha1 10.4292840746509 5.95784533382115 5.43697346527017
Ebf3 8.03327435115078 4.59671103353724 4.12313895785531
Gmip 10.0312950363764 6.36439746157742 5.72539126355102
Nckap1l 11.1514517971807 6.28256548445518 4.78400743566589
Abcc3 9.68880748830503 5.65119706927271 4.97904050496774
Rhoh 10.6886747062572 5.53492476637352 4.77768147458455
1700017B05Rik 11.7630363477309 7.39005125658411 5.6551918919456
Srgap2 11.7876768649285 8.43364890518106 7.9096237214615
Lair1 10.6341607739461 5.87582330977321 4.85745477608122
P2ry12 12.3417720061336 5.75268926553098 4.68739965012512
Rnf19b 9.59453701735849 5.73225067245139 4.72217344789229
Pld4 12.0162068213804 5.98515539945397 5.2508583247579
Lrrfip1 10.7165591037594 7.1562989167078 4.85926046397547
AU020206 9.7250304187546 5.6254985314323 5.00015775351498
Fermt3 11.255187597153 4.58488338380687 3.88971770454115
Ankrd44 11.6555430067368 7.95949043561235 5.36142336558455
H2-Aa 10.95884712019 5.80974384393498 4.63149298599335
Fam105a 11.8141138102905 8.35949812644057 5.87608127008804
Herpud1 12.561534184029 9.17787235753808 8.24556720382932
Cd300a 9.78331319123392 5.51060193352652 4.82259360302433
Lyz1 12.291433368859 6.48953610063915 4.34335055270807
Clcf1 8.66818372368241 4.02083357429262 3.69410642619901
Adrb2 8.06163788196254 4.40047876712662 4.16921044164807
Lrrk1 9.00233842375518 5.280980410434 4.61010149886391
Il10ra 11.9204835825207 5.12993897795505 4.75997558951664
Hexb 13.9682695694516 9.68330932806322 7.87021409733256
Rab20 9.47961105235741 4.94175098913685 3.83360197569304
Grn 13.5694893497197 10.2118452987812 8.00865259971845
Ifitm6 9.52062006754197 5.87994596287157 5.60459204296092
D9Ertd306e 8.17933645172779 4.72062399983874 4.23550882184702
Fam46c 12.3008656779841 6.0974643879628 4.66734691934431
Pald1 10.8157904216058 6.86021753820251 6.06294369537575
Ifngr1 12.0120817823602 8.3450908793183 6.98157446980762
Anxa1 10.0891907764378 6.05517041511997 4.5029101136301
Lrmp 8.72621364395205 4.61711092881657 4.33479985034984
Olfml3 13.5589885962411 7.08560353182798 6.10994520588146
Ncf2 10.9678841319022 6.3820592821432 5.55404774514798
Ctss 14.0972400899769 9.8077050395043 5.00769295244619
Cd53 12.647448770815 6.32437836574454 5.09487598446385
Fcgr3 13.39521832835 6.59297489894958 5.28481563871003
S100a9 12.5433488948648 5.25747536501403 4.65324641105324
Hp 9.14524736055938 5.70730210788715 5.23920145289541
Klf2 13.0114488593516 8.86705362190387 5.48397677402165
Fcrls 13.5094801235154 6.49555877879044 5.59805338972312
Tlr1 9.47210882993985 4.51589196043565 4.16197796855904
Selplg 13.4608296010201 7.81238117360079 6.07786328413167
Cd68 12.242490069775 5.84356488183954 4.88250298837011
Gpr65 7.84688309866013 4.31719924832359 3.82271738218844
Casp1 8.7453943640576 4.93527640732262 4.29577620786781
Csf2rb2 9.41716750216967 4.98806267353971 4.32353564663607
Atf3 13.3007390383143 8.48492970336031 4.99896095706964
C1qc 13.5863871767458 6.88920604026699 5.0345433139868
Hck 11.677853867497 5.6034390128068 4.65016759179793
Gcnt1 8.17673933531389 4.39883067267044 4.11059118692136
Casp4 9.24666718666705 4.74593601701053 4.04556527015984
Ehd4 10.2095137657382 6.78070013664784 5.34948729056141
Ly96 9.04291773410898 5.48068268309246 4.49977663157482
Lag3 9.95212609690159 6.22630103130641 5.28211778607222
Cxcl2 11.1862547067567 5.08774388927117 4.19601290636698
Ltf 12.2109361391241 7.61901748226722 5.94193510553769
Cx3cr1 12.8661645891936 6.95319187471067 5.12986982726401
H2-D1 12.6018887958776 7.92194319542552 7.1230091630312
Stab1 10.8319181809469 5.66074067841759 5.08794742224781
Il6 8.39447282799593 4.43494075574329 3.78985429080181
Pdgfb 10.784427213788 7.30560549818963 5.75369385532995
Mrc1 8.63837955832117 4.52697662374219 4.1549180158524
Itgb2 11.8272052895604 5.19860432546701 4.5147296282456
Psmb9 9.34845122497028 5.96149288279998 5.322558517732
Ang 8.39410428367088 4.20696343912145 4.00953137547697
Sh2b2 9.22244603896785 5.46726470583814 4.57114125555753
Tyrobp 12.8882077765556 6.81060324685606 5.49223469140893
Emr1 12.7324162108168 6.9231843415491 5.4635515465977
Nrros 12.2035612900789 8.85678430987708 5.84476572181845
Tmem119 13.7062504747088 6.99162438738789 5.67612219060248
Parp14 9.29651035265735 5.71346333842679 4.94473930096536
Ttr 13.2596253146871 8.60931672067531 3.93940872690151
Havcr2 10.6395343238155 4.34914321065892 4.28609967075693
Alas2 10.1192139258561 5.59467791748772 4.82953065291305
Cmtm7 10.2158890607314 5.82354269014746 4.84741855605798
Blnk 11.7867853033936 6.97277401684816 5.05352838785839
Alox5ap 12.5576931349978 7.14478604188705 5.88416500246674
Fyb 11.7070682335866 6.70383728152816 5.97114284612048
Ctla2b 9.98817720392032 4.77013369767714 4.07894204877734
Zfp36 13.4710413836478 9.86526870874233 6.38455446166149
Abhd15 10.2572440975652 5.6196811327341 4.99938604071804
Cyba 11.7795222099381 7.08802099303639 5.04436126170367
Spata13 11.8423721764084 8.25320087316501 5.11570129704561
Ptpn6 11.5568573976642 7.64974428407229 6.43038378611102
Tec 10.1464631671626 6.78214908790089 5.49405484925185
Cd52 8.87459768254704 4.88565805364459 4.5022222167696
Irf5 10.4986359523617 6.42051567248857 5.51731308677421
Naip2 10.6906973938164 4.67745912420557 4.19448377789798
Anxa3 12.8939144704404 6.20474203916472 5.1056904383294
