Agtr2 8.78319557774728 4.93327948957828 2.34892092947984
Cd24a 12.7875328366278 9.28510548588802 6.25684585251177
Rgs4 12.9746198107392 9.10318856684334 3.30192112094283
Hsd17b2 8.63188586222491 3.33306748076841 2.45337590718101
Irx3 11.8109653532907 7.35101172481749 5.36596684840141
Lgals1 15.2004450822194 10.5608570242244 9.18562507606789
Prss12 11.8316962545876 8.01895872274303 4.76541106573844
Slc5a7 8.60377065432086 4.36376984944786 3.2696512496225
Uts2 10.7008862331399 4.71755944985121 1.71278285602969
Slc18a3 13.4883944660593 5.60746847610943 3.85135152497598
Mrvi1 7.53466027452931 3.90567485900732 2.51173672218277
Nefm 14.4781516263352 11.014004935124 1.73708506747029
Ecel1 11.5019457182642 6.67642162645549 5.66615730385767
Calcb 14.2943276518872 7.1637236096258 4.35908902489285
Sh3bgr 13.3516733428789 7.96989207831018 3.97186081844176
Isl1 11.9986820109238 4.56195277140549 0.911055911652506
Nts 11.7959741864784 7.08867508869074 2.50923617269623
Nefh 13.6687556641956 10.3030284751159 5.21453066879872
Rorc 6.57185419583726 2.29126861811588 1.28568132085705
Caln1 13.705139204575 9.50399725402442 4.46304933356573
Cabp7 7.11395225893314 3.24414978941426 1.5445621724613
Susd2 12.1799048007323 8.73560520190701 2.88603839921852
6330406I15Rik 10.4747237943259 6.75062859535987 3.19497022633416
Wnk4 9.78910635673746 6.24524224854493 5.17086582839105
Calca 14.5149446528556 9.08415227183208 3.95277110959638
Srpx2 7.07764137165778 2.65002667060675 2.30047344228454
Amhr2 8.19218807525583 4.26212331598858 2.10139264362287
Spp1 13.4794317391197 9.23947290068932 3.74806819836766
Dcn 10.6242616290584 7.02308947410274 4.69089443704916
Trhr 10.2781336579631 6.01995347898241 2.47609465208655
Grin3b 10.0697282991763 6.67174621424025 6.05852961155041
Ucn 8.73160453484368 4.19502077902439 1.72650850811398
Kcnj14 12.6933357336857 7.22214026959357 4.238908223718
Pcp4l1 13.4600180967282 9.90879801116552 6.18476002550237
Rspo2 11.9355628822471 6.87458075010802 4.57108569775435
Mnx1 7.58089983973757 4.23464118425997 3.08768579065263
