Aldh1a1 13.3151887067245 8.87176173575076 7.37436051861742
Slc6a3 12.2910207017769 6.86759834038265 5.43777582961582
Amy1 9.85839452707247 5.24691050814933 4.88236554501494
Col11a1 8.43257091374189 4.65557724794859 4.50652631773104
Sptbn1 12.0021331279105 7.69982416114421 7.31601998314536
C78859 9.08304570200583 5.32686838014486 4.25228378509869
Th 12.8257335889619 7.00444357404445 6.42349317835901
Mobp 12.5641981346435 8.75455999138612 4.70994976448284
Gcnt2 7.51708365159079 4.05402735357564 4.0056917183608
Prkcg 9.79275065034498 5.84414211770481 5.81821913136918
Tenm1 10.1254296306149 6.35445538479753 5.21108697244945
Syne1 10.67508089332 7.09171966139859 5.60402553972163
Foxa2 9.06918637310327 5.32524676806633 5.27611906451653
Rapgef3 10.1744204363555 6.68306170897469 4.72265795017275
Ptprd 11.9761398915324 8.42316485165001 5.19564409411151
Meg3 13.1346957827346 8.96068621813469 7.46489972085518
Ryr3 10.2207486475248 6.42349861740247 5.68079453371508
Rian 10.4387391493977 4.30957362484583 4.22689942023917
Snhg11 13.201020376217 8.50989245765138 5.50353999834229
Col6a1 9.48987510412281 5.81823830408848 5.81143551580236
Chrna6 9.36083805742823 5.30812172231055 5.24604931684203
Cacna2d2 13.1058181930731 8.83273830690676 6.03704981597976
Cadps2 12.6616568374818 8.25017964185044 5.23131655786108
