Gsn 12.0512577250779 8.60694960371961 5.16028390009414
Olig2 10.4655634936014 7.10488215165191 4.26450175502446
Ppp1r14a 11.5156605707033 7.47548200908941 4.27870281716133
Mobp 12.7352376022816 7.99527381223133 5.00560385847125
Gamt 10.8360630750298 7.42291099315304 5.95944309049569
Pdlim2 11.9477279705557 8.38313546985625 5.64480913319857
Lims2 10.892985299426 7.51031771294319 6.74430117744349
Tspan2 12.5549381500905 8.52692976049116 4.98636577100943
Ddc 10.4572177080329 6.45543865250104 5.13898006844343
Nkx6-2 9.31973711509396 5.65240969916088 4.95526510138348
Mog 11.3249023861243 6.50992202917533 4.12163647727274
Pllp 11.0242907861994 7.50900540203129 6.59549525089967
Josd2 11.0530360489802 7.50201513931555 6.62276684740553
S1pr5 10.5838472001479 7.20870771653867 4.18161982504653
