Ppp1r14a 11.5723485999827 7.42916710209161 4.21740484964043
Mobp 12.7039409638071 8.97097262771053 4.93039847731981
Gamt 10.8549594778585 7.29344319589299 6.00667206506295
Pdlim2 11.9529140333052 8.38313546985625 5.64709443568436
Lims2 10.9859165406821 7.47585674846633 6.72028943835412
Tspan2 12.5500005673023 8.21416700250461 4.87334795885975
Ddc 10.488620440439 6.23853273051212 5.13898006844343
Nkx6-2 9.33148224172111 5.49438272100893 4.95526510138348
Mog 11.2812909392058 6.39188032606407 4.09869624348785
Pllp 11.1347810974486 7.59271263429241 6.59549525089967
Josd2 11.0829841523768 7.59690380363836 6.67573302479004
S1pr5 10.5620675974253 6.7450541636312 4.18161982504653
Gal3st1 10.1947202823824 6.85724234334604 5.64607982579531
