Slc6a4 13.2439176433155 6.16434397016969 5.89951939786371
Trh 9.9505634731337 5.46124287667641 5.24163495441614
Necab2 11.1618207798751 7.61567820282179 5.91838273061366
Slc22a3 10.5815262018998 5.09593938674587 4.6796342182836
Gch1 10.6514643986064 5.81163478374615 4.9701029002681
Sln 8.73516949057601 5.13761470166228 4.71730193614404
Cplx2 11.3461134679917 7.62443941435259 6.07597991523023
Klk1b27 8.95894684812547 4.77293709016962 4.27813552870855
Htr5b 8.31337438893098 4.83992836630035 4.37184644612505
Asb4 8.92539404163312 5.40113414384018 4.61974556759468
Fev 10.7145072979201 5.1509218563019 4.98147931587825
Ddc 13.2894668626704 9.22796071807376 5.13898006844343
Ctla2a 7.95913381262081 4.61194387345766 4.5272193496674
Gata3 8.41968527786437 5.01288521638869 4.49906351445502
Cited1 9.04523865893519 5.33043260387323 5.0146932103569
