Tppp3 10.8220654510155 6.96947823545839 6.08051980038777
Hspb8 10.6245892800067 6.24743616276303 6.0208250481719
Tmsb10 10.1029416625745 5.79619984085887 4.84301145361585
Trpc3 11.1871623402161 6.57863978710322 5.56322095844606
Sncg 10.4082123084923 4.9948894812144 4.57738507879294
Ufsp1 9.89591461587391 6.495102837781 6.34412220966207
Resp18 11.4781239695593 6.91907722270097 4.67646062265379
Unc119 11.2873996986037 7.2998340731677 6.61144362054135
Cxcl14 11.0490041748792 5.78888784488772 4.52680114628922
Pcbd1 11.9790609288352 7.85443140623551 6.60780225297392
Hebp2 9.8229333557138 6.46988049076432 6.45369503723676
Mt3 12.0437011250815 8.2993799261813 7.21445085508407
Sln 9.13225109330097 4.92783534941212 4.85833880953467
Ngfr 9.84400802150276 6.40661457046428 5.82337650571833
Slc5a7 8.37888813372411 4.75316266612401 4.67358194012153
Slc18a3 11.7116029495767 5.29069826815331 4.76913686055883
Ecel1 11.4559039842035 6.9668980894315 6.14396771046237
Ache 11.722689743721 6.87709687432244 6.23133633212406
Stmn2 11.2315985884398 7.39127970928308 4.5170715092632
Zic1 11.5183525515501 6.82041133027868 4.78259312991831
Tspan17 10.3788242341518 6.87156442330717 5.14050439860481
Uqcr10 10.3312514552298 6.19688695244218 6.02461097298676
Wif1 7.21180100287524 3.8708532297755 3.86909130851906
Lhx8 11.9183169054492 6.55051802509263 4.17942884592345
Hopx 10.5418564598955 6.55737837110877 6.29921046222216
Mela 9.8949873858105 4.43724692178199 4.20796605216003
Tacr3 9.33286031052289 5.25564312931918 4.44180621849592
A530058N18Rik 7.14871555528665 3.80394584856953 3.57320738625109
Gpx3 10.7691080780923 6.7849832116456 6.52733719416105
Fkbp1b 11.8832806147728 8.01891285624776 6.22266460656391
Crabp2 10.3743010319329 5.64980295663514 5.10097789925837
