Lpl 11.4643217919771 7.82026601736183 7.43831346152746
Meis2 11.9748691586315 7.6141954120736 4.83412851336556
Itpr1 10.2249606792198 6.65409233390183 6.26546315804111
Icam5 11.2397324536133 7.64822235459862 6.69164455031649
Arpp21 11.139245626785 7.40065826834102 4.69484904763195
Pde10a 8.91776575865756 5.35011293220956 4.92684679134095
Pard3 9.26356212628524 5.89031186080663 5.19058402791899
Pou3f1 10.8164307112112 6.33016660293534 4.12983254196286
Gpr88 10.998186044395 7.36979170150546 3.94317835357683
Camkv 11.876052383094 8.11089309111057 6.19539521837496
Lamp5 10.768789938125 7.12912512267011 5.01195692716795
Itpka 11.3670386040283 7.37087272841683 5.05525537373935
Ccsap 11.1973659765579 7.38070720463912 6.28641688971993
Baiap2 10.3639206987044 6.87981421318515 5.80884608085663
Rab40b 11.8496590074423 8.28619311448276 4.45798700759067
Hpca 11.0997181167205 7.72660409967373 5.22729401979732
Ppp3ca 12.673663723173 9.10996041947347 8.79522653976928
Plk2 12.0248175408128 7.95205194616896 6.96659564615163
Kalrn 12.1301148351326 8.34032842221952 4.82723813103697
Kcnab1 12.6909781984388 8.53774782013716 5.89072823181218
Ngef 12.7344194850388 8.61193020848142 5.56889705993544
Reln 11.4729833030855 8.10579293452365 5.68410479400474
Bcl11b 11.3429485954116 7.75005688237538 4.93981170783784
Rerg 9.18615651546672 5.47004930764908 4.55382926700432
Ppp1r1b 12.3419585940778 8.51698322727595 6.83316636339932
Rarb 10.7001103210479 6.27207909519625 4.85880905076434
Lmo7 10.191773233757 6.4330765492806 5.12455789091829
