Golm1 13.2088860971046 9.60202231355186 7.21148429883048
Dusp6 12.1106891877544 8.62752158545711 5.48463182907824
Tgfbi 10.1405547174483 6.43099294181771 4.15844228650957
Junb 11.5348729987463 6.3983363024545 4.95304914772451
Lcp1 11.8379992138945 7.02178214193206 4.23821516945834
Txnip 13.6791294028158 8.38575644528144 5.77687643764905
Cd34 10.3774455408259 5.18579081802333 4.42161390855122
Tpst2 11.0906169506107 7.64261061522535 7.21800471073883
Cd83 13.1517119399809 8.64878712354028 5.85424622023346
Fkbp5 11.2778896576637 7.73832882707354 6.45549716361989
Sipa1 11.0491157826369 7.13275097397949 6.05450179082322
Btg2 11.4551013031419 7.51806594238641 5.62953385591796
Tnfaip2 9.10265124910753 5.69926197805119 4.4696004354417
Ctsc 12.6316085285889 6.42184247829338 4.19671704149082
Ier2 13.4110457696294 9.14667024462204 6.86053236097403
Socs3 12.872389729541 5.18658799195394 3.9718340137889
Scamp2 12.177112436192 8.27563107607963 6.69533108111229
4632428N05Rik 13.023417651154 5.46896821230133 4.86868765614926
Spint1 10.3486258835977 6.48912762076774 5.0341306880849
Slc2a5 10.7420519945533 7.19378335195672 6.1473971514915
Irf8 12.5830920544812 5.78331479958811 5.39636091651868
Dnajb1 11.1943774753435 7.75317150289542 6.77479870910194
Parvg 10.3515058485033 6.51950003750656 5.36715633587344
Mcl1 12.2087835671601 8.81125479280233 7.24164489455211
Erap1 8.29621561532572 4.81399666062174 4.22491185382882
Mfng 10.0773132550699 5.97255501793042 5.56258901124337
Slc40a1 11.6104164701375 6.12781447413101 5.18363131345679
C1qb 13.334449855087 5.1224594173981 3.8771315434465
Ccl6 10.2968696260595 4.67066423071602 4.19803218168207
Cd14 13.2858211222074 6.46669538139017 5.67531391802061
Pycard 11.7476509071618 7.56203098636908 5.0396221054261
C1qa 13.2023340640432 6.67437010388512 5.43511439736828
Slc7a7 10.8083190565862 5.65306740956876 4.72924054896229
Klf4 12.6915189251281 6.64020641146078 4.78603125315055
Jun 13.1617299805308 9.0271312854063 5.57138579710558
Srgn 13.2068622416084 6.28560179724811 5.32113297153793
Nfkbiz 12.6004495355117 6.88142355929791 4.44972741511789
Tgm2 11.642946111078 6.85058131928003 5.49075229425904
Plek 13.0477422121131 7.6593964368166 6.19104422399202
Rgs1 11.0898478208524 4.81797479189127 4.42918314817138
Ier5 13.0763760033494 8.67184800788979 7.47039025318219
Laptm5 13.2497958585741 6.20453969810555 4.45302463090168
Pygl 8.23106716406401 4.8116276095405 4.25328407435212
Rgs19 10.1981713053925 6.70524365098135 5.97570145523303
Ctsz 13.0485403305481 8.93247233648147 5.92508618873949
Fcgr1 12.2838802885119 6.12495258118977 4.35763976401736
Slc16a6 11.5411253999105 7.19957319007096 6.03423678295095
Ccl9 11.3508771596472 4.86704759135734 4.51557948377128
Trim30a 9.8600658104235 6.12643772373779 4.96102380958875
B4galt1 10.9185743862039 7.13560418263469 5.82969703755521
Nrp1 10.5845017423768 6.32646782215113 4.95246718783499
Tnfrsf1b 11.7294024065306 6.67948327228735 5.77323359541223
Inpp5d 12.4783900860876 6.62073002191776 5.63570993821798
Tlr4 9.37755048286687 5.62086747880575 4.11355948580548
Pmaip1 7.91264692829158 4.39700049491983 3.87558148588958
Aif1 11.8099905233592 5.31680365801375 4.67673670652545
Syk 11.1736838971837 6.33857573714291 5.6735780962289
Klf6 12.1197284009329 6.99855012850104 4.77533026265498
Crybb1 12.2532048432707 6.87640733970153 6.39546547991704
Fcer1g 12.6825054501545 6.19456677998417 5.45207723144723
Ctsh 12.8742742032151 5.70631133479913 5.17677106475339
Gpsm3 9.5878408034758 5.64232454026838 5.3334147625364
Ncf4 10.7305401881173 5.31965463344684 4.93731767692634
Ggta1 10.3021085784473 4.3960450098102 3.95633583563398
Lcp2 10.4299333406719 5.64149460313197 4.64009084484045
Ngp 12.2995043542679 6.37991655945793 5.00700121010066
Spi1 10.3859436109085 6.76869026219665 5.92461402390713
Atp7a 10.1676606708827 6.53828047983528 5.09084540574102
Csf3r 10.5303261448833 6.1748266375919 4.82569937798588
Ms4a6b 11.2757685053458 5.24933026434287 4.63495223803839
Hcls1 8.63630419546985 5.21256525229001 4.56940730333375
Pabpc1 11.2298634617249 5.82892351137361 4.11625860536931
Cebpb 11.6743509032076 7.84582257623912 6.50650638393448
Plxdc2 12.0529683323577 8.73009411756948 5.63386913314855
Cxcl10 9.7662958946731 5.56950156514713 5.15765390650102
Maff 10.1052633096456 6.3743570211022 6.03091141543074
Cysltr1 9.23363767777187 4.05580442236953 3.86352233586894
Cebpa 9.78114583046527 6.33508093009068 5.18903603505783
Cttnbp2nl 11.7692220388043 8.36022186565175 6.23325720104306
Lyl1 10.013448973115 5.39697648840411 4.86809685125202
Ptpn18 10.350655093353 6.53007552153379 6.08062921997043
Tlr2 11.864186632689 6.3604100742986 5.36331401024817
Serpine1 9.57269546409715 5.34216840569437 4.42992259073416
Mlxipl 10.5927739153422 6.67618456835112 4.56406020724021
Cd37 10.9462016903761 6.06217971856023 5.61300012998326
Map3k8 10.1917146557049 5.42458603238916 4.56583512050309
Rgs2 12.7232804969309 9.34507998211178 7.33621668882123
Myd88 10.7885966963584 6.73498678007275 5.68880379968612
Ccl12 10.4751595691536 4.79491380590155 4.25959598839962
Arhgap4 9.38418443524174 5.81444882186228 5.34893934868047
Pon3 9.10935515291671 4.46935494910232 4.08894504543969
Slamf9 11.2066876411094 7.47933295382525 6.00384462746741
S100a8 12.9638824039872 5.01966039498354 4.74010233797321
Il10rb 10.594105170653 6.6880026492551 5.17809349389428
C3ar1 11.6182149621142 6.00822134630803 5.0014138267225
Fgd2 12.1293203269256 6.14760570539401 5.66594033951213
Ccl3 13.5496556060224 5.38405711883739 4.35978181725661
Ms4a6d 11.498084859003 5.02287459614635 4.63900849445952
Ier3 13.5855914649438 10.2512848562378 7.32872993796144
Camp 11.8351935968853 5.72715021591771 5.27934490516861
Klk8 10.1637978906065 5.83388132412021 5.50394994860368
Chil3 10.6986949112657 4.41451201335029 3.87283088896311
Arap3 10.0084235335535 4.473853375934 4.07767467186605
Tlr7 11.1690114771889 5.22058719670907 4.57858530190001
Csf1r 14.0292728577336 8.76904182769719 6.57868294974146
Rab3il1 10.4344246472987 6.90518943571903 6.22653613656941
Slc11a1 11.348119903574 6.32905740503745 5.35015464774884
Ccl2 9.39365889899599 5.53431531706757 5.17355561635702
Cd86 11.7078926817195 5.31871655025628 4.80867632556
Gpr84 11.5922078227709 5.9400955062359 5.14089964119184
Tcirg1 11.327613036728 7.19462643859214 6.49954892671125
Trim12a 8.60607054794922 4.38856165004968 4.11548781861295
Zfhx3 11.2458196415341 5.56851668342191 4.51505155806824
Slc15a3 11.5031029092383 5.66913668376803 5.1566469140168
Clec7a 9.10343532556032 5.20076716841772 4.72532585645685
Rel 9.37584581713377 5.17542099536962 4.76419903613909
Tgfbr1 13.4953964323281 7.26107667426343 4.6279033860056
Adcy7 12.0401852065097 7.97242807357223 4.17995963513436
Gpr56 11.1072648016331 7.70681459668745 6.69694496298167
Lgals9 9.7144470271434 5.8695203272194 5.18088274266267
Trem2 11.3744113100813 7.48824357030001 6.10348549273308
Birc3 10.6680989517335 7.20045344295788 5.93925706126224
Igsf6 8.76352354526292 4.54864743985767 4.12358706193333
Samsn1 9.02117009275432 4.55580642326608 4.44745361714389
Il1a 10.5627537042988 4.47319316154969 4.00475434430341
Hpgds 9.22555193578103 5.31571055039525 5.03187552517156
Naip5 11.1748062850229 4.91086267651238 4.11517253178718
Ccl4 12.655502757357 7.30299207915337 5.29087719075661
Itpr2 10.9235418495534 6.92247034168287 5.17924840537182
Stat6 10.5002673668222 5.55975974599299 4.17079590314836
Tapbp 11.453866406777 8.02670356058388 6.92522887731096
Abca1 12.0522527378122 8.43836189343302 5.52110120222346
Dapp1 10.6616079104408 5.03727663303643 4.84213319360004
Clec4a2 10.2600474435221 5.08739752005591 4.7743234704672
Fli1 10.0941254445629 4.6772350578261 3.82040302050322
Ets1 9.55277010530181 4.73736165277569 3.97878916353777
Ptprc 12.5235480291392 4.57536637071353 4.1306180538677
Fosb 11.9510983205342 5.73629646569034 4.76213726469409
Ccr5 11.7396919362898 4.7243810681336 4.46467627937201
Il6ra 12.6715970650916 6.12255891747377 5.70874373670405
Pla2g15 12.3259450180791 7.17355762643234 6.18395224392845
Itga6 11.5653613108728 8.21332967584002 5.89645820570641
Ifi30 11.3781163789488 7.87589920874895 5.57081867199835
H2-DMa 11.2573253131557 6.90924254763218 5.74238006069881
Gpr34 12.096128861767 4.37658111810438 3.76013784503516
Rrad 10.1172735062529 6.10153741674817 4.96307819289847
Rnase4 13.1184612117893 6.34243306233789 5.3250725479031
Fam111a 8.63296054191287 4.97430572981318 4.32185147680294
Hfe 11.337741662807 7.95462651112866 5.09423302962749
Pik3cg 10.1956130518895 5.43685329023379 4.72070610576107
Btk 9.78197374603171 6.25917778261696 5.48160438023385
Dock2 8.92972325318732 5.51625029131765 5.02770697379415
Mertk 13.1217916703296 8.33245025533751 5.31943113469385
Cd84 9.78822716908046 4.82293745952779 4.46150892046125
Ly86 13.8305038298173 6.81682528480156 5.26129119850455
Vav1 10.4293295887311 4.49621573300021 4.13697537113983
Pik3cd 8.85981255781389 5.46236297266134 5.13766808366519
Cfh 11.031443374587 4.02313253210144 3.4601979257453
Tnfrsf13b 9.62154101704082 4.78898523283686 4.24671646075833
Hhex 10.1791275378831 5.59178539615805 5.05580470492223
Entpd1 9.37032387449548 4.78827061850053 4.1388650088229
Ptgs1 12.2066936221392 4.96169881276096 4.60842521436044
Frrs1 10.4433587610755 5.44292993892224 4.84902378874536
Lyz2 12.4203041170638 6.95536600044696 6.14722109064386
Ctc1 11.684666568769 7.72092602486996 6.91536365459949
Unc93b1 11.4209147437175 7.28739147889257 6.01555948023529
Hvcn1 10.2816397991105 5.9401100330887 5.48531205541591
Edem1 10.6216568370496 6.37564116574733 4.51300277375687
Icam1 12.0685839298591 5.10045475844484 4.66184555600583
Ptbp3 11.2472405918636 7.74637217531495 5.55967850483766
Rcsd1 12.2491457547791 7.67157049683762 6.00780277462486
Tmem140 8.43942036859799 5.03599323137519 4.4993106614388
Cd177 7.89852531580111 4.47425003178178 4.03678983607146
Casp8 9.83466998065678 5.36420552774268 4.9584369793845
Tmed5 10.6438973211329 7.02990856448714 5.00713440899901
F11r 12.1660086110926 7.40868315608145 5.45978262394453
Glipr1 8.85932478234233 5.23242206152872 4.94106486744979
Lpxn 10.7589192457976 4.90382171926053 4.49513649207751
Siglec5 8.37803746411404 4.1344257321479 3.75459963560037
Fcrl1 9.2345619860761 5.77259535762088 5.13087859046072
P2ry6 11.5687601975602 4.73642709011118 4.25043147765259
Ighm 11.7506088279992 7.13260925223786 5.68374941053391
Tgfbr2 12.4852370462276 6.5402020847506 5.13092259410489
Ceacam1 8.89348245863094 4.72560622338026 4.04740323954548
Il13ra1 9.86451620775328 4.59805506766418 4.34497285395867
Adap2 10.5685173068896 6.12349742209854 5.22931242967277
Pld1 10.7972506121956 7.33057650676186 5.69599807022251
Ggnbp2 9.14383515526131 5.55855682249247 4.81076447815686
Capn3 10.5561819143241 4.99106912256133 4.30633576106091
Gem 8.23875211178378 4.16340286562535 3.85858994150513
Rrbp1 12.1145818395139 8.69451402284249 6.37575726246842
Vwa5a 10.3889653824051 6.58703845130573 4.65803946291192
Arrb2 11.4717203569511 7.90677540047056 6.52801026809063
Pros1 11.415313090188 6.05147513070395 5.29958016613857
Arhgdib 10.677726097009 6.74630829135471 5.67858912045619
Tifa 10.6723597482397 7.32179692704607 5.89787097663209
Arhgap17 11.1079285558079 6.80476156176839 4.8805960972315
Trim47 10.0914805439239 5.28197309890782 4.93415229055291
Sash3 11.2827116875116 6.20539887556812 5.12843861756164
Themis2 10.0072343518523 5.29524403443332 4.85051704777726
Mpeg1 13.5781184656323 6.20505999481198 5.66083765515227
Xist 12.7814738520482 9.10629751427118 4.12879951636035
Cd48 10.0036336466823 4.61070299659219 4.33521143346177
Akna 10.6519382313125 6.78467575912663 4.70718714591976
Fes 10.6453727108248 7.12001921868654 5.45669302106438
Cep152 9.46016705782019 5.90760374857076 5.43199993749684
Egr2 11.2779367742076 5.09391269260468 4.19774007879731
Ccrl2 11.412796081801 6.60652423943421 5.49486243511621
Lcn2 11.5003470873269 4.38682765617886 4.08768059842841
Hbb-b2 7.85273730267384 4.35406478696239 3.95561612098698
Myo1g 9.16480303343511 5.82871450169467 4.73995950780495
Tmem173 11.0209006256616 6.87282217496111 5.57869872210798
AF251705 12.004730998868 8.10338324423191 6.12910233279328
Hmha1 10.4033953674837 6.29041941783676 5.64638222059071
Gmip 10.1713248884895 6.33076109149083 5.56632794507985
Nckap1l 11.1568327951404 6.30175134927574 4.94832274541905
Abcc3 9.76277744586897 5.84892664382173 4.95082145560417
Rhoh 10.549623104043 5.3650043045549 4.60237569982665
1700017B05Rik 11.7692217223209 6.73389890955601 5.54597307506857
Gusb 11.5188785741544 6.93266905817542 4.53178585961752
Lair1 10.6130187631943 5.57916093292298 4.83518550278873
P2ry12 12.4746819840061 5.22144514475047 4.36766285866014
Epb4.1l2 12.5141878325852 8.84511001860962 4.96603219259594
Pld4 12.0206051656766 5.75592178775136 5.19768114798074
AU020206 9.79188957346073 5.54061834466878 4.80795451404652
Fermt3 11.3312647513459 5.04837967337227 4.35566142322079
Plk3 11.1217064828555 7.69437054278186 6.36959453768515
Ankrd44 11.6744535697079 7.60587171737314 5.72547527002786
H2-Aa 10.7894269702174 4.80299448207791 4.38643337553515
Fam105a 11.8900076562701 6.99331102864814 5.73261775784954
Herpud1 12.5159313960105 8.67803278843041 7.64431759440691
Cd300a 9.88309640091064 5.39912892465678 4.77456157290065
Lyz1 12.1662559978148 5.32576262793409 4.33228714980426
Clcf1 8.65510766759181 4.11315892367523 3.74141172431208
Zfp36l2 12.439882687873 9.11106869035211 5.93876140495182
Il10ra 11.9839212283458 5.14290835190256 4.70193340124448
Hexb 13.9346832426844 9.39708433110704 7.22171187723069
D530037H12Rik 10.2564249540948 5.1522319366853 3.91463313979578
Rab20 9.52042754395053 4.5346514401489 3.82200920841575
Grn 13.5521140781199 8.45869861621971 7.1814889332116
Fam46c 12.3550028613422 6.5900545581137 4.31700258921227
Ctsa 12.9509349108417 9.14014202355495 8.03188960540126
Pald1 10.9785325599872 7.5862575794782 5.96687793688245
Ifngr1 12.0357079893049 7.83175144995195 7.08845141348606
Tcn2 12.2009774284341 8.38495828813025 6.32711694187794
Anxa1 9.44951730885527 5.03964267390023 4.42723666230514
Ppp1r15a 12.6949179793628 8.28085280510784 7.49650404170975
Olfml3 13.5847807250187 6.67827062632812 6.10214920487043
Ncf2 10.9263417405773 6.37359819520899 5.78821047726464
Il7r 9.24960705759555 5.81083360731797 4.56407774519564
Ctss 14.1436377001564 7.7444069315209 5.3985010559668
Cd53 12.7058528961117 5.98215163950622 5.03211748831674
Fcgr3 13.3678397073662 6.4770673936852 5.47810423537183
Hps4 12.4032005490264 8.95965364713851 7.90269780380461
S100a9 12.1512954978643 5.57001241790665 4.70903748778958
Lgmn 13.3819300248455 9.0093706958192 7.75449502754172
Klf2 12.9546948291203 6.31395412196242 5.3633942596794
Fcrls 13.538343734353 6.51316037823563 5.27371028904815
Tlr1 9.60520010506197 4.62983327473003 4.10408410883234
Selplg 13.5701528797604 8.29907898364002 6.02041051566176
Cd68 12.2655547644002 5.14463459302375 4.54676395509571
Csf2rb2 9.47900201616068 5.0749120365869 4.23527003487258
Atf3 13.284073086988 5.49287500579142 4.73108445765524
C1qc 13.5961558255427 5.85562405105873 4.90640838396935
Chst7 10.8148655259312 7.16868029415271 6.22017084608043
Hck 11.7859620796645 6.94817696723486 4.89746378438065
Gcnt1 7.991253437913 4.62591990429645 4.15466848280737
Casp4 9.26315299804554 4.39127664870229 3.90766580715901
Ehd4 10.3117326305577 6.82028773510154 5.1529625147353
Lag3 9.80016274610109 6.02590158618917 5.32355170868709
Cxcl2 10.7266031675695 4.34736252222207 4.08948407621902
Ltf 11.851175722853 7.32763238175991 6.23536988268579
Cx3cr1 12.8730629616277 6.76946905851734 5.26433737835339
Stab1 10.7605924600716 5.76883366637857 5.18876363306473
Il6 8.13911235858362 4.06238673809179 3.7701949930024
Pdgfb 10.7325445782435 6.43930621402215 5.26380473691244
Mrc1 7.99313411604932 4.24946452804119 3.85766899415256
Itgb2 11.9243168449721 5.120820169266 4.60344389394384
Adamts1 11.4689263478583 7.86209466259742 5.46622803008786
Ang 8.34675454689537 4.43329107848997 4.10871247834546
Tyrobp 12.872201384089 6.24466955531664 5.39975473454976
Ptplad2 9.63872914137264 6.18949133134225 5.50523421927686
Slc29a3 11.7903703089593 7.52015723674307 5.29811377161867
Emr1 12.7903721087621 6.93901309020151 5.3871819888304
Nrros 12.3097176638707 6.99397118429098 5.40649154053553
Tmem119 13.7335005220805 7.02913660865583 5.48237683577208
1810011O10Rik 8.45121368033437 4.78064320167356 4.21292638858244
Parp14 9.22364341007536 5.70047445485283 5.07225509803359
Havcr2 10.538253418377 4.69774592164079 4.15569140341671
Alas2 10.1462688588052 5.7435589324833 4.73741530378904
Cmtm7 10.4128713125775 6.45127783706879 5.17288504261824
Mafb 11.0489700121364 5.70365173380607 5.27546697419
Blnk 11.8256575206264 5.67448106272504 5.23838911244271
Alox5ap 12.5974435879102 8.60777227723209 5.77665986288371
Fyb 11.6377216118874 6.94173816432896 5.91672952063458
Ctla2b 9.67840248028284 4.42212169515564 4.00518763648017
Hspa1a 11.8173372899826 7.03944009016173 5.88070279684687
Zfp36 13.4481818753213 7.67518691207033 6.18950699900938
Abhd15 9.85244350316464 6.36414869884527 4.93018611784165
Cyba 11.683487063587 8.10300560576974 5.31455857022098
Ptpn6 11.3447432428118 7.5134180544102 6.37624001176377
4833441D16Rik 9.44333514879099 6.01424896069856 4.56653614183533
Tec 10.193963488774 6.46784222796671 5.34926581362772
Cd52 8.77120540091781 5.12802559225372 4.44750516955503
Irf5 10.3658986193304 6.25552577519875 5.54430500934765
Naip2 10.6301514409205 4.67992333538907 4.18862431032925
Anxa3 12.8961234593997 5.81329052369319 4.82299370040985
