Golm1 13.2228620208301 8.44770644161295 6.7116996111174
Spint1 10.3620651308772 6.27814602389072 5.30774769427709
Rgs1 11.2389184048195 6.52334975681014 4.39990621614018
Tlr4 9.52232042614701 4.50320567725558 4.3799929155982
Crybb1 12.3115090947672 6.56099354511835 6.42152680611928
Pon3 9.21728037726349 5.14431856240547 4.31475094688568
C3ar1 11.7076857580746 7.12239548592164 5.49872289252223
Fgd2 12.1429079203943 6.343384907334 5.93504934028196
Tlr7 11.2467305035447 5.56008820701991 4.82666104477801
Ccl2 9.47485160075847 5.66551892268666 5.31753199055125
Cd86 11.7021853869334 5.74982913067986 5.04033060708721
Tgfbr1 13.5150074612029 8.35679790646237 6.3646770661004
Trem2 11.5107699836761 7.16464280960303 6.26068177354367
Il1a 10.5667123595673 5.04982782394829 4.21772564734123
Hpgds 9.22812608726862 5.42377795280795 4.99227817960013
Ccl4 12.7931968542229 7.92865962426521 6.11054010905557
Ccr5 11.7268922023947 5.83121295148353 4.43281166911635
Pla2g15 12.362051934196 8.30418432616326 6.55565918330876
Gpr34 12.1230255978837 5.57519952639576 4.22405054502232
Entpd1 9.42916624211941 5.07584654153604 4.21975316874645
Icam1 12.1225355815481 6.66636755988965 4.61331102708465
F11r 12.1524301985122 6.72272719391504 5.70309466253512
P2ry6 11.6007828884257 6.01017709838917 4.6446036060786
Tgfbr2 12.4940909992134 8.52941670033969 5.42320414566449
Mlph 9.56090364861037 5.65625405858651 5.18425092025517
Adap2 10.5190230284243 6.20331806195959 5.27183881585172
Pros1 11.4599370629849 6.86499183974779 4.73989459356341
Abcc3 9.71822076284903 6.05851510284222 4.98072202312319
Lair1 10.6853337756812 5.79037882581457 4.89067454037344
P2ry12 12.4857705176685 7.02113480054516 4.97772456954993
Kctd12 12.1759928184299 7.99116597490916 5.83740491687402
Il10ra 11.995013072368 5.42044945370896 4.88050197918749
Ppp1r15a 12.6504813731119 8.87373822801684 7.70778197844543
Olfml3 13.5701536207402 6.91827323648601 6.11137973965661
Fcrls 13.5915552698062 7.45449286008759 6.10160944098269
Lag3 9.96584406079397 6.26147114447796 5.34128002375082
Cx3cr1 12.8753622126755 7.9026441610812 6.02343597966573
Stab1 10.8270009561861 6.18766035227553 4.9029151665349
Ang 8.53150632095638 4.28666736971935 4.06859977914121
Tmem119 13.7487452460203 8.47634220640908 6.29891735811411
Havcr2 10.6655567140622 4.94902546983976 4.09053410680531
Mafb 10.9945535647202 6.33116198593587 5.73559527612122
Blnk 11.7974047378067 6.33332349400037 5.75701649402693
