Crybb1 12.3115090947672 7.44981123244393 6.32877203919422
C3ar1 11.7076857580746 6.83028914931547 5.14636180928761
Tlr7 11.2467305035447 6.00278283629402 4.75849610375723
Ccl2 9.47485160075847 5.61863159118382 5.01922117162619
Cd86 11.7021853869334 6.71441989466522 4.85667034466266
F11r 12.1524301985122 7.99105116675351 5.45880895302926
P2ry6 11.6007828884257 6.48351103128939 4.35165570453166
Pros1 11.4599370629849 7.10960831482038 4.78811223791348
Lair1 10.6853337756812 5.99666218695303 4.77014291065803
Il10ra 11.995013072368 7.08337189946992 4.74859708789067
Olfml3 13.5701536207402 8.96465538148352 6.09719904396111
Fcrls 13.5915552698062 8.67929879667675 5.49896139927956
Stab1 10.8270009561861 5.99088814674032 5.05661049667229
Ang 8.53150632095638 4.38813946197837 4.01828330053882
