Mrpl52 8.65398982924602 10.3657537152618 3.65370423568293
Tgfbi 10.1405547174483 10.3657537152618 3.65370423568293
Junb 11.5348729987463 10.3657537152618 3.65370423568293
Lcp1 11.8379992138945 10.3657537152618 3.65370423568293
Fuca2 9.96921471576404 10.3657537152618 3.65370423568293
Cd34 10.3774455408259 10.3657537152618 3.65370423568293
Tpst2 11.0906169506107 10.3657537152618 3.65370423568293
Cd83 13.1517119399809 10.3657537152618 3.65370423568293
Serpinf1 9.39104855160023 10.3657537152618 3.65370423568293
Sipa1 11.0491157826369 10.3657537152618 3.65370423568293
Coro1a 12.5292545103329 10.3657537152618 3.65370423568293
Tnfaip2 9.10265124910753 10.3657537152618 3.65370423568293
Ctsc 12.6316085285889 10.3657537152618 3.65370423568293
Tubb6 9.85242182153089 10.3657537152618 3.65370423568293
Rab32 7.66476517985337 10.3657537152618 3.65370423568293
Socs3 12.872389729541 10.3657537152618 3.65370423568293
4632428N05Rik 13.023417651154 10.3657537152618 3.65370423568293
Spint1 10.3486258835977 10.3657537152618 3.65370423568293
Slc2a5 10.7420519945533 10.3657537152618 3.65370423568293
Afp 8.25927872186671 10.3657537152618 3.65370423568293
Irf8 12.5830920544812 10.3657537152618 3.65370423568293
Snta1 9.33842770138578 10.3657537152618 3.65370423568293
Slc39a8 8.53981315614105 10.3657537152618 3.65370423568293
Parvg 10.3515058485033 10.3657537152618 3.65370423568293
Rgs10 13.3720136026536 10.3657537152618 3.65370423568293
Rps6ka1 12.4350911117328 10.3657537152618 3.65370423568293
Trpv2 10.4057308624763 10.3657537152618 3.65370423568293
Erap1 8.29621561532572 10.3657537152618 3.65370423568293
Tnfaip8 10.0379616559435 10.3657537152618 3.65370423568293
Sirpa 12.5100346647181 10.3657537152618 3.65370423568293
Bid 9.70997295918282 10.3657537152618 3.65370423568293
Slc40a1 11.6104164701375 10.3657537152618 3.65370423568293
C1qb 13.334449855087 10.3657537152618 3.65370423568293
Cyp4v3 11.0641916928349 10.3657537152618 3.65370423568293
Syngr2 11.4772980236412 10.3657537152618 3.65370423568293
Rpl22l1 11.3336847463293 10.3657537152618 3.65370423568293
Pmp22 12.2561794765965 10.3657537152618 3.65370423568293
Igtp 10.5922785032095 10.3657537152618 3.65370423568293
Usp2 11.7719760326918 10.3657537152618 3.65370423568293
Ccl6 10.2968696260595 10.3657537152618 3.65370423568293
Cd14 13.2858211222074 10.3657537152618 3.65370423568293
Plekha2 10.4311418193647 10.3657537152618 3.65370423568293
Pycard 11.7476509071618 10.3657537152618 3.65370423568293
Il16 10.5721616851226 10.3657537152618 3.65370423568293
Slc7a7 10.8083190565862 10.3657537152618 3.65370423568293
Klf4 12.6915189251281 10.3657537152618 3.65370423568293
Sertad1 10.5663023888607 10.3657537152618 3.65370423568293
Srgn 13.2068622416084 10.3657537152618 3.65370423568293
Myh9 12.4734956086251 10.3657537152618 3.65370423568293
Nfkbiz 12.6004495355117 10.3657537152618 3.65370423568293
Ctsb 11.3351839332484 10.3657537152618 3.65370423568293
Tgm2 11.642946111078 10.3657537152618 3.65370423568293
Plek 13.0477422121131 10.3657537152618 3.65370423568293
Itgb5 13.2913066952736 10.3657537152618 3.65370423568293
Cyp27a1 9.42771064225185 10.3657537152618 3.65370423568293
Rgs1 11.0898478208524 10.3657537152618 3.65370423568293
Nfatc1 9.99637924524422 10.3657537152618 3.65370423568293
Cd79b 8.0542253469498 10.3657537152618 3.65370423568293
Snx5 12.5389716579728 10.3657537152618 3.65370423568293
Elk3 10.437348137504 10.3657537152618 3.65370423568293
Abhd12 10.8934072370804 10.3657537152618 3.65370423568293
Hnmt 9.14665079645858 10.3657537152618 3.65370423568293
Ntpcr 11.9797997634829 10.3657537152618 3.65370423568293
Rgs19 10.1981713053925 10.3657537152618 3.65370423568293
Serinc3 10.9280820038238 10.3657537152618 3.65370423568293
Ctsz 13.0485403305481 10.3657537152618 3.65370423568293
Fcgr1 12.2838802885119 10.3657537152618 3.65370423568293
Pdlim4 9.52654344568754 10.3657537152618 3.65370423568293
Slc7a8 10.3858843005765 10.3657537152618 3.65370423568293
Ccl9 11.3508771596472 10.3657537152618 3.65370423568293
Trim30a 9.8600658104235 10.3657537152618 3.65370423568293
St6galnac4 9.97513933820492 10.3657537152618 3.65370423568293
Tnfrsf1b 11.7294024065306 10.3657537152618 3.65370423568293
Inpp5d 12.4783900860876 10.3657537152618 3.65370423568293
Tlr4 9.37755048286687 10.3657537152618 3.65370423568293
Aif1 11.8099905233592 10.3657537152618 3.65370423568293
Gbp2 7.75131948277657 10.3657537152618 3.65370423568293
Syk 11.1736838971837 10.3657537152618 3.65370423568293
Crybb1 12.2532048432707 10.3657537152618 3.65370423568293
Rnf128 8.79657296466828 10.3657537152618 3.65370423568293
Fcer1g 12.6825054501545 10.3657537152618 3.65370423568293
Ctsh 12.8742742032151 10.3657537152618 3.65370423568293
Gpsm3 9.5878408034758 10.3657537152618 3.65370423568293
Ncf4 10.7305401881173 10.3657537152618 3.65370423568293
Ggta1 10.3021085784473 10.3657537152618 3.65370423568293
Calcrl 7.87647545215041 10.3657537152618 3.65370423568293
Ptpre 10.843721694117 10.3657537152618 3.65370423568293
Lcp2 10.4299333406719 10.3657537152618 3.65370423568293
Ngp 12.2995043542679 10.3657537152618 3.65370423568293
Spi1 10.3859436109085 10.3657537152618 3.65370423568293
Csf3r 10.5303261448833 10.3657537152618 3.65370423568293
Ms4a6b 11.2757685053458 10.3657537152618 3.65370423568293
Abcb1b 7.97869555224804 10.3657537152618 3.65370423568293
Skap2 12.0094790306754 10.3657537152618 3.65370423568293
Cebpb 11.6743509032076 10.3657537152618 3.65370423568293
Acsl4 9.87812877005563 10.3657537152618 3.65370423568293
Plxdc2 12.0529683323577 10.3657537152618 3.65370423568293
Cxcl10 9.7662958946731 10.3657537152618 3.65370423568293
Lyl1 10.013448973115 10.3657537152618 3.65370423568293
Ptpn18 10.350655093353 10.3657537152618 3.65370423568293
Tlr2 11.864186632689 10.3657537152618 3.65370423568293
Cd163 7.48039184356858 10.3657537152618 3.65370423568293
Serpine1 9.57269546409715 10.3657537152618 3.65370423568293
Mlxipl 10.5927739153422 10.3657537152618 3.65370423568293
Cd37 10.9462016903761 10.3657537152618 3.65370423568293
Map3k8 10.1917146557049 10.3657537152618 3.65370423568293
Rgs2 12.7232804969309 10.3657537152618 3.65370423568293
Myd88 10.7885966963584 10.3657537152618 3.65370423568293
Ccl12 10.4751595691536 10.3657537152618 3.65370423568293
H2-Oa 8.62773488286702 10.3657537152618 3.65370423568293
Pon3 9.10935515291671 10.3657537152618 3.65370423568293
Slamf9 11.2066876411094 10.3657537152618 3.65370423568293
S100a8 12.9638824039872 10.3657537152618 3.65370423568293
Il10rb 10.594105170653 10.3657537152618 3.65370423568293
C3ar1 11.6182149621142 10.3657537152618 3.65370423568293
Fgd2 12.1293203269256 10.3657537152618 3.65370423568293
Ccl3 13.5496556060224 10.3657537152618 3.65370423568293
Ms4a6d 11.498084859003 10.3657537152618 3.65370423568293
Ccr1 7.8292070962854 10.3657537152618 3.65370423568293
Ier3 13.5855914649438 10.3657537152618 3.65370423568293
Nupr1 9.98636391280088 10.3657537152618 3.65370423568293
Camp 11.8351935968853 10.3657537152618 3.65370423568293
Ltc4s 9.75785052472813 10.3657537152618 3.65370423568293
Klk8 10.1637978906065 10.3657537152618 3.65370423568293
Chil3 10.6986949112657 10.3657537152618 3.65370423568293
Arap3 10.0084235335535 10.3657537152618 3.65370423568293
Tlr7 11.1690114771889 10.3657537152618 3.65370423568293
Hpgd 11.9284845304822 10.3657537152618 3.65370423568293
Rab3il1 10.4344246472987 10.3657537152618 3.65370423568293
Spsb1 10.0841355871722 10.3657537152618 3.65370423568293
Slc11a1 11.348119903574 10.3657537152618 3.65370423568293
Ccl2 9.39365889899599 10.3657537152618 3.65370423568293
Cd86 11.7078926817195 10.3657537152618 3.65370423568293
Sat1 12.105173512767 10.3657537152618 3.65370423568293
Gpr84 11.5922078227709 10.3657537152618 3.65370423568293
Vamp8 11.7887532870376 10.3657537152618 3.65370423568293
Tcirg1 11.327613036728 10.3657537152618 3.65370423568293
Trim12a 8.60607054794922 10.3657537152618 3.65370423568293
Slc15a3 11.5031029092383 10.3657537152618 3.65370423568293
Rel 9.37584581713377 10.3657537152618 3.65370423568293
Tsc22d3 11.4805096636109 10.3657537152618 3.65370423568293
Gdi2 8.00873014742919 10.3657537152618 3.65370423568293
Sla 12.412369723073 10.3657537152618 3.65370423568293
Itga9 7.48681708147096 10.3657537152618 3.65370423568293
Asph 11.1601915655921 10.3657537152618 3.65370423568293
Adcy7 12.0401852065097 10.3657537152618 3.65370423568293
Rbm39 10.3141735206265 10.3657537152618 3.65370423568293
Bmp2k 11.469593488735 10.3657537152618 3.65370423568293
Pkib 7.66814571505073 10.3657537152618 3.65370423568293
Itgav 11.4249163560326 10.3657537152618 3.65370423568293
Lgals9 9.7144470271434 10.3657537152618 3.65370423568293
Trem2 11.3744113100813 10.3657537152618 3.65370423568293
Clec5a 8.13171145547263 10.3657537152618 3.65370423568293
Birc3 10.6680989517335 10.3657537152618 3.65370423568293
Igsf6 8.76352354526292 10.3657537152618 3.65370423568293
Npnt 8.13299376102998 10.3657537152618 3.65370423568293
Samsn1 9.02117009275432 10.3657537152618 3.65370423568293
Il1a 10.5627537042988 10.3657537152618 3.65370423568293
Hpgds 9.22555193578103 10.3657537152618 3.65370423568293
Naip5 11.1748062850229 10.3657537152618 3.65370423568293
Ccl4 12.655502757357 10.3657537152618 3.65370423568293
Itpr2 10.9235418495534 10.3657537152618 3.65370423568293
Stat6 10.5002673668222 10.3657537152618 3.65370423568293
Tapbp 11.453866406777 10.3657537152618 3.65370423568293
Bcl6 10.0980717450428 10.3657537152618 3.65370423568293
Nr3c1 10.6462060993082 10.3657537152618 3.65370423568293
Dapp1 10.6616079104408 10.3657537152618 3.65370423568293
Clec4a2 10.2600474435221 10.3657537152618 3.65370423568293
Fli1 10.0941254445629 10.3657537152618 3.65370423568293
Mitf 10.3401241655234 10.3657537152618 3.65370423568293
Itgam 7.72351039802672 10.3657537152618 3.65370423568293
Ptprc 12.5235480291392 10.3657537152618 3.65370423568293
Fosb 11.9510983205342 10.3657537152618 3.65370423568293
Ccr5 11.7396919362898 10.3657537152618 3.65370423568293
Il6ra 12.6715970650916 10.3657537152618 3.65370423568293
Pla2g15 12.3259450180791 10.3657537152618 3.65370423568293
Itga6 11.5653613108728 10.3657537152618 3.65370423568293
Ppt1 10.5128922707995 10.3657537152618 3.65370423568293
Pde4b 10.4211547037946 10.3657537152618 3.65370423568293
Ifi30 11.3781163789488 10.3657537152618 3.65370423568293
H2-DMa 11.2573253131557 10.3657537152618 3.65370423568293
Zfp36l1 12.7051334383384 10.3657537152618 3.65370423568293
Id2 12.2032928390954 10.3657537152618 3.65370423568293
Gpr34 12.096128861767 10.3657537152618 3.65370423568293
Rhog 11.2153941245626 10.3657537152618 3.65370423568293
Rnase4 13.1184612117893 10.3657537152618 3.65370423568293
Hk2 12.3862706589026 10.3657537152618 3.65370423568293
Rassf5 12.1407417630094 10.3657537152618 3.65370423568293
Hfe 11.337741662807 10.3657537152618 3.65370423568293
Btk 9.78197374603171 10.3657537152618 3.65370423568293
Prkcd 11.3204144141644 10.3657537152618 3.65370423568293
Mertk 13.1217916703296 10.3657537152618 3.65370423568293
Cd84 9.78822716908046 10.3657537152618 3.65370423568293
Ly86 13.8305038298173 10.3657537152618 3.65370423568293
Vav1 10.4293295887311 10.3657537152618 3.65370423568293
Cfh 11.031443374587 10.3657537152618 3.65370423568293
Tnfrsf13b 9.62154101704082 10.3657537152618 3.65370423568293
Arhgap5 9.78794387400341 10.3657537152618 3.65370423568293
Cebpd 10.4638830746908 10.3657537152618 3.65370423568293
Smim3 9.1715788033918 10.3657537152618 3.65370423568293
Entpd1 9.37032387449548 10.3657537152618 3.65370423568293
Ptgs1 12.2066936221392 10.3657537152618 3.65370423568293
Adrb1 10.605744756129 10.3657537152618 3.65370423568293
Stk17b 9.76929078464475 10.3657537152618 3.65370423568293
Frrs1 10.4433587610755 10.3657537152618 3.65370423568293
Lyz2 12.4203041170638 10.3657537152618 3.65370423568293
Mgat1 11.5604266826461 10.3657537152618 3.65370423568293
Bin1 11.0382210028973 10.3657537152618 3.65370423568293
Pdk1 10.5414287781071 10.3657537152618 3.65370423568293
Unc93b1 11.4209147437175 10.3657537152618 3.65370423568293
Cmtm6 12.3089984078596 10.3657537152618 3.65370423568293
Tmem63a 11.3090792003542 10.3657537152618 3.65370423568293
Lpcat3 11.5785330904885 10.3657537152618 3.65370423568293
Edem1 10.6216568370496 10.3657537152618 3.65370423568293
Icam1 12.0685839298591 10.3657537152618 3.65370423568293
Rcsd1 12.2491457547791 10.3657537152618 3.65370423568293
0610040J01Rik 10.7636422265407 10.3657537152618 3.65370423568293
Tm6sf1 11.2609540254992 10.3657537152618 3.65370423568293
Cd177 7.89852531580111 10.3657537152618 3.65370423568293
Casp8 9.83466998065678 10.3657537152618 3.65370423568293
Tmed5 10.6438973211329 10.3657537152618 3.65370423568293
F11r 12.1660086110926 10.3657537152618 3.65370423568293
Sumf1 8.51142190086792 10.3657537152618 3.65370423568293
Eva1a 8.59272796994992 10.3657537152618 3.65370423568293
Trim34a 8.56320405975431 10.3657537152618 3.65370423568293
Plxdc1 11.0459664793296 10.3657537152618 3.65370423568293
Glipr1 8.85932478234233 10.3657537152618 3.65370423568293
Lpxn 10.7589192457976 10.3657537152618 3.65370423568293
Siglec5 8.37803746411404 10.3657537152618 3.65370423568293
Mylip 12.4448215476567 10.3657537152618 3.65370423568293
Fcrl1 9.2345619860761 10.3657537152618 3.65370423568293
Lifr 10.773092535359 10.3657537152618 3.65370423568293
P2ry6 11.5687601975602 10.3657537152618 3.65370423568293
Ighm 11.7506088279992 10.3657537152618 3.65370423568293
Tgfbr2 12.4852370462276 10.3657537152618 3.65370423568293
Mlph 9.42445206203504 10.3657537152618 3.65370423568293
Ncf1 8.82497080443061 10.3657537152618 3.65370423568293
Il13ra1 9.86451620775328 10.3657537152618 3.65370423568293
Adap2 10.5685173068896 10.3657537152618 3.65370423568293
Akr1b10 8.35011600348348 10.3657537152618 3.65370423568293
Lrba 12.2919124748407 10.3657537152618 3.65370423568293
Pld1 10.7972506121956 10.3657537152618 3.65370423568293
Capn3 10.5561819143241 10.3657537152618 3.65370423568293
Rrbp1 12.1145818395139 10.3657537152618 3.65370423568293
Vwa5a 10.3889653824051 10.3657537152618 3.65370423568293
Glul 11.7849610224289 10.3657537152618 3.65370423568293
Arrb2 11.4717203569511 10.3657537152618 3.65370423568293
Pros1 11.415313090188 10.3657537152618 3.65370423568293
Rin2 10.0137972126995 10.3657537152618 3.65370423568293
Arhgdib 10.677726097009 10.3657537152618 3.65370423568293
Tifa 10.6723597482397 10.3657537152618 3.65370423568293
Arhgap17 11.1079285558079 10.3657537152618 3.65370423568293
Slc46a1 9.38086842286645 10.3657537152618 3.65370423568293
Trim47 10.0914805439239 10.3657537152618 3.65370423568293
Slc25a45 10.8446724447982 10.3657537152618 3.65370423568293
Cln5 10.9138121274813 10.3657537152618 3.65370423568293
Rps9 12.5848141252414 10.3657537152618 3.65370423568293
Arsg 8.085063848132 10.3657537152618 3.65370423568293
Sash3 11.2827116875116 10.3657537152618 3.65370423568293
Themis2 10.0072343518523 10.3657537152618 3.65370423568293
Mpeg1 13.5781184656323 10.3657537152618 3.65370423568293
Ssr4 11.2766202004875 10.3657537152618 3.65370423568293
Cd48 10.0036336466823 10.3657537152618 3.65370423568293
Sult1a1 9.83315975441973 10.3657537152618 3.65370423568293
Fes 10.6453727108248 10.3657537152618 3.65370423568293
Cep152 9.46016705782019 10.3657537152618 3.65370423568293
B2m 13.1977909317878 10.3657537152618 3.65370423568293
Ccrl2 11.412796081801 10.3657537152618 3.65370423568293
Lcn2 11.5003470873269 10.3657537152618 3.65370423568293
Gimap6 8.35675485784954 10.3657537152618 3.65370423568293
Myo1g 9.16480303343511 10.3657537152618 3.65370423568293
Tmem173 11.0209006256616 10.3657537152618 3.65370423568293
BC028528 8.86286621957845 10.3657537152618 3.65370423568293
AF251705 12.004730998868 10.3657537152618 3.65370423568293
Acsl5 11.0808418750629 10.3657537152618 3.65370423568293
Hmha1 10.4033953674837 10.3657537152618 3.65370423568293
Comtd1 9.49481978793836 10.3657537152618 3.65370423568293
Rreb1 9.70547877386974 10.3657537152618 3.65370423568293
Abcc3 9.76277744586897 10.3657537152618 3.65370423568293
Rhoh 10.549623104043 10.3657537152618 3.65370423568293
1700017B05Rik 11.7692217223209 10.3657537152618 3.65370423568293
Gusb 11.5188785741544 10.3657537152618 3.65370423568293
Lair1 10.6130187631943 10.3657537152618 3.65370423568293
P2ry12 12.4746819840061 10.3657537152618 3.65370423568293
Rnf19b 9.48505322764021 10.3657537152618 3.65370423568293
Pld4 12.0206051656766 10.3657537152618 3.65370423568293
Fermt3 11.3312647513459 10.3657537152618 3.65370423568293
Plk3 11.1217064828555 10.3657537152618 3.65370423568293
Ankrd44 11.6744535697079 10.3657537152618 3.65370423568293
Kctd12 12.185543532286 10.3657537152618 3.65370423568293
H2-Aa 10.7894269702174 10.3657537152618 3.65370423568293
Fam105a 11.8900076562701 10.3657537152618 3.65370423568293
Rap1b 10.6193054132584 10.3657537152618 3.65370423568293
Herpud1 12.5159313960105 10.3657537152618 3.65370423568293
1110001A16Rik 9.70564160681153 10.3657537152618 3.65370423568293
Cd300a 9.88309640091064 10.3657537152618 3.65370423568293
Tmem71 7.88522201218847 10.3657537152618 3.65370423568293
Lyz1 12.1662559978148 10.3657537152618 3.65370423568293
Clcf1 8.65510766759181 10.3657537152618 3.65370423568293
Lrrk1 9.2169215889832 10.3657537152618 3.65370423568293
Il10ra 11.9839212283458 10.3657537152618 3.65370423568293
Rab20 9.52042754395053 10.3657537152618 3.65370423568293
Grn 13.5521140781199 10.3657537152618 3.65370423568293
Mavs 9.49021897689434 10.3657537152618 3.65370423568293
Ifitm6 8.80714987866973 10.3657537152618 3.65370423568293
Ifngr1 12.0357079893049 10.3657537152618 3.65370423568293
Tcn2 12.2009774284341 10.3657537152618 3.65370423568293
Anxa1 9.44951730885527 10.3657537152618 3.65370423568293
Tspan4 10.4535746887173 10.3657537152618 3.65370423568293
Ppp1r15a 12.6949179793628 10.3657537152618 3.65370423568293
Lgals3bp 9.25382226037274 10.3657537152618 3.65370423568293
Dhrs3 10.9504578835445 10.3657537152618 3.65370423568293
Lrmp 8.81165282774176 10.3657537152618 3.65370423568293
Olfml3 13.5847807250187 10.3657537152618 3.65370423568293
Slc16a7 9.27113242542194 10.3657537152618 3.65370423568293
Pla2g4a 9.53408946100642 10.3657537152618 3.65370423568293
Ncf2 10.9263417405773 10.3657537152618 3.65370423568293
Il7r 9.24960705759555 10.3657537152618 3.65370423568293
Cd53 12.7058528961117 10.3657537152618 3.65370423568293
Fcgr3 13.3678397073662 10.3657537152618 3.65370423568293
Hps4 12.4032005490264 10.3657537152618 3.65370423568293
Psmb10 10.4400700005964 10.3657537152618 3.65370423568293
S100a9 12.1512954978643 10.3657537152618 3.65370423568293
Klf2 12.9546948291203 10.3657537152618 3.65370423568293
Fcrls 13.538343734353 10.3657537152618 3.65370423568293
Cd302 10.5286231266122 10.3657537152618 3.65370423568293
Pf4 8.33851288818564 10.3657537152618 3.65370423568293
Tlr1 9.60520010506197 10.3657537152618 3.65370423568293
St3gal6 9.57804078151655 10.3657537152618 3.65370423568293
Cd68 12.2655547644002 10.3657537152618 3.65370423568293
Ebi3 9.33772747039388 10.3657537152618 3.65370423568293
Casp1 8.69693600519687 10.3657537152618 3.65370423568293
Csf2rb2 9.47900201616068 10.3657537152618 3.65370423568293
C1qc 13.5961558255427 10.3657537152618 3.65370423568293
Chst7 10.8148655259312 10.3657537152618 3.65370423568293
Hck 11.7859620796645 10.3657537152618 3.65370423568293
Tmem100 8.41986387792518 10.3657537152618 3.65370423568293
Casp4 9.26315299804554 10.3657537152618 3.65370423568293
Ehd4 10.3117326305577 10.3657537152618 3.65370423568293
Ly96 8.91937274322914 10.3657537152618 3.65370423568293
Lag3 9.80016274610109 10.3657537152618 3.65370423568293
Ltf 11.851175722853 10.3657537152618 3.65370423568293
Stab1 10.7605924600716 10.3657537152618 3.65370423568293
Evi2a 12.5942263303086 10.3657537152618 3.65370423568293
Il6 8.13911235858362 10.3657537152618 3.65370423568293
Ptger3 7.82651729191345 10.3657537152618 3.65370423568293
Pdgfb 10.7325445782435 10.3657537152618 3.65370423568293
Mrc1 7.99313411604932 10.3657537152618 3.65370423568293
Hps3 10.8090339030534 10.3657537152618 3.65370423568293
Smap2 11.0381503511469 10.3657537152618 3.65370423568293
Itgb2 11.9243168449721 10.3657537152618 3.65370423568293
Psmb9 9.4278289264293 10.3657537152618 3.65370423568293
Ang 8.34675454689537 10.3657537152618 3.65370423568293
Tyrobp 12.872201384089 10.3657537152618 3.65370423568293
Ptplad2 9.63872914137264 10.3657537152618 3.65370423568293
Emr1 12.7903721087621 10.3657537152618 3.65370423568293
Nrros 12.3097176638707 10.3657537152618 3.65370423568293
Tmem119 13.7335005220805 10.3657537152618 3.65370423568293
Havcr2 10.538253418377 10.3657537152618 3.65370423568293
Cmtm7 10.4128713125775 10.3657537152618 3.65370423568293
Apobec1 9.60585585332662 10.3657537152618 3.65370423568293
Blnk 11.8256575206264 10.3657537152618 3.65370423568293
Tmcc3 9.18215566840257 10.3657537152618 3.65370423568293
Notch2 10.9771741155417 10.3657537152618 3.65370423568293
Daglb 9.97127658837575 10.3657537152618 3.65370423568293
Alox5ap 12.5974435879102 10.3657537152618 3.65370423568293
Fyb 11.6377216118874 10.3657537152618 3.65370423568293
Ostf1 9.94784613426571 10.3657537152618 3.65370423568293
Ctla2b 9.67840248028284 10.3657537152618 3.65370423568293
Zfp36 13.4481818753213 10.3657537152618 3.65370423568293
Lmo2 12.173746157097 10.3657537152618 3.65370423568293
Cyba 11.683487063587 10.3657537152618 3.65370423568293
Spata13 11.8423721764084 10.3657537152618 3.65370423568293
Ptpn6 11.3447432428118 10.3657537152618 3.65370423568293
Cd52 8.77120540091781 10.3657537152618 3.65370423568293
Irf5 10.3658986193304 10.3657537152618 3.65370423568293
Naip2 10.6301514409205 10.3657537152618 3.65370423568293
Anxa3 12.8961234593997 10.3657537152618 3.65370423568293
Sec11c 11.8108273778907 10.3657537152618 3.65370423568293
