Cdhr1 11.871124396458 6.99307338049586 4.93063518367792
Lmo1 12.840629041392 8.02535438719391 5.96393613268563
Igf1 12.0024788985409 6.71225150820228 5.86513923703486
Gabrr2 11.1557483777592 6.26038980003059 5.26544116123298
Cplx3 12.2369589378129 6.73077408144171 5.65237475408906
Pcdh20 11.4765242959448 7.75703710696386 5.04878307523655
Otx2 11.653794501992 7.2074089374576 4.40298989728963
Meg3 13.1492411560244 9.03616451004233 6.40602139050936
Rian 9.94608150173346 5.00324322540344 4.59891883076347
Reln 13.5336308503446 8.91980614502568 5.81275267561011
Chrna6 11.293990171598 5.97082867861893 5.35423445993205
Chrna3 8.85942597219103 5.07861358171629 4.97175973065879
