Golm1 13.1792932323564 7.10613381872863 6.38407353368034
Dusp6 12.1118170992931 8.59258402389969 5.36839364658763
Sgpl1 9.58944930363067 5.86262817767666 5.42011987527325
Junb 11.5499826198348 6.36953453733695 5.5333616911587
Marcksl1 12.1668078078091 8.63651207321569 8.0904350756984
Creg1 11.4042519959731 8.03065391105497 7.32250117069236
Mpo 8.64472480371545 5.08756720896677 4.86711243868263
Lcp1 11.9186828085383 5.95649625444264 4.5197745148174
Txnip 13.6926905825169 6.41307018114394 6.16677279918402
Cd9 11.7908634776503 6.45703788115297 5.98853270528314
Cd34 10.4821943254353 7.09110381916947 5.02391000154828
Tpst2 11.1108919206009 7.66936655753243 7.60177405540856
Cd83 13.2161047162533 8.65697776894191 5.81542641006711
Mmp2 8.7280447113755 5.32048156480198 4.64162155890348
Sipa1 11.028832104782 6.78894609337688 6.55631267887743
Coro1a 12.5292545103329 9.1617660188547 8.62167260182451
Btg2 11.3906424677534 5.95921045080932 5.85432144577624
Tnfaip2 9.07410944533167 4.43829491325933 4.35772416689596
Litaf 12.5687309938788 7.04449851659198 6.98734114134396
Cyfip1 12.6115291742802 8.27984107735351 7.15429855928162
Lamp2 11.5544716379291 7.49382036731873 6.24810350244284
Snx18 11.8255448234537 8.40990744007022 7.937045095923
Ctsc 12.6108642775907 4.70477201822859 4.53866046987107
Cd82 9.23153634995101 5.85632633585526 5.50494934174623
Tubb6 9.94746027053954 5.72303134260195 5.61095504433142
Ier2 13.4029366730924 7.39642646287056 5.90616894305296
Nr4a1 12.1194322490947 8.36973247621319 7.9818301769571
Pnp 12.8799287012372 8.73833333842009 7.59072233880746
Nfe2l2 11.356253934114 5.90432502630436 5.71272563076845
Socs3 12.8477426387797 4.2153666756697 4.19962322054011
Sparc 11.7443656880018 6.37823657828772 5.51989932863249
Scamp2 12.1490850674193 6.65880675458918 6.20388172401226
Acss1 9.50387495272519 6.09326846362672 5.25425313182788
4632428N05Rik 12.9633024758073 5.151748046986 5.07466549563616
Slc2a5 10.6169587052025 6.34770916931462 6.32157430254539
Afp 8.35050803873215 4.57181521116315 3.76165847843607
Clic1 11.3122330580261 6.54499807938742 5.59294507036618
Plxnb2 11.1496648391028 6.61581513228614 6.19309709622986
Irf8 12.5462653592052 6.32574024611862 5.53429034821917
Mical1 8.77305668351709 5.15859095677835 4.6731767222678
Tbxas1 9.68864876043037 6.20530589515296 5.88943494566475
Slc39a8 8.14296708004609 4.39072882238749 3.91182786271407
Parvg 10.4281853264487 5.60231833240459 5.58873850193104
Mcl1 12.2077605709068 7.5419350525365 6.85971386444078
Rps6ka1 12.3511118887686 7.55263416373873 6.69038722389218
Parp9 9.69879112347596 5.17315274432685 5.15538920627438
Tnfaip8 10.106166018297 5.22356995952904 5.04754443810464
Mfng 10.2459357618163 5.82330185249667 5.59960538012252
Slc40a1 11.6873175794834 5.82824052001425 4.78926388250285
C1qb 13.3809165744448 4.51496284434099 4.35978509888893
Cyp4v3 11.0156233140278 5.71410951030057 5.26923941335198
Qk 12.4657276661435 8.98053850590482 8.84202389493484
Syngr2 11.5324666076936 5.17782123415796 4.97173887303031
Pmp22 12.2434056339285 7.98849862724027 6.48513898837626
Igtp 10.573481340332 6.88725156975836 6.16719788190746
Ccl6 10.4831140019336 4.52409934005483 4.27055403784127
Cd14 13.3794861542207 6.25524551082045 5.89964680510709
Tnfrsf1a 11.349722903685 7.09175148876448 7.03059419886976
Tob2 11.2863217891244 7.49618428743385 7.09830564635003
Pycard 11.7530559991681 6.00975913708872 5.53045860906086
C1qa 13.1874316054276 6.56831797908196 5.79831054209832
Il16 10.5676116874908 5.67991372484136 5.41598343869832
Slc7a7 10.9326702827516 5.22873955795316 4.88267085561171
Klf4 12.8356975471887 5.04910963907981 4.96935179821266
Jun 13.1513958362792 7.34856939106423 6.20634835226686
Srgn 13.2795222117037 6.15296763643325 5.05448529795845
Myh9 12.5447914497017 8.00932465538545 6.94577160786943
Nfkbiz 12.6921044506167 4.97988135644789 4.17948694841247
Tgm2 11.6702792723547 6.23547543712499 5.99300506971983
Plek 13.0385446953369 7.60345747568757 7.30134442289011
Itgb5 13.3122301859398 5.11772581434824 4.87889608708434
Elf1 9.08464008124719 4.79961142480547 4.69140477843874
Cln3 9.83088294827292 6.34869784135284 6.13907836506563
Rgs1 11.3590498478886 4.46105215729493 4.4439492679164
Tmem37 9.84921340109981 6.46324372432065 6.09502281893819
Rac2 9.85175366603671 6.1163640767608 5.89865475109696
Nfatc1 10.0088645121847 6.24115446950278 6.16414461775527
Snx5 12.5419589726741 8.95798434094179 8.29199868898553
Elk3 10.4319956263106 4.87061653255011 4.72295396655649
Soat1 9.01103606914302 5.43623208380182 4.9902284711661
Laptm5 13.25292607905 6.18195155542921 5.66394915133839
Ptgr1 9.95096043750722 5.47837554706565 5.30010815329272
Ctsz 12.9968566741552 8.78024689196179 8.08423491783195
Fcgr1 12.2955371160684 5.55860161784767 4.81264109167454
Slc16a6 11.5647594820405 7.31030182543362 7.13177733223365
Pdlim4 9.51167808110339 4.84419737717418 4.82288937875785
Ccl9 11.4677327663853 5.25909075687331 4.87155146497672
Trim30a 9.81298833801394 5.08145960304214 5.07470121054515
B4galt1 11.1336165305587 5.91374378007183 5.89618065799977
Nrp1 10.6812295061732 6.76983857982908 5.44566996283572
Tnfrsf1b 11.7452188608572 5.94662687473629 5.88092034943105
Inpp5d 12.4577394438636 6.70583887158718 6.434772896668
Tlr4 9.57555684780965 4.58605310913152 4.35576751444314
Pmaip1 7.97566326054479 4.24698211146567 4.02256956737489
Aif1 11.8214348072249 7.11754425255632 5.76545584803391
Il15 7.64022998784039 4.16345335585427 4.08524886352287
Lims1 11.3701224038562 7.47733199337218 7.31412239600319
Syk 11.3160084368777 5.91923281436612 5.79316414848714
Klf6 12.2250639567383 7.83030205325309 6.17875630592371
Crybb1 12.2648088011919 6.53445665002354 6.25522164706559
Fcer1g 12.6718396223893 5.96925782639356 5.92269834302065
Ctsh 12.87251521366 5.3458422279269 5.32538252717235
Gpsm3 9.55595780536678 5.47720352621822 5.38383295862007
Ncf4 10.7292352869563 4.98268019602641 4.92075676506679
Ggta1 10.3002208247185 4.22449276985968 4.18936695408371
Calcrl 7.78386106503694 4.40452824138751 3.81429328471681
Lcp2 10.4089431447829 5.08597932623204 4.94700326419491
Ngp 12.7574775005176 5.39976188605786 5.24404695091347
Spi1 10.4190424481911 5.90370407016079 5.83008618461786
Atp7a 10.2141459779396 6.08758634820881 5.5603571673275
Csf3r 10.4683520496493 5.14272754307268 4.9183408815315
Irgm1 9.75785220128619 6.22600152636364 6.11817467196798
Ms4a6b 11.2554621340409 4.75373748043519 4.66623604281737
Hcls1 8.70906636115833 4.84232086717413 4.67278868580002
Pabpc1 11.1781404360411 4.2821395393542 4.06200779241287
Cebpb 11.5932508063623 7.6536154982603 7.29739971904506
Plxdc2 12.0745716973584 6.62230565505255 6.24545161934024
Cxcl10 9.72683118350032 5.27296580820617 5.20642418002297
Maff 10.2074887860116 6.67795954701452 5.86738193149077
Cysltr1 9.25437959121948 4.02513567895379 3.79213611963154
Cebpa 9.84230025530157 6.15528179784619 5.57963727334987
Cttnbp2nl 11.6991350325633 6.92759271805811 5.51129949968947
Lyl1 9.96552235514374 4.88336428314037 4.76619408525991
Ptpn18 10.3344380846283 6.09232297953062 5.97564917913464
Tlr2 11.9276981137555 5.53269230302156 5.3248182494082
Serpine1 9.65311808101758 5.20369521630106 4.76679190205066
Mlxipl 10.5385226388773 4.88520016391986 4.59188327735865
Cd37 10.9003612304416 5.5986774837829 5.43016939157629
Map3k8 10.2772018482877 4.78779104588443 4.42820789177136
Myd88 10.6605178444686 5.94834791232095 5.46785165700937
Ccl12 10.6391731596107 4.83336243876346 4.50238443130169
Jam2 8.93482451958042 5.31936266880404 5.30489204226737
Arhgap4 9.32893709991249 5.49732277451672 5.39817635776175
H2-Oa 8.62773488286702 5.12118917052026 4.75484363071621
Pon3 9.25424963832735 4.24401359103098 4.22845267515869
Slamf9 11.1460693903532 6.63365721869694 6.1455804437595
S100a8 13.1710031765985 4.92221709675919 4.84602611433776
Il10rb 10.5493104181091 6.71702823241668 5.29699178561804
C3ar1 11.7048817822179 5.76079674538268 5.3581369788674
Ripk1 10.2351943744533 5.84491919213557 5.26584464234135
Fgd2 12.0963667807367 5.91683106131366 5.84572278392866
Rela 11.8418378886618 7.1538530959298 7.13135967312091
Ccl3 13.5359936909524 4.59983895882326 4.57834467441812
Ttc28 8.96750239347399 5.52866683321137 5.25589441107669
Ms4a6d 11.4841310922632 4.74900975110185 4.2680135407059
Tnf 9.93397669508449 6.28003843173384 6.14333624371443
Was 8.02197322990764 4.5350529437327 4.48925804392931
Ier3 13.5124048716238 9.78158133395045 7.4330857858371
Nupr1 9.91190169343546 5.70567782383827 5.65189705062713
Camp 12.4507582747533 5.5749420997373 5.41221045307089
Ltc4s 9.72815138352943 6.09372989051587 5.91738215514466
Klk8 10.1827990465209 5.56378208885991 5.47142808955413
Chil3 11.4871946767607 4.03930372381348 4.03642138802529
Arap3 9.99309938625579 5.04823168346481 4.65811673862238
Tlr7 11.1537008662761 4.98702922034755 4.75837121680664
Csf1r 14.0292728577336 7.33884197931552 7.00042966709513
Trim25 10.6548242070809 7.28673910572916 5.70530171989775
Hpgd 11.9738918982247 6.86088346723202 5.34346549541298
Rab3il1 10.3829864041852 6.80971078540632 6.13295785807725
Mcm3 9.01275163949269 5.16517219385311 4.98408845823296
Nfkbia 13.5863871767458 10.0750116205601 9.55315179439384
Gdap10 8.59879464478789 4.47734743266887 4.3721291127882
Slc11a1 11.3948658681908 5.49883004335501 5.35504699167805
Hnrnpa2b1 10.1857595588016 6.71384064873821 6.05440569349913
Ccl2 9.3887194295731 5.38482153960724 5.29171666233283
Cd86 11.6527693006629 4.95292083357236 4.87022626973299
Prkd3 9.77821211859841 5.98436088962815 5.43916548862237
Gpr84 11.5263505075912 5.61633140293964 5.39433019879541
Vamp8 11.7850542682879 6.60194539231203 5.99295338948703
Tcirg1 11.2860007996333 6.87318195998986 6.52117947421843
Sqrdl 11.1213981292751 7.55395609750441 5.9954633204931
Trim12a 8.39694276788024 4.25030234481022 4.10866708016069
Slc15a3 11.3995649353571 5.52925944992069 5.18606956337888
Clec7a 9.25038759656192 4.79711624986859 4.66983128477565
Rel 9.43208070521036 4.93609162547814 4.65173616010463
Tsc22d3 11.5894187043498 7.62974719159473 6.22512795294513
Sla 12.4329217789332 6.02994535321521 5.57144217092939
Tgfbr1 13.5090583473981 6.83831592836794 6.20876589381725
Snap23 8.48388126836494 4.85587216429319 4.33544470982384
St6gal1 11.5442181234637 7.82401811719384 7.38242146439897
Asph 11.0774007157198 7.03613356462151 6.34711088120671
Adcy7 11.9949098164077 6.46111954833699 5.31122521401086
Rbm39 10.2573002722239 6.67860366558522 6.20356231033499
Rsad2 9.7910425144954 5.9967375590424 5.7620001737422
Gpr56 11.1033359990947 7.29941767761089 6.97151829363513
Lgals9 9.69958847858634 5.26806866674541 5.22042472214191
Bco2 8.889124080815 5.41050469144436 5.20684173763943
Trem2 11.303795824757 6.50432171647708 6.27183602519939
Gna15 8.99367862824198 5.38861617181495 5.36550463231841
Myo7a 9.50521719944788 6.02238398727008 5.94149732987001
Birc3 10.6915102166933 6.56441208366787 6.01467982290182
Igsf6 8.83394697282607 4.45187608413256 4.25185956475493
Samsn1 8.81738530496463 4.96331772487129 4.53337444512895
Il1a 10.5376640185961 4.14328487596575 4.06651214886252
Hpgds 9.22775583355141 5.46880018554891 5.14199140426721
Naip5 11.0978070538461 4.36274052466241 4.31520387574653
Ccl4 12.6588721873418 5.83667593179976 5.81799631353295
Itpr2 10.8475742428576 5.85810175752815 5.32156503643389
Stat6 10.468465477124 6.30527205204905 5.79211715018699
Phxr1 9.60693645820777 5.71094801869206 5.706586510389
Tapbp 11.4198825404039 8.00165617467371 7.18813656987558
Msn 10.8303816272 6.14793078795596 5.78461242480249
Abca1 12.0542577742267 6.63060090730507 6.29453282571492
Adam17 10.5495689245511 6.17300586726363 5.34292694747477
Dapp1 10.6129812986097 5.23683269438213 5.16072957115048
Clec4a2 10.1399334143348 5.05599886766962 4.87168049046552
Fli1 10.1221580891138 4.31532807241324 3.99626915180511
Ets1 9.52298260959165 4.19750950064271 4.00960432689453
Ptprc 12.4924457080349 4.67859071010749 4.44447844484605
Fosb 12.0153263432166 6.56632929733761 4.89298157611328
Ccr5 11.6775104276773 4.67345807299086 4.47694023521423
Il6ra 12.6762370901779 5.82709716350925 5.53429700937103
Tgif1 8.32241012578398 4.5926832304967 4.29374383897557
Pla2g15 12.3402771280608 7.90257871381053 7.09575035268902
Itga6 11.5191682655928 6.13491706926886 5.62878991462358
Ifi30 11.3741036101554 7.34063137263952 5.5053274359386
Zfp36l1 12.768092682973 6.28832214474671 5.52833868924723
Id2 12.1967220814378 8.41319439932416 7.79729892937346
Gpr34 12.0465417111213 4.19879775178541 4.01417234524944
Rrad 10.0218987777276 5.44543314808896 5.19459675342712
Cr1l 11.6700570684498 7.99573927791677 7.66871980156156
Ndel1 9.33926152391583 4.41440779125715 4.33287456169566
Rhog 11.1977184303104 7.09926613579914 6.80914017731015
Rnase4 13.0645450224258 5.35215868295527 5.01248933723712
Hk2 12.2311857728962 6.06346267447405 6.0483122921774
Fam111a 8.38937991141375 4.95187056651744 4.43431500074166
Hfe 11.261965590755 6.91630195263907 4.94765821551575
Naalad2 9.57573482021452 5.48391183621236 5.43365102717568
Pik3cg 10.1391450667911 5.23721898878985 5.20217996071182
Zeb2 11.448770010793 6.509943470411 5.73602621857984
Btk 9.59129305907372 5.70154743065807 5.35162158142084
Tlr3 9.57440918362698 5.47124108342318 5.21485154614852
Dock2 8.82632728691093 5.29501063177548 5.05321072203469
Prkcd 11.3269526908875 7.92147821079484 6.43685758532708
Mertk 13.1492058693859 5.67360012553394 5.57447477649306
Cd84 9.79853579725004 5.04185648753049 4.79993241314358
Ly86 13.8484382572477 5.91282443264873 5.48659171347831
Vav1 10.4988780096262 4.60746711273579 4.3899724887538
Pag1 12.681394781079 8.01810405435458 7.39560304430638
Fos 13.9214281458166 8.84747179158335 7.60389775394515
Cfh 10.9189995251726 4.37278574359003 3.60920702610857
Tnfrsf13b 9.55249902249023 4.53396629160588 4.354788983484
Cebpd 10.5727375378467 5.55455578505901 4.57562544626432
Luc7l2 10.5406316174713 5.62074649176841 5.48736416788353
Smim3 9.36289130684882 5.87450360916644 5.83698644902579
Hhex 10.0129558927535 5.26562157427832 5.08482230512191
Entpd1 9.36332417160173 5.44789522125448 4.3507415642842
Ptgs1 12.1460566579667 5.52339409195818 5.24290464161629
Stk17b 9.82516171443988 5.4708030706531 5.41077972775796
Frrs1 10.5118954880326 4.92770046803139 4.68868119703136
Lyz2 12.6255399097117 6.38420948159142 6.21697834326499
Ssfa2 10.3963514628908 6.51127434312395 5.97315389965337
Ccnl1 12.9467381083197 7.82081749753558 7.29911695428656
Galnt4 9.17182977737832 4.93835573086202 4.89702575220012
Ctc1 11.7381009275171 7.51974988500421 7.18667280631388
Unc93b1 11.2638153754962 6.13795381734278 6.07168656801242
Mob1a 11.6524237224905 7.81628618970283 7.3549670404782
Cmtm6 12.3249537931389 6.66755658199469 6.40231504745508
Sfpq 11.5941111598284 5.60576477979211 5.50128753403888
Tmem63a 11.3673624046704 7.23087631460601 7.02400883416522
Tspan14 11.1135085123949 7.32688463401181 7.01032873082271
Lpcat3 11.4010483293012 7.14506436229941 6.77806241729758
Pxn 11.7931446549569 6.79175598039672 6.3206763171738
Hvcn1 10.3744362140918 6.43512954550353 5.51285934401634
Srsf7 12.2454124184616 8.74524098487167 8.57395292011128
Edem1 10.5468048765477 6.03628603739045 4.89662334886422
Icam1 12.0835121128031 4.91962417984003 4.68098216139364
Ptbp3 11.2821230739434 7.92694447650848 6.60878977853061
Prkab1 10.8294129270605 6.96454834391398 6.86034030199666
Col6a3 8.95070105293613 5.60389893308 5.57963417387511
Rbl1 8.60653858129746 4.80334422026325 4.57385151900277
Rcsd1 12.3327371826167 6.76583422668368 6.57830221710632
Tmem140 8.37653073680301 4.61526678879514 4.50991784397857
0610040J01Rik 10.8216796982396 5.91803274432161 5.53776900760758
Cklf 11.4118605648373 6.45555443473044 5.41019240468242
Cd177 8.34962699286364 4.23245161730886 4.13124310015175
Casp8 9.75678338176791 4.95222837150932 4.45430437818185
Tmed5 10.5709139699701 7.02645593684684 5.9632790246693
F11r 12.1396861374846 6.5055215841932 5.77608634947457
Eva1a 8.74419904985229 4.770511540392 4.54368850752865
Mfap3 11.424323136373 7.96818495314291 7.60001803283179
Reep3 10.8117416298317 6.49587239534123 5.31354555696177
Tor4a 10.2205590701386 5.53211336086949 5.1706583089886
Trim34a 8.51637667451946 5.1260866902648 5.07128544047881
Trib1 10.0283426085731 6.56346683403472 6.30254570639615
Lpxn 10.7275528959061 4.82859689974967 4.34580338109097
Siglec5 8.28941632201165 3.87851429674061 3.87168554866685
Mylip 12.3911493278824 7.50978961486326 7.22262351672432
Fcrl1 9.22764356004362 5.2721085369948 5.17135145054316
Lifr 10.8658507374762 7.48728841664227 7.22616563011907
Csf1 9.86949876759856 5.96911645528311 5.85104779599824
P2ry6 11.5574667748729 4.46950583015365 4.27924517704145
Wsb1 12.1255060427543 7.83699567522177 6.61545213102342
H2-K1 12.7949568117272 8.77232937773806 6.57380202292883
Slc3a2 12.5974908597412 9.14502088704551 8.05312315894765
Tgfbr2 12.4393744689228 5.88826805778935 5.77943476331444
Prpf4b 10.0168384764663 6.50868004312245 5.9548678544577
Ceacam1 8.80282175058088 4.40773120565613 4.23677128298486
Mlph 9.57489838859243 5.28031062304125 4.98255534694809
Ncf1 8.88584686160739 5.28879341210443 5.14799593214396
Il13ra1 9.84239214017086 5.88072580625978 4.91020082754652
Adap2 10.5722797031115 5.34657538465229 5.29008170438464
Akr1b10 8.12473567494519 4.60963641699142 4.42647758890077
Lrba 12.2631508876539 8.84506355882577 6.86336726165218
Pld1 10.8239587790307 5.80133807894577 5.68075515164859
Pon2 9.33868555313833 5.54123395006285 4.78948746020097
Ggnbp2 8.92116224716715 5.58607813344939 4.91382771212887
Capn3 10.3369957490321 4.97429178472873 4.83439912486771
Gem 8.28519304309807 4.35370203500407 4.1000190874875
ND5 11.9277080301183 8.44209444654741 7.98329449352642
Rrbp1 12.1135184174842 8.09956127880634 6.65955055317646
Clk1 11.9522343163908 7.67976132839613 7.62157021907811
Vwa5a 10.3106484906387 6.60699653030125 5.09152490769315
Glul 11.9280143428985 7.45675024912245 7.09759987107735
Arrb2 11.4983554070217 8.07074215900206 7.24251450955747
Pros1 11.4603712254362 5.17928993328148 5.1446392346065
Ifih1 8.92117937270675 5.29377835223028 4.75074622844939
Rin2 10.1168098461982 6.10152166931531 5.87511938190358
Tifa 10.8074268423842 6.03258636980844 5.88927259674649
Arhgap17 10.9767981793134 5.26298770784472 5.22211898001823
Phgdh 11.0749094502032 7.62468126419823 6.88950626539626
Parp12 9.49139397984138 4.8685662264874 4.82592628169742
Trim47 10.0791566495733 5.17189973705744 4.97799191240402
Lgals3 9.11302237976578 4.79076475568059 4.69649056516597
Ddx26b 12.2044872770196 7.98837750764165 7.66373344634895
Slc25a45 10.8173200145939 6.15494112057501 6.07481704139604
Plcg2 11.1549584884923 7.08835293762927 6.66827342560243
Ccdc93 11.5481832070344 8.00210051450669 7.98048616508472
Mlxip 11.0084570885722 7.27680238210762 6.80433760329407
Sash3 11.249005723635 5.90219235731348 5.25648603397281
Themis2 9.99513496121799 5.21608506540285 4.9767761322812
Smo 8.93859914159649 5.2460056008122 5.19078024307998
Mpeg1 13.5931395335038 6.2468272049101 5.79093922514775
Hspa1b 12.7002530870076 7.71355080380494 6.5275715022749
Xist 12.7596727744674 4.40482813019372 4.23215255016667
Cd48 9.95999221182058 5.17652226301172 4.59870744133365
Akna 10.7072692564892 4.91601326350305 4.89709752443173
2810474O19Rik 10.3199763689726 6.96964614037397 5.9511155569592
Sult1a1 9.98708391284936 5.02541083932303 4.8610152004125
Fes 10.5551239260507 5.96485892760851 5.87355741945018
Cep152 9.74520694836984 5.55890419344449 5.19215670398014
B2m 13.1894322739796 9.47311643573335 7.42526620424462
Ccrl2 11.3826980615646 5.7452795150091 5.30531294495336
Lcn2 12.0118513639671 4.61194719265171 4.4002664367282
Hbb-b2 7.88283645776123 4.16251252287788 4.11461825394803
Gimap6 8.28531118681062 4.59052933614422 4.57800828715989
Myo1g 9.24155609377298 5.05977671616033 4.94741344904013
Tmem173 11.0989726590541 6.20537941907 5.92235554570305
BC028528 8.76172624772281 4.9947261341581 4.92262520660944
AF251705 11.9378287827213 6.78102246482787 6.37766037836527
Hmha1 10.4292840746509 5.67055938423121 5.64771696033054
Rreb1 9.67685838321431 5.71894518416085 5.07923475671254
Gmip 10.0312950363764 6.23845962495123 5.68921329500411
Nckap1l 11.1514517971807 6.4950514243117 5.27352289451486
Abcc3 9.68880748830503 5.30159338226048 4.96322248568799
Rhoh 10.6886747062572 5.06843506641086 4.82800571769643
1700017B05Rik 11.7630363477309 5.74698412645523 5.49874992194919
Srgap2 11.7876768649285 8.32160388265629 8.30830491269418
2810043O03Rik 8.26904649519335 4.16625736322468 4.06031692435651
Gusb 11.4166507135997 6.4640928651905 5.10634145760234
Lair1 10.6341607739461 4.76921881235768 4.67594041724215
P2ry12 12.3417720061336 4.81972760880354 4.7448482727264
Apoe 11.813606877339 8.10797935939921 7.63538277209994
Epb4.1l2 12.5141878325852 7.29385591526739 6.26443910196871
Pld4 12.0162068213804 5.31040769149089 5.26481097487719
Lrrfip1 10.7165591037594 5.44749447558064 5.44111232497342
AU020206 9.7250304187546 5.6068451944357 5.25581818679649
Fermt3 11.255187597153 4.81327570649809 4.61004335838504
Tgif2 9.91494649369466 6.22208579151093 5.92370483050951
Ankrd44 11.6555430067368 8.2281315732028 5.68892160634366
Kctd12 12.2024123826132 8.53207971613662 6.60485560280939
H2-Aa 10.95884712019 4.69025320867924 4.54690857352873
Fam105a 11.8141138102905 8.48445695269642 7.5227794011251
Cpne3 9.53740558386254 5.86989581233757 5.74136456649193
Herpud1 12.561534184029 8.49718878290943 7.53107145499959
Cd300a 9.78331319123392 4.94747345651551 4.7861047984752
Tmem71 7.74769305584135 4.21666254035089 4.18603672841565
Lyz1 12.291433368859 4.92543651114493 4.38324554327506
Zfp110 10.6328144276245 7.0133253978011 6.4166081091885
Clcf1 8.66818372368241 4.0629973272331 3.83234792290436
Adrb2 8.06163788196254 4.38677908931274 4.36009905123235
Hmgb2 9.11494801820282 5.58565202137554 5.57254925348293
Lrrk1 9.00233842375518 4.83036830742694 4.64663509097824
Zfp36l2 12.4844215051541 7.06535562858198 6.39844289758476
Il10ra 11.9204835825207 5.36844281749805 5.05113786066152
D530037H12Rik 10.2863068988974 4.18308329147499 3.93304652546954
Rab20 9.47961105235741 4.19092809132519 4.08044596591186
Slc9a3r1 10.4708123572034 6.97566603258234 6.62225433722358
Vim 8.23795736569226 4.50957168616095 4.27921342150835
Grn 13.5694893497197 8.80105462185825 7.41817813232666
Mavs 9.31586109517846 5.50227090496176 4.25609928023982
Bach1 11.8359025049111 7.81128860334597 7.168980161311
D9Ertd306e 8.17933645172779 4.11256755060657 3.97231915483245
C79242 8.37764848139916 4.58485392349868 4.44819166119628
Fam46c 12.3008656779841 6.95311697172751 4.76313620302984
Ctsa 12.9368651417016 9.31425805952449 8.60783831995023
Pald1 10.8157904216058 6.07289874192926 5.94296128466956
Ifngr1 12.0120817823602 7.44646747600892 7.18682795471153
Ucp2 10.9174179061083 6.92707067614623 6.77652109629736
Tcn2 12.1131223131962 6.73785821991309 6.06023761205483
Anxa1 10.0891907764378 4.48979077672593 4.17132002209727
Cmtm3 9.80544069396922 5.68235958616138 5.67416273459828
Ppp1r15a 12.6842681011032 8.15206580599965 7.32487320242803
Slc15a4 11.4134041549916 7.77550926921524 7.4618196898037
Dhrs3 10.8664384075394 7.05395698031714 6.37230255664362
Lrmp 8.72621364395205 4.63935204468525 4.37365377335814
Olfml3 13.5589885962411 6.20358856781323 6.20115169623974
Pla2g4a 9.54677550171969 5.2733446211056 5.05063956492156
Ncf2 10.9678841319022 5.70749455993304 5.6325881837374
Il7r 9.09542824054331 5.01863510813424 4.88585679767206
Ctss 14.0972400899769 7.62368916302958 7.19686300467758
Cd53 12.647448770815 5.42287601109218 5.35911330338704
Fcgr3 13.39521832835 6.21418817456446 5.90494280784312
Hps4 12.4456398299555 7.83397446646611 7.62294418830971
S100a9 12.5433488948648 4.82827865056954 4.82247669011794
Dusp1 14.1600590685473 9.69797017770329 9.20634814636501
Traf5 8.9887948057126 5.58868794269872 5.49347453329887
Hp 9.14524736055938 5.42808768957121 5.39734982356452
Lgmn 13.3423749152836 9.84140315460244 6.96877492840429
Klf2 13.0114488593516 5.34384675790403 5.0661348236034
Fcrls 13.5094801235154 5.87674578547735 5.67000335433213
Trip6 9.25539301100816 5.42787276970513 5.34419379886472
Tlr1 9.47210882993985 4.16302541053668 4.14082265400408
Selplg 13.4608296010201 6.73951672522676 6.49951470116686
Cd68 12.242490069775 7.32896778021842 5.03019989216659
Gpr65 7.84688309866013 4.2226236460722 3.93058959639162
Ebi3 9.21311913542791 5.87676123809196 5.49083663234751
Csf2rb2 9.41716750216967 4.58374202088941 4.34955915896484
Atf3 13.3007390383143 4.85375829079503 4.78383149046562
Il1b 8.73108304695802 5.3045207029432 5.26124320630075
C1qc 13.5863871767458 6.05087122080544 5.40325727474422
Chst7 10.9028652320415 6.17542337889662 5.64363022354987
Hck 11.677853867497 5.60163067607922 4.7237969202783
Gcnt1 8.17673933531389 4.35794987504556 4.3402971958633
Casp4 9.24666718666705 4.19410806250217 4.05029812703047
Lag3 9.95212609690159 5.69937362093735 5.6607742314757
Cxcl2 11.1862547067567 4.195062065465 4.17897295331183
Ltf 12.2109361391241 7.52627884863529 6.22780773973907
Cx3cr1 12.8661645891936 5.73633048907046 5.59764020139168
H2-D1 12.6018887958776 8.90839238256519 6.44056129690541
Stab1 10.8319181809469 5.64410422802314 5.31218705551743
Evi2a 12.5292457386737 6.5594916574067 6.29638928412796
Il6 8.39447282799593 3.91843381979311 3.86191340238392
Pdgfb 10.784427213788 6.3094188784502 6.16594775467636
Mrc1 8.63837955832117 4.21435236046321 4.08142094357905
Cd33 8.8986929970054 5.0934467213394 4.91341398229877
Itgb2 11.8272052895604 4.8277097297417 4.63419115074859
Rgl2 11.1123727065015 7.33644670568432 6.87440875337067
Psmb9 9.34845122497028 5.93931120039728 5.80656268199324
Adamts1 11.3594540869076 5.64407629371551 5.39656696841517
Ang 8.39410428367088 4.14175725931129 4.08972262679738
Sh2b2 9.22244603896785 4.66039551385462 4.59448580653255
Tyrobp 12.8882077765556 5.91062535051984 5.87287383801564
Ptplad2 9.53045279911964 5.47996610713217 5.42689620236926
Slc29a3 11.671269772336 5.67632055443024 5.51363646770144
Pbxip1 10.4089275516797 6.38990133329393 6.35671893739825
Emr1 12.7324162108168 5.57597583034498 5.42331449991896
Nrros 12.2035612900789 6.08589667066913 5.50280916508752
Tmem119 13.7062504747088 6.09665383080002 6.08129655123856
Pnpla7 10.5567704595249 5.86677236526525 5.31923848713626
1810011O10Rik 8.23549028637786 4.3479267068171 4.30457819784213
Parp14 9.29651035265735 5.15073509521494 5.08989969009726
Havcr2 10.6395343238155 4.52305829021936 4.40991258999489
Alas2 10.1192139258561 5.01172788744299 4.90450643303014
Cmtm7 10.2158890607314 5.17274757212504 5.11754094805258
Mafb 10.9468667556878 5.72383654328311 4.992263409774
Apobec1 9.55069814656581 5.37062387547223 5.33382978543849
Blnk 11.7867853033936 5.65734488378914 5.47938261632745
Tmcc3 9.49652683269657 5.34044638845516 4.90780034388425
Notch2 11.0904077018543 6.71050070393486 5.87169738722543
Alox5ap 12.5576931349978 7.62863099689419 6.11012323382435
Fyb 11.7070682335866 6.04873985945374 6.00465364726099
Sepp1 13.7057662789234 9.058259663794 8.14289591608164
Ctla2b 9.98817720392032 4.48485223551046 4.20762449720362
Hspa1a 11.8296568285311 6.05116161370001 5.59042644926217
Zfp36 13.4710413836478 6.34688569404898 5.70493904129854
Abhd15 10.2572440975652 4.83962986286593 4.83350385947504
Cyba 11.7795222099381 5.34775544880762 5.07793929408185
Wasf2 12.354976901621 7.42146363299064 6.61512950588974
Ptpn6 11.5568573976642 6.64271525864009 6.64079654294238
4833441D16Rik 9.111877090883 5.07456672963114 4.58912058822143
Tec 10.1464631671626 5.56279268295978 5.0248127834072
Cd52 8.87459768254704 5.21682140984132 4.65113586696803
Irf5 10.4986359523617 6.17941770644529 5.80469829287176
Wdr81 11.497830880817 7.90399413272221 7.47136988939465
Naip2 10.6906973938164 4.60889121710532 4.48428645678822
Anxa3 12.8939144704404 5.47217766824842 5.38894612522488
