Tppp3 10.6095644520264 7.06030420721766 5.79248073556221
Hspb8 10.3111796656594 6.26077692379745 6.09613847110761
Tmsb10 9.5203117455301 5.8901833275855 4.69755289384676
Trpc3 11.1760872362626 6.58062049478508 5.34332045358383
Sncg 10.2579472200085 4.98987359970066 4.61680022375018
Ufsp1 9.9597300812035 6.44658915156382 6.01608890072979
Resp18 11.4708452209006 6.88647785486909 4.55352009499914
Unc119 11.3341725939914 7.34702243707075 6.88460381881483
Cxcl14 10.8989313612432 5.80243843150552 4.82945128218739
Pcbd1 11.9518375526459 7.90784696178254 6.52603974348575
Hebp2 9.83731119316302 6.35983378094824 6.29909605892467
Mt3 12.0880395435769 8.45313155252849 7.14971860682565
Sln 8.87798342214744 4.89253596070442 4.8379831048261
Slc5a7 8.252970183555 4.76939084966138 4.65799212225525
Elavl2 11.8290469985585 8.33104704542512 4.22689290394845
Slc18a3 11.499183432934 5.20625735966759 4.77808730408303
Ecel1 11.6263184424628 6.97691959681902 6.14126984151929
Ache 11.6408769206902 6.79303835633972 6.47566392434564
Stmn2 11.2677446272363 7.36719707852981 4.13928575952131
Zic3 8.92379468926038 5.54120378788291 4.6595554703729
Zic1 11.8115318782944 6.83966842579129 4.63425184484831
Tspan17 10.2673558464305 6.89431815174281 5.20398643433386
Uqcr10 10.1587045557634 6.43692981243272 6.36425153932126
Wif1 7.76378806086366 3.87416742980707 3.86222993900785
Lhx8 12.0766196879855 6.56121836656943 4.08125589196919
Hopx 10.6367189101918 6.43150666989736 6.35144678759597
Mela 9.92797255491494 4.44716391968425 4.08030611458906
Tacr3 9.23011299918996 5.27043992342051 4.35095826452118
Gpx3 10.7499082120009 6.74188847674819 6.65452469654503
Fkbp1b 11.9223058174224 8.08616053911481 6.54385843169366
Crabp2 10.3274019625677 5.66202277076777 5.27735669767374
