Uhrf1 9.53427432476441 5.46954778197187 4.223020930628
Dpysl3 12.8837712643463 8.96266721644309 5.2018476270825
Nasp 11.6288470631536 7.77370682955278 6.28559886641072
Rrm2 11.6111642006541 7.24099739813503 4.33199711381523
Ccnd2 13.9324354113347 10.562274215704 5.50954980423903
Nusap1 10.6922193016853 6.12734632013621 5.13732723689514
Cdca5 9.70844815222206 6.37436151536693 4.20538461939209
Ccna2 11.2214637710139 7.72074594452734 5.4135737396657
Dcx 12.9992884069284 7.95884108649814 4.81161070594493
2810417H13Rik 11.482242210821 7.29224365052161 5.19596660946412
Igfbpl1 9.97989734602987 6.01145564925689 4.86460970112396
Mki67 12.2894855558827 7.26124047908645 5.15980217983673
Cenpf 10.1337691740404 5.49939675982251 4.68459483604507
Smc4 10.5176275690196 6.98228940817833 4.31860915485377
Top2a 11.6433083587303 6.70072397007785 4.52172896050867
Cdca7 11.4007435849176 6.39927256787733 4.9251078644379
Trip13 10.4075548492614 6.86691840525461 4.73298499230216
Kif2c 8.54458335727805 5.16029982820227 4.13222860306069
Sox11 12.1901352007152 5.67930251725048 4.08470451954381
Cenpe 8.34767451096559 4.09995429177544 3.67085971766554
Pbk 10.9766873691486 6.93030761200164 4.77758543873011
Dlx1 13.2290397628289 9.77060308476014 4.23845640656334
Gsg2 8.00149169800754 4.6690710765336 4.17904862715146
Cep55 9.32947005437654 5.82350006326544 4.47869557807679
Ube2c 9.80516240401687 6.15520922692947 4.56320837258757
