Tnfrsf19 11.720966566698 7.40245875847284 5.5797067057509
Cyr61 9.93682167865186 5.73180287270866 4.90238598182884
Elovl2 9.54261977065452 5.48635510985989 4.38468855313075
Pdgfrb 9.14414036145939 5.16486654163334 4.7499710681263
Ntsr2 13.5656677420223 9.28804727003282 5.59340645682354
F3 11.7277157052597 7.26283404503554 5.43938707545897
Fmo1 10.3896611887476 6.13492506965263 5.2283934128868
Prodh 11.0762427221264 7.2815680259089 6.31749773338478
Gpld1 12.2275453446275 8.63752701575123 5.46823735548262
Entpd2 11.2162727999943 7.02264147334147 5.98028618403464
Fzd2 10.7207212306712 6.71015164338489 5.63452222783149
Ptprz1 12.3071254724596 7.35563657033328 5.63550858114595
Slc38a3 11.5864912232967 7.65500140727199 6.51525750970451
Cyp2d22 10.3544208143438 6.18566963880801 5.35646489745991
Cyp4f14 9.47143169472397 5.92589358945061 4.7666083235535
Slc7a10 12.0082796489695 7.07257268050315 6.03713932835601
Fgfr3 12.8758013458366 8.56440367526409 6.58632292158467
Atp1b2 13.0915819386442 9.17563870916548 6.41977815235761
Acsbg1 11.9825695013646 7.41750024869597 5.8987236102263
Slco1c1 12.180723683793 7.19723078307164 5.03429154993687
S1pr1 12.1506812466013 8.36887451676841 5.92772512821075
Ncan 11.4249959444026 7.8360073364018 5.45482702245051
Ccdc80 11.4911287893119 7.64756309534665 6.538810779262
Aldh1l1 11.4328997284096 7.23374175643426 5.0629607885439
Emp2 10.8666582293216 6.84516307065179 6.11070073602564
Aqp4 12.7949308571617 8.1713425899477 4.61829132416174
Amot 11.0052579909903 7.19422671322331 5.39364905499765
Cldn10 10.717178895912 6.94109927285469 5.59276042549255
Slc1a3 12.142456319575 7.92694350888291 4.92393572196386
Tlcd1 11.6234959491504 7.81800298447077 5.7827147139831
Scara3 10.6630954201464 7.01861352663781 4.78680046898855
Atp1a2 12.5924138083306 8.40490955889954 4.98503045997158
Slc14a1 9.23149361143258 5.39051786106811 4.58701148653826
Tril 12.5902436977717 8.75502178010897 5.12106369110657
Itih5 10.8724032971477 7.10254033955357 5.87679918088931
Cd38 10.5524516644774 6.28327706174079 5.90552480599122
Lrig1 10.9454604765597 7.31741336418066 4.48934860530793
AI464131 10.3444233494014 6.03706706051084 4.11140538459428
Mlc1 12.2496379715212 7.61303750262151 4.44412034185019
Gjb6 11.8769269675198 7.74872546069535 4.72648312468978
Hsd11b1 11.8939307356257 8.20742973057449 7.55859684538922
Grin2c 10.3149877620821 6.37110852634199 5.28553664664995
Cyp4f15 10.1905848578415 5.96748374276537 5.25846048774867
Slc1a2 11.0483562027887 6.68733148472412 5.49008593111366
