Ceacam10 8.75773323360703 4.78030655881883 4.23635284627348
Ccdc109b 9.01793009301692 5.48194245547816 4.74736938951453
Gdnf 8.42459814167844 5.06592942479274 4.65643004008058
Sgcg 9.5636115283199 4.76729864317056 3.61119881903644
Klk1b27 7.96256134403938 4.46915448694972 4.27813552870855
Hapln1 7.87696962921835 4.43787063413667 3.86685097199324
Elavl2 11.8275439539154 8.10710065502703 3.96490990519268
Serpinb1b 11.4352421067733 5.5869099838875 4.76534613781618
Mal2 8.40608602355201 4.86335968879918 3.79103952755541
Lrrtm1 10.8486849120079 6.95161039942227 4.62985166849414
