Golm1 13.2088860971046 10.0846632852036 3.78384791291684
Mrpl52 8.65398982924602 10.0846632852036 3.78384791291684
Dusp6 12.1106891877544 10.0846632852036 3.78384791291684
Junb 11.5348729987463 10.0846632852036 3.78384791291684
Lcp1 11.8379992138945 10.0846632852036 3.78384791291684
Txnip 13.6791294028158 10.0846632852036 3.78384791291684
Cotl1 12.9814824566489 10.0846632852036 3.78384791291684
Klf10 10.2322983288757 10.0846632852036 3.78384791291684
Cd34 10.3774455408259 10.0846632852036 3.78384791291684
Tpst2 11.0906169506107 10.0846632852036 3.78384791291684
Cd83 13.1517119399809 10.0846632852036 3.78384791291684
Fkbp5 11.2778896576637 10.0846632852036 3.78384791291684
Serpinf1 9.39104855160023 10.0846632852036 3.78384791291684
Sipa1 11.0491157826369 10.0846632852036 3.78384791291684
Coro1a 12.5292545103329 10.0846632852036 3.78384791291684
Tnfaip2 9.10265124910753 10.0846632852036 3.78384791291684
Ctsc 12.6316085285889 10.0846632852036 3.78384791291684
Tubb6 9.85242182153089 10.0846632852036 3.78384791291684
Ier2 13.4110457696294 10.0846632852036 3.78384791291684
4632428N05Rik 13.023417651154 10.0846632852036 3.78384791291684
Spint1 10.3486258835977 10.0846632852036 3.78384791291684
Slc2a5 10.7420519945533 10.0846632852036 3.78384791291684
Afp 8.25927872186671 10.0846632852036 3.78384791291684
Fbl 11.0564072489819 10.0846632852036 3.78384791291684
Irf8 12.5830920544812 10.0846632852036 3.78384791291684
Tbxas1 9.82110086955256 10.0846632852036 3.78384791291684
Slc39a8 8.53981315614105 10.0846632852036 3.78384791291684
Parvg 10.3515058485033 10.0846632852036 3.78384791291684
Rgs10 13.3720136026536 10.0846632852036 3.78384791291684
Rps6ka1 12.4350911117328 10.0846632852036 3.78384791291684
Trpv2 10.4057308624763 10.0846632852036 3.78384791291684
Sirpa 12.5100346647181 10.0846632852036 3.78384791291684
Mfng 10.0773132550699 10.0846632852036 3.78384791291684
Bid 9.70997295918282 10.0846632852036 3.78384791291684
Slc40a1 11.6104164701375 10.0846632852036 3.78384791291684
C1qb 13.334449855087 10.0846632852036 3.78384791291684
Rpl22l1 11.3336847463293 10.0846632852036 3.78384791291684
Plekho1 10.5586272766999 10.0846632852036 3.78384791291684
Ccl6 10.2968696260595 10.0846632852036 3.78384791291684
Cd14 13.2858211222074 10.0846632852036 3.78384791291684
Pycard 11.7476509071618 10.0846632852036 3.78384791291684
Il16 10.5721616851226 10.0846632852036 3.78384791291684
Slc7a7 10.8083190565862 10.0846632852036 3.78384791291684
Srgn 13.2068622416084 10.0846632852036 3.78384791291684
Myh9 12.4734956086251 10.0846632852036 3.78384791291684
Ctsb 11.3351839332484 10.0846632852036 3.78384791291684
Tgm2 11.642946111078 10.0846632852036 3.78384791291684
Plek 13.0477422121131 10.0846632852036 3.78384791291684
Itgb5 13.2913066952736 10.0846632852036 3.78384791291684
Eif4ebp1 8.87078981151015 10.0846632852036 3.78384791291684
Rgs1 11.0898478208524 10.0846632852036 3.78384791291684
Camk1 9.64513224169272 10.0846632852036 3.78384791291684
Ier5 13.0763760033494 10.0846632852036 3.78384791291684
Rac2 9.65733636411487 10.0846632852036 3.78384791291684
Cd79b 8.0542253469498 10.0846632852036 3.78384791291684
Snx5 12.5389716579728 10.0846632852036 3.78384791291684
Elk3 10.437348137504 10.0846632852036 3.78384791291684
Ralb 10.1907405300761 10.0846632852036 3.78384791291684
Slc25a37 10.7966850520022 10.0846632852036 3.78384791291684
Rgs19 10.1981713053925 10.0846632852036 3.78384791291684
Serinc3 10.9280820038238 10.0846632852036 3.78384791291684
D17H6S56E-5 9.82744898579413 10.0846632852036 3.78384791291684
Fcgr1 12.2838802885119 10.0846632852036 3.78384791291684
Slc7a8 10.3858843005765 10.0846632852036 3.78384791291684
Ccl9 11.3508771596472 10.0846632852036 3.78384791291684
Trim30a 9.8600658104235 10.0846632852036 3.78384791291684
B4galt1 10.9185743862039 10.0846632852036 3.78384791291684
Tnfrsf1b 11.7294024065306 10.0846632852036 3.78384791291684
Inpp5d 12.4783900860876 10.0846632852036 3.78384791291684
Tlr4 9.37755048286687 10.0846632852036 3.78384791291684
Ptp4a3 10.0648225171853 10.0846632852036 3.78384791291684
Aif1 11.8099905233592 10.0846632852036 3.78384791291684
Syk 11.1736838971837 10.0846632852036 3.78384791291684
Klf6 12.1197284009329 10.0846632852036 3.78384791291684
Mknk2 10.9458298189503 10.0846632852036 3.78384791291684
Crybb1 12.2532048432707 10.0846632852036 3.78384791291684
Fcer1g 12.6825054501545 10.0846632852036 3.78384791291684
Ctsh 12.8742742032151 10.0846632852036 3.78384791291684
Gpsm3 9.5878408034758 10.0846632852036 3.78384791291684
Ncf4 10.7305401881173 10.0846632852036 3.78384791291684
Ggta1 10.3021085784473 10.0846632852036 3.78384791291684
Etv3 10.5581468178132 10.0846632852036 3.78384791291684
Lcp2 10.4299333406719 10.0846632852036 3.78384791291684
Ngp 12.2995043542679 10.0846632852036 3.78384791291684
Spi1 10.3859436109085 10.0846632852036 3.78384791291684
Csf3r 10.5303261448833 10.0846632852036 3.78384791291684
Ms4a6b 11.2757685053458 10.0846632852036 3.78384791291684
Hcls1 8.63630419546985 10.0846632852036 3.78384791291684
Pabpc1 11.2298634617249 10.0846632852036 3.78384791291684
Acsl4 9.87812877005563 10.0846632852036 3.78384791291684
Cxcl10 9.7662958946731 10.0846632852036 3.78384791291684
Cysltr1 9.23363767777187 10.0846632852036 3.78384791291684
Cebpa 9.78114583046527 10.0846632852036 3.78384791291684
Cttnbp2nl 11.7692220388043 10.0846632852036 3.78384791291684
Lyl1 10.013448973115 10.0846632852036 3.78384791291684
Ptpn18 10.350655093353 10.0846632852036 3.78384791291684
Tlr2 11.864186632689 10.0846632852036 3.78384791291684
Serpine1 9.57269546409715 10.0846632852036 3.78384791291684
Cd37 10.9462016903761 10.0846632852036 3.78384791291684
Map3k8 10.1917146557049 10.0846632852036 3.78384791291684
Myd88 10.7885966963584 10.0846632852036 3.78384791291684
Ccl12 10.4751595691536 10.0846632852036 3.78384791291684
Arhgap4 9.38418443524174 10.0846632852036 3.78384791291684
Pon3 9.10935515291671 10.0846632852036 3.78384791291684
Slamf9 11.2066876411094 10.0846632852036 3.78384791291684
S100a8 12.9638824039872 10.0846632852036 3.78384791291684
Il10rb 10.594105170653 10.0846632852036 3.78384791291684
C3ar1 11.6182149621142 10.0846632852036 3.78384791291684
Fgd2 12.1293203269256 10.0846632852036 3.78384791291684
Ccl3 13.5496556060224 10.0846632852036 3.78384791291684
Ms4a6d 11.498084859003 10.0846632852036 3.78384791291684
Tnf 9.85321288324176 10.0846632852036 3.78384791291684
Ier3 13.5855914649438 10.0846632852036 3.78384791291684
Nupr1 9.98636391280088 10.0846632852036 3.78384791291684
Camp 11.8351935968853 10.0846632852036 3.78384791291684
Klk8 10.1637978906065 10.0846632852036 3.78384791291684
Actb 12.509862566558 10.0846632852036 3.78384791291684
Chil3 10.6986949112657 10.0846632852036 3.78384791291684
Arap3 10.0084235335535 10.0846632852036 3.78384791291684
Tlr7 11.1690114771889 10.0846632852036 3.78384791291684
Hpgd 11.9284845304822 10.0846632852036 3.78384791291684
Rab3il1 10.4344246472987 10.0846632852036 3.78384791291684
Slc11a1 11.348119903574 10.0846632852036 3.78384791291684
Ccl2 9.39365889899599 10.0846632852036 3.78384791291684
Cd86 11.7078926817195 10.0846632852036 3.78384791291684
Gpr84 11.5922078227709 10.0846632852036 3.78384791291684
Vamp8 11.7887532870376 10.0846632852036 3.78384791291684
Tcirg1 11.327613036728 10.0846632852036 3.78384791291684
Trim12a 8.60607054794922 10.0846632852036 3.78384791291684
Zfhx3 11.2458196415341 10.0846632852036 3.78384791291684
Slc15a3 11.5031029092383 10.0846632852036 3.78384791291684
Rel 9.37584581713377 10.0846632852036 3.78384791291684
Tsc22d3 11.4805096636109 10.0846632852036 3.78384791291684
Gdi2 8.00873014742919 10.0846632852036 3.78384791291684
Sla 12.412369723073 10.0846632852036 3.78384791291684
Tgfbr1 13.4953964323281 10.0846632852036 3.78384791291684
Asph 11.1601915655921 10.0846632852036 3.78384791291684
Ivns1abp 12.7570757853562 10.0846632852036 3.78384791291684
Adcy7 12.0401852065097 10.0846632852036 3.78384791291684
Rbm39 10.3141735206265 10.0846632852036 3.78384791291684
Mef2c 11.6250445182649 10.0846632852036 3.78384791291684
Bmp2k 11.469593488735 10.0846632852036 3.78384791291684
Lgals9 9.7144470271434 10.0846632852036 3.78384791291684
Trem2 11.3744113100813 10.0846632852036 3.78384791291684
Cited2 11.5583308062985 10.0846632852036 3.78384791291684
Gna15 8.98838653928669 10.0846632852036 3.78384791291684
H2-M3 10.4949717598892 10.0846632852036 3.78384791291684
Birc3 10.6680989517335 10.0846632852036 3.78384791291684
Igsf6 8.76352354526292 10.0846632852036 3.78384791291684
Samsn1 9.02117009275432 10.0846632852036 3.78384791291684
Il1a 10.5627537042988 10.0846632852036 3.78384791291684
Hpgds 9.22555193578103 10.0846632852036 3.78384791291684
Naip5 11.1748062850229 10.0846632852036 3.78384791291684
Ccl4 12.655502757357 10.0846632852036 3.78384791291684
Klf3 8.53631488900221 10.0846632852036 3.78384791291684
Stat6 10.5002673668222 10.0846632852036 3.78384791291684
Msn 10.934809568914 10.0846632852036 3.78384791291684
Dapp1 10.6616079104408 10.0846632852036 3.78384791291684
Clec4a2 10.2600474435221 10.0846632852036 3.78384791291684
Fli1 10.0941254445629 10.0846632852036 3.78384791291684
Ets1 9.55277010530181 10.0846632852036 3.78384791291684
Ptprc 12.5235480291392 10.0846632852036 3.78384791291684
Fosb 11.9510983205342 10.0846632852036 3.78384791291684
Ccr5 11.7396919362898 10.0846632852036 3.78384791291684
Il6ra 12.6715970650916 10.0846632852036 3.78384791291684
Tgif1 8.50945088524124 10.0846632852036 3.78384791291684
Pla2g15 12.3259450180791 10.0846632852036 3.78384791291684
Ifi30 11.3781163789488 10.0846632852036 3.78384791291684
H2-DMa 11.2573253131557 10.0846632852036 3.78384791291684
Gpr34 12.096128861767 10.0846632852036 3.78384791291684
Rrad 10.1172735062529 10.0846632852036 3.78384791291684
Rnase4 13.1184612117893 10.0846632852036 3.78384791291684
Hk2 12.3862706589026 10.0846632852036 3.78384791291684
Fam111a 8.63296054191287 10.0846632852036 3.78384791291684
Rassf5 12.1407417630094 10.0846632852036 3.78384791291684
Hfe 11.337741662807 10.0846632852036 3.78384791291684
Pik3cg 10.1956130518895 10.0846632852036 3.78384791291684
Btk 9.78197374603171 10.0846632852036 3.78384791291684
Prkcd 11.3204144141644 10.0846632852036 3.78384791291684
Mertk 13.1217916703296 10.0846632852036 3.78384791291684
Cd84 9.78822716908046 10.0846632852036 3.78384791291684
Ly86 13.8305038298173 10.0846632852036 3.78384791291684
Vav1 10.4293295887311 10.0846632852036 3.78384791291684
Pik3cd 8.85981255781389 10.0846632852036 3.78384791291684
Cfh 11.031443374587 10.0846632852036 3.78384791291684
Tnfrsf13b 9.62154101704082 10.0846632852036 3.78384791291684
Hhex 10.1791275378831 10.0846632852036 3.78384791291684
Entpd1 9.37032387449548 10.0846632852036 3.78384791291684
Ptgs1 12.2066936221392 10.0846632852036 3.78384791291684
Adrb1 10.605744756129 10.0846632852036 3.78384791291684
Frrs1 10.4433587610755 10.0846632852036 3.78384791291684
Mgat1 11.5604266826461 10.0846632852036 3.78384791291684
Ctc1 11.684666568769 10.0846632852036 3.78384791291684
Pdk1 10.5414287781071 10.0846632852036 3.78384791291684
Unc93b1 11.4209147437175 10.0846632852036 3.78384791291684
Hvcn1 10.2816397991105 10.0846632852036 3.78384791291684
Edem1 10.6216568370496 10.0846632852036 3.78384791291684
Icam1 12.0685839298591 10.0846632852036 3.78384791291684
Ptbp3 11.2472405918636 10.0846632852036 3.78384791291684
Rcsd1 12.2491457547791 10.0846632852036 3.78384791291684
0610040J01Rik 10.7636422265407 10.0846632852036 3.78384791291684
Tm6sf1 11.2609540254992 10.0846632852036 3.78384791291684
Cd177 7.89852531580111 10.0846632852036 3.78384791291684
Casp8 9.83466998065678 10.0846632852036 3.78384791291684
F11r 12.1660086110926 10.0846632852036 3.78384791291684
Tor4a 10.3275630348071 10.0846632852036 3.78384791291684
Trim34a 8.56320405975431 10.0846632852036 3.78384791291684
Plxdc1 11.0459664793296 10.0846632852036 3.78384791291684
Glipr1 8.85932478234233 10.0846632852036 3.78384791291684
Lpxn 10.7589192457976 10.0846632852036 3.78384791291684
Siglec5 8.37803746411404 10.0846632852036 3.78384791291684
Mylip 12.4448215476567 10.0846632852036 3.78384791291684
Fcrl1 9.2345619860761 10.0846632852036 3.78384791291684
P2ry6 11.5687601975602 10.0846632852036 3.78384791291684
Ighm 11.7506088279992 10.0846632852036 3.78384791291684
Tgfbr2 12.4852370462276 10.0846632852036 3.78384791291684
Zfp62 8.95853031890982 10.0846632852036 3.78384791291684
Mlph 9.42445206203504 10.0846632852036 3.78384791291684
Ncf1 8.82497080443061 10.0846632852036 3.78384791291684
Il13ra1 9.86451620775328 10.0846632852036 3.78384791291684
Adap2 10.5685173068896 10.0846632852036 3.78384791291684
Lrba 12.2919124748407 10.0846632852036 3.78384791291684
Capn3 10.5561819143241 10.0846632852036 3.78384791291684
Vwa5a 10.3889653824051 10.0846632852036 3.78384791291684
Arrb2 11.4717203569511 10.0846632852036 3.78384791291684
Pros1 11.415313090188 10.0846632852036 3.78384791291684
Snx20 9.32248887538029 10.0846632852036 3.78384791291684
Rin2 10.0137972126995 10.0846632852036 3.78384791291684
Plcl2 12.1294202573106 10.0846632852036 3.78384791291684
Arhgdib 10.677726097009 10.0846632852036 3.78384791291684
Tifa 10.6723597482397 10.0846632852036 3.78384791291684
Arhgap17 11.1079285558079 10.0846632852036 3.78384791291684
Trim47 10.0914805439239 10.0846632852036 3.78384791291684
Plcg2 11.1456382313506 10.0846632852036 3.78384791291684
Rps9 12.5848141252414 10.0846632852036 3.78384791291684
Sash3 11.2827116875116 10.0846632852036 3.78384791291684
Themis2 10.0072343518523 10.0846632852036 3.78384791291684
Mpeg1 13.5781184656323 10.0846632852036 3.78384791291684
Xist 12.7814738520482 10.0846632852036 3.78384791291684
Cd48 10.0036336466823 10.0846632852036 3.78384791291684
Akna 10.6519382313125 10.0846632852036 3.78384791291684
Sult1a1 9.83315975441973 10.0846632852036 3.78384791291684
Fes 10.6453727108248 10.0846632852036 3.78384791291684
B2m 13.1977909317878 10.0846632852036 3.78384791291684
Ccrl2 11.412796081801 10.0846632852036 3.78384791291684
Lcn2 11.5003470873269 10.0846632852036 3.78384791291684
Gimap6 8.35675485784954 10.0846632852036 3.78384791291684
Myo1g 9.16480303343511 10.0846632852036 3.78384791291684
Tmem173 11.0209006256616 10.0846632852036 3.78384791291684
AF251705 12.004730998868 10.0846632852036 3.78384791291684
Acsl5 11.0808418750629 10.0846632852036 3.78384791291684
Hmha1 10.4033953674837 10.0846632852036 3.78384791291684
Gmip 10.1713248884895 10.0846632852036 3.78384791291684
Nckap1l 11.1568327951404 10.0846632852036 3.78384791291684
Abcc3 9.76277744586897 10.0846632852036 3.78384791291684
Rhoh 10.549623104043 10.0846632852036 3.78384791291684
1700017B05Rik 11.7692217223209 10.0846632852036 3.78384791291684
Gusb 11.5188785741544 10.0846632852036 3.78384791291684
Lair1 10.6130187631943 10.0846632852036 3.78384791291684
P2ry12 12.4746819840061 10.0846632852036 3.78384791291684
Nfkbie 8.27135629410995 10.0846632852036 3.78384791291684
Rnf19b 9.48505322764021 10.0846632852036 3.78384791291684
Ypel5 10.2060205719847 10.0846632852036 3.78384791291684
Pld4 12.0206051656766 10.0846632852036 3.78384791291684
D15Ertd621e 10.1076206667302 10.0846632852036 3.78384791291684
Fermt3 11.3312647513459 10.0846632852036 3.78384791291684
Znrf2 10.0243020233081 10.0846632852036 3.78384791291684
Plk3 11.1217064828555 10.0846632852036 3.78384791291684
Ptk2b 8.8990102090379 10.0846632852036 3.78384791291684
Kctd12 12.185543532286 10.0846632852036 3.78384791291684
H2-Aa 10.7894269702174 10.0846632852036 3.78384791291684
Fam105a 11.8900076562701 10.0846632852036 3.78384791291684
Rap1b 10.6193054132584 10.0846632852036 3.78384791291684
Herpud1 12.5159313960105 10.0846632852036 3.78384791291684
Cd300a 9.88309640091064 10.0846632852036 3.78384791291684
Tmem71 7.88522201218847 10.0846632852036 3.78384791291684
Clcf1 8.65510766759181 10.0846632852036 3.78384791291684
Il10ra 11.9839212283458 10.0846632852036 3.78384791291684
Rab20 9.52042754395053 10.0846632852036 3.78384791291684
Bach1 11.8613788138478 10.0846632852036 3.78384791291684
Ifitm6 8.80714987866973 10.0846632852036 3.78384791291684
Fam46c 12.3550028613422 10.0846632852036 3.78384791291684
Pald1 10.9785325599872 10.0846632852036 3.78384791291684
Ifngr1 12.0357079893049 10.0846632852036 3.78384791291684
Ppp1r15a 12.6949179793628 10.0846632852036 3.78384791291684
Lrmp 8.81165282774176 10.0846632852036 3.78384791291684
Olfml3 13.5847807250187 10.0846632852036 3.78384791291684
Ncf2 10.9263417405773 10.0846632852036 3.78384791291684
Cd53 12.7058528961117 10.0846632852036 3.78384791291684
Fcgr3 13.3678397073662 10.0846632852036 3.78384791291684
Hps4 12.4032005490264 10.0846632852036 3.78384791291684
S100a9 12.1512954978643 10.0846632852036 3.78384791291684
Lgmn 13.3819300248455 10.0846632852036 3.78384791291684
Klf2 12.9546948291203 10.0846632852036 3.78384791291684
Fcrls 13.538343734353 10.0846632852036 3.78384791291684
Tlr1 9.60520010506197 10.0846632852036 3.78384791291684
Selplg 13.5701528797604 10.0846632852036 3.78384791291684
Cd68 12.2655547644002 10.0846632852036 3.78384791291684
Ebi3 9.33772747039388 10.0846632852036 3.78384791291684
Casp1 8.69693600519687 10.0846632852036 3.78384791291684
Csf2rb2 9.47900201616068 10.0846632852036 3.78384791291684
Atf3 13.284073086988 10.0846632852036 3.78384791291684
C1qc 13.5961558255427 10.0846632852036 3.78384791291684
Chst7 10.8148655259312 10.0846632852036 3.78384791291684
Hck 11.7859620796645 10.0846632852036 3.78384791291684
Gcnt1 7.991253437913 10.0846632852036 3.78384791291684
Casp4 9.26315299804554 10.0846632852036 3.78384791291684
Ehd4 10.3117326305577 10.0846632852036 3.78384791291684
Ly96 8.91937274322914 10.0846632852036 3.78384791291684
Lag3 9.80016274610109 10.0846632852036 3.78384791291684
Ltf 11.851175722853 10.0846632852036 3.78384791291684
Cx3cr1 12.8730629616277 10.0846632852036 3.78384791291684
Stab1 10.7605924600716 10.0846632852036 3.78384791291684
Il6 8.13911235858362 10.0846632852036 3.78384791291684
Ptger3 7.82651729191345 10.0846632852036 3.78384791291684
Pdgfb 10.7325445782435 10.0846632852036 3.78384791291684
Hps3 10.8090339030534 10.0846632852036 3.78384791291684
Smap2 11.0381503511469 10.0846632852036 3.78384791291684
Itgb2 11.9243168449721 10.0846632852036 3.78384791291684
Ang 8.34675454689537 10.0846632852036 3.78384791291684
Sh2b2 9.2750055292418 10.0846632852036 3.78384791291684
Tyrobp 12.872201384089 10.0846632852036 3.78384791291684
Vasp 10.5536942779316 10.0846632852036 3.78384791291684
Emr1 12.7903721087621 10.0846632852036 3.78384791291684
Nrros 12.3097176638707 10.0846632852036 3.78384791291684
Tmem119 13.7335005220805 10.0846632852036 3.78384791291684
Slc46a3 9.89987469037992 10.0846632852036 3.78384791291684
Havcr2 10.538253418377 10.0846632852036 3.78384791291684
Alas2 10.1462688588052 10.0846632852036 3.78384791291684
Cmtm7 10.4128713125775 10.0846632852036 3.78384791291684
Mafb 11.0489700121364 10.0846632852036 3.78384791291684
Blnk 11.8256575206264 10.0846632852036 3.78384791291684
Tmcc3 9.18215566840257 10.0846632852036 3.78384791291684
Daglb 9.97127658837575 10.0846632852036 3.78384791291684
Alox5ap 12.5974435879102 10.0846632852036 3.78384791291684
Fyb 11.6377216118874 10.0846632852036 3.78384791291684
Ctla2b 9.67840248028284 10.0846632852036 3.78384791291684
Slc37a2 8.79411898885638 10.0846632852036 3.78384791291684
Zfp36 13.4481818753213 10.0846632852036 3.78384791291684
Lmo2 12.173746157097 10.0846632852036 3.78384791291684
Cyba 11.683487063587 10.0846632852036 3.78384791291684
Spata13 11.8423721764084 10.0846632852036 3.78384791291684
Ptpn6 11.3447432428118 10.0846632852036 3.78384791291684
4833441D16Rik 9.44333514879099 10.0846632852036 3.78384791291684
Tec 10.193963488774 10.0846632852036 3.78384791291684
Irf5 10.3658986193304 10.0846632852036 3.78384791291684
Naip2 10.6301514409205 10.0846632852036 3.78384791291684
Anxa3 12.8961234593997 10.0846632852036 3.78384791291684
