Golm1 13.1792932323564 9.521439911533 7.12636818662859
Dusp6 12.1118170992931 8.54967416202533 5.20927351419773
Tgfbi 10.214108505107 6.22720399599621 4.19435778014557
Junb 11.5499826198348 6.47033640925636 4.98658492127901
Lcp1 11.9186828085383 6.96642120184382 4.31871729217987
Txnip 13.6926905825169 8.29728021098584 5.78808245199676
Cd34 10.4821943254353 5.18626938003007 4.39952567271857
Tpst2 11.1108919206009 7.66714090225022 7.22678878671206
Cd83 13.2161047162533 8.48258038340129 5.58590775568181
Fkbp5 11.7347664490302 7.81632054446837 6.5502408304042
Sipa1 11.028832104782 6.96787159401596 5.99880798261277
Btg2 11.3906424677534 7.38013024082622 5.69908756066101
Tnfaip2 9.07410944533167 5.62246544685352 4.38025083536203
Ctsc 12.6108642775907 6.12146649126868 4.27923390498438
Ier2 13.4029366730924 9.16058311733492 6.81043124241551
Socs3 12.8477426387797 5.10722086334556 3.9563312015966
Scamp2 12.1490850674193 8.25513344036757 6.82607710562332
4632428N05Rik 12.9633024758073 5.45357674724274 4.81586581138001
Spint1 10.3283172527647 6.45885534267133 5.0161867271312
Slc2a5 10.6169587052025 7.23935963313598 6.17038877754784
Irf8 12.5462653592052 5.84887843442064 5.36141231470242
Dnajb1 11.2409766690475 7.77873748738672 6.79877220338861
Parvg 10.4281853264487 6.51385358245041 5.32805289465565
Mcl1 12.2077605709068 8.86189460439505 7.14304877580546
Erap1 8.1825642016229 4.82538352797787 4.2431926038018
Mfng 10.2459357618163 5.8852862829699 5.49122629351038
Slc40a1 11.6873175794834 6.09276592371137 5.09747612743643
C1qb 13.3809165744448 5.09031216982002 3.89520055886847
Ccl6 10.4831140019336 4.69539257850688 4.04339563231897
Cd14 13.3794861542207 6.51281329910861 5.6886875908036
Pycard 11.7530559991681 7.47434440064731 5.01742218993397
C1qa 13.1874316054276 6.84318507908135 5.4332422840151
Slc7a7 10.9326702827516 5.73060070156009 5.01546351147905
Klf4 12.8356975471887 6.63212721808817 4.86557911575902
Jun 13.1513958362792 9.03916816712024 5.37920895784938
Srgn 13.2795222117037 6.35235349980239 5.16874640070293
Nfkbiz 12.6921044506167 6.93770978734613 4.556845071698
Tgm2 11.6702792723547 6.86459442508066 5.40454520721337
Plek 13.0385446953369 7.44647023685419 6.24486850963167
Rgs1 11.3590498478886 4.79970189943351 4.39735755251681
Ier5 13.0447369736646 8.78020688820654 7.53276298711499
Laptm5 13.25292607905 6.12157271234662 4.48872923298124
Pygl 8.54904715943291 5.20520576456062 4.25288478114819
Rgs19 10.0869225771368 6.75372063773051 5.98893786032166
Ctsz 12.9968566741552 8.8760493146118 5.92828916023126
Fcgr1 12.2955371160684 6.05818891950495 4.30848169301377
Slc16a6 11.5647594820405 7.04700251767374 6.1975933693427
Ccl9 11.4677327663853 4.8492744482262 4.60699041084631
Trim30a 9.81298833801394 6.08717753381938 4.90769199994324
B4galt1 11.1336165305587 7.09044950204083 5.78334694699992
Nrp1 10.6812295061732 6.13617137323623 5.05631227114656
Tnfrsf1b 11.7452188608572 6.63816562866851 5.79512061647449
Inpp5d 12.4577394438636 6.79789519793765 5.58414720109411
Tlr4 9.57555684780965 5.50103150291912 4.25101202570398
Pmaip1 7.97566326054479 4.35980826283906 3.75842407911244
Aif1 11.8214348072249 5.23739900141675 4.7560189306882
Syk 11.3160084368777 6.36319699353886 5.64120241428021
Klf6 12.2250639567383 7.07035114549783 4.58692661630522
Crybb1 12.2648088011919 6.84291955155622 6.48241435687996
Fcer1g 12.6718396223893 6.20734863179599 5.45273155370183
Ctsh 12.87251521366 5.67588613700161 5.11280104117951
Gpsm3 9.55595780536678 5.65456051781855 5.41543170221375
Ncf4 10.7292352869563 5.35963630515859 4.91394771522926
Ggta1 10.3002208247185 4.39554684564987 3.90091234773851
Lcp2 10.4089431447829 5.54071993682069 4.76871200253365
Ngp 12.7574775005176 6.38364393598392 4.99346647860297
Spi1 10.4190424481911 6.79114058731013 5.87650090749604
Atp7a 10.2141459779396 6.56565698363355 5.11367346393669
Csf3r 10.4683520496493 6.22016692733149 4.80412890988355
Ms4a6b 11.2554621340409 5.29172850510089 4.57674524752164
Hcls1 8.70906636115833 5.06184443010983 4.61057720434871
Pabpc1 11.1781404360411 5.68608180115051 4.13479383313132
Cebpb 11.5932508063623 7.85076886795727 6.39389063526993
Cxcl10 9.72683118350032 5.71406951917209 4.90197715415023
Maff 10.2074887860116 6.77276424161732 6.02845676493519
Cysltr1 9.25437959121948 4.15047407207261 3.78428611805228
Cebpa 9.84230025530157 6.34533057368536 5.04548305659086
Cttnbp2nl 11.6991350325633 8.33910484042753 6.19987721592633
Lyl1 9.96552235514374 5.42961975247093 4.8493954893448
Ptpn18 10.3344380846283 6.54251710984755 5.94600418578978
Tlr2 11.9276981137555 6.3444258424038 5.36507909410878
Cd163 7.96377468160987 4.4631773065863 3.99590583712385
Serpine1 9.65311808101758 5.41467440024142 4.34352568612277
Mlxipl 10.5385226388773 6.67709567555425 4.55771195100839
Cd37 10.9003612304416 6.10179247210275 5.61686409170035
Map3k8 10.2772018482877 5.65817392112599 4.62130401982187
Rgs2 12.8588029707337 9.3285990866806 7.33185864312905
Myd88 10.6605178444686 6.91048288310208 5.73131112336864
Ccl12 10.6391731596107 4.82167666756221 4.25638264190447
Arhgap4 9.32893709991249 5.70955578595637 5.27622819564434
Pon3 9.25424963832735 4.48310569979571 4.21828113922365
Slamf9 11.1460693903532 7.52916294708494 6.04459684337902
S100a8 13.1710031765985 5.07382279137027 4.79613779806254
Il10rb 10.5493104181091 6.51641826253353 5.21661542793199
C3ar1 11.7048817822179 6.09505542838935 5.06027635396726
Ripk1 10.2351943744533 6.77807590187244 5.4889715958783
Fgd2 12.0963667807367 6.14528883423389 5.7272075052425
Ccl3 13.5359936909524 5.42362926729325 4.39159877223508
Ms4a6d 11.4841310922632 5.06463641998142 4.59196533308541
Ier3 13.5124048716238 10.1883675767283 7.3153446006937
Camp 12.4507582747533 5.71351969790715 5.26978745531729
Klk8 10.1827990465209 5.79877355275575 5.52848808528905
Chil3 11.4871946767607 4.463515458106 3.89862885659605
Arap3 9.99309938625579 4.50899839183301 4.10319094891849
Tlr7 11.1537008662761 5.6564868752677 4.61112319926699
Csf1r 14.0292728577336 8.51699364266533 6.65003187121154
Rab3il1 10.3829864041852 6.88391564190742 6.17477468055849
Slc11a1 11.3948658681908 6.31193712589631 5.30236888305014
Ccl2 9.3887194295731 5.51684969038825 5.14558452449211
Cd86 11.6527693006629 5.27572272017916 4.87006639305108
Gpr84 11.5263505075912 6.0405120615882 5.08538003376976
Tcirg1 11.2860007996333 7.25552536220736 6.53344979494441
Trim12a 8.39694276788024 4.39923185337889 4.12732809833901
Zfhx3 11.2191522315493 5.67130840645543 4.4579425205757
Slc15a3 11.3995649353571 5.74271183298329 5.21375617468149
Clec7a 9.25038759656192 5.10612670677714 4.66999016260891
Rel 9.43208070521036 5.38570460987044 4.71677103844729
Tgfbr1 13.5090583473981 7.19293683248743 4.7469440423284
Adcy7 11.9949098164077 7.75927978230645 4.60506850261029
Gpr56 11.1033359990947 7.66818104759944 6.63465607074435
Lgals9 9.69958847858634 5.88058165017982 5.18618790449551
Trem2 11.303795824757 7.39898890113015 6.12678642939323
Birc3 10.6915102166933 7.30931782949808 6.01920230560111
Igsf6 8.83394697282607 4.46500666381779 4.12400163379295
Samsn1 8.81738530496463 4.80377863135858 4.43368365734982
Il1a 10.5376640185961 4.3685199790616 3.99417480128483
Hpgds 9.22775583355141 5.41003889858599 4.93778944053641
Naip5 11.0978070538461 4.86296924375691 4.23842753871966
Ccl4 12.6588721873418 7.36685720045922 5.19691724778287
Itpr2 10.8475742428576 6.97418430466005 5.26811244156595
Stat6 10.468465477124 5.57845089750585 4.46307463005189
Abca1 12.0542577742267 8.48453513718661 5.54053700437315
Dapp1 10.6129812986097 5.04884511913415 4.87429299319293
Clec4a2 10.1399334143348 5.09121091073327 4.56532565205998
Fli1 10.1221580891138 4.68793924348048 3.81792636049174
Ets1 9.52298260959165 4.73665645824243 3.99616674462837
Ptprc 12.4924457080349 4.59505349717703 4.12727362429327
Fosb 12.0153263432166 5.5951838460241 4.77945436811263
Ccr5 11.6775104276773 4.74075395783971 4.33678372455344
Il6ra 12.6762370901779 6.06285573965314 5.66764356760145
Pla2g15 12.3402771280608 7.14080081932502 6.22430921544067
Ifi30 11.3741036101554 7.9275190554752 5.49893947630556
H2-DMa 11.302506340632 6.77020069820853 5.80469810526317
Gpr34 12.0465417111213 4.41146314955117 3.83509495061025
Rrad 10.0218987777276 6.30926998909775 4.87783371037687
Rnase4 13.0645450224258 6.38016068875848 5.3847924409117
Fam111a 8.38937991141375 5.00348489384348 4.32279518657244
Hfe 11.261965590755 7.91975744536162 4.98698664888992
Pik3cg 10.1391450667911 5.53031209550142 4.88573724557689
Btk 9.59129305907372 6.23165462919396 5.40847070330659
Dock2 8.82632728691093 5.50203610985012 5.07183594746366
Mertk 13.1492058693859 8.07368117837316 5.26006739098198
Cd84 9.79853579725004 4.80429602627976 4.46445700821513
Ly86 13.8484382572477 6.94184627224154 5.26543647202841
Vav1 10.4988780096262 4.51761981262925 4.12902402806255
Cfh 10.9189995251726 4.02648636604884 3.56411761781794
Tnfrsf13b 9.55249902249023 4.76784858728116 4.19428112978589
Hhex 10.0129558927535 5.57066853348863 5.08101874951985
Entpd1 9.36332417160173 4.87554820479403 4.13603270491171
Ptgs1 12.1460566579667 4.99539602858424 4.56556364883637
Frrs1 10.5118954880326 5.3293197406182 4.91139067477375
Lyz2 12.6255399097117 6.97414513596965 6.1358377665514
Ctc1 11.7381009275171 7.68225697820422 6.91773225447281
Unc93b1 11.2638153754962 7.28629314810669 6.01863535028462
Hvcn1 10.3744362140918 5.94111707754054 5.51015759715416
Edem1 10.5468048765477 6.41574093582023 4.56418170920868
Icam1 12.0835121128031 5.04808025273399 4.64509834197296
Ptbp3 11.2821230739434 7.81096154379432 5.90430049013514
Rcsd1 12.3327371826167 7.58253340209033 6.02408963620325
Cd177 8.34962699286364 4.56493595043723 4.1033927687538
Casp8 9.75678338176791 5.35130678550439 4.71322462929962
Tmed5 10.5709139699701 7.12539612548512 5.04561457686551
F11r 12.1396861374846 7.4133207598531 5.54897052699424
Glipr1 8.77583583215041 5.24129572873839 4.96763503503793
Lpxn 10.7275528959061 4.86570898748127 4.41838951004152
Siglec5 8.28941632201165 4.17240249187938 3.75417020007515
Fcrl1 9.22764356004362 5.63470391940266 5.17406172334421
P2ry6 11.5574667748729 4.78554601862725 4.38250935011695
Ighm 11.5555075036114 7.11942303484772 5.71595622008123
Tgfbr2 12.4393744689228 6.54031543287998 4.98269214103138
Ceacam1 8.80282175058088 4.79767282706897 4.05882176085416
Il13ra1 9.84239214017086 4.64669871223383 4.34114852258489
Adap2 10.5722797031115 6.00175411115443 5.31530188799304
Pld1 10.8239587790307 7.41227011212598 5.82699386463902
Ggnbp2 8.92116224716715 5.39778080652664 4.73860821835961
Capn3 10.3369957490321 5.00647831836668 4.17893366762602
Gem 8.28519304309807 4.29366110350361 3.8579852237459
Rrbp1 12.1135184174842 8.60648121181755 6.33208254181852
Vwa5a 10.3106484906387 6.82293967404029 4.76418218192481
Arrb2 11.4983554070217 8.04187300105365 6.53307500039243
Pros1 11.4603712254362 5.96492354893847 5.43334927435044
Arhgdib 10.7973257228637 6.75087969579436 5.8081079416764
Tifa 10.8074268423842 7.37436091206447 6.00948577873113
Arhgap17 10.9767981793134 6.83722654228878 5.07716034685884
Trim47 10.0791566495733 5.31658277433466 4.7305879390997
Sash3 11.249005723635 6.29363960272125 5.12016620968689
Themis2 9.99513496121799 5.30875532325067 4.88497197060564
Mpeg1 13.5931395335038 6.21602608841856 5.69706228045165
Xist 12.7596727744674 9.06830807413389 4.10101985855379
Cd48 9.95999221182058 4.66098586682395 4.31952970898957
Akna 10.7072692564892 6.76629561679293 4.74529502211859
Cep152 9.74520694836984 5.83668890202702 5.54448887684124
Egr2 11.2484829324693 5.11061199435777 4.20431611263177
Ccrl2 11.3826980615646 6.83560317238181 5.47497332712641
Lcn2 12.0118513639671 4.46355168322829 4.09687475911413
Hbb-b2 7.88283645776123 4.34574541399629 4.11999362165133
Myo1g 9.24155609377298 5.91669828784792 4.94175716224502
Tmem173 11.0989726590541 6.9283385691911 5.6082840861979
AF251705 11.9378287827213 8.11141410914134 6.07575020031886
Hmha1 10.4292840746509 6.27679286402449 5.62082130026393
Gmip 10.0312950363764 6.23943176078675 5.67860532370548
Nckap1l 11.1514517971807 6.32349623712701 4.97859534610193
Abcc3 9.68880748830503 5.88448564675915 4.84825484034166
Rhoh 10.6886747062572 5.42677002842199 4.66069115440101
1700017B05Rik 11.7630363477309 6.62966750683098 5.55750482833345
Gusb 11.4166507135997 6.88957066260396 4.74301937213621
Lair1 10.6341607739461 5.39632873525733 4.86071915830677
P2ry12 12.3417720061336 5.11010133673379 4.33568115699181
Epb4.1l2 12.5141878325852 8.83085794506009 4.97008743316226
Pld4 12.0162068213804 5.73162105289922 5.18320907989815
AU020206 9.7250304187546 5.56230653460029 4.87737791046388
Fermt3 11.255187597153 5.16372144144956 4.36271452110656
Plk3 11.1628299712601 7.65928527291178 6.29889336658096
Ankrd44 11.6555430067368 7.65729631694221 5.68398441239286
H2-Aa 10.95884712019 4.8999681042274 4.30873672827083
Fam105a 11.8141138102905 6.94207859195628 5.55495687214595
Herpud1 12.561534184029 8.67342002461654 7.68914014599886
Cd300a 9.78331319123392 5.52237860718098 4.80256851971961
Lyz1 12.291433368859 5.21161500359828 4.32721539463969
Clcf1 8.66818372368241 4.00028950490902 3.74476958106322
Zfp36l2 12.4844215051541 9.14668040057219 5.98530357258573
Il10ra 11.9204835825207 5.22296895507581 4.73153338730708
Hexb 13.9682695694516 9.41544679162908 7.3376844941121
D530037H12Rik 10.2863068988974 5.17604996261862 3.94515631665341
Rab20 9.47961105235741 4.52131388382894 3.83920050977148
Grn 13.5694893497197 8.46927879562321 7.33558066062484
Fam46c 12.3008656779841 6.63963946775098 4.38148698120773
Ctsa 12.9368651417016 9.11804824990501 8.01858820623465
Pald1 10.8157904216058 7.42789983810683 5.93240380439816
Ifngr1 12.0120817823602 7.80039468605015 7.02022571084238
Tcn2 12.1131223131962 8.50340117824977 6.42521527559717
Anxa1 10.0891907764378 5.27871404062778 4.50108850897157
Ppp1r15a 12.6842681011032 8.18004728879774 7.51901860848016
Olfml3 13.5589885962411 6.74826185993877 6.05570739449609
Ncf2 10.9678841319022 6.36879376483899 5.83624709776935
Ctss 14.0972400899769 7.84067254932692 5.34775654783699
Cd53 12.647448770815 5.9508941444778 4.9464120504784
Fcgr3 13.39521832835 6.50308872518223 5.30955688836998
Hps4 12.4456398299555 8.76160168661926 7.86740626714255
S100a9 12.5433488948648 5.4735847883743 4.6538075350675
Lgmn 13.3423749152836 9.10722232668853 7.82809668653736
Klf2 13.0114488593516 6.33468547090218 5.44883408133094
Fcrls 13.5094801235154 6.64193708478482 5.29076326394513
Tlr1 9.47210882993985 4.66921674663499 4.07978700857172
Selplg 13.4608296010201 8.27836813589056 6.03839622423595
Cd68 12.242490069775 5.18287489773081 4.394784980665
Gpr65 7.84688309866013 4.30665023047837 3.83970109477297
Csf2rb2 9.41716750216967 5.04151942953568 4.22114915393009
Atf3 13.3007390383143 5.57191049307955 4.77458519649018
C1qc 13.5863871767458 5.95551980542552 4.9076326733965
Chst7 10.9028652320415 7.07972833704672 6.13784702656113
Hck 11.677853867497 6.95779396410935 4.9825605550516
Gcnt1 8.17673933531389 4.73921838646343 4.18260085681978
Casp4 9.24666718666705 4.4151750535695 3.93062401345929
Lag3 9.95212609690159 6.04600450997355 5.34447070599512
Cxcl2 11.1862547067567 4.3679266583761 4.09308015132606
Ltf 12.2109361391241 7.36414226000577 6.24710961733662
Cx3cr1 12.8661645891936 6.70248389559869 5.26939900915263
Stab1 10.8319181809469 5.72396640098972 5.16606300065478
Il6 8.39447282799593 4.12081933266263 3.76528025748566
Pdgfb 10.784427213788 6.3855837486073 5.42835602040751
Mrc1 8.63837955832117 4.31580849763579 4.01463175884142
Itgb2 11.8272052895604 4.95419584027574 4.66837322543628
Adamts1 11.3594540869076 7.85290459689905 5.27923646744419
Ang 8.39410428367088 4.40022190508143 4.11972895724439
Tyrobp 12.8882077765556 6.22054846841002 5.42953395454009
Ptplad2 9.53045279911964 6.14164812936508 5.33704860048841
Slc29a3 11.671269772336 7.53109420292486 5.31963848144825
Emr1 12.7324162108168 6.77232264287465 5.43329348430083
Nrros 12.2035612900789 6.93565644234076 5.49918632366234
Tmem119 13.7062504747088 7.0688855515135 5.45934528557325
1810011O10Rik 8.23549028637786 4.83411643873717 4.34196799056245
Parp14 9.29651035265735 5.74067662055328 5.01264903103797
Havcr2 10.6395343238155 4.68658402857261 4.11540957540404
Alas2 10.1192139258561 5.75162941092782 4.77551129875027
Cmtm7 10.2158890607314 6.45235753364732 5.10719737574806
Mafb 10.9468667556878 5.75296497564994 5.21191524837733
Blnk 11.7867853033936 5.91193735956908 5.3231048609695
Alox5ap 12.5576931349978 8.54312644331759 5.76094538938568
Fyb 11.7070682335866 6.61729688181391 5.87554362347431
Ctla2b 9.98817720392032 4.42692426717417 4.07868662651082
Hspa1a 11.8296568285311 7.17864109132233 5.76704578747909
Zfp36 13.4710413836478 7.56310327100483 6.25056383926734
Abhd15 10.2572440975652 6.43511435959512 5.08442933207639
Cyba 11.7795222099381 8.11301496709845 5.12046044385906
Ptpn6 11.5568573976642 7.52508326025742 6.33453779834935
Tec 10.1464631671626 6.59997527056619 5.2048789439119
Cd52 8.87459768254704 5.08325224254116 4.62664454228829
Irf5 10.4986359523617 6.30731488001278 5.59276621200057
Naip2 10.6906973938164 4.68502831227257 4.32058478641934
Anxa3 12.8939144704404 5.80351727989358 5.0772244179072
