Tnfrsf19 13.0018564991993 8.163665998085 5.68860091988845
Fkbp10 9.12410383749549 5.62542553857659 4.90681316303461
Vcam1 12.3929491233355 8.18118631825557 4.17762637468287
Cyr61 10.9959600609751 6.10272355470138 5.21122381856297
Gldc 10.7486757444651 6.80042019526752 4.76922810698914
Glud1 13.0938298200263 9.42939879273002 8.77549095906128
Elovl2 10.7045883816083 5.98137288871517 4.3649464617835
Aldh1a1 12.9479740462605 8.67088308845813 4.85199128324617
Ppic 9.14722961732418 5.22842984583949 4.65985112581554
Lcat 10.4268306042058 6.74410514461772 5.44874483590727
Ntsr2 13.5433900397122 9.2160247171014 5.53528029183511
F3 12.046858941471 7.80972984582482 4.61669878372087
Fmo1 11.328392264092 7.24974012679161 5.75347208333535
Tspan7 12.1971439474922 8.54545650013446 6.74442668763496
Slc15a2 12.8515915560421 8.84529439707958 5.68077261206186
Prodh 11.5570945696488 7.65556560324929 6.23521646414264
Wwtr1 11.2891910474882 7.12510554883694 5.25162684081467
Entpd2 11.0209535809569 7.49138813364452 5.95452714229846
Fzd2 10.9219675636019 7.1390751972102 5.7142712851975
Osmr 8.05891078594142 4.70957903227897 4.09443219589666
Ptprz1 12.2939710035561 8.2135053633133 5.79323210780622
Slc38a3 11.9946206880177 7.83559164470737 6.64726344868143
Dio2 13.7075714520868 8.72070661132084 5.46436298120136
Fads2 11.6100482486408 7.66995923308703 5.78480148620385
Cyp2d22 10.5032782141718 6.52963239792586 5.22990949532343
Dtna 11.1015860786357 7.75377565697416 3.73825009510347
Cyp4f14 10.4876568274442 5.87056145473318 4.87351513954973
Tmem47 11.0487403533928 6.41144394418864 4.60544189527875
Slc7a10 11.9907195457607 7.10500921334492 6.03905199026398
Myo6 11.2983410380988 7.74771840182746 5.94013961150013
Chrdl1 8.70484370492258 5.17341249285628 4.5519480625101
Fxyd1 11.6471131690215 8.18609470778353 6.69961596620637
Hapln1 9.15497826699135 4.9264653106777 3.89384442984399
Fgfr3 12.978403379467 8.58277733139727 6.44348350842844
Papss2 9.44814438915199 5.98738075862009 4.76930656558326
Phkg1 9.24460946071246 4.95982419447984 4.12873822994092
Acsbg1 12.5561219741604 7.62213164050102 5.53294143324908
Tgfb2 9.58391514634977 5.93867673547116 4.71983204286992
Slco1c1 12.9156129450902 7.24155263899532 5.23867480752355
S1pr1 12.8954296083567 8.42396300333168 7.10942424859877
Axl 10.376813463072 6.06790416492004 5.55343194448637
Cbs 10.9440294202575 6.93548999637349 5.59911345633735
Ccdc80 12.2804139354384 7.86437886474062 6.40738305956492
Adhfe1 11.0055411814471 6.96869349050762 4.62805679694742
Aldh1l1 11.7969252409185 7.84854454183277 5.06573469561095
Emp2 11.5813403849635 7.00188850581261 6.20296515576617
Aqp4 13.3317577866316 9.18449151840478 4.6879455193446
Col4a5 8.46756084170596 4.16391431099992 3.74429527914691
Amot 11.5651260492706 8.09084957872602 5.49603881746243
Cldn10 11.427477768378 6.85158875875439 5.42752023203273
Cth 10.6632472716645 6.27321803298178 4.65248685239393
Slc1a3 13.1185958759032 7.88743489253179 4.64789553305277
Tlcd1 11.8706489810631 7.7527245307486 5.75304454834617
Nhsl1 10.0215222567882 6.64202215342246 4.82650459656808
Scara3 11.5669597770191 8.17703297025662 4.6591139148873
Ttpa 10.3132942933807 6.10501513103668 4.64053760335279
Atp1a2 12.7730230034308 9.2302834457622 4.84861294984925
Slc14a1 9.97550775801048 5.42015525429764 4.31038621133559
Btbd17 9.29219035907704 5.61613431422358 4.63813845110106
Tril 12.4923090063915 8.71816925607405 5.16422119701935
Itih5 11.6030915588945 7.53749890217197 5.80811858203589
Pla2g7 13.0044315423776 8.00663694591571 5.66560944495243
Cd38 10.6533207272686 6.2087471434466 5.16756261446022
Lrig1 10.6582805228039 6.71775409619936 4.45486868808381
AI464131 10.7536473694453 5.97247232417935 4.04083004776513
Mlc1 12.8557599857415 7.61923431392168 4.42370448235774
Gjb6 12.1555953563466 7.86955869453233 4.76532291520519
Heph 8.11704224431769 4.32468276626989 3.85559856102256
Grin2c 11.0798354491927 6.50152396446362 5.24953415910839
Cyp4f15 10.9460279593568 6.02472111560424 5.16604878986504
Myoc 9.34548543543468 5.87424002064333 4.70141369399126
Slc1a2 11.9669799727402 6.87529756606093 5.46310557072158
Igfbp2 11.5269113352783 7.59174443503132 5.41282495310358
