Olig2 10.5843431343094 7.10488215165191 4.26450175502446
Ppp1r14a 11.6022706669175 7.42916710209161 4.21835957131729
Mobp 12.6618935756381 8.97097262771053 5.00560385847125
Gamt 10.9183558985937 7.42291099315304 6.00277658842211
Pdlim2 11.8954111962425 8.38313546985625 5.62861369817182
Lims2 11.0440022744429 7.50663603953977 6.74430117744349
Tspan2 12.3631991387793 8.21416700250461 4.98636577100943
Ddc 10.5078154691065 6.23853273051212 5.13898006844343
Nkx6-2 9.42156764850023 5.49438272100893 4.95526510138348
Mog 11.2370507936461 6.39188032606407 4.13447568725096
Pllp 11.1179603303199 7.50851159341724 6.59549525089967
Josd2 11.0887266510803 7.59690380363836 6.65161103676442
S1pr5 10.5873209446891 6.7450541636312 4.18161982504653
Gal3st1 10.18769213133 6.85724234334604 5.64607982579531
