Tnfrsf19 12.9614431656159 8.163665998085 5.78438497086622
Fkbp10 9.41016721018573 5.63731962775859 5.02838799654429
Vcam1 12.4816675192392 7.97356793401619 4.08123368064757
Cyr61 11.1016744501914 6.10272355470138 5.25863639186201
Gldc 10.6195560343143 6.80042019526752 4.81864523381248
Glud1 13.0704105392276 9.50307860170346 8.75177480836374
Elovl2 10.5345481554953 5.98137288871517 4.46723733144665
Aldh1a1 12.5583261661241 8.67088308845813 4.89776186364893
Ppic 9.03026818175481 5.19426705662726 4.62301597551012
Smpdl3a 12.2435887824058 8.70716951484021 6.38884526629364
Lcat 10.9824809233372 6.71249036971062 5.42697990994563
Pdgfrb 9.84766669378371 6.30034607602735 4.03509408006593
Ntsr2 13.5684441880855 9.24137100272682 5.6046423440907
F3 12.2069413293603 7.80972984582482 4.60487701035776
Fmo1 11.1057234779966 7.24699813008034 5.6545514355694
Slc12a4 10.9174966731953 7.55183962600197 6.05579314878819
Tspan7 12.2199587629975 8.54545650013446 6.76139709994884
Slc15a2 12.9496989006332 8.67656827980375 5.39937904889968
Prodh 11.9691636372262 7.65556560324929 6.22749124936369
Wwtr1 11.1517537438884 7.24813254835296 5.17263678967236
Gpld1 11.9747462478102 8.18724083019512 5.55584994039381
Entpd2 11.7608219101721 7.41308597160495 5.8809410400868
Lhx2 11.1802895014327 7.60964918794958 4.48129439287351
Fzd2 11.9098568848207 7.14111105356142 5.60291895561546
Ptprz1 12.3815607225295 8.2135053633133 5.36549932674315
Slc38a3 12.5975051169451 7.83559164470737 6.77804029047535
Dio2 13.7439646415243 8.72070661132084 5.51646922921436
Fads2 11.4848342910614 7.64904028860033 5.65063663086259
Cyp2d22 10.8552990705605 6.52963239792586 5.33196616924745
Timp3 10.4211612351067 7.01235769756854 5.99375385992118
Cyp4f14 10.7067734949371 5.81433250826926 4.70077295456906
Tmem47 10.4965712579836 6.48685906033751 4.61894488212708
Cyp7b1 11.1316079477238 7.65323969683044 4.29029118758351
Slc7a10 12.650632377432 7.09741282544064 6.06385938274544
Chrdl1 8.98000609008049 5.17341249285628 4.54425127653042
Fxyd1 11.8095398028271 8.09279975249771 6.80589986239062
Hapln1 8.5826902579342 4.98035195689091 3.85524498467993
Fgfr3 13.136818632434 8.58277733139727 6.3270910422627
Papss2 9.54017106968766 6.07836279931126 4.71985736827046
Phkg1 9.28863227795836 4.98078608877788 4.15862546335502
Acsbg1 12.4363624086258 7.62213164050102 5.60632434378336
Tgfb2 9.57988228229853 5.93867673547116 4.27911471826422
Slco1c1 12.8658244149028 7.02160492740425 5.15715538428459
Wnt7a 10.4213676560035 7.06133580900629 5.43645115496138
S1pr1 13.0563040201157 8.24575573386833 7.12135775559078
Axl 10.7966551006585 6.09284042285673 5.46916834423538
Cbs 11.2303243966133 6.93548999637349 5.6554690331904
Gdf10 10.1449315304128 6.38578868989548 4.85207213352657
Ccdc80 12.3624872098242 7.86437886474062 6.37301861418832
Oplah 10.8194235565085 7.22385220388008 5.95963397096486
Tmem51 10.8131865914581 7.31280524149624 6.47822075579418
Adhfe1 10.71886486577 7.0517594342343 4.6720850471396
Aldh1l1 12.309294043204 7.84854454183277 5.01444793609626
Emp2 11.8167492498468 7.00188850581261 6.13118090551719
Aqp4 13.2344943030716 9.18449151840478 4.55561660851977
Col4a5 8.11286487078675 4.14800197524073 3.77910756161077
Cldn10 11.7580096064742 6.89283685396033 5.35527558045897
Cth 10.7498689130988 6.27321803298178 4.68846586321395
Slc1a3 13.0492534590685 8.02153579215394 4.58429212226541
Tlcd1 12.0693106988743 7.8017982540178 5.87716232610992
Srebf1 12.0384829485913 8.69414232439932 8.03523883702527
Nhsl1 9.89248037762181 6.564131402762 4.8185710331568
Scara3 11.972788703116 8.17703297025662 4.829893451183
Gabrg1 11.5167053669387 8.11238233149921 4.80976699759845
Ttpa 10.2345638795306 6.11189374428453 4.57370814408383
Atp1a2 12.8994520696648 9.2302834457622 4.77700307269884
Slc14a1 9.72685423916001 5.58467391887693 4.32801548778411
Btbd17 9.50531007389581 5.62060981983099 4.61487244086944
Tril 12.7758945826597 8.62935147419859 4.9823880328696
Itih5 11.3275201319304 7.53749890217197 5.70061150901272
Pla2g7 13.1881702523631 8.00663694591571 5.6827771981211
Cd38 10.4409955141749 5.81991117797172 5.21467297739053
Lgi4 10.1190560582577 6.56261693791128 6.04799574794819
Lrig1 10.9058695770974 6.78112391643117 4.43384348196135
AI464131 11.3037115822094 6.03837659206693 4.0796034767499
Mlc1 12.8215284529148 7.61923431392168 4.44471550487851
Gjb6 12.2385652839836 7.86955869453233 4.57588074090212
Hsd11b1 12.6932617706963 9.33156822196252 7.32651734193144
Grin2c 12.003213684667 6.50152396446362 5.16237174486628
Cyp4f15 11.5842891990597 6.02472111560424 5.24619529253243
Slc1a2 12.272862056665 6.87529756606093 5.34082484773998
Igfbp2 11.8053293459635 7.59174443503132 5.44370085084404
Slc41a1 12.4045049889031 8.90823029038045 7.97635413310563
