Golm1 13.2088860971046 9.18121483125987 7.06436568566526
Tgfbi 10.1405547174483 6.43952992898681 4.51521841027757
Lcp1 11.8379992138945 6.44452129697781 4.38846338736972
Cd83 13.1517119399809 7.58531996325595 5.92902995817843
Sipa1 11.0491157826369 7.12238394042902 6.21765268784322
Tnfaip2 9.10265124910753 5.38208132170733 3.98387965594826
Socs3 12.872389729541 8.16272168396026 4.08567849643679
4632428N05Rik 13.023417651154 8.56237180354389 4.96748761739913
Spint1 10.3486258835977 6.11470019293346 5.20054911727119
Afp 8.25927872186671 4.00768747716109 3.72178334122747
Clic1 11.3149596683149 7.80579589147979 5.6979146354078
Irf8 12.5830920544812 6.06114840167853 5.20820370324152
Tbxas1 9.82110086955256 6.27388785035942 5.72679167079122
Parvg 10.3515058485033 6.64700265156926 5.29695013118546
Rgs10 13.3720136026536 9.09703894343911 6.04704013223379
Rps6ka1 12.4350911117328 8.19601764704208 7.45136615457229
Mfng 10.0773132550699 6.00957418731271 5.57506597211344
Slc40a1 11.6104164701375 6.96521468770619 5.74690854139948
C1qb 13.334449855087 7.32133372103729 3.81905943436456
Ccl6 10.2968696260595 4.84929465693226 4.03687750097553
Cd14 13.2858211222074 7.05722695048067 6.25993203874064
Pycard 11.7476509071618 6.42610775032829 5.3543375733795
C1qa 13.2023340640432 7.55433160655238 5.10418174279125
Il16 10.5721616851226 5.89532248125655 5.28638028486753
Slc7a7 10.8083190565862 5.44677314353972 5.07381134464969
Srgn 13.2068622416084 7.22224592368181 5.48917532556722
Nfkbiz 12.6004495355117 8.86888846888951 5.06846064864288
Tgm2 11.642946111078 7.75242815241739 5.88945849482732
Plek 13.0477422121131 6.60324028245133 5.72004017871072
Rgs1 11.0898478208524 4.8842029587516 4.58410941864387
Cd79b 8.0542253469498 4.69623792904267 4.53964494887266
Snx5 12.5389716579728 8.68586654094866 7.01217603296497
Elk3 10.437348137504 6.27312979878986 4.80098656302833
Laptm5 13.2497958585741 8.411744782315 4.03138802937888
Serinc3 10.9280820038238 7.02836881974453 6.4704868636623
Ctsz 13.0485403305481 9.67333327755644 6.59012206219536
Fcgr1 12.2838802885119 5.19329766677353 4.42783911275859
Slc16a6 11.5411253999105 6.9547238739823 5.46397912997454
Ccl9 11.3508771596472 5.27075137377968 4.81661554632411
Trim30a 9.8600658104235 6.44059347584202 5.4210195268793
B4galt1 10.9185743862039 7.25141378596987 5.88323464353485
Tnfrsf1b 11.7294024065306 6.87198210613745 5.88166714243612
Inpp5d 12.4783900860876 7.57251761646494 6.38739609964404
Tlr4 9.37755048286687 5.2180008199392 4.38879433577994
Aif1 11.8099905233592 5.3698984132208 4.95076405431672
Syk 11.1736838971837 6.78149496175485 6.13614819599375
Klf6 12.1197284009329 8.08485822485562 6.33794043619316
Crybb1 12.2532048432707 7.10064215496561 6.4877832879807
Fcer1g 12.6825054501545 6.70062927357535 5.74414291206008
Ctsh 12.8742742032151 6.58640635968129 5.30036665548062
Gpsm3 9.5878408034758 5.5481577069293 5.08392132049835
Ncf4 10.7305401881173 5.18373395682213 4.82858411981678
Ggta1 10.3021085784473 5.82954043308749 4.08016564531484
Lcp2 10.4299333406719 4.91870929036489 4.50715304055113
Ngp 12.2995043542679 6.27989722435113 5.40558458647723
Spi1 10.3859436109085 6.17240731625636 5.87735816534823
Csf3r 10.5303261448833 6.71496586901091 5.2798820609712
Ms4a6b 11.2757685053458 5.40002336225087 4.75637570651165
Hcls1 8.63630419546985 4.88324968602478 4.62624456367784
Pabpc1 11.2298634617249 6.20831952153304 4.45089554118655
Skap2 12.0094790306754 8.63773887847866 6.76232114118806
Cebpb 11.6743509032076 8.16205734383938 6.21692916780383
Plxdc2 12.0529683323577 7.92492717454934 6.37669837889871
Cxcl10 9.7662958946731 5.70383248267113 5.18389315288704
Cysltr1 9.23363767777187 4.32040258818114 3.90434970023548
Cttnbp2nl 11.7692220388043 7.32416960502587 5.7586340407371
Lyl1 10.013448973115 5.41877350351483 4.96684072227089
Ptpn18 10.350655093353 6.60555421423324 5.63920641380079
Tlr2 11.864186632689 5.95687180863187 5.58099388928165
Serpine1 9.57269546409715 5.20336918484174 4.60756932755243
Mlxipl 10.5927739153422 6.61900148099743 4.85363830988824
Cd37 10.9462016903761 6.44523553201675 5.28101546520869
Map3k8 10.1917146557049 5.03980626405729 4.76466402847267
Myd88 10.7885966963584 6.83242566952005 5.71394884777381
Ccl12 10.4751595691536 4.65601471842554 4.41169397541907
Arhgap4 9.38418443524174 5.45915505078513 5.26721320228162
Pon3 9.10935515291671 4.65652122578698 4.23975667527504
Slamf9 11.2066876411094 7.83266244500482 6.23020085707856
S100a8 12.9638824039872 4.95802959676718 4.5752692518086
Il10rb 10.594105170653 6.7348297197201 5.28037180549959
C3ar1 11.6182149621142 6.28094754802532 5.3030378128737
Fgd2 12.1293203269256 6.23494977820797 5.90893214232235
Ccl3 13.5496556060224 5.13209875746755 4.54757032369773
Ms4a6d 11.498084859003 5.24755662566101 4.35778075498731
Ier3 13.5855914649438 7.93651293843348 7.25964073686214
Camp 11.8351935968853 5.6526411951247 5.36532570396707
Klk8 10.1637978906065 5.99408924302932 5.49906163657554
Chil3 10.6986949112657 4.4914907601195 3.72300307903421
Arap3 10.0084235335535 4.40688974973037 4.03240177194481
Tlr7 11.1690114771889 5.40887767376825 4.78821432763
Hpgd 11.9284845304822 6.24244818028323 4.29207764958544
Slc11a1 11.348119903574 6.59279005435631 5.47580809455785
Ccl2 9.39365889899599 5.3384857252779 4.91296894718064
Cd86 11.7078926817195 5.24956299434514 4.78496689717974
Gpr84 11.5922078227709 6.02154780900819 5.31158009260946
Trim12a 8.60607054794922 4.58727825823659 4.01335929209734
Zfhx3 11.2458196415341 5.94461153408984 4.50263366161134
Slc15a3 11.5031029092383 5.58960589133672 5.24907306225363
Rel 9.37584581713377 5.51489210319499 5.16890259805691
Sla 12.412369723073 7.94262442825278 5.6909169495346
Tgfbr1 13.4953964323281 7.82036535024905 5.8829572257468
Adcy7 12.0401852065097 7.15443496694088 4.82803349892651
Lgals9 9.7144470271434 5.92776964847971 5.28290943763869
Trem2 11.3744113100813 6.66717763473127 6.18595294667372
Gna15 8.98838653928669 5.4001976105312 4.94386765775972
Birc3 10.6680989517335 6.66630735813246 5.96194353095431
Igsf6 8.76352354526292 4.32857596696804 4.15160607125233
Samsn1 9.02117009275432 4.64048188227544 4.4482962002668
Il1a 10.5627537042988 4.48930236179987 4.35963795771241
Hpgds 9.22555193578103 5.30799793818686 4.86705892098415
Naip5 11.1748062850229 4.63566650691388 4.08464691310926
Ccl4 12.655502757357 7.33844054582659 5.86367983003298
Stat6 10.5002673668222 6.26382520885025 4.88345979089105
Clec4a2 10.2600474435221 5.1839964739895 4.852275362651
Fli1 10.0941254445629 4.26447283939859 3.84180974315582
Ets1 9.55277010530181 4.96647623500807 4.28043777486501
Itgam 7.72351039802672 4.37900073753082 4.18596927946154
Ptprc 12.5235480291392 4.80147437493992 4.34943063022398
Ccr5 11.7396919362898 5.37455192554375 4.39178398210871
Il6ra 12.6715970650916 6.29481779762438 5.53952980903012
Tgif1 8.50945088524124 4.88578707934347 4.52285730663934
Pla2g15 12.3259450180791 7.96071525061424 6.52695749134079
Ifi30 11.3781163789488 7.30486396747774 5.94076324160292
H2-DMa 11.2573253131557 7.7981557265684 6.30992992401287
Gpr34 12.096128861767 4.32929356736416 3.99766627561937
Rrad 10.1172735062529 6.1178787035511 5.21232822957579
Ndel1 9.39722597598048 6.05705014307472 4.87926479109689
Rnase4 13.1184612117893 6.47115862808157 5.19187577275468
Hk2 12.3862706589026 7.51593430491791 6.17839934450854
Hfe 11.337741662807 6.83781039705067 5.68592459541934
Naalad2 9.76797067590899 6.31543478120918 5.32770540767469
Pik3cg 10.1956130518895 5.63615037415944 4.99519674630448
Cd84 9.78822716908046 4.72249882994243 4.49080305635031
Ly86 13.8305038298173 7.19754266844084 5.32900211888484
Vav1 10.4293295887311 4.19554347332949 3.94055478472808
Cfh 11.031443374587 4.2786525314578 3.53506336634243
Tnfrsf13b 9.62154101704082 4.83806526057303 4.30070984675694
Hhex 10.1791275378831 5.92522123514124 5.21159831617284
Entpd1 9.37032387449548 5.53306965594171 4.13882878105008
Ptgs1 12.2066936221392 7.80636941241469 4.94004992720405
Lyz2 12.4203041170638 7.14162168257971 5.93216975195296
Ctc1 11.684666568769 7.87174831557334 7.23333725494229
Unc93b1 11.4209147437175 7.17946469541114 6.40553815446024
Cmtm6 12.3089984078596 8.78670112250194 5.53120641338194
Hvcn1 10.2816397991105 5.88800929303298 5.32775896168291
Edem1 10.6216568370496 6.88186174512219 4.67365683073099
Icam1 12.0685839298591 6.38301477461085 4.84378985641139
Ptbp3 11.2472405918636 7.8914455016106 6.58275019523768
Rcsd1 12.2491457547791 7.71333870728446 6.40058859175205
Tmem140 8.43942036859799 4.71219773537896 4.38956908698773
Tm6sf1 11.2609540254992 7.46584650198721 4.43039345724114
Cd177 7.89852531580111 4.54413149816753 4.14221038929061
Casp8 9.83466998065678 5.30120977942954 4.96221115877717
F11r 12.1660086110926 6.50914970426854 5.68456231912615
Ifi35 9.19995898169176 5.75466916909908 5.32006975081178
Tor4a 10.3275630348071 6.87446565722581 5.47157954605176
Lpxn 10.7589192457976 5.15516331465552 4.39464804917839
Siglec5 8.37803746411404 4.03180679808209 3.80047224459786
Fcrl1 9.2345619860761 5.51295002319222 5.26162360877788
P2ry6 11.5687601975602 4.72912087669531 4.2783367578884
H2-K1 12.8220187202518 7.93853432845391 7.28441150517807
Tgfbr2 12.4852370462276 7.04449871319662 6.03036621462859
Ceacam1 8.89348245863094 4.81099095828592 4.5682766099692
Mlph 9.42445206203504 5.78856618990211 5.1690796625418
Ncf1 8.82497080443061 5.34864973293461 5.23814982937626
Il13ra1 9.86451620775328 5.9173410952909 4.30167399250639
Adap2 10.5685173068896 5.39487736055675 5.06046915333127
Ggnbp2 9.14383515526131 5.66588666625601 5.06538405802659
Capn3 10.5561819143241 5.13156208092481 4.52270618296937
Arrb2 11.4717203569511 7.0714983124148 6.75744853068498
Pros1 11.415313090188 7.51108118467235 4.78938808341124
Arhgap17 11.1079285558079 7.35365071616775 5.04628240329884
Trim47 10.0914805439239 6.57963562655283 5.35697163176689
Plcg2 11.1456382313506 7.5857577910712 7.11207692137967
Sash3 11.2827116875116 6.938936962036 5.22852786794284
Themis2 10.0072343518523 5.3522950792624 4.89617386396937
Mpeg1 13.5781184656323 7.27364655558391 5.67082582014634
Cd48 10.0036336466823 4.80598392579506 4.29088130731779
Akna 10.6519382313125 6.62715790705715 4.81282278552945
Fes 10.6453727108248 6.711487532582 5.93443611001916
Cep152 9.46016705782019 6.09700580402894 5.61876553441408
Ccrl2 11.412796081801 6.29182005673019 5.79367300707851
Lcn2 11.5003470873269 4.42369075806064 4.30463426863697
Hbb-b2 7.85273730267384 4.31253959618416 3.9932269150954
Gimap6 8.35675485784954 4.9447142338571 4.64782964953984
Myo1g 9.16480303343511 5.71865063641219 4.84725809190562
Tmem173 11.0209006256616 7.33531407297226 6.05059967525451
AF251705 12.004730998868 7.43134293456252 6.25985769279751
Hmha1 10.4033953674837 5.96609888534356 5.43697346527017
Gmip 10.1713248884895 6.19676092569093 5.68570689895707
Nckap1l 11.1568327951404 6.29236019980127 4.78400743566589
Abcc3 9.76277744586897 5.78839100710021 5.04827655586394
Rhoh 10.549623104043 5.35673241234883 4.77768147458455
1700017B05Rik 11.7692217223209 7.39005125658411 5.81297633508003
Lair1 10.6130187631943 5.87582330977321 4.85058593992274
P2ry12 12.4746819840061 5.75268926553098 4.78341386610574
Rnf19b 9.48505322764021 5.66068635014016 4.92172286548269
Pld4 12.0206051656766 5.93255903681321 5.2508583247579
Lrrfip1 10.9400431244598 7.1562989167078 5.45867200793343
AU020206 9.79188957346073 5.69378362429972 5.12046641724388
Fermt3 11.3312647513459 4.57651680781932 3.99356509677926
Ankrd44 11.6744535697079 7.96396898360005 5.3589606431955
Kctd12 12.185543532286 8.25214506639184 6.6461934497326
H2-Aa 10.7894269702174 5.90815014120909 4.69807569640108
Fam105a 11.8900076562701 8.25115555842588 5.87608127008804
Herpud1 12.5159313960105 9.17787235753808 8.24556720382932
Cd300a 9.88309640091064 5.47482313454519 4.82259360302433
Lyz1 12.1662559978148 6.48953610063915 4.79477757324212
Clcf1 8.65510766759181 4.02083357429262 3.77218444927818
Adrb2 8.04029829865073 4.39442503438702 4.16921044164807
Lrrk1 9.2169215889832 5.280980410434 4.59526739635935
Il10ra 11.9839212283458 5.12498484987157 4.75997558951664
Hexb 13.9346832426844 9.68330932806322 8.05015997535638
Rab20 9.52042754395053 5.1435792184079 3.83360197569304
Grn 13.5521140781199 10.2118452987812 8.00865259971845
D9Ertd306e 8.19945017537725 4.72062399983874 4.25745320605117
Fam46c 12.3550028613422 6.10389516536801 4.71898471326801
Pald1 10.9785325599872 6.86021753820251 6.00973401638183
Ifngr1 12.0357079893049 8.3450908793183 6.98157446980762
Anxa1 9.44951730885527 6.05517041511997 4.48699065918764
Lrmp 8.81165282774176 4.53514962854772 4.33479985034984
Olfml3 13.5847807250187 7.08560353182798 6.10994520588146
Ncf2 10.9263417405773 6.3734894085907 5.63520869771072
Il7r 9.24960705759555 5.72475525881811 4.83395002866428
Ctss 14.1436377001564 9.8077050395043 5.12963646757731
Cd53 12.7058528961117 6.32437836574454 5.09487598446385
Fcgr3 13.3678397073662 6.59297489894958 5.3535515168752
S100a9 12.1512954978643 5.19367956669038 4.65324641105324
Klf2 12.9546948291203 8.86705362190387 5.62949627491832
Fcrls 13.538343734353 6.77777670134527 5.59805338972312
Tlr1 9.60520010506197 4.35940029297211 4.08818968377923
Selplg 13.5701528797604 7.85363984093238 6.07786328413167
Cd68 12.2655547644002 5.93186770339431 4.88250298837011
Gpr65 7.70886230022633 4.31719924832359 3.84369095038697
Casp1 8.69693600519687 4.93527640732262 4.31112604449317
Csf2rb2 9.47900201616068 5.08492386913276 4.32353564663607
Atf3 13.284073086988 8.48492970336031 4.99896095706964
C1qc 13.5961558255427 6.88920604026699 5.0345433139868
Hck 11.7859620796645 5.62617342325837 4.65016759179793
Gcnt1 7.991253437913 4.34418906626961 4.11059118692136
Casp4 9.26315299804554 4.78670545093744 4.04556527015984
Ehd4 10.3117326305577 6.29017809777566 5.34948729056141
Ly96 8.91937274322914 5.28505150630327 4.58889100566263
Lag3 9.80016274610109 6.15366106831651 5.28211778607222
Cxcl2 10.7266031675695 5.08774388927117 4.23473396048749
Ltf 11.851175722853 7.49344646921858 5.94193510553769
Cx3cr1 12.8730629616277 6.95319187471067 5.12986982726401
H2-D1 12.6327304628196 7.97097879135938 7.1230091630312
Stab1 10.7605924600716 5.66074067841759 5.11881869188072
Il6 8.13911235858362 4.43494075574329 3.78432559880665
Mrc1 7.99313411604932 4.4880919955208 4.1549180158524
Hps3 10.8090339030534 7.40264100973065 6.90215262069311
Itgb2 11.9243168449721 5.11869261359112 4.5147296282456
Psmb9 9.4278289264293 5.89110783489138 5.322558517732
Ang 8.34675454689537 4.18055488956064 4.0278134053522
Sh2b2 9.2750055292418 5.37847186440533 4.68001782882501
Tyrobp 12.872201384089 6.81060324685606 5.49223469140893
Emr1 12.7903721087621 6.9231843415491 5.4635515465977
Nrros 12.3097176638707 8.85678430987708 5.86940367707349
Tmem119 13.7335005220805 7.19133219958835 5.67612219060248
Parp14 9.22364341007536 5.76736063576686 4.94473930096536
Ttr 13.2899892726514 8.60931672067531 3.99660771067972
Havcr2 10.538253418377 4.48614243644909 4.28609967075693
Alas2 10.1462688588052 5.59467791748772 4.94032088042658
Cmtm7 10.4128713125775 5.86078625869303 4.84741855605798
Blnk 11.8256575206264 6.99484873382233 5.05352838785839
Alox5ap 12.5974435879102 7.14478604188705 5.88416500246674
Fyb 11.6377216118874 6.70383728152816 5.99969841719561
Ctla2b 9.67840248028284 4.77013369767714 4.13256314695786
Zfp36 13.4481818753213 9.86526870874233 6.38455446166149
Abhd15 9.85244350316464 5.6196811327341 5.00542694988478
Cyba 11.683487063587 7.08802099303639 5.09301720839547
Spata13 11.8423721764084 8.40160873121469 5.4522059632514
Ptpn6 11.3447432428118 7.5831684008292 6.43038378611102
4833441D16Rik 9.44333514879099 6.01358009527528 4.84157538243932
Tec 10.193963488774 6.77842772970954 5.49405484925185
Cd52 8.77120540091781 4.88191967278428 4.5022222167696
Irf5 10.3658986193304 6.43772602765797 5.51731308677421
Naip2 10.6301514409205 4.61518963864375 4.19448377789798
Anxa3 12.8961234593997 6.22777490911561 5.18949169215266
