Apod 10.0914204011403 6.64158501538235 6.4283301418959
Cryab 11.9927178685326 8.13272011522964 6.13807481157925
Tppp3 11.0750086493852 6.29265089188151 6.08051980038777
Ntsr2 12.4670388615118 8.47819366618879 5.6046423440907
Mal 11.9707806858987 7.36095418038879 6.64813730397151
F3 9.41225207854783 5.94507242805472 5.48976335379562
Aspa 9.08391224917011 5.68917280711862 5.58084478946733
Ugt8a 11.11628834106 7.39187523488288 4.28785470811497
Fxyd1 10.7745736443613 7.40290263513043 6.80589986239062
Ptgds 10.4675508013751 6.47310209344496 6.41679485894237
Adhfe1 8.98484071562468 5.52336948457008 4.6720850471396
Atp1a2 10.6632923478665 6.7299373094481 5.02380980877898
Mog 8.61178628109605 4.82439710700431 4.45650374621628
Itih3 10.661854087746 7.19133964333203 5.00496820407441
Pcp4 11.9255164554234 8.22723957618328 6.87727534029665
