Golm1 13.1792932323564 10.17354939862 3.73418779405046
Dusp6 12.1118170992931 10.17354939862 3.73418779405046
Spry1 10.0866705416785 10.17354939862 3.73418779405046
Sgpl1 9.58944930363067 10.17354939862 3.73418779405046
Enpp2 10.7189220644801 10.17354939862 3.73418779405046
Mgst1 8.4590681152206 10.17354939862 3.73418779405046
Junb 11.5499826198348 10.17354939862 3.73418779405046
Creg1 11.4042519959731 10.17354939862 3.73418779405046
Mpo 8.64472480371545 10.17354939862 3.73418779405046
Lcp1 11.9186828085383 10.17354939862 3.73418779405046
Vcam1 8.36494692944489 10.17354939862 3.73418779405046
Txnip 13.6926905825169 10.17354939862 3.73418779405046
Klf10 10.2647564636486 10.17354939862 3.73418779405046
Sgk1 13.2036884357458 10.17354939862 3.73418779405046
Cd9 11.7908634776503 10.17354939862 3.73418779405046
Ifrd1 11.3900169042777 10.17354939862 3.73418779405046
Cd34 10.4821943254353 10.17354939862 3.73418779405046
Tpst2 11.1108919206009 10.17354939862 3.73418779405046
Hist1h1c 11.8035578089756 10.17354939862 3.73418779405046
Cd83 13.2161047162533 10.17354939862 3.73418779405046
Fkbp5 11.7347664490302 10.17354939862 3.73418779405046
Mmp2 8.7280447113755 10.17354939862 3.73418779405046
Rab31 11.3120999281395 10.17354939862 3.73418779405046
Sipa1 11.028832104782 10.17354939862 3.73418779405046
Coro1a 12.5292545103329 10.17354939862 3.73418779405046
Btg2 11.3906424677534 10.17354939862 3.73418779405046
Ets2 10.9993775742686 10.17354939862 3.73418779405046
Tnfaip2 9.07410944533167 10.17354939862 3.73418779405046
Litaf 12.5687309938788 10.17354939862 3.73418779405046
Cyfip1 12.6115291742802 10.17354939862 3.73418779405046
Lamp2 11.5544716379291 10.17354939862 3.73418779405046
Snx18 11.8255448234537 10.17354939862 3.73418779405046
Ctsc 12.6108642775907 10.17354939862 3.73418779405046
Cd82 9.23153634995101 10.17354939862 3.73418779405046
Tubb6 9.94746027053954 10.17354939862 3.73418779405046
Ier2 13.4029366730924 10.17354939862 3.73418779405046
Nr4a1 12.1194322490947 10.17354939862 3.73418779405046
Rab32 7.51642002223175 10.17354939862 3.73418779405046
Pnp 12.8799287012372 10.17354939862 3.73418779405046
Nfe2l2 11.356253934114 10.17354939862 3.73418779405046
Socs3 12.8477426387797 10.17354939862 3.73418779405046
Sparc 11.7443656880018 10.17354939862 3.73418779405046
Scamp2 12.1490850674193 10.17354939862 3.73418779405046
Acss1 9.50387495272519 10.17354939862 3.73418779405046
4632428N05Rik 12.9633024758073 10.17354939862 3.73418779405046
Spint1 10.3283172527647 10.17354939862 3.73418779405046
Slc2a5 10.6169587052025 10.17354939862 3.73418779405046
Afp 8.35050803873215 10.17354939862 3.73418779405046
Stxbp3a 9.10198483688182 10.17354939862 3.73418779405046
Clic1 11.3122330580261 10.17354939862 3.73418779405046
Plxnb2 11.1496648391028 10.17354939862 3.73418779405046
Irf8 12.5462653592052 10.17354939862 3.73418779405046
Mical1 8.77305668351709 10.17354939862 3.73418779405046
Fkbp7 9.39487954845409 10.17354939862 3.73418779405046
Tbxas1 9.68864876043037 10.17354939862 3.73418779405046
Slc39a8 8.14296708004609 10.17354939862 3.73418779405046
Parvg 10.4281853264487 10.17354939862 3.73418779405046
Mcl1 12.2077605709068 10.17354939862 3.73418779405046
Rps6ka1 12.3511118887686 10.17354939862 3.73418779405046
Parp9 9.69879112347596 10.17354939862 3.73418779405046
Erap1 8.1825642016229 10.17354939862 3.73418779405046
Tnfaip8 10.106166018297 10.17354939862 3.73418779405046
Sirpa 12.4881260050488 10.17354939862 3.73418779405046
Mfng 10.2459357618163 10.17354939862 3.73418779405046
Slc40a1 11.6873175794834 10.17354939862 3.73418779405046
C1qb 13.3809165744448 10.17354939862 3.73418779405046
Egr1 14.0292728577336 10.17354939862 3.73418779405046
Ptpn1 11.9476364503649 10.17354939862 3.73418779405046
Cyp4v3 11.0156233140278 10.17354939862 3.73418779405046
Qk 12.4657276661435 10.17354939862 3.73418779405046
Syngr2 11.5324666076936 10.17354939862 3.73418779405046
Man1a 10.4589772827202 10.17354939862 3.73418779405046
Pmp22 12.2434056339285 10.17354939862 3.73418779405046
Usp2 11.740363352364 10.17354939862 3.73418779405046
Ccl6 10.4831140019336 10.17354939862 3.73418779405046
Cd14 13.3794861542207 10.17354939862 3.73418779405046
Plekha2 10.262903961652 10.17354939862 3.73418779405046
Tnfrsf1a 11.349722903685 10.17354939862 3.73418779405046
Tob2 11.2863217891244 10.17354939862 3.73418779405046
Pycard 11.7530559991681 10.17354939862 3.73418779405046
C1qa 13.1874316054276 10.17354939862 3.73418779405046
Il16 10.5676116874908 10.17354939862 3.73418779405046
Slc7a7 10.9326702827516 10.17354939862 3.73418779405046
Klf4 12.8356975471887 10.17354939862 3.73418779405046
Sertad1 10.6760235504756 10.17354939862 3.73418779405046
Jun 13.1513958362792 10.17354939862 3.73418779405046
Srgn 13.2795222117037 10.17354939862 3.73418779405046
Myh9 12.5447914497017 10.17354939862 3.73418779405046
Nfkbiz 12.6921044506167 10.17354939862 3.73418779405046
Tgm2 11.6702792723547 10.17354939862 3.73418779405046
Plek 13.0385446953369 10.17354939862 3.73418779405046
Itgb5 13.3122301859398 10.17354939862 3.73418779405046
Elf1 9.08464008124719 10.17354939862 3.73418779405046
Cln3 9.83088294827292 10.17354939862 3.73418779405046
Slc15a2 8.91777964521841 10.17354939862 3.73418779405046
Rgs1 11.3590498478886 10.17354939862 3.73418779405046
Tmem37 9.84921340109981 10.17354939862 3.73418779405046
Ier5 13.0447369736646 10.17354939862 3.73418779405046
Rac2 9.85175366603671 10.17354939862 3.73418779405046
Nfatc1 10.0088645121847 10.17354939862 3.73418779405046
Mknk1 10.5922905756922 10.17354939862 3.73418779405046
Cd79b 8.10777669835161 10.17354939862 3.73418779405046
Snx5 12.5419589726741 10.17354939862 3.73418779405046
Elk3 10.4319956263106 10.17354939862 3.73418779405046
Gab1 9.8252745536932 10.17354939862 3.73418779405046
Soat1 9.01103606914302 10.17354939862 3.73418779405046
Laptm5 13.25292607905 10.17354939862 3.73418779405046
Tjp1 12.026873644078 10.17354939862 3.73418779405046
Slc25a37 10.7377469263125 10.17354939862 3.73418779405046
Ptgr1 9.95096043750722 10.17354939862 3.73418779405046
Serinc3 10.7887820532689 10.17354939862 3.73418779405046
Ctsz 12.9968566741552 10.17354939862 3.73418779405046
Fcgr1 12.2955371160684 10.17354939862 3.73418779405046
Slc16a6 11.5647594820405 10.17354939862 3.73418779405046
Pdlim4 9.51167808110339 10.17354939862 3.73418779405046
Ccl9 11.4677327663853 10.17354939862 3.73418779405046
Trim30a 9.81298833801394 10.17354939862 3.73418779405046
B4galt1 11.1336165305587 10.17354939862 3.73418779405046
Myo9b 10.1609444522612 10.17354939862 3.73418779405046
Nrp1 10.6812295061732 10.17354939862 3.73418779405046
Tnfrsf1b 11.7452188608572 10.17354939862 3.73418779405046
Inpp5d 12.4577394438636 10.17354939862 3.73418779405046
Aff1 10.7788620635381 10.17354939862 3.73418779405046
Tlr4 9.57555684780965 10.17354939862 3.73418779405046
Sp1 10.4372166868169 10.17354939862 3.73418779405046
Pmaip1 7.97566326054479 10.17354939862 3.73418779405046
Aif1 11.8214348072249 10.17354939862 3.73418779405046
Il15 7.64022998784039 10.17354939862 3.73418779405046
Lims1 11.3701224038562 10.17354939862 3.73418779405046
Syk 11.3160084368777 10.17354939862 3.73418779405046
Klf6 12.2250639567383 10.17354939862 3.73418779405046
Crybb1 12.2648088011919 10.17354939862 3.73418779405046
Fcer1g 12.6718396223893 10.17354939862 3.73418779405046
Ctsh 12.87251521366 10.17354939862 3.73418779405046
Gpsm3 9.55595780536678 10.17354939862 3.73418779405046
Ncf4 10.7292352869563 10.17354939862 3.73418779405046
Nrip1 11.8222365777829 10.17354939862 3.73418779405046
Ggta1 10.3002208247185 10.17354939862 3.73418779405046
Calcrl 7.78386106503694 10.17354939862 3.73418779405046
Ptpre 10.8054724634459 10.17354939862 3.73418779405046
Sf3b1 11.1886276250162 10.17354939862 3.73418779405046
Lcp2 10.4089431447829 10.17354939862 3.73418779405046
Ngp 12.7574775005176 10.17354939862 3.73418779405046
Spi1 10.4190424481911 10.17354939862 3.73418779405046
Atp7a 10.2141459779396 10.17354939862 3.73418779405046
Csf3r 10.4683520496493 10.17354939862 3.73418779405046
Ms4a6b 11.2554621340409 10.17354939862 3.73418779405046
Hcls1 8.70906636115833 10.17354939862 3.73418779405046
Pabpc1 11.1781404360411 10.17354939862 3.73418779405046
Skap2 12.056136723105 10.17354939862 3.73418779405046
Cebpb 11.5932508063623 10.17354939862 3.73418779405046
Plxdc2 12.0745716973584 10.17354939862 3.73418779405046
Cxcl10 9.72683118350032 10.17354939862 3.73418779405046
Maff 10.2074887860116 10.17354939862 3.73418779405046
Cysltr1 9.25437959121948 10.17354939862 3.73418779405046
Cebpa 9.84230025530157 10.17354939862 3.73418779405046
Cttnbp2nl 11.6991350325633 10.17354939862 3.73418779405046
Lyl1 9.96552235514374 10.17354939862 3.73418779405046
Ptpn18 10.3344380846283 10.17354939862 3.73418779405046
Tlr2 11.9276981137555 10.17354939862 3.73418779405046
Cd163 7.96377468160987 10.17354939862 3.73418779405046
Serpine1 9.65311808101758 10.17354939862 3.73418779405046
Sox4 9.86978784622112 10.17354939862 3.73418779405046
Mlxipl 10.5385226388773 10.17354939862 3.73418779405046
Cd37 10.9003612304416 10.17354939862 3.73418779405046
Map3k8 10.2772018482877 10.17354939862 3.73418779405046
Rgs2 12.8588029707337 10.17354939862 3.73418779405046
Myd88 10.6605178444686 10.17354939862 3.73418779405046
Ccl12 10.6391731596107 10.17354939862 3.73418779405046
Jam2 8.93482451958042 10.17354939862 3.73418779405046
Arhgap4 9.32893709991249 10.17354939862 3.73418779405046
H2-Oa 8.62773488286702 10.17354939862 3.73418779405046
Pon3 9.25424963832735 10.17354939862 3.73418779405046
Slamf9 11.1460693903532 10.17354939862 3.73418779405046
Ss18 11.2215851780383 10.17354939862 3.73418779405046
S100a8 13.1710031765985 10.17354939862 3.73418779405046
Il10rb 10.5493104181091 10.17354939862 3.73418779405046
C3ar1 11.7048817822179 10.17354939862 3.73418779405046
Ripk1 10.2351943744533 10.17354939862 3.73418779405046
Fgd2 12.0963667807367 10.17354939862 3.73418779405046
Rela 11.8418378886618 10.17354939862 3.73418779405046
Ccl3 13.5359936909524 10.17354939862 3.73418779405046
Ttc28 8.96750239347399 10.17354939862 3.73418779405046
Ms4a6d 11.4841310922632 10.17354939862 3.73418779405046
Tnf 9.93397669508449 10.17354939862 3.73418779405046
Was 8.02197322990764 10.17354939862 3.73418779405046
Ier3 13.5124048716238 10.17354939862 3.73418779405046
Nupr1 9.91190169343546 10.17354939862 3.73418779405046
Camp 12.4507582747533 10.17354939862 3.73418779405046
Ltc4s 9.72815138352943 10.17354939862 3.73418779405046
Klk8 10.1827990465209 10.17354939862 3.73418779405046
Abcd2 8.77308831436475 10.17354939862 3.73418779405046
Chil3 11.4871946767607 10.17354939862 3.73418779405046
Arap3 9.99309938625579 10.17354939862 3.73418779405046
Tlr7 11.1537008662761 10.17354939862 3.73418779405046
Csf1r 14.0292728577336 10.17354939862 3.73418779405046
Trim25 10.6548242070809 10.17354939862 3.73418779405046
Hpgd 11.9738918982247 10.17354939862 3.73418779405046
Nfatc3 8.86604974102907 10.17354939862 3.73418779405046
Rab3il1 10.3829864041852 10.17354939862 3.73418779405046
Mcm3 9.01275163949269 10.17354939862 3.73418779405046
Nfkbia 13.5863871767458 10.17354939862 3.73418779405046
Gdap10 8.59879464478789 10.17354939862 3.73418779405046
Slc11a1 11.3948658681908 10.17354939862 3.73418779405046
Hnrnpa2b1 10.1857595588016 10.17354939862 3.73418779405046
Ccl2 9.3887194295731 10.17354939862 3.73418779405046
Cd86 11.6527693006629 10.17354939862 3.73418779405046
Prkd3 9.77821211859841 10.17354939862 3.73418779405046
Gpr84 11.5263505075912 10.17354939862 3.73418779405046
Vamp8 11.7850542682879 10.17354939862 3.73418779405046
Tcirg1 11.2860007996333 10.17354939862 3.73418779405046
Sqrdl 11.1213981292751 10.17354939862 3.73418779405046
Trim12a 8.39694276788024 10.17354939862 3.73418779405046
Zfhx3 11.2191522315493 10.17354939862 3.73418779405046
Tgfb1 8.44292660125019 10.17354939862 3.73418779405046
Slc15a3 11.3995649353571 10.17354939862 3.73418779405046
Clec7a 9.25038759656192 10.17354939862 3.73418779405046
Rel 9.43208070521036 10.17354939862 3.73418779405046
Tsc22d3 11.5894187043498 10.17354939862 3.73418779405046
Sla 12.4329217789332 10.17354939862 3.73418779405046
Itga9 7.44944104381667 10.17354939862 3.73418779405046
Tgfbr1 13.5090583473981 10.17354939862 3.73418779405046
Snap23 8.48388126836494 10.17354939862 3.73418779405046
Sgk3 9.72897957475723 10.17354939862 3.73418779405046
St6gal1 11.5442181234637 10.17354939862 3.73418779405046
Asph 11.0774007157198 10.17354939862 3.73418779405046
Ivns1abp 12.6904399495339 10.17354939862 3.73418779405046
Adcy7 11.9949098164077 10.17354939862 3.73418779405046
Rbm39 10.2573002722239 10.17354939862 3.73418779405046
Mef2c 11.6348296409646 10.17354939862 3.73418779405046
Ptger4 8.19278128289772 10.17354939862 3.73418779405046
Vamp3 10.8864314514484 10.17354939862 3.73418779405046
Gpr56 11.1033359990947 10.17354939862 3.73418779405046
Itgav 11.4469634886707 10.17354939862 3.73418779405046
Lgals9 9.69958847858634 10.17354939862 3.73418779405046
Bco2 8.889124080815 10.17354939862 3.73418779405046
Trem2 11.303795824757 10.17354939862 3.73418779405046
Gna15 8.99367862824198 10.17354939862 3.73418779405046
Bach2 8.74505539894091 10.17354939862 3.73418779405046
Clec5a 8.06555640971743 10.17354939862 3.73418779405046
Myo7a 9.50521719944788 10.17354939862 3.73418779405046
Birc3 10.6915102166933 10.17354939862 3.73418779405046
Igsf6 8.83394697282607 10.17354939862 3.73418779405046
Samsn1 8.81738530496463 10.17354939862 3.73418779405046
Il1a 10.5376640185961 10.17354939862 3.73418779405046
Hpgds 9.22775583355141 10.17354939862 3.73418779405046
Naip5 11.0978070538461 10.17354939862 3.73418779405046
Ccl4 12.6588721873418 10.17354939862 3.73418779405046
Klf3 8.5494364974985 10.17354939862 3.73418779405046
Itpr2 10.8475742428576 10.17354939862 3.73418779405046
Stat6 10.468465477124 10.17354939862 3.73418779405046
Phxr1 9.60693645820777 10.17354939862 3.73418779405046
Msn 10.8303816272 10.17354939862 3.73418779405046
Bcl6 10.0215933819773 10.17354939862 3.73418779405046
Abca1 12.0542577742267 10.17354939862 3.73418779405046
Adam17 10.5495689245511 10.17354939862 3.73418779405046
Nr3c1 10.5818741902575 10.17354939862 3.73418779405046
Dapp1 10.6129812986097 10.17354939862 3.73418779405046
Clec4a2 10.1399334143348 10.17354939862 3.73418779405046
Fli1 10.1221580891138 10.17354939862 3.73418779405046
Mitf 10.359595527133 10.17354939862 3.73418779405046
Ets1 9.52298260959165 10.17354939862 3.73418779405046
Itgam 7.59528570318745 10.17354939862 3.73418779405046
Ptprc 12.4924457080349 10.17354939862 3.73418779405046
Fosb 12.0153263432166 10.17354939862 3.73418779405046
Ccr5 11.6775104276773 10.17354939862 3.73418779405046
Il6ra 12.6762370901779 10.17354939862 3.73418779405046
Tgif1 8.32241012578398 10.17354939862 3.73418779405046
Pla2g15 12.3402771280608 10.17354939862 3.73418779405046
Itga6 11.5191682655928 10.17354939862 3.73418779405046
Ifi30 11.3741036101554 10.17354939862 3.73418779405046
Cables1 10.7296553966912 10.17354939862 3.73418779405046
H2-DMa 11.302506340632 10.17354939862 3.73418779405046
Zfp36l1 12.768092682973 10.17354939862 3.73418779405046
Id2 12.1967220814378 10.17354939862 3.73418779405046
Gpr34 12.0465417111213 10.17354939862 3.73418779405046
Rrad 10.0218987777276 10.17354939862 3.73418779405046
Cr1l 11.6700570684498 10.17354939862 3.73418779405046
Ndel1 9.33926152391583 10.17354939862 3.73418779405046
Rhog 11.1977184303104 10.17354939862 3.73418779405046
Rnase4 13.0645450224258 10.17354939862 3.73418779405046
Hk2 12.2311857728962 10.17354939862 3.73418779405046
Map4k4 8.66154547476686 10.17354939862 3.73418779405046
Fam111a 8.38937991141375 10.17354939862 3.73418779405046
Hfe 11.261965590755 10.17354939862 3.73418779405046
Naalad2 9.57573482021452 10.17354939862 3.73418779405046
Pik3cg 10.1391450667911 10.17354939862 3.73418779405046
Zeb2 11.448770010793 10.17354939862 3.73418779405046
Btk 9.59129305907372 10.17354939862 3.73418779405046
Tlr3 9.57440918362698 10.17354939862 3.73418779405046
Dock2 8.82632728691093 10.17354939862 3.73418779405046
Prkcd 11.3269526908875 10.17354939862 3.73418779405046
Mertk 13.1492058693859 10.17354939862 3.73418779405046
Cd84 9.79853579725004 10.17354939862 3.73418779405046
Ly86 13.8484382572477 10.17354939862 3.73418779405046
Vav1 10.4988780096262 10.17354939862 3.73418779405046
Pag1 12.681394781079 10.17354939862 3.73418779405046
Fos 13.9214281458166 10.17354939862 3.73418779405046
Cfh 10.9189995251726 10.17354939862 3.73418779405046
Tnfrsf13b 9.55249902249023 10.17354939862 3.73418779405046
Cebpd 10.5727375378467 10.17354939862 3.73418779405046
Luc7l2 10.5406316174713 10.17354939862 3.73418779405046
Smim3 9.36289130684882 10.17354939862 3.73418779405046
Hhex 10.0129558927535 10.17354939862 3.73418779405046
Entpd1 9.36332417160173 10.17354939862 3.73418779405046
Ptgs1 12.1460566579667 10.17354939862 3.73418779405046
Phip 10.156072318602 10.17354939862 3.73418779405046
Rock1 9.71866098593074 10.17354939862 3.73418779405046
Stk17b 9.82516171443988 10.17354939862 3.73418779405046
Tab2 12.0081256058332 10.17354939862 3.73418779405046
Frrs1 10.5118954880326 10.17354939862 3.73418779405046
Nfix 9.57767649853662 10.17354939862 3.73418779405046
Lyz2 12.6255399097117 10.17354939862 3.73418779405046
Ssfa2 10.3963514628908 10.17354939862 3.73418779405046
Ccnl1 12.9467381083197 10.17354939862 3.73418779405046
Galnt4 9.17182977737832 10.17354939862 3.73418779405046
Ctc1 11.7381009275171 10.17354939862 3.73418779405046
Fkbp9 10.4952321040459 10.17354939862 3.73418779405046
Unc93b1 11.2638153754962 10.17354939862 3.73418779405046
Mob1a 11.6524237224905 10.17354939862 3.73418779405046
Cmtm6 12.3249537931389 10.17354939862 3.73418779405046
Sfpq 11.5941111598284 10.17354939862 3.73418779405046
Wls 7.9076076683916 10.17354939862 3.73418779405046
Tmem63a 11.3673624046704 10.17354939862 3.73418779405046
Tspan14 11.1135085123949 10.17354939862 3.73418779405046
Lpcat3 11.4010483293012 10.17354939862 3.73418779405046
Numa1 11.0401423206266 10.17354939862 3.73418779405046
Abl1 11.2540103182688 10.17354939862 3.73418779405046
Pxn 11.7931446549569 10.17354939862 3.73418779405046
Hvcn1 10.3744362140918 10.17354939862 3.73418779405046
Srsf7 12.2454124184616 10.17354939862 3.73418779405046
Edem1 10.5468048765477 10.17354939862 3.73418779405046
Icam1 12.0835121128031 10.17354939862 3.73418779405046
Ptbp3 11.2821230739434 10.17354939862 3.73418779405046
Epb4.1 9.22094138282395 10.17354939862 3.73418779405046
Prkab1 10.8294129270605 10.17354939862 3.73418779405046
Rbl1 8.60653858129746 10.17354939862 3.73418779405046
Rcsd1 12.3327371826167 10.17354939862 3.73418779405046
Sirt7 10.3819043711106 10.17354939862 3.73418779405046
Npl 9.96550349349474 10.17354939862 3.73418779405046
Tmem140 8.37653073680301 10.17354939862 3.73418779405046
0610040J01Rik 10.8216796982396 10.17354939862 3.73418779405046
Tm6sf1 11.2414066824985 10.17354939862 3.73418779405046
Cklf 11.4118605648373 10.17354939862 3.73418779405046
Cd177 8.34962699286364 10.17354939862 3.73418779405046
Casp8 9.75678338176791 10.17354939862 3.73418779405046
Tmed5 10.5709139699701 10.17354939862 3.73418779405046
F11r 12.1396861374846 10.17354939862 3.73418779405046
Eva1a 8.74419904985229 10.17354939862 3.73418779405046
Mfap3 11.424323136373 10.17354939862 3.73418779405046
Reep3 10.8117416298317 10.17354939862 3.73418779405046
Tor4a 10.2205590701386 10.17354939862 3.73418779405046
Trim34a 8.51637667451946 10.17354939862 3.73418779405046
Ptbp1 9.15244960297567 10.17354939862 3.73418779405046
Trib1 10.0283426085731 10.17354939862 3.73418779405046
Plxdc1 10.9345884722293 10.17354939862 3.73418779405046
Lpxn 10.7275528959061 10.17354939862 3.73418779405046
Siglec5 8.28941632201165 10.17354939862 3.73418779405046
Mylip 12.3911493278824 10.17354939862 3.73418779405046
Fcrl1 9.22764356004362 10.17354939862 3.73418779405046
Lifr 10.8658507374762 10.17354939862 3.73418779405046
Csf1 9.86949876759856 10.17354939862 3.73418779405046
Sppl2a 11.216310941421 10.17354939862 3.73418779405046
Clcc1 8.91820741396518 10.17354939862 3.73418779405046
P2ry6 11.5574667748729 10.17354939862 3.73418779405046
Wsb1 12.1255060427543 10.17354939862 3.73418779405046
H2-K1 12.7949568117272 10.17354939862 3.73418779405046
Slc3a2 12.5974908597412 10.17354939862 3.73418779405046
Tgfbr2 12.4393744689228 10.17354939862 3.73418779405046
H2-Ab1 8.19904913228906 10.17354939862 3.73418779405046
Prpf4b 10.0168384764663 10.17354939862 3.73418779405046
Ceacam1 8.80282175058088 10.17354939862 3.73418779405046
Mlph 9.57489838859243 10.17354939862 3.73418779405046
Ncf1 8.88584686160739 10.17354939862 3.73418779405046
Il13ra1 9.84239214017086 10.17354939862 3.73418779405046
Adap2 10.5722797031115 10.17354939862 3.73418779405046
Elovl1 10.6709199064178 10.17354939862 3.73418779405046
Akr1b10 8.12473567494519 10.17354939862 3.73418779405046
Lrba 12.2631508876539 10.17354939862 3.73418779405046
Pld1 10.8239587790307 10.17354939862 3.73418779405046
Pon2 9.33868555313833 10.17354939862 3.73418779405046
Ggnbp2 8.92116224716715 10.17354939862 3.73418779405046
Capn3 10.3369957490321 10.17354939862 3.73418779405046
Btg1 12.8308863505365 10.17354939862 3.73418779405046
Tor1aip1 9.67450175368871 10.17354939862 3.73418779405046
ND5 11.9277080301183 10.17354939862 3.73418779405046
Rrbp1 12.1135184174842 10.17354939862 3.73418779405046
Clk1 11.9522343163908 10.17354939862 3.73418779405046
Smarcd2 11.6877369293911 10.17354939862 3.73418779405046
Vwa5a 10.3106484906387 10.17354939862 3.73418779405046
Glul 11.9280143428985 10.17354939862 3.73418779405046
Arrb2 11.4983554070217 10.17354939862 3.73418779405046
Pros1 11.4603712254362 10.17354939862 3.73418779405046
Ifih1 8.92117937270675 10.17354939862 3.73418779405046
Frmd4b 12.0767968593623 10.17354939862 3.73418779405046
Rin2 10.1168098461982 10.17354939862 3.73418779405046
Arhgdib 10.7973257228637 10.17354939862 3.73418779405046
Tifa 10.8074268423842 10.17354939862 3.73418779405046
Arhgap17 10.9767981793134 10.17354939862 3.73418779405046
Phgdh 11.0749094502032 10.17354939862 3.73418779405046
Map3k3 9.28753240420869 10.17354939862 3.73418779405046
Appl2 10.7788451720744 10.17354939862 3.73418779405046
Maml1 8.77733289134274 10.17354939862 3.73418779405046
Parp12 9.49139397984138 10.17354939862 3.73418779405046
Trim47 10.0791566495733 10.17354939862 3.73418779405046
Lgals3 9.11302237976578 10.17354939862 3.73418779405046
Ddx26b 12.2044872770196 10.17354939862 3.73418779405046
Slc25a45 10.8173200145939 10.17354939862 3.73418779405046
Jmjd1c 12.718371512436 10.17354939862 3.73418779405046
Plcg2 11.1549584884923 10.17354939862 3.73418779405046
Ccdc93 11.5481832070344 10.17354939862 3.73418779405046
Mlxip 11.0084570885722 10.17354939862 3.73418779405046
Sash3 11.249005723635 10.17354939862 3.73418779405046
Themis2 9.99513496121799 10.17354939862 3.73418779405046
Smo 8.93859914159649 10.17354939862 3.73418779405046
Stard8 8.86754170680289 10.17354939862 3.73418779405046
Mpeg1 13.5931395335038 10.17354939862 3.73418779405046
Hspa1b 12.7002530870076 10.17354939862 3.73418779405046
Pcf11 9.16231776296894 10.17354939862 3.73418779405046
Xist 12.7596727744674 10.17354939862 3.73418779405046
Cd48 9.95999221182058 10.17354939862 3.73418779405046
Akna 10.7072692564892 10.17354939862 3.73418779405046
2810474O19Rik 10.3199763689726 10.17354939862 3.73418779405046
Sult1a1 9.98708391284936 10.17354939862 3.73418779405046
Fes 10.5551239260507 10.17354939862 3.73418779405046
Myo1b 8.57502259469562 10.17354939862 3.73418779405046
Cep152 9.74520694836984 10.17354939862 3.73418779405046
B2m 13.1894322739796 10.17354939862 3.73418779405046
Gsap 7.44197811103801 10.17354939862 3.73418779405046
Diap2 10.171367858732 10.17354939862 3.73418779405046
Egr2 11.2484829324693 10.17354939862 3.73418779405046
Ccrl2 11.3826980615646 10.17354939862 3.73418779405046
Lcn2 12.0118513639671 10.17354939862 3.73418779405046
Hbb-b2 7.88283645776123 10.17354939862 3.73418779405046
Gimap6 8.28531118681062 10.17354939862 3.73418779405046
Myo1g 9.24155609377298 10.17354939862 3.73418779405046
Tmem173 11.0989726590541 10.17354939862 3.73418779405046
BC028528 8.76172624772281 10.17354939862 3.73418779405046
Erbb2ip 10.9902297899597 10.17354939862 3.73418779405046
AF251705 11.9378287827213 10.17354939862 3.73418779405046
Arap1 8.92681515212257 10.17354939862 3.73418779405046
Hmha1 10.4292840746509 10.17354939862 3.73418779405046
Rreb1 9.67685838321431 10.17354939862 3.73418779405046
Gmip 10.0312950363764 10.17354939862 3.73418779405046
Nckap1l 11.1514517971807 10.17354939862 3.73418779405046
Macf1 9.92020667665838 10.17354939862 3.73418779405046
Atad2b 10.1260673831363 10.17354939862 3.73418779405046
Abcc3 9.68880748830503 10.17354939862 3.73418779405046
Rnf130 12.3746152428166 10.17354939862 3.73418779405046
Rhoh 10.6886747062572 10.17354939862 3.73418779405046
1700017B05Rik 11.7630363477309 10.17354939862 3.73418779405046
Srgap2 11.7876768649285 10.17354939862 3.73418779405046
2810043O03Rik 8.26904649519335 10.17354939862 3.73418779405046
Gusb 11.4166507135997 10.17354939862 3.73418779405046
Lair1 10.6341607739461 10.17354939862 3.73418779405046
Twf2 10.8151730778002 10.17354939862 3.73418779405046
P2ry12 12.3417720061336 10.17354939862 3.73418779405046
Apoe 11.813606877339 10.17354939862 3.73418779405046
Epb4.1l2 12.5141878325852 10.17354939862 3.73418779405046
Pld4 12.0162068213804 10.17354939862 3.73418779405046
D15Ertd621e 10.2021769651159 10.17354939862 3.73418779405046
Lrrfip1 10.7165591037594 10.17354939862 3.73418779405046
AU020206 9.7250304187546 10.17354939862 3.73418779405046
Fermt3 11.255187597153 10.17354939862 3.73418779405046
AW112010 8.13341050571967 10.17354939862 3.73418779405046
Tgif2 9.91494649369466 10.17354939862 3.73418779405046
Dennd4c 8.68012767661169 10.17354939862 3.73418779405046
Ankrd44 11.6555430067368 10.17354939862 3.73418779405046
Kctd12 12.2024123826132 10.17354939862 3.73418779405046
H2-Aa 10.95884712019 10.17354939862 3.73418779405046
Fam105a 11.8141138102905 10.17354939862 3.73418779405046
Cpne3 9.53740558386254 10.17354939862 3.73418779405046
Herpud1 12.561534184029 10.17354939862 3.73418779405046
2610528A11Rik 7.90612876986473 10.17354939862 3.73418779405046
Cd300a 9.78331319123392 10.17354939862 3.73418779405046
Osbpl11 9.98515289319599 10.17354939862 3.73418779405046
Tmem71 7.74769305584135 10.17354939862 3.73418779405046
Wipf1 10.4960069219755 10.17354939862 3.73418779405046
Lyz1 12.291433368859 10.17354939862 3.73418779405046
Clcf1 8.66818372368241 10.17354939862 3.73418779405046
Adrb2 8.06163788196254 10.17354939862 3.73418779405046
Lrrk1 9.00233842375518 10.17354939862 3.73418779405046
Creb3l2 8.92025751565527 10.17354939862 3.73418779405046
Zfp36l2 12.4844215051541 10.17354939862 3.73418779405046
Il10ra 11.9204835825207 10.17354939862 3.73418779405046
Hexb 13.9682695694516 10.17354939862 3.73418779405046
D530037H12Rik 10.2863068988974 10.17354939862 3.73418779405046
Rbm5 8.29032168172587 10.17354939862 3.73418779405046
Rab20 9.47961105235741 10.17354939862 3.73418779405046
Slc9a3r1 10.4708123572034 10.17354939862 3.73418779405046
Vim 8.23795736569226 10.17354939862 3.73418779405046
Grn 13.5694893497197 10.17354939862 3.73418779405046
Bach1 11.8359025049111 10.17354939862 3.73418779405046
D9Ertd306e 8.17933645172779 10.17354939862 3.73418779405046
C79242 8.37764848139916 10.17354939862 3.73418779405046
Usp24 8.62350684235725 10.17354939862 3.73418779405046
Fam46c 12.3008656779841 10.17354939862 3.73418779405046
Ctsa 12.9368651417016 10.17354939862 3.73418779405046
Pald1 10.8157904216058 10.17354939862 3.73418779405046
Ifngr1 12.0120817823602 10.17354939862 3.73418779405046
Tcn2 12.1131223131962 10.17354939862 3.73418779405046
Anxa1 10.0891907764378 10.17354939862 3.73418779405046
Cmtm3 9.80544069396922 10.17354939862 3.73418779405046
Ppp1r15a 12.6842681011032 10.17354939862 3.73418779405046
Slc15a4 11.4134041549916 10.17354939862 3.73418779405046
Dhrs3 10.8664384075394 10.17354939862 3.73418779405046
Lrmp 8.72621364395205 10.17354939862 3.73418779405046
Olfml3 13.5589885962411 10.17354939862 3.73418779405046
Pla2g4a 9.54677550171969 10.17354939862 3.73418779405046
Ncf2 10.9678841319022 10.17354939862 3.73418779405046
Il7r 9.09542824054331 10.17354939862 3.73418779405046
Ctss 14.0972400899769 10.17354939862 3.73418779405046
Cd53 12.647448770815 10.17354939862 3.73418779405046
Fcgr3 13.39521832835 10.17354939862 3.73418779405046
Hps4 12.4456398299555 10.17354939862 3.73418779405046
Lrp1 10.9828380606906 10.17354939862 3.73418779405046
S100a9 12.5433488948648 10.17354939862 3.73418779405046
Dusp1 14.1600590685473 10.17354939862 3.73418779405046
Traf5 8.9887948057126 10.17354939862 3.73418779405046
Hp 9.14524736055938 10.17354939862 3.73418779405046
Lgmn 13.3423749152836 10.17354939862 3.73418779405046
Klf2 13.0114488593516 10.17354939862 3.73418779405046
Fcrls 13.5094801235154 10.17354939862 3.73418779405046
Trip6 9.25539301100816 10.17354939862 3.73418779405046
Tlr1 9.47210882993985 10.17354939862 3.73418779405046
St3gal6 9.53416252798134 10.17354939862 3.73418779405046
Rhob 13.3955639920773 10.17354939862 3.73418779405046
Selplg 13.4608296010201 10.17354939862 3.73418779405046
Cd68 12.242490069775 10.17354939862 3.73418779405046
Gpr65 7.84688309866013 10.17354939862 3.73418779405046
Ebi3 9.21311913542791 10.17354939862 3.73418779405046
Csf2rb2 9.41716750216967 10.17354939862 3.73418779405046
Atf3 13.3007390383143 10.17354939862 3.73418779405046
Il1b 8.73108304695802 10.17354939862 3.73418779405046
C1qc 13.5863871767458 10.17354939862 3.73418779405046
Chst7 10.9028652320415 10.17354939862 3.73418779405046
Hck 11.677853867497 10.17354939862 3.73418779405046
Tmem100 8.15759740524001 10.17354939862 3.73418779405046
Gcnt1 8.17673933531389 10.17354939862 3.73418779405046
Casp4 9.24666718666705 10.17354939862 3.73418779405046
Abcb4 9.35598246165359 10.17354939862 3.73418779405046
Per1 12.0919859862754 10.17354939862 3.73418779405046
Ly96 9.04291773410898 10.17354939862 3.73418779405046
Lag3 9.95212609690159 10.17354939862 3.73418779405046
Cxcl2 11.1862547067567 10.17354939862 3.73418779405046
Ltf 12.2109361391241 10.17354939862 3.73418779405046
Cx3cr1 12.8661645891936 10.17354939862 3.73418779405046
H2-D1 12.6018887958776 10.17354939862 3.73418779405046
Stab1 10.8319181809469 10.17354939862 3.73418779405046
Ms4a6c 8.7493937712943 10.17354939862 3.73418779405046
Evi2a 12.5292457386737 10.17354939862 3.73418779405046
Il6 8.39447282799593 10.17354939862 3.73418779405046
Pdgfb 10.784427213788 10.17354939862 3.73418779405046
Mrc1 8.63837955832117 10.17354939862 3.73418779405046
Cbl 10.7532405627211 10.17354939862 3.73418779405046
Cd33 8.8986929970054 10.17354939862 3.73418779405046
Itgb2 11.8272052895604 10.17354939862 3.73418779405046
Rgl2 11.1123727065015 10.17354939862 3.73418779405046
Adamts1 11.3594540869076 10.17354939862 3.73418779405046
Ang 8.39410428367088 10.17354939862 3.73418779405046
Sh2b2 9.22244603896785 10.17354939862 3.73418779405046
Tyrobp 12.8882077765556 10.17354939862 3.73418779405046
Ptplad2 9.53045279911964 10.17354939862 3.73418779405046
Slc29a3 11.671269772336 10.17354939862 3.73418779405046
Vasp 10.4663497281355 10.17354939862 3.73418779405046
Pbxip1 10.4089275516797 10.17354939862 3.73418779405046
Emr1 12.7324162108168 10.17354939862 3.73418779405046
Nrros 12.2035612900789 10.17354939862 3.73418779405046
Tmem119 13.7062504747088 10.17354939862 3.73418779405046
Pnpla7 10.5567704595249 10.17354939862 3.73418779405046
1810011O10Rik 8.23549028637786 10.17354939862 3.73418779405046
Slc46a3 9.78161930361504 10.17354939862 3.73418779405046
Parp14 9.29651035265735 10.17354939862 3.73418779405046
Ttr 13.2596253146871 10.17354939862 3.73418779405046
Havcr2 10.6395343238155 10.17354939862 3.73418779405046
Alas2 10.1192139258561 10.17354939862 3.73418779405046
Cmtm7 10.2158890607314 10.17354939862 3.73418779405046
Mafb 10.9468667556878 10.17354939862 3.73418779405046
Apobec1 9.55069814656581 10.17354939862 3.73418779405046
Blnk 11.7867853033936 10.17354939862 3.73418779405046
Tmcc3 9.49652683269657 10.17354939862 3.73418779405046
Hdc 8.38106110642383 10.17354939862 3.73418779405046
Notch2 11.0904077018543 10.17354939862 3.73418779405046
Daglb 9.96152605211251 10.17354939862 3.73418779405046
Alox5ap 12.5576931349978 10.17354939862 3.73418779405046
Fyb 11.7070682335866 10.17354939862 3.73418779405046
Sepp1 13.7057662789234 10.17354939862 3.73418779405046
Ctla2b 9.98817720392032 10.17354939862 3.73418779405046
Sall3 9.54179296501841 10.17354939862 3.73418779405046
Hspa1a 11.8296568285311 10.17354939862 3.73418779405046
Slc37a2 8.63564598464605 10.17354939862 3.73418779405046
Zfp36 13.4710413836478 10.17354939862 3.73418779405046
Abhd15 10.2572440975652 10.17354939862 3.73418779405046
Cyba 11.7795222099381 10.17354939862 3.73418779405046
Iffo1 10.6807630733858 10.17354939862 3.73418779405046
Spata13 11.8423721764084 10.17354939862 3.73418779405046
Wasf2 12.354976901621 10.17354939862 3.73418779405046
Scarb2 11.803604636935 10.17354939862 3.73418779405046
Vgll4 9.96658132764895 10.17354939862 3.73418779405046
Ptpn6 11.5568573976642 10.17354939862 3.73418779405046
4833441D16Rik 9.111877090883 10.17354939862 3.73418779405046
Tec 10.1464631671626 10.17354939862 3.73418779405046
Cd52 8.87459768254704 10.17354939862 3.73418779405046
Irf5 10.4986359523617 10.17354939862 3.73418779405046
Wdr81 11.497830880817 10.17354939862 3.73418779405046
Naip2 10.6906973938164 10.17354939862 3.73418779405046
Anxa3 12.8939144704404 10.17354939862 3.73418779405046
