Slc6a4 13.2439176433155 6.67660135550224 5.89951939786371
Trh 9.9505634731337 5.33198928707741 5.24163495441614
Necab2 11.1618207798751 7.57257133168516 5.91838273061366
Slc22a3 10.5815262018998 5.20183474545952 4.6796342182836
Gch1 10.6514643986064 5.81163478374615 5.39212393738899
Sln 8.73516949057601 5.29091833830019 4.71730193614404
Cplx2 11.3461134679917 7.09282486179336 6.07597991523023
Klk1b27 8.95894684812547 5.13801750168102 4.27813552870855
Htr5b 8.31337438893098 4.45721710694042 4.37184644612505
Fev 10.7145072979201 5.1509218563019 4.80077671304442
Ddc 13.2894668626704 9.23666777875852 5.13898006844343
Htr1a 9.68308416016309 6.27566392143541 6.24575087531528
Ctla2a 7.95913381262081 4.61194387345766 4.6054514211619
Cited1 9.04523865893519 5.15181888892374 5.0146932103569
