Fbln5 9.71816022144093 6.24343131275409 5.31257555397239
Aldh1a1 13.2290650954971 9.7941631577106 6.74367885511056
Ntsr2 12.7046248561377 8.99516797651507 5.53528029183511
Cxcl14 10.2270107545625 6.87187674638444 4.90651041147964
Dao 9.86693791770824 6.47520748706948 4.62501806632955
Fxyd1 12.8501204014389 9.4985945119522 6.69961596620637
Wif1 9.67083739734556 5.75329278238955 3.8476655789442
Cldn10 10.813979698532 7.27040965753842 4.91127965276292
Baalc 11.1095567581765 7.63068201228043 5.90924397229596
Ttpa 10.7706168550902 6.4926593244539 4.68722033811832
Slc14a1 9.6802468925402 6.23533695037069 4.57141312786734
Gjb6 10.8081478425847 6.7232370951213 4.76532291520519
Cd70 9.87202204660144 5.98123723608469 4.49013482299473
