Ddr1 10.4878833042614 9.6718550931955 3.53610523471519
Gja1 13.6340628409758 9.6718550931955 3.53610523471519
Plat 10.2608048244268 9.6718550931955 3.53610523471519
Gsn 11.7717462202623 9.6718550931955 3.53610523471519
Stmn1 13.3799681776073 9.6718550931955 3.53610523471519
Chgb 9.32204886953529 9.6718550931955 3.53610523471519
Npdc1 8.64183293583397 9.6718550931955 3.53610523471519
Tnfrsf19 10.036702852952 9.6718550931955 3.53610523471519
Ndn 11.3841576020639 9.6718550931955 3.53610523471519
Atp9a 10.1695782975446 9.6718550931955 3.53610523471519
Bcar3 10.0828025390051 9.6718550931955 3.53610523471519
Scd1 11.9188039004135 9.6718550931955 3.53610523471519
Sqle 11.7230590900941 9.6718550931955 3.53610523471519
Hey1 9.36887804999765 9.6718550931955 3.53610523471519
Cldn11 10.4503639648205 9.6718550931955 3.53610523471519
Fabp5 10.2600418156479 9.6718550931955 3.53610523471519
Lrrn1 11.0290711316217 9.6718550931955 3.53610523471519
Map4 8.64075028965408 9.6718550931955 3.53610523471519
Nsg2 10.0229608032597 9.6718550931955 3.53610523471519
Sparcl1 13.4193060525436 9.6718550931955 3.53610523471519
Trim59 10.3119120747709 9.6718550931955 3.53610523471519
Prnp 13.9149785512024 9.6718550931955 3.53610523471519
Olig1 13.2063046898406 9.6718550931955 3.53610523471519
Hmgb3 9.72830945021873 9.6718550931955 3.53610523471519
Plekhb1 13.2702630757297 9.6718550931955 3.53610523471519
Il33 11.024582750472 9.6718550931955 3.53610523471519
Ptn 11.3885825444019 9.6718550931955 3.53610523471519
Fstl1 10.3014742634837 9.6718550931955 3.53610523471519
Olig2 9.01491036394285 9.6718550931955 3.53610523471519
Capn2 10.6174749799615 9.6718550931955 3.53610523471519
Nfib 10.6771874812262 9.6718550931955 3.53610523471519
Gsta4 10.7720576753144 9.6718550931955 3.53610523471519
Apod 11.628216156501 9.6718550931955 3.53610523471519
Pcx 9.81947306478598 9.6718550931955 3.53610523471519
Gstm1 12.337613386464 9.6718550931955 3.53610523471519
Plin3 10.4103221579499 9.6718550931955 3.53610523471519
Cpq 10.7102160037711 9.6718550931955 3.53610523471519
Cryab 12.5106805735666 9.6718550931955 3.53610523471519
Aldh1a1 10.7225326489005 9.6718550931955 3.53610523471519
Igdcc4 10.5969376775648 9.6718550931955 3.53610523471519
Gad1 8.12096590127213 9.6718550931955 3.53610523471519
Thbs3 8.78538353521147 9.6718550931955 3.53610523471519
Me1 10.0188390030446 9.6718550931955 3.53610523471519
Plod2 9.92128349538871 9.6718550931955 3.53610523471519
Snap91 9.16587801580852 9.6718550931955 3.53610523471519
Rnd3 8.57293771358705 9.6718550931955 3.53610523471519
Tppp3 11.4651937581885 9.6718550931955 3.53610523471519
Efs 8.70955527861878 9.6718550931955 3.53610523471519
Bcan 12.2039900008578 9.6718550931955 3.53610523471519
Htra1 13.4641970250425 9.6718550931955 3.53610523471519
Pfkm 10.6634643929207 9.6718550931955 3.53610523471519
Osbpl1a 11.3466069669699 9.6718550931955 3.53610523471519
Snap25 10.1871936009328 9.6718550931955 3.53610523471519
Tspan6 11.4160883881247 9.6718550931955 3.53610523471519
Pcsk1n 9.53968023847979 9.6718550931955 3.53610523471519
Sox2 9.92127726460456 9.6718550931955 3.53610523471519
Sdc2 11.1495422669103 9.6718550931955 3.53610523471519
Acot7 10.7088394844978 9.6718550931955 3.53610523471519
Hspa2 10.1909991191698 9.6718550931955 3.53610523471519
Angptl4 9.45148704864586 9.6718550931955 3.53610523471519
Lpar1 11.5524867386205 9.6718550931955 3.53610523471519
Pdgfrb 8.6673016260612 9.6718550931955 3.53610523471519
Ntsr2 13.6620264781799 9.6718550931955 3.53610523471519
Psip1 8.53189199362865 9.6718550931955 3.53610523471519
Eif2s3y 8.34628181333517 9.6718550931955 3.53610523471519
Fah 10.2840430280013 9.6718550931955 3.53610523471519
Mal 13.2741505470528 9.6718550931955 3.53610523471519
Dmd 9.24956407268504 9.6718550931955 3.53610523471519
Sytl4 8.11930004952784 9.6718550931955 3.53610523471519
Sorbs1 11.7163122192563 9.6718550931955 3.53610523471519
Bex2 9.38912967978354 9.6718550931955 3.53610523471519
Elovl6 10.0455632971056 9.6718550931955 3.53610523471519
F3 11.1510974721609 9.6718550931955 3.53610523471519
Nap1l5 12.1783757474604 9.6718550931955 3.53610523471519
Kcna1 10.5890311543021 9.6718550931955 3.53610523471519
Fmo1 9.05071694310553 9.6718550931955 3.53610523471519
Gpd2 11.5367439711453 9.6718550931955 3.53610523471519
Calb1 9.29801876824422 9.6718550931955 3.53610523471519
Rab33a 9.61833882850085 9.6718550931955 3.53610523471519
Fyn 10.0170643101348 9.6718550931955 3.53610523471519
Ncald 9.91995519885944 9.6718550931955 3.53610523471519
Ackr3 10.5049973622644 9.6718550931955 3.53610523471519
Slc6a9 10.9570169364469 9.6718550931955 3.53610523471519
Rsph1 10.6304728264651 9.6718550931955 3.53610523471519
Grb14 9.91858889079471 9.6718550931955 3.53610523471519
Ppp1r14c 9.73697375843869 9.6718550931955 3.53610523471519
Cplx1 10.5232511119666 9.6718550931955 3.53610523471519
Wwtr1 9.55129623288962 9.6718550931955 3.53610523471519
Fhl1 12.0835027121567 9.6718550931955 3.53610523471519
Mapt 10.6852618592028 9.6718550931955 3.53610523471519
Sirt3 11.0442217070871 9.6718550931955 3.53610523471519
Vldlr 9.06053283667638 9.6718550931955 3.53610523471519
Abhd3 11.6247178679885 9.6718550931955 3.53610523471519
Cpeb1 8.26629066312025 9.6718550931955 3.53610523471519
Ghr 8.93928603576068 9.6718550931955 3.53610523471519
Nrarp 10.9681529773093 9.6718550931955 3.53610523471519
Bhlhe40 10.3815709912982 9.6718550931955 3.53610523471519
Nap1l2 8.33012985985481 9.6718550931955 3.53610523471519
Gpld1 13.0748375802457 9.6718550931955 3.53610523471519
Cfl2 11.5680856308551 9.6718550931955 3.53610523471519
Prkcz 9.73753344487054 9.6718550931955 3.53610523471519
Ppp1r14a 8.24479010149147 9.6718550931955 3.53610523471519
Chd3os 9.49839461823888 9.6718550931955 3.53610523471519
Stmn4 13.0272028881149 9.6718550931955 3.53610523471519
Dhcr24 9.8489127289843 9.6718550931955 3.53610523471519
Nr2f1 9.07116909684068 9.6718550931955 3.53610523471519
Gstt1 9.47131697290934 9.6718550931955 3.53610523471519
Pfn2 12.1689982448972 9.6718550931955 3.53610523471519
Omg 12.3509198574988 9.6718550931955 3.53610523471519
Hspa4l 9.96904400601651 9.6718550931955 3.53610523471519
Entpd2 10.7486678770038 9.6718550931955 3.53610523471519
Rlbp1 7.61715227544734 9.6718550931955 3.53610523471519
Apcdd1 9.24021997251911 9.6718550931955 3.53610523471519
Larp6 9.03609773079254 9.6718550931955 3.53610523471519
Tnfaip6 8.22912718337754 9.6718550931955 3.53610523471519
Islr 8.22028666082942 9.6718550931955 3.53610523471519
Sh3d19 9.30068605481012 9.6718550931955 3.53610523471519
Matn4 9.19030779695542 9.6718550931955 3.53610523471519
Aspa 11.7407736583431 9.6718550931955 3.53610523471519
Nap1l3 8.26104135390596 9.6718550931955 3.53610523471519
Fzd2 9.45212252831857 9.6718550931955 3.53610523471519
Wasf1 9.2596847016157 9.6718550931955 3.53610523471519
Nrsn1 10.5220735112657 9.6718550931955 3.53610523471519
Astn1 10.7455586428086 9.6718550931955 3.53610523471519
Clu 13.4331786509305 9.6718550931955 3.53610523471519
Mpdz 9.47284859661172 9.6718550931955 3.53610523471519
Ptprz1 11.7709458202382 9.6718550931955 3.53610523471519
Slc38a3 10.4931549550185 9.6718550931955 3.53610523471519
Pnkd 7.85719305431215 9.6718550931955 3.53610523471519
Psd3 10.0689500638079 9.6718550931955 3.53610523471519
Sh3gl2 10.4330291897828 9.6718550931955 3.53610523471519
Cds2 11.7971782299257 9.6718550931955 3.53610523471519
Cdh2 8.67292482109917 9.6718550931955 3.53610523471519
Eno2 9.15517901699406 9.6718550931955 3.53610523471519
Fads2 10.4736794437346 9.6718550931955 3.53610523471519
Cyp2d22 10.219628731792 9.6718550931955 3.53610523471519
Rtn2 8.87449337526306 9.6718550931955 3.53610523471519
Ugt8a 13.2211453750094 9.6718550931955 3.53610523471519
Gstm7 9.20670311773855 9.6718550931955 3.53610523471519
Tmeff2 11.8406460202667 9.6718550931955 3.53610523471519
Timp3 10.2890949435197 9.6718550931955 3.53610523471519
Serpina3n 10.0766762010691 9.6718550931955 3.53610523471519
Hrh1 8.94705986054836 9.6718550931955 3.53610523471519
Dtna 10.7089604085453 9.6718550931955 3.53610523471519
Sptbn1 12.2155675762176 9.6718550931955 3.53610523471519
Ift81 10.5806684280773 9.6718550931955 3.53610523471519
S100b 12.1566152590565 9.6718550931955 3.53610523471519
Aox1 8.41888187717579 9.6718550931955 3.53610523471519
Magt1 10.0903457094586 9.6718550931955 3.53610523471519
Kcnj10 12.9326359714502 9.6718550931955 3.53610523471519
Bbox1 10.8344476490361 9.6718550931955 3.53610523471519
Mbp 14.2811007700053 9.6718550931955 3.53610523471519
Gabrb1 12.633172897346 9.6718550931955 3.53610523471519
Mark1 8.64696707702488 9.6718550931955 3.53610523471519
Kif3a 9.97485494150794 9.6718550931955 3.53610523471519
Atp2b2 8.70566213318335 9.6718550931955 3.53610523471519
Tmem47 10.1649872838665 9.6718550931955 3.53610523471519
Rora 10.3918372580021 9.6718550931955 3.53610523471519
Ndrg1 12.9684982911633 9.6718550931955 3.53610523471519
Ntrk2 13.0227423479392 9.6718550931955 3.53610523471519
Ptprf 12.1560625797801 9.6718550931955 3.53610523471519
Fgfr2 11.5086578716246 9.6718550931955 3.53610523471519
Pard6g 10.2920136343669 9.6718550931955 3.53610523471519
Gucy1b3 8.49037036718456 9.6718550931955 3.53610523471519
Vsnl1 8.89578995839197 9.6718550931955 3.53610523471519
Hapln2 9.43589859498702 9.6718550931955 3.53610523471519
Mobp 13.3989777169114 9.6718550931955 3.53610523471519
Irx5 8.38905375958736 9.6718550931955 3.53610523471519
Cyp7b1 10.0627343374642 9.6718550931955 3.53610523471519
Slc7a10 11.6941831451905 9.6718550931955 3.53610523471519
Trpc1 8.42392503773964 9.6718550931955 3.53610523471519
Ldb2 9.02358417073659 9.6718550931955 3.53610523471519
Nkx2-2 8.79950595704017 9.6718550931955 3.53610523471519
Pvrl3 8.21515352880578 9.6718550931955 3.53610523471519
Cttn 11.3939305449885 9.6718550931955 3.53610523471519
Myb 9.28829832559283 9.6718550931955 3.53610523471519
Cplx2 9.36633584318271 9.6718550931955 3.53610523471519
Dzip1 8.68896505024413 9.6718550931955 3.53610523471519
Syne1 10.5210675783889 9.6718550931955 3.53610523471519
Sytl2 9.92389022577865 9.6718550931955 3.53610523471519
Rapgef4 9.94759160805777 9.6718550931955 3.53610523471519
Enah 12.7608551487694 9.6718550931955 3.53610523471519
Vcan 8.26466042566027 9.6718550931955 3.53610523471519
Gpr19 10.6903696768336 9.6718550931955 3.53610523471519
Epdr1 11.674380908604 9.6718550931955 3.53610523471519
Bace1 10.7392408091723 9.6718550931955 3.53610523471519
Ak4 9.12380558027852 9.6718550931955 3.53610523471519
Fgfr3 12.2984844236111 9.6718550931955 3.53610523471519
Pdgfra 10.5007025247745 9.6718550931955 3.53610523471519
Nedd4 10.612701409263 9.6718550931955 3.53610523471519
Ncam1 12.0051792938579 9.6718550931955 3.53610523471519
Gria2 8.98409234548489 9.6718550931955 3.53610523471519
Atp1b2 12.410349689257 9.6718550931955 3.53610523471519
Zbtb20 12.0310781422507 9.6718550931955 3.53610523471519
Pou3f1 8.02664431732934 9.6718550931955 3.53610523471519
Klf9 12.7455571511234 9.6718550931955 3.53610523471519
Igfbp5 11.0863875867535 9.6718550931955 3.53610523471519
Acsbg1 11.4677963895783 9.6718550931955 3.53610523471519
Acss2 9.51048250473277 9.6718550931955 3.53610523471519
Glrb 8.7645663916224 9.6718550931955 3.53610523471519
Myo10 10.3406150274882 9.6718550931955 3.53610523471519
Nkain4 11.8252673048221 9.6718550931955 3.53610523471519
Shroom3 8.60295952412536 9.6718550931955 3.53610523471519
Rnd2 10.5435687165111 9.6718550931955 3.53610523471519
Prkd1 9.13438792387457 9.6718550931955 3.53610523471519
Ttyh1 9.854697058822 9.6718550931955 3.53610523471519
Fjx1 9.21750252019945 9.6718550931955 3.53610523471519
Rims2 9.16231302337307 9.6718550931955 3.53610523471519
Kcnd2 9.21736207652937 9.6718550931955 3.53610523471519
Kif5c 12.0393504622039 9.6718550931955 3.53610523471519
Nsg1 9.75008269599543 9.6718550931955 3.53610523471519
Sc4mol 11.8998700585452 9.6718550931955 3.53610523471519
Efnb3 10.4849569260835 9.6718550931955 3.53610523471519
Gpm6b 11.8933338794762 9.6718550931955 3.53610523471519
Irs1 9.07119835196979 9.6718550931955 3.53610523471519
Hes5 10.570754540091 9.6718550931955 3.53610523471519
Napb 9.50510803271823 9.6718550931955 3.53610523471519
Lgi1 9.13326809304393 9.6718550931955 3.53610523471519
Cap2 9.16073653079246 9.6718550931955 3.53610523471519
Tgfb2 8.30080506669581 9.6718550931955 3.53610523471519
Id4 11.9646243532397 9.6718550931955 3.53610523471519
Ints6 11.3618785348075 9.6718550931955 3.53610523471519
Ptprk 9.40957590396215 9.6718550931955 3.53610523471519
Cbln1 8.10190786657331 9.6718550931955 3.53610523471519
Cspg4 9.74118885131571 9.6718550931955 3.53610523471519
Slco1c1 10.6242078023767 9.6718550931955 3.53610523471519
Wnt7a 9.031257741564 9.6718550931955 3.53610523471519
Clic4 12.0290525349398 9.6718550931955 3.53610523471519
Agt 12.4174381434166 9.6718550931955 3.53610523471519
Timp4 11.5965850170664 9.6718550931955 3.53610523471519
Gap43 8.91563594218109 9.6718550931955 3.53610523471519
Ednrb 10.7985430920365 9.6718550931955 3.53610523471519
Ncan 10.0478511362839 9.6718550931955 3.53610523471519
Atp1a1 11.502368843648 9.6718550931955 3.53610523471519
Dner 11.1512628275823 9.6718550931955 3.53610523471519
Tmem246 9.55832698563155 9.6718550931955 3.53610523471519
Ptgds 10.6429910107095 9.6718550931955 3.53610523471519
Slc44a1 12.3135262550087 9.6718550931955 3.53610523471519
Camk2g 11.8420257534708 9.6718550931955 3.53610523471519
Sez6l2 11.7516636673406 9.6718550931955 3.53610523471519
Tspyl4 11.3829524271988 9.6718550931955 3.53610523471519
Elovl7 8.66035571557122 9.6718550931955 3.53610523471519
Tmem98 9.59282325206129 9.6718550931955 3.53610523471519
Gpr37l1 13.5758358363931 9.6718550931955 3.53610523471519
Fam216a 9.84027894310396 9.6718550931955 3.53610523471519
Polr3h 10.5524013254462 9.6718550931955 3.53610523471519
Lrrc48 10.6442424939276 9.6718550931955 3.53610523471519
Homer2 9.68125810241001 9.6718550931955 3.53610523471519
Tmem51 10.6114791212639 9.6718550931955 3.53610523471519
Adhfe1 8.93660081531733 9.6718550931955 3.53610523471519
Asrgl1 11.9985057446705 9.6718550931955 3.53610523471519
Aldh1l1 10.0678422004925 9.6718550931955 3.53610523471519
Spon1 11.8952665241991 9.6718550931955 3.53610523471519
Tmem87a 10.3439304456402 9.6718550931955 3.53610523471519
Phldb1 10.5563475080273 9.6718550931955 3.53610523471519
Rapgef3 10.5434333525547 9.6718550931955 3.53610523471519
Mmd2 12.4769955638914 9.6718550931955 3.53610523471519
Nrbp2 9.81246695936759 9.6718550931955 3.53610523471519
Tspan2 11.4782467247169 9.6718550931955 3.53610523471519
Samd4 11.2705778871791 9.6718550931955 3.53610523471519
Gprc5b 11.6850974279543 9.6718550931955 3.53610523471519
Cyp2j9 11.2726146498529 9.6718550931955 3.53610523471519
Calml4 10.8860696274636 9.6718550931955 3.53610523471519
Aldoc 14.1185390311355 9.6718550931955 3.53610523471519
Rsph9 10.1851612010215 9.6718550931955 3.53610523471519
Cald1 10.223221803749 9.6718550931955 3.53610523471519
Slain1 9.64111847941878 9.6718550931955 3.53610523471519
Ptprd 12.3287084928681 9.6718550931955 3.53610523471519
Gpsm2 9.25643731762518 9.6718550931955 3.53610523471519
Car8 8.0221570342576 9.6718550931955 3.53610523471519
Sox10 10.3131864716996 9.6718550931955 3.53610523471519
Cdh10 10.0231500053548 9.6718550931955 3.53610523471519
Fam81a 10.0635846159253 9.6718550931955 3.53610523471519
Tyro3 7.39247285279114 9.6718550931955 3.53610523471519
Zcchc18 10.0674101916696 9.6718550931955 3.53610523471519
Slc12a5 9.87161478562226 9.6718550931955 3.53610523471519
Aqp4 12.0796996036521 9.6718550931955 3.53610523471519
2610034M16Rik 8.06346816120358 9.6718550931955 3.53610523471519
Plp1 13.257421356566 9.6718550931955 3.53610523471519
Prrx1 8.96681099409481 9.6718550931955 3.53610523471519
S100a16 12.4222196114993 9.6718550931955 3.53610523471519
Edil3 9.50166796429007 9.6718550931955 3.53610523471519
Ppp1r3c 11.7239785678025 9.6718550931955 3.53610523471519
Dock5 9.01443353446492 9.6718550931955 3.53610523471519
Csrp1 11.168838211944 9.6718550931955 3.53610523471519
Dtx1 11.5701730824639 9.6718550931955 3.53610523471519
Caln1 8.9267324358216 9.6718550931955 3.53610523471519
Dusp26 8.76609926344748 9.6718550931955 3.53610523471519
Amot 10.4485845614889 9.6718550931955 3.53610523471519
Armcx1 9.3147044866935 9.6718550931955 3.53610523471519
Cuedc1 9.91603067706494 9.6718550931955 3.53610523471519
Sox6 9.75742766620677 9.6718550931955 3.53610523471519
Cldn10 8.9275243197299 9.6718550931955 3.53610523471519
Plagl1 8.76439305046502 9.6718550931955 3.53610523471519
Ddc 10.0346424474175 9.6718550931955 3.53610523471519
Vit 7.69155175300382 9.6718550931955 3.53610523471519
Nefl 9.48864688387021 9.6718550931955 3.53610523471519
Sorl1 11.7313480825373 9.6718550931955 3.53610523471519
Ntm 9.93734916418978 9.6718550931955 3.53610523471519
Alcam 9.33639798008609 9.6718550931955 3.53610523471519
Ddx3y 8.9972798259072 9.6718550931955 3.53610523471519
Gpm6a 10.2956761946776 9.6718550931955 3.53610523471519
Ndrg4 11.4416612693896 9.6718550931955 3.53610523471519
Tlcd1 10.7852968987192 9.6718550931955 3.53610523471519
Trib2 9.97392221291733 9.6718550931955 3.53610523471519
Tmeff1 9.47140543658454 9.6718550931955 3.53610523471519
Slc45a3 8.53963542755307 9.6718550931955 3.53610523471519
Srebf1 12.2611556955624 9.6718550931955 3.53610523471519
Cnn3 11.6421679377184 9.6718550931955 3.53610523471519
6330403K07Rik 13.2506589209504 9.6718550931955 3.53610523471519
Celf4 10.1536117826514 9.6718550931955 3.53610523471519
Fa2h 10.4233494280684 9.6718550931955 3.53610523471519
Phlpp1 11.2875889736995 9.6718550931955 3.53610523471519
Thra 10.6113072576839 9.6718550931955 3.53610523471519
Fbxo2 10.7304263995054 9.6718550931955 3.53610523471519
Scara3 8.41832951948351 9.6718550931955 3.53610523471519
Amph 10.176310740601 9.6718550931955 3.53610523471519
Metrn 10.5394040095381 9.6718550931955 3.53610523471519
Zfp612 9.67946347831679 9.6718550931955 3.53610523471519
Copg2os2 10.5955705074919 9.6718550931955 3.53610523471519
Armcx4 8.4146217749709 9.6718550931955 3.53610523471519
Gabrg1 10.5815135496616 9.6718550931955 3.53610523471519
Clip4 6.99244451492974 9.6718550931955 3.53610523471519
Adora1 10.6454709760974 9.6718550931955 3.53610523471519
Abca8a 8.65328629769228 9.6718550931955 3.53610523471519
Nkx6-2 8.74332922135329 9.6718550931955 3.53610523471519
Atp1a2 12.0917232092241 9.6718550931955 3.53610523471519
Spag5 8.07006014377886 9.6718550931955 3.53610523471519
Rassf9 7.8059912377075 9.6718550931955 3.53610523471519
Tmem163 9.03496448131213 9.6718550931955 3.53610523471519
Tmcc2 10.64681778632 9.6718550931955 3.53610523471519
Slc14a1 8.03729271544798 9.6718550931955 3.53610523471519
Pacrg 9.24531847798527 9.6718550931955 3.53610523471519
Dmkn 8.77136840731245 9.6718550931955 3.53610523471519
Ptch1 12.9026689698425 9.6718550931955 3.53610523471519
Tril 12.8249361561869 9.6718550931955 3.53610523471519
Itih5 10.096053445153 9.6718550931955 3.53610523471519
Ppap2b 13.8076192138868 9.6718550931955 3.53610523471519
Rimklb 9.64103889278993 9.6718550931955 3.53610523471519
Bcat1 9.99520881129216 9.6718550931955 3.53610523471519
Pla2g7 11.3582882301458 9.6718550931955 3.53610523471519
Fmn2 10.5004460943694 9.6718550931955 3.53610523471519
Rhpn2 7.92209708727539 9.6718550931955 3.53610523471519
Antxr1 10.9843656132234 9.6718550931955 3.53610523471519
Tekt1 9.17363219694559 9.6718550931955 3.53610523471519
Lrrc23 10.6561767382173 9.6718550931955 3.53610523471519
Sh3gl3 11.0359158155421 9.6718550931955 3.53610523471519
Reep1 8.68319331160649 9.6718550931955 3.53610523471519
Anln 10.9104265067451 9.6718550931955 3.53610523471519
Cd38 10.3234321871155 9.6718550931955 3.53610523471519
Abat 11.4149327145909 9.6718550931955 3.53610523471519
Ppargc1a 9.88320611863918 9.6718550931955 3.53610523471519
Fermt2 12.1076536352912 9.6718550931955 3.53610523471519
Lrig1 11.7993003618548 9.6718550931955 3.53610523471519
Slc20a2 11.0662420900836 9.6718550931955 3.53610523471519
Coro2b 9.78992478134609 9.6718550931955 3.53610523471519
Tbcel 10.6659160400963 9.6718550931955 3.53610523471519
Tmem56 7.14217109733879 9.6718550931955 3.53610523471519
Erbb3 9.51133879151904 9.6718550931955 3.53610523471519
Nrcam 10.3988043395661 9.6718550931955 3.53610523471519
Neo1 10.669812539473 9.6718550931955 3.53610523471519
Limch1 11.6137043776189 9.6718550931955 3.53610523471519
Unc5b 9.66655416873946 9.6718550931955 3.53610523471519
Stmn3 10.2346381086248 9.6718550931955 3.53610523471519
Gria1 10.4042848290042 9.6718550931955 3.53610523471519
AI464131 9.20846508187051 9.6718550931955 3.53610523471519
Fhod3 7.95918885370287 9.6718550931955 3.53610523471519
Elavl3 8.95912301620551 9.6718550931955 3.53610523471519
Cacnb4 8.1952938614212 9.6718550931955 3.53610523471519
Mapk10 9.78196594272742 9.6718550931955 3.53610523471519
Impad1 11.4922814287241 9.6718550931955 3.53610523471519
F2r 9.63634469316465 9.6718550931955 3.53610523471519
Cpeb3 8.46732873126069 9.6718550931955 3.53610523471519
Fdft1 11.9122497473968 9.6718550931955 3.53610523471519
Pkp4 12.0567471453497 9.6718550931955 3.53610523471519
Ahi1 10.3060966004942 9.6718550931955 3.53610523471519
Gli2 9.41650475251775 9.6718550931955 3.53610523471519
Sash1 11.7269059567778 9.6718550931955 3.53610523471519
Tm4sf1 11.0102431371809 9.6718550931955 3.53610523471519
Mlc1 11.3177154399174 9.6718550931955 3.53610523471519
Ndrg2 13.4961104960913 9.6718550931955 3.53610523471519
Klf15 9.55739217720675 9.6718550931955 3.53610523471519
Atp6v0e2 12.0290896278528 9.6718550931955 3.53610523471519
Uchl1 9.32728769206608 9.6718550931955 3.53610523471519
Tnk2 11.8902098312207 9.6718550931955 3.53610523471519
Gjb6 11.4343041880812 9.6718550931955 3.53610523471519
Efhd1 9.92992622157626 9.6718550931955 3.53610523471519
Bex1 11.8923960427401 9.6718550931955 3.53610523471519
Scg3 12.3575051713549 9.6718550931955 3.53610523471519
Kcnk1 11.3439928329688 9.6718550931955 3.53610523471519
Heph 7.51866419373564 9.6718550931955 3.53610523471519
Sept4 12.3877607151541 9.6718550931955 3.53610523471519
Car2 13.4941611802344 9.6718550931955 3.53610523471519
Mog 10.3325650026089 9.6718550931955 3.53610523471519
Kcnn2 10.2025217935557 9.6718550931955 3.53610523471519
Gng11 10.9305528344773 9.6718550931955 3.53610523471519
Cadps 8.62556954231659 9.6718550931955 3.53610523471519
Ngef 10.5363389866475 9.6718550931955 3.53610523471519
Klk6 9.68106790328433 9.6718550931955 3.53610523471519
Rhou 12.0601342006613 9.6718550931955 3.53610523471519
Itih3 13.812569402387 9.6718550931955 3.53610523471519
Ndp 7.84932245609563 9.6718550931955 3.53610523471519
Cyfip2 9.92133369715305 9.6718550931955 3.53610523471519
Tenm3 8.35602884173036 9.6718550931955 3.53610523471519
S1pr5 9.96085051997517 9.6718550931955 3.53610523471519
Gdpd3 11.7862416057631 9.6718550931955 3.53610523471519
Trps1 9.18676838779575 9.6718550931955 3.53610523471519
Cntn1 12.4187277849118 9.6718550931955 3.53610523471519
Spock3 7.27168526019365 9.6718550931955 3.53610523471519
Ank 12.2800665699549 9.6718550931955 3.53610523471519
Rgs7 8.84724672019916 9.6718550931955 3.53610523471519
Tagln3 9.87219843573248 9.6718550931955 3.53610523471519
Scg2 7.92285661268355 9.6718550931955 3.53610523471519
Car14 10.0160761837036 9.6718550931955 3.53610523471519
Cdh11 9.13905695774644 9.6718550931955 3.53610523471519
Fabp7 11.524284770395 9.6718550931955 3.53610523471519
Wnt4 9.42569230598436 9.6718550931955 3.53610523471519
Serpinh1 9.64780624011765 9.6718550931955 3.53610523471519
Gpr37 10.7927977810276 9.6718550931955 3.53610523471519
Cacng4 10.5982749052455 9.6718550931955 3.53610523471519
Psat1 12.462541616827 9.6718550931955 3.53610523471519
Acsl6 11.6999700915425 9.6718550931955 3.53610523471519
Zfp521 8.45604374372824 9.6718550931955 3.53610523471519
Dpp6 8.40309533563186 9.6718550931955 3.53610523471519
Spsb4 8.27380955017884 9.6718550931955 3.53610523471519
Dbndd2 12.7056164161319 9.6718550931955 3.53610523471519
Pcolce2 9.37564460482374 9.6718550931955 3.53610523471519
Slc1a2 8.86351042077734 9.6718550931955 3.53610523471519
Slc6a1 12.0578952521296 9.6718550931955 3.53610523471519
Nckap1 12.8133811698727 9.6718550931955 3.53610523471519
Farp1 11.1667085237832 9.6718550931955 3.53610523471519
Arhgef10 9.11081216548165 9.6718550931955 3.53610523471519
Csgalnact1 9.94026393550782 9.6718550931955 3.53610523471519
Plce1 10.270158345706 9.6718550931955 3.53610523471519
Adamts4 9.2063960018216 9.6718550931955 3.53610523471519
Zdhhc2 8.96719542070008 9.6718550931955 3.53610523471519
Fam213a 12.8888360628199 9.6718550931955 3.53610523471519
Slc22a23 8.94339706904606 9.6718550931955 3.53610523471519
Gal3st1 9.16832783922129 9.6718550931955 3.53610523471519
Fez1 12.4559966652736 9.6718550931955 3.53610523471519
D430019H16Rik 10.146368697015 9.6718550931955 3.53610523471519
Adcy2 10.9280203972574 9.6718550931955 3.53610523471519
Mag 11.6827559555106 9.6718550931955 3.53610523471519
