Gsn 12.1258711933484 8.09842204745277 4.82020691120237
Cldn11 10.9713559331241 5.39750672874158 4.19430821794668
Trim59 11.095778445985 6.78156135899368 5.43145644700948
Apod 11.8080291786886 8.37206627647262 6.52921096082449
Cryab 13.7222457796777 10.3366714064891 4.68968059245718
Lpar1 10.9255036020842 7.28999707099815 5.8735891097759
Mal 13.7194595219717 6.70138593292771 5.04330011087196
Ppp1r14a 11.7404037936503 4.70115186216302 4.15797423293377
Ugt8a 12.4649335073636 6.29105467554266 4.28212134295299
Mbp 14.1745470790429 8.98269585180715 5.63370234754926
Ndrg1 12.5950083609038 8.1196142380475 5.08541541012592
Mobp 12.7045657861483 6.45959717068952 4.84348857412756
Gamt 10.9286866512986 7.29344319589299 5.92320862718254
Ptgds 11.405169873158 7.04305788678584 5.24115351513509
Pdlim2 11.989996495967 8.38313546985625 5.6144059314892
Lims2 10.9106320844019 7.55747437476298 6.72028943835412
Tspan2 12.5811429569813 7.90671630990746 4.87334795885975
Slain1 10.6257042179094 6.66504650737355 3.86114617590751
Sox10 12.3500640593997 8.84914134106453 6.79154814410186
Plp1 13.4405987803631 8.84449180622055 4.41262544489399
Ddc 10.5323449586966 6.04613946075561 4.95795263073694
Nkx6-2 9.38295292259533 5.19000187032572 4.95526510138348
Anln 10.2571738173867 6.12099552347265 4.65919978138414
Erbb3 9.69636563347832 5.82425763678943 5.38237946318928
Plekhh1 8.43700635211643 4.91591991079646 4.40333966726484
Mog 11.21570978028 4.38832949212191 4.02980331999338
Josd2 11.1444955943424 7.25854742693134 5.79499564471242
S1pr5 10.6960461963915 5.68781442052152 4.18161982504653
Adamts4 9.77581321450926 6.16049231813543 5.36068414234117
Mag 11.3212172417799 7.61598841716767 5.7154656040216
