Golm1 13.1792932323564 7.06057125374712 6.95155680813908
Dusp6 12.1118170992931 6.62419719841836 4.85241341484967
Tgfbi 10.214108505107 4.84992428721718 4.53517351987427
Sgpl1 9.58944930363067 5.42780863849111 4.80389529841715
Junb 11.5499826198348 6.02681103509833 5.10927561153327
Lcp1 11.9186828085383 4.7919881099827 4.56850347157039
Txnip 13.6926905825169 6.96049101583012 6.49840452646285
Klf10 10.2647564636486 5.97368144865074 4.45983594791154
Cd9 11.7908634776503 7.37538686538261 5.5375702728525
Ifrd1 11.3900169042777 7.66338374282762 6.9375575549316
Cd34 10.4821943254353 5.18358763972965 4.69584382769396
Cd83 13.2161047162533 8.75779935578231 8.2461104385417
Sipa1 11.028832104782 6.84652920570128 6.78427145663124
Btg2 11.3906424677534 5.96288836085798 5.38302671920452
Tnfaip2 9.07410944533167 4.45311351539165 4.02485620476982
Litaf 12.5687309938788 7.81801611577903 7.72065036305533
Cyfip1 12.6115291742802 8.58979814563374 7.81032983875286
Lamp2 11.5544716379291 7.75680906795967 5.99947044915006
Snx18 11.8255448234537 7.7268121651078 6.9304513502248
Ctsc 12.6108642775907 5.65780581851272 4.43373269577049
Ier2 13.4029366730924 7.52550079195088 6.87148621055669
Rab32 7.51642002223175 3.91588252407819 3.87359340207439
Nfe2l2 11.356253934114 5.8832365344619 5.22403791485661
Socs3 12.8477426387797 4.41193269671427 4.04523792330016
Sparc 11.7443656880018 7.78195572594909 5.19695212803619
Scamp2 12.1490850674193 7.8371517684666 6.85339578243116
4632428N05Rik 12.9633024758073 5.35192306448806 5.10961033231026
Spint1 10.3283172527647 6.28240863894211 5.77303199381612
Afp 8.35050803873215 3.90301757638822 3.80683509067094
Clic1 11.3122330580261 6.66629243234722 5.3857407196268
Irf8 12.5462653592052 5.54163557888388 5.37818710040368
Slc39a8 8.14296708004609 4.13071941448652 4.06597425514961
Parvg 10.4281853264487 6.37254811791006 5.92692708104132
Mcl1 12.2077605709068 7.52840917195104 6.83581669712243
Rgs10 13.3720136026536 9.51080069817177 7.5819035956873
Numb 12.2045539483535 8.87537398737078 8.08541870552789
Rps6ka1 12.3511118887686 8.36463945078563 7.564636831988
Parp9 9.69879112347596 5.69708342664814 5.61503590328871
Tnfaip8 10.106166018297 5.5055344575858 4.57517020452022
Mfng 10.2459357618163 5.98859059032679 5.7515634285918
Slc40a1 11.6873175794834 6.1906242055865 5.70946290939828
C1qb 13.3809165744448 6.31274894662953 3.8286832914357
Egr1 14.0292728577336 9.75812888406478 9.51875762959823
Cyp4v3 11.0156233140278 6.6349080157348 5.75085772208607
Syngr2 11.5324666076936 7.29875808691325 4.8086183650754
Plekho1 10.5257553521498 6.86218922470623 5.95178108968328
Pmp22 12.2434056339285 7.3321817868409 7.15864068783665
Usp2 11.740363352364 7.95738447765424 6.93498083474853
Ccl6 10.4831140019336 4.8319752584262 4.7656239445725
Cd14 13.3794861542207 7.04113585629014 5.80242247009549
Tob2 11.2863217891244 6.83404930521071 6.55014204455452
Pycard 11.7530559991681 6.51048819750454 5.308265396681
C1qa 13.1874316054276 7.28978657380402 5.90332015860294
Il16 10.5676116874908 6.04249184742646 5.55901783338896
Slc7a7 10.9326702827516 5.64710143697977 5.09077656880619
Klf4 12.8356975471887 5.77952839731452 5.28382934903457
Jun 13.1513958362792 7.74862822150328 6.1062538594933
Srgn 13.2795222117037 6.91121772502444 5.61005420861997
Myh9 12.5447914497017 7.76141762083154 7.26206028823253
Nfkbiz 12.6921044506167 5.0507080033359 4.55342589536433
Tgm2 11.6702792723547 6.45464922539027 5.59251849476639
Plek 13.0385446953369 7.62870851469165 5.86570961655289
Itgb5 13.3122301859398 6.18946158333714 3.7646425443971
Elf1 9.08464008124719 4.85753195860154 4.11292101847677
Rgs1 11.3590498478886 4.55786485346874 4.13083644630517
Tmem37 9.84921340109981 6.43149096613478 6.06708843650113
Ier5 13.0447369736646 7.42986284505818 5.9109247032521
Snx5 12.5419589726741 9.19358708557972 5.64141543559747
Laptm5 13.25292607905 6.8610379648072 3.86319654423567
Tjp1 12.026873644078 7.89296606304677 6.6060222038605
Slc25a37 10.7377469263125 7.1616845337053 6.93242964284663
Serinc3 10.7887820532689 7.13176783581273 6.81447298124673
Ctsz 12.9968566741552 8.38899888018635 5.21475046768697
Fcgr1 12.2955371160684 6.64157581253997 4.63689570237326
Slc16a6 11.5647594820405 7.17336288831694 6.16737915244047
Pdlim4 9.51167808110339 6.06101582175162 4.46523678496145
Ccl9 11.4677327663853 5.1539147584003 5.11723291508278
B4galt1 11.1336165305587 7.36994962289641 5.79178107033096
Tnfrsf1b 11.7452188608572 6.83409424622953 6.21351805755171
Inpp5d 12.4577394438636 7.0366150932577 6.36495896082947
Tlr4 9.57555684780965 4.47898401287812 4.36892164707793
Pmaip1 7.97566326054479 4.14928865834416 4.08099638794577
Aif1 11.8214348072249 5.33122562130096 4.89789622092991
Il15 7.64022998784039 4.19499118312186 4.17775717994336
Lims1 11.3701224038562 7.51553542014472 6.68973796009013
Syk 11.3160084368777 6.41891130288622 6.34621163961713
Klf6 12.2250639567383 6.74391761244715 4.71097225367386
Crybb1 12.2648088011919 6.52828521817958 6.52144572425802
Fem1b 8.60307125946396 5.2515406547764 5.20066915955911
Fcer1g 12.6718396223893 6.51910828942261 6.25225114227493
Ctsh 12.87251521366 5.98927367406728 5.31240340793612
Gbp3 8.52766426384374 5.1624674683547 4.69326584237993
Gpsm3 9.55595780536678 5.86295042814883 5.5038107672163
Ncf4 10.7292352869563 5.43227239709424 5.11718982321769
Ggta1 10.3002208247185 4.59858543459142 4.47936847608362
Calcrl 7.78386106503694 4.11294338381852 3.85314485869979
Lcp2 10.4089431447829 4.96209184978072 4.95948698557838
Ngp 12.7574775005176 6.41807810670308 5.05028670889768
Spi1 10.4190424481911 6.03253476670151 5.80328699501944
Atp7a 10.2141459779396 5.59084340202155 5.14416343905089
Csf3r 10.4683520496493 6.81079238418242 5.38256922279163
Ms4a6b 11.2554621340409 5.23857063113249 4.8170251182504
Hcls1 8.70906636115833 4.82719939887247 4.78572460975098
Abcb1b 7.92972663366054 4.5127343683813 4.50790340129866
Pabpc1 11.1781404360411 4.6211580436139 3.97380128043841
Skap2 12.056136723105 7.11418791294166 6.8204955705068
Cebpb 11.5932508063623 7.27613693876729 6.40814971718365
Plxdc2 12.0745716973584 7.9172907421559 6.48650261533485
Cxcl10 9.72683118350032 5.53511277214885 5.10789121237449
Cysltr1 9.25437959121948 4.40336520557674 4.06272813237523
Cebpa 9.84230025530157 5.92625724663765 5.11856283547746
Cttnbp2nl 11.6991350325633 6.15031387559955 5.70945987076838
Lyl1 9.96552235514374 5.27092806513748 5.13108370732709
Ptpn18 10.3344380846283 6.95307392352605 6.30169675256361
Tlr2 11.9276981137555 6.75058580034747 6.29786897246982
Cd163 7.96377468160987 3.95090784798342 3.9444528791111
Serpine1 9.65311808101758 5.60873984907401 5.12170234106419
Mlxipl 10.5385226388773 6.85490592793064 4.93248143066407
Cd37 10.9003612304416 6.39687271026826 5.75293604469921
Map3k8 10.2772018482877 5.11904509436005 4.74309403321583
Myd88 10.6605178444686 6.29742545070491 6.20338654253296
Ccl12 10.6391731596107 4.84324126432514 4.58364978046907
Arhgap4 9.32893709991249 5.72367586262865 5.46865411963473
Pon3 9.25424963832735 4.45389524300587 4.29659753266455
Slamf9 11.1460693903532 7.71308139248523 6.40108258340326
S100a8 13.1710031765985 4.70999812375275 4.54948753169166
Il10rb 10.5493104181091 6.77980167915255 5.17080878971248
C3ar1 11.7048817822179 7.41128479891325 5.5726071802101
Ripk1 10.2351943744533 6.31035345310248 5.36419313987377
Fgd2 12.0963667807367 6.44802600902774 6.3734809063815
Rela 11.8418378886618 7.94308257042115 7.92112860913899
Ccl3 13.5359936909524 5.11171493879736 4.62477279505248
Ms4a6d 11.4841310922632 4.6607526175405 4.50461778505246
Ier3 13.5124048716238 7.63973639599391 7.43465635665161
Nupr1 9.91190169343546 6.41196788075128 4.97089084284649
Camp 12.4507582747533 5.81483665300177 5.53065503306389
Klk8 10.1827990465209 5.94754829393078 5.72012325489704
Chil3 11.4871946767607 4.40691965701822 4.13145447552392
Arap3 9.99309938625579 4.59001813508099 4.12050189492536
Tlr7 11.1537008662761 5.42760380588969 4.84077604115273
Csf1r 14.0292728577336 8.53474007159789 8.16865322552684
Hpgd 11.9738918982247 6.11572203058455 4.34823784294943
Mcm3 9.01275163949269 5.0132556131009 4.90970726270391
Slc11a1 11.3948658681908 6.38250285725232 5.91289188931812
Ccl2 9.3887194295731 5.39962329523153 5.37775657990579
Cd86 11.6527693006629 5.11437806867313 4.89826338976437
Prkd3 9.77821211859841 6.24161700471077 5.94617659100695
Gpr84 11.5263505075912 6.02599563684963 5.27911443336668
Vamp8 11.7850542682879 7.4338411974869 6.24519279995251
Tcirg1 11.2860007996333 6.85490161195235 6.54620116641168
Sqrdl 11.1213981292751 7.4002634900939 6.03422423051764
Trim12a 8.39694276788024 4.12268295379084 3.87700301723787
Slc15a3 11.3995649353571 5.38187238723815 5.13796974721687
Rel 9.43208070521036 5.75570239183947 4.62202996030702
Tsc22d3 11.5894187043498 7.33563788102526 5.15432327586
Sla 12.4329217789332 6.1730333412489 5.71589310970121
Itga9 7.44944104381667 3.96983806889564 3.86864843182133
Tgfbr1 13.5090583473981 7.7624948156793 6.36806795868901
Snap23 8.48388126836494 4.82056063047301 4.21672387575044
Asph 11.0774007157198 6.84209238895563 5.23200572032922
Adcy7 11.9949098164077 7.86360489030733 7.34330327874333
Rbm39 10.2573002722239 5.14177118779851 5.08375431130585
Bmp2k 11.294755197974 7.57838688563669 5.96276286899773
Itgav 11.4469634886707 8.12318837521778 7.74054448509957
Lgals9 9.69958847858634 5.81475385583979 5.20761140060677
Trem2 11.303795824757 7.27426384231854 6.2554814086042
Gna15 8.99367862824198 5.62758500836752 5.16717765574042
Birc3 10.6915102166933 6.05791407447903 5.73131084499298
Igsf6 8.83394697282607 4.57632996360535 4.22903851784806
Samsn1 8.81738530496463 4.65178182284711 4.5695107179812
Il1a 10.5376640185961 4.61211401005976 4.03914711069618
Hpgds 9.22775583355141 5.09218854615631 4.95383986826229
Naip5 11.0978070538461 4.74132477760146 4.42796987794492
Ccl4 12.6588721873418 7.89773307551578 5.81691003754129
Klf3 8.5494364974985 4.83923696391614 4.69331180031855
Itpr2 10.8475742428576 5.88524782149739 5.54420447081165
Stat6 10.468465477124 5.66585535604545 5.09261221321768
Msn 10.8303816272 7.05675376433439 6.10989150417265
Abca1 12.0542577742267 7.74053164990491 6.12243803841119
Adam17 10.5495689245511 6.14252896988382 6.07943903437053
Dapp1 10.6129812986097 5.06258925596487 4.93657699723916
Clec4a2 10.1399334143348 5.12952542064782 4.89358154163397
Fli1 10.1221580891138 4.11069951467945 3.79483986010772
Mitf 10.359595527133 6.76425415130866 6.02543979843139
Ets1 9.52298260959165 6.10372445775617 3.92575808076429
Ptprc 12.4924457080349 4.77497072865756 4.41003119987933
Fosb 12.0153263432166 5.61596536719119 5.2919957574903
Ccr5 11.6775104276773 4.77903414698785 4.45580158074177
Il6ra 12.6762370901779 5.61294292960845 5.47397335749492
Tgif1 8.32241012578398 4.80527798614706 4.64530378993521
Pla2g15 12.3402771280608 8.09011013711475 7.36572164005407
Itga6 11.5191682655928 6.23858438592185 6.10261649171601
Ifi30 11.3741036101554 7.97325095115832 6.04500668048832
Cables1 10.7296553966912 7.37145019829976 7.29428771686374
H2-DMa 11.302506340632 7.6683409899641 5.89771874517561
Zfp36l1 12.768092682973 6.5085332742922 5.18763838105471
Gpr34 12.0465417111213 4.25271197037087 4.24882563033249
Rnase4 13.0645450224258 6.74904930493107 5.3082630389751
Hk2 12.2311857728962 8.58307904190114 6.80070087168717
Fam111a 8.38937991141375 4.93651390442436 4.78276988793032
Hfe 11.261965590755 7.44227955073444 7.20750976979267
Pik3cg 10.1391450667911 5.53925221163429 4.95056091145883
Zeb2 11.448770010793 7.77289553062096 7.03589816557297
Btk 9.59129305907372 6.16616522080085 5.4348370383373
Tlr3 9.57440918362698 5.9239294756218 4.91864947534819
Mertk 13.1492058693859 5.98525115869172 5.4073653893218
Cd84 9.79853579725004 4.66677613080729 4.64211239005768
Ly86 13.8484382572477 6.46506716675668 6.44917402421845
Vav1 10.4988780096262 4.24100930384257 4.06489677466558
Pag1 12.681394781079 7.74790351295657 7.4659360588726
Cfh 10.9189995251726 3.99178307542272 3.5906194015553
Tnfrsf13b 9.55249902249023 4.95954722343236 4.39825312980503
Cebpd 10.5727375378467 6.28700150254245 4.19515005710803
Smim3 9.36289130684882 6.00854462270991 5.73584197640894
Hhex 10.0129558927535 5.90937189692179 5.17278303670999
Entpd1 9.36332417160173 4.82409709206428 4.2545578817051
Ptgs1 12.1460566579667 5.10270845712448 4.67152868774716
Adrb1 10.6329930698674 6.9976443862498 5.09629677879157
Stk17b 9.82516171443988 5.83716442168844 5.76299574320074
Frrs1 10.5118954880326 5.92923087395832 5.47080617341273
Lyz2 12.6255399097117 7.16973231028039 6.44863960639104
Galnt4 9.17182977737832 5.05222550069908 4.55118863072325
Ctc1 11.7381009275171 7.33961435851257 7.11392063731935
Unc93b1 11.2638153754962 7.32673641562042 6.14773077650783
Mob1a 11.6524237224905 7.90678223906682 6.52565040505998
Cmtm6 12.3249537931389 6.6227213878199 5.13171217680311
Sfpq 11.5941111598284 8.18884617280696 6.2564628774253
Tspan14 11.1135085123949 7.22202360332986 5.61269030679543
Lpcat3 11.4010483293012 7.38729371725331 7.28262628951579
Pxn 11.7931446549569 7.61443740355312 7.52332417643698
Hvcn1 10.3744362140918 5.61704258403915 5.53238179016146
Edem1 10.5468048765477 6.27559607426571 4.60963006749508
Icam1 12.0835121128031 5.03681284268553 4.55306738716355
Ptbp3 11.2821230739434 6.86596534494294 6.42601429747733
Rcsd1 12.3327371826167 7.72347860048307 7.04123864853524
Npl 9.96550349349474 5.50264573153396 4.88083673851661
Tmem140 8.37653073680301 4.69746262544433 4.27219907662346
0610040J01Rik 10.8216796982396 5.89840986619889 5.63582701927135
Tm6sf1 11.2414066824985 7.0763830610187 4.4064899593762
Cklf 11.4118605648373 5.94741700646439 5.90058882311021
Cd177 8.34962699286364 4.66071660031918 4.41786691372367
Casp8 9.75678338176791 5.23921512363584 5.16705797052867
F11r 12.1396861374846 6.42540339820789 6.13659986753584
Eva1a 8.74419904985229 5.30396920773478 4.29992525672865
Zbtb1 9.43873268438121 6.00923735315091 5.74499738656326
Reep3 10.8117416298317 6.1060011095345 5.20409407288178
Tor4a 10.2205590701386 6.5938751950311 5.68348817635117
Ptbp1 9.15244960297567 5.71021389034919 5.67325821591498
Plxdc1 10.9345884722293 7.46651925063806 6.94244903824701
Lpxn 10.7275528959061 4.87408588779054 4.85570508213978
Siglec5 8.28941632201165 3.97656528808224 3.72477535498058
Mylip 12.3911493278824 7.8394848729921 7.81835739471878
Fcrl1 9.22764356004362 5.76858328102475 5.24439237778981
Lifr 10.8658507374762 7.488955976528 5.43423424406621
Sppl2a 11.216310941421 7.74915104556177 5.22016082175224
P2ry6 11.5574667748729 5.02266477786945 4.71592712766626
Ighm 11.5555075036114 7.30630353110798 6.76956190291506
H2-K1 12.7949568117272 8.81144987992064 8.78300487304048
Tgfbr2 12.4393744689228 6.68679244511105 5.4005390444754
H2-Ab1 8.19904913228906 4.74113849453575 4.39711067700711
Ceacam1 8.80282175058088 4.46948685353648 4.44593392586651
Mlph 9.57489838859243 5.66229628071828 5.22495775088607
Ncf1 8.88584686160739 5.44117163293859 5.13858642213168
Il13ra1 9.84239214017086 6.29389634854033 4.32581982162169
Adap2 10.5722797031115 5.38278866648962 5.24948622909486
Pld1 10.8239587790307 6.5118617122569 6.42563452309262
Pon2 9.33868555313833 5.48678524448112 4.00640653404577
Ggnbp2 8.92116224716715 5.55818269236727 4.97406855640951
Capn3 10.3369957490321 5.58251031991171 4.61914574683128
Btg1 12.8308863505365 9.22327414859904 6.59799860878518
Rrbp1 12.1135184174842 8.43308399893031 8.12583388425156
Arrb2 11.4983554070217 7.61070071721204 6.3711088853118
Pros1 11.4603712254362 6.38761092624574 4.69882164865309
Ifih1 8.92117937270675 5.18257894808841 4.97255885781826
Frmd4b 12.0767968593623 8.1691095346863 7.55241873795629
Rin2 10.1168098461982 5.81075858864167 5.3928517148495
Tifa 10.8074268423842 6.56689057497691 6.40601789122995
Arhgap17 10.9767981793134 5.58569896945095 4.88197620844998
Map3k3 9.28753240420869 5.96039764876364 5.91335034292628
Parp12 9.49139397984138 5.50032526727979 5.34487564877336
Trim47 10.0791566495733 5.66227391612628 4.9569378614455
Jmjd1c 12.718371512436 9.17432003083134 8.26880597685673
Mlxip 11.0084570885722 6.64079319787734 6.43541089622445
Sash3 11.249005723635 7.23227606273506 5.71624686383261
Themis2 9.99513496121799 5.23080506598305 5.17842681910316
Mpeg1 13.5931395335038 6.87889715286718 6.61332059908517
Hspa1b 12.7002530870076 7.48240288328477 6.85011774161485
Xist 12.7596727744674 4.26998071449746 4.03650683432142
Cd48 9.95999221182058 4.96942562730315 4.51930272854305
Akna 10.7072692564892 4.86297545944959 4.73583771374137
Sult1a1 9.98708391284936 6.16733146966167 5.57433573809667
Fes 10.5551239260507 6.60779545717334 6.22557431816625
Cep152 9.74520694836984 6.02342598608909 5.6872131201701
Diap2 10.171367858732 6.1626701845055 5.88562714192801
Egr2 11.2484829324693 5.10079703084287 4.01129727149111
Ccrl2 11.3826980615646 6.71882685764436 5.44652463883588
Lcn2 12.0118513639671 4.36417923443818 4.27316832132728
AF251705 11.9378287827213 6.9244310540352 6.63379320934374
Hmha1 10.4292840746509 5.65351180167212 5.3538676896777
Gmip 10.0312950363764 6.20632184816551 6.1015555824027
Nckap1l 11.1514517971807 5.70978590518841 5.28213522993225
Abcc3 9.68880748830503 6.15297053081884 4.86951768323556
Rhoh 10.6886747062572 5.41577932277098 5.03668748509105
1700017B05Rik 11.7630363477309 6.71720930233094 6.13909604814326
Gusb 11.4166507135997 6.52272940317991 5.14298750983285
Lair1 10.6341607739461 5.08406782197033 4.96506720179608
P2ry12 12.3417720061336 5.19630399416846 4.99897389553385
Nfkbie 8.42308533541357 5.02953895655613 4.92170667507604
Epb4.1l2 12.5141878325852 7.03214237698393 6.94330669709555
Pld4 12.0162068213804 5.88561420612058 5.66475486668872
Lrrfip1 10.7165591037594 5.16217114549757 4.77175513222526
AU020206 9.7250304187546 5.98373775623279 5.25868447360945
Fermt3 11.255187597153 4.91158401840739 3.93474081426031
Tgif2 9.91494649369466 6.4844792976006 5.67784992195716
Ankrd44 11.6555430067368 7.03956579898772 5.70541984286896
Kctd12 12.2024123826132 6.94623879804005 5.97123723867177
H2-Aa 10.95884712019 5.6905895414208 5.60470946485365
Fam105a 11.8141138102905 6.87472821123202 6.31572858225412
Herpud1 12.561534184029 9.02152696376595 8.47378524482119
Cd300a 9.78331319123392 5.46875864170009 4.77946256522253
Wipf1 10.4960069219755 6.40744001032647 5.59189597191024
Lyz1 12.291433368859 5.57147943652074 4.21097585725922
Zfp110 10.6328144276245 6.67142025844502 5.02489279588309
Clcf1 8.66818372368241 3.90160205008838 3.87298615558915
Adrb2 8.06163788196254 4.24871735347893 4.14813749405473
Hmgb2 9.11494801820282 5.69105774735779 4.43133934251258
Lrrk1 9.00233842375518 4.81720493442671 4.54625823684212
Zfp36l2 12.4844215051541 6.91798753891956 6.15771203396732
Il10ra 11.9204835825207 5.45537122171126 5.05035608106132
Hexb 13.9682695694516 9.75637874056473 8.10040578691391
D530037H12Rik 10.2863068988974 4.33334011512892 4.10809855988565
Rab20 9.47961105235741 4.0297473723665 3.85123178881333
Grn 13.5694893497197 9.34386023273327 8.13164171385012
Slc4a7 10.0247753688567 6.58504212010391 6.32689004989393
Bach1 11.8359025049111 7.6771835331028 6.35274968574744
Ifitm6 9.52062006754197 5.80428732544701 5.45927138879411
D9Ertd306e 8.17933645172779 4.27376490721499 4.07559259596444
Usp24 8.62350684235725 5.10795566058581 4.98366339188538
Fam46c 12.3008656779841 7.6801561418906 4.56809133900336
Pald1 10.8157904216058 6.20069391600243 5.63696011071076
Ifngr1 12.0120817823602 7.50796226789888 7.34781174152078
Tcn2 12.1131223131962 7.61476068025897 7.35283617619952
Anxa1 10.0891907764378 4.92018011810165 4.56325758522241
Cmtm3 9.80544069396922 6.11213126124042 5.50308704788669
Ppp1r15a 12.6842681011032 8.56214919161209 7.76461887369541
Dhrs3 10.8664384075394 6.94110745159643 6.55359895055735
Lrmp 8.72621364395205 4.7541535319113 4.43453360598027
Olfml3 13.5589885962411 6.64206068378742 6.1018916106511
Pla2g4a 9.54677550171969 5.26178191048328 4.8010786626918
Ncf2 10.9678841319022 6.10802279995921 5.54723755680959
Ctss 14.0972400899769 8.73832650697375 4.88335294786155
Cd53 12.647448770815 5.62191748497271 5.22512742301761
Fcgr3 13.39521832835 6.5542914680258 5.40930418554755
S100a9 12.5433488948648 4.94282369701664 4.88822541259635
Dusp1 14.1600590685473 9.55556780233197 8.89692888273512
Hp 9.14524736055938 5.51494798177345 5.31114208957445
Lgmn 13.3423749152836 9.60572712754239 9.24724343211433
Klf2 13.0114488593516 5.90754062248002 5.54627081180842
Fcrls 13.5094801235154 6.20655049812446 6.03706136668097
Tlr1 9.47210882993985 4.5600691397631 4.21899435596844
Selplg 13.4608296010201 7.65745562657326 6.92727317957253
Cd68 12.242490069775 5.77125354187601 5.30121458580645
Gpr65 7.84688309866013 3.81428035788328 3.71519143827794
Csf2rb2 9.41716750216967 4.88883682541898 4.38008308827565
Atf3 13.3007390383143 5.41849869962292 5.01006624517651
C1qc 13.5863871767458 6.58042505567148 5.28078675593964
Chst7 10.9028652320415 6.02181403570031 5.88882464874495
Hck 11.677853867497 5.6886254515649 5.30334898521317
Gcnt1 8.17673933531389 4.59339958683261 4.29605840544652
Casp4 9.24666718666705 4.69103879899695 3.79618012823664
Lag3 9.95212609690159 6.18867048191674 5.63754956456206
Cxcl2 11.1862547067567 4.71805060738458 4.38759873208565
Ltf 12.2109361391241 8.82226354848084 7.51959300614866
Cx3cr1 12.8661645891936 5.9587785592905 5.89560603629966
H2-D1 12.6018887958776 9.02792548754894 8.72565032347831
Stab1 10.8319181809469 5.29605407997201 4.90523066192027
Evi2a 12.5292457386737 7.60380455017062 4.76052079256386
Il6 8.39447282799593 3.98028865516286 3.83704163892063
Mrc1 8.63837955832117 4.67328604952559 4.56798099928817
Hps3 10.5852544761163 6.90275928359942 6.65255565891966
Itgb2 11.8272052895604 5.39420982164286 4.86499303176879
Adamts1 11.3594540869076 5.51229433113155 5.28423444571533
Ang 8.39410428367088 4.14685580043146 4.10943691940075
Sh2b2 9.22244603896785 5.15498556109539 4.83937289989801
Tyrobp 12.8882077765556 6.49058711797753 6.45018481781777
Ptplad2 9.53045279911964 6.00645605169678 4.98853296134761
Slc29a3 11.671269772336 6.21393470343956 5.65852865396596
Vasp 10.4663497281355 6.97284514992592 6.51064095510469
Emr1 12.7324162108168 6.51187662536682 5.91166916628684
Nrros 12.2035612900789 6.30100202954865 5.9566015182706
Tmem119 13.7062504747088 6.84562927734593 6.07737184657761
Pnpla7 10.5567704595249 6.72537067908758 5.89112934564321
Parp14 9.29651035265735 5.88018225919522 5.15787975354012
Havcr2 10.6395343238155 4.19427050674935 3.9829346749111
Alas2 10.1192139258561 5.51596580506117 5.30108243230589
Cmtm7 10.2158890607314 5.22622897848673 5.1720039682219
Mafb 10.9468667556878 5.81984844040612 5.72820435478645
Blnk 11.7867853033936 6.74053420454184 5.83213136244885
Tmcc3 9.49652683269657 5.04996844154336 4.69108729202919
Notch2 11.0904077018543 6.19881034877955 4.7076458002833
Vrk2 8.70364139558783 5.27703615708174 4.44863719452975
Daglb 9.96152605211251 6.5266349390405 5.7233145796505
Alox5ap 12.5576931349978 7.31610159691472 7.08882473441456
Fyb 11.7070682335866 6.25320335856924 6.06895496780269
Sepp1 13.7057662789234 10.3538336206206 6.26706038631366
Ctla2b 9.98817720392032 5.43032160379305 4.05060181236113
Sall3 9.54179296501841 6.15151099089116 5.63176124198852
Hspa1a 11.8296568285311 6.99186349067069 6.35603305212248
Zfp36 13.4710413836478 7.47864011822934 5.90341610614685
Abhd15 10.2572440975652 5.27055790271545 4.91580314717985
Cyba 11.7795222099381 6.10069114928451 5.36102127528769
Spata13 11.8423721764084 6.22938645861502 5.34415579454901
Wasf2 12.354976901621 7.57723671887694 6.7835172998749
Ptpn6 11.5568573976642 7.04854022744193 6.55673273705899
4833441D16Rik 9.111877090883 5.19789127681092 4.67662165990587
Tec 10.1464631671626 6.66956933626266 5.56677137422207
Irf5 10.4986359523617 6.35301848326936 6.1417268594343
Naip2 10.6906973938164 4.90010084647422 4.75999983359183
Anxa3 12.8939144704404 5.96054509232519 5.04637192234981
