Tnfrsf19 12.9614431656159 7.82586632646748 5.72784553596268
Fkbp10 9.41016721018573 5.70384748169889 4.95013041254554
Vcam1 12.4816675192392 8.36494692944489 3.98856332003527
Cyr61 11.1016744501914 5.8512820089748 5.10750716117988
Gldc 10.6195560343143 6.82941376066707 4.85477389018007
Glud1 13.0704105392276 9.65820465436668 8.56996383680465
Elovl2 10.5345481554953 5.48817049634372 4.28884493786224
Aldh1a1 12.5583261661241 8.47013005874237 4.72499154977048
Ppic 9.03026818175481 5.4554744411402 4.57055065206865
Smpdl3a 12.2435887824058 8.82293156422377 5.15523180717929
Lcat 10.9824809233372 6.76007771592178 5.38461480418005
Pdgfrb 9.84766669378371 5.23287276391205 3.97538327236889
Ntsr2 13.5684441880855 9.24708865948127 5.56500787484286
F3 12.2069413293603 7.22675002544702 4.53120903685276
Slc12a4 10.9174966731953 7.46512183604043 5.73206529527601
Tspan7 12.2199587629975 8.08514638856986 6.83060263830521
Slc15a2 12.9496989006332 8.91777964521841 5.47947766273576
Prodh 11.9691636372262 7.27072943814891 6.17112222502442
Wwtr1 11.1517537438884 7.06731012920342 4.98018271876528
Gpld1 11.9747462478102 8.26662341570888 5.33498349293433
Entpd2 11.7608219101721 7.58290303206985 6.09752845670165
Lhx2 11.1802895014327 7.17696003525457 4.40376222490221
Fzd2 11.9098568848207 7.14333967128901 5.47842224711448
Osmr 7.8534516157794 4.48604063085725 3.97601195208878
Ptprz1 12.3815607225295 8.68201112367514 5.73126917461125
Slc38a3 12.5975051169451 7.76207027066001 6.67226390586531
Dio2 13.7439646415243 8.56250439699623 5.5102501645729
Fads2 11.4848342910614 7.76959359442199 5.67784047550967
Cyp2d22 10.8552990705605 6.06143168497822 5.3857100450584
Cyp4f14 10.7067734949371 5.9464858163201 4.61421228265763
Tmem47 10.4965712579836 6.25949174821563 4.89450680336095
Mfge8 13.8105513044973 10.2377420133526 7.47216895445525
Cyp7b1 11.1316079477238 6.79665623497175 4.44257250925284
Slc7a10 12.650632377432 7.14133603351453 5.98961096429871
Chrdl1 8.98000609008049 4.88008731830057 4.52366016264608
Fxyd1 11.8095398028271 8.08663673379466 6.83363431029703
Hapln1 8.5826902579342 5.25693080483768 3.82101385326474
Fgfr3 13.136818632434 8.54111800853554 6.26871921190837
Papss2 9.54017106968766 6.17825155502395 4.63930830521497
Phkg1 9.28863227795836 5.19572165868697 4.0960418424956
Acsbg1 12.4363624086258 7.48893692799666 5.47446897709083
Id4 13.2462581215434 9.41791756189809 5.00238955588974
Slco1c1 12.8658244149028 6.87881069826513 4.93706361717346
S1pr1 13.0563040201157 8.43058729358018 7.00406929736555
Axl 10.7966551006585 6.1051060195606 5.4747601529315
Cbs 11.2303243966133 6.8117673626198 5.8089860183041
Ccdc80 12.3624872098242 7.161131746411 6.05409148644521
Oplah 10.8194235565085 7.25899396895538 5.05062567510419
Tmem51 10.8131865914581 7.42634235383202 5.91339395287041
Adhfe1 10.71886486577 7.10327206781253 4.45697260051677
Aldh1l1 12.309294043204 7.16428861734917 4.97106226767951
Sox9 9.59926141498746 6.03585730667341 5.34476837255997
Emp2 11.8167492498468 6.7264860786521 6.12692491183256
Aqp4 13.2344943030716 8.21966740203631 4.49893849760361
Col4a5 8.11286487078675 4.21274769258867 3.77034240136154
Ppp1r3c 12.6261422184703 9.09453951511519 5.76855819467782
Amot 11.2573014101229 7.7348462618035 5.31594977297488
Cldn10 11.7580096064742 6.83286667452307 5.31115263764151
Cth 10.7498689130988 6.16604028519816 4.65367453235482
Slc1a3 13.0492534590685 7.90300901226663 4.54179221959039
Tlcd1 12.0693106988743 7.73922793934623 5.70984912719953
Srebf1 12.0384829485913 8.63973952816652 7.9085783012676
Scara3 11.972788703116 7.9338551021472 4.7017860061865
Gabrg1 11.5167053669387 7.14709896561973 4.71014275174121
Ttpa 10.2345638795306 6.08817246166995 4.42770360532943
Atp1a2 12.8994520696648 8.3090732952046 4.63967309253329
Slc14a1 9.72685423916001 5.28741791067637 4.2679999069567
Btbd17 9.50531007389581 5.60086849104883 4.61197950523039
Tril 12.7758945826597 8.76388293282105 5.15419601791275
Itih5 11.3275201319304 6.95001031877086 4.69764283595135
Pla2g7 13.1881702523631 7.73223763717745 5.55284425881945
Cd38 10.4409955141749 6.14210411521935 5.14671513295466
Lgi4 10.1190560582577 6.66808788951788 5.96699299433213
Lrig1 10.9058695770974 6.9232774812726 4.38391197098855
AI464131 11.3037115822094 5.97044489865628 4.07684547452923
Mlc1 12.8215284529148 7.58106570902817 4.29754513582169
Gjb6 12.2385652839836 7.71011481454351 4.77703050752791
Pygm 10.0710793572613 6.3213868379168 5.41826158117309
Grin2c 12.003213684667 6.20876696490611 5.28910569312816
Cyp4f15 11.5842891990597 5.97819285591634 5.25516394066952
Slc1a2 12.272862056665 6.61680925191469 5.49811479575361
Igfbp2 11.8053293459635 7.05362080937104 5.36680751869874
