Lcp1 11.9186828085383 6.42227923058575 4.32612231842596
Cd83 13.2161047162533 7.45510734007602 5.48689145328906
Sipa1 11.028832104782 7.30873127794149 6.27762501218787
Tnfaip2 9.07410944533167 5.38208132170733 3.90173852262921
Socs3 12.8477426387797 8.16272168396026 4.02846107265321
4632428N05Rik 12.9633024758073 8.56237180354389 4.8306577045602
Spint1 10.3283172527647 6.04709041184063 5.20054911727119
Afp 8.35050803873215 3.95995376416357 3.66085843218985
Clic1 11.3122330580261 7.80579589147979 5.39121956870016
Irf8 12.5462653592052 5.7502723558133 5.20820370324152
Dnajb1 11.2409766690475 7.9179696940077 6.7929993193124
Parvg 10.4281853264487 6.57252725996229 5.29695013118546
Rps6ka1 12.3511118887686 8.57226709357004 7.50805748799285
Mfng 10.2459357618163 6.06990751182627 5.6505658904283
Slc40a1 11.6873175794834 6.96521468770619 5.52456671718527
C1qb 13.3809165744448 5.09574237407239 3.71725114758972
Ccl6 10.4831140019336 4.89342457285125 4.03687750097553
Cd14 13.3794861542207 7.8061605699732 6.27277945010988
Pycard 11.7530559991681 6.28852353304067 5.35631365473539
C1qa 13.1874316054276 6.82109619770106 5.10418174279125
Il16 10.5676116874908 5.82416920172216 5.28638028486753
Slc7a7 10.9326702827516 5.73846795159116 5.06119184867315
Srgn 13.2795222117037 7.22224592368181 5.43845687781053
Myh9 12.5447914497017 8.89963487963593 7.47754050398274
Nfkbiz 12.6921044506167 8.86888846888951 4.30519068125258
Tgm2 11.6702792723547 7.24043523156588 5.12951149908809
Plek 13.0385446953369 6.46402838378506 5.55349509100935
Rgs1 11.3590498478886 4.8842029587516 4.52965355395571
Snx5 12.5419589726741 8.7456939043332 6.79944337976768
Elk3 10.4319956263106 6.27312979878986 4.55665867744336
Laptm5 13.25292607905 6.49734872586334 3.85765344140498
Slc25a37 10.7377469263125 7.2459215942655 5.66511185089494
Rgs19 10.0869225771368 6.14280009189954 4.6568970085834
Serinc3 10.7887820532689 7.02836881974453 6.34536388626204
Ctsz 12.9968566741552 9.67333327755644 6.23410412474299
Fcgr1 12.2955371160684 5.14052592361896 4.42783911275859
Slc16a6 11.5647594820405 7.40245487299994 5.46397912997454
Ccl9 11.4677327663853 5.17100010963301 4.78795135014162
B4galt1 11.1336165305587 7.54988685639638 5.94114567813242
Tnfrsf1b 11.7452188608572 6.83429536048017 5.90747178567799
Inpp5d 12.4577394438636 7.04624585829593 6.37560295299573
Tlr4 9.57555684780965 5.2180008199392 4.35768675270888
Pmaip1 7.97566326054479 4.60933797817447 3.96476821751988
Aif1 11.8214348072249 5.39632858975953 4.86423583939077
Syk 11.3160084368777 7.08200021202032 6.13614819599375
Klf6 12.2250639567383 8.08485822485562 6.21433907663123
Crybb1 12.2648088011919 7.02220691185157 6.39380717531217
Fcer1g 12.6718396223893 6.80241344965675 5.70492425240114
Ctsh 12.87251521366 6.58640635968129 5.20157897099899
Gpsm3 9.55595780536678 5.59048673631638 5.08392132049835
Ncf4 10.7292352869563 5.33938345661998 4.82858411981678
Ggta1 10.3002208247185 5.82954043308749 4.15849008412884
Lcp2 10.4089431447829 4.99302138937227 4.50715304055113
Ngp 12.7574775005176 6.44172223385175 5.34928227423278
Spi1 10.4190424481911 6.11920499283956 5.82383616135408
Ms4a6b 11.2554621340409 5.07251291785692 4.75637570651165
Hcls1 8.70906636115833 4.89471920154469 4.67778171393885
Pabpc1 11.1781404360411 6.20831952153304 4.55325169734569
Skap2 12.056136723105 8.63773887847866 6.54210908777826
Cebpb 11.5932508063623 8.16205734383938 5.86749964844276
Plxdc2 12.0745716973584 7.95723096231356 5.1604314975585
Cxcl10 9.72683118350032 5.70383248267113 5.08296542831249
Cysltr1 9.25437959121948 4.78515088938708 3.90434970023548
Cttnbp2nl 11.6991350325633 7.31163681824833 5.67901521033275
Lyl1 9.96552235514374 5.73503761243778 4.96684072227089
Ptpn18 10.3344380846283 6.8077966986409 5.63920641380079
Tlr2 11.9276981137555 6.12988004563919 5.57342979389686
Cd163 7.96377468160987 4.14602765332408 4.00767890831645
Serpine1 9.65311808101758 5.40426636812792 4.61695239745883
Mlxipl 10.5385226388773 6.65817087496869 5.1640460460321
Cd37 10.9003612304416 6.81593043724128 5.28101546520869
Map3k8 10.2772018482877 5.03980626405729 4.82725098115908
Myd88 10.6605178444686 6.74689949791107 5.90311207719304
Ccl12 10.6391731596107 4.63387338229437 4.33924424953966
Arhgap4 9.32893709991249 5.49745398686561 5.27233613129027
Pon3 9.25424963832735 4.65652122578698 4.30677135987758
S100a8 13.1710031765985 4.81054651477039 4.55101980366992
Il10rb 10.5493104181091 6.7348297197201 5.16210291419389
C3ar1 11.7048817822179 6.60756744760421 5.3030378128737
Fgd2 12.0963667807367 6.23494977820797 5.91734566726451
Ccl3 13.5359936909524 5.29729699700406 4.63875045897127
Ms4a6d 11.4841310922632 4.66688210622996 4.35778075498731
Ier3 13.5124048716238 8.75684869741547 7.20995097184315
Camp 12.4507582747533 6.05294008448372 5.33196943060394
Klk8 10.1827990465209 5.90219197343477 5.43648341293638
Chil3 11.4871946767607 4.51978077887424 3.72300307903421
Arap3 9.99309938625579 4.38186919044578 3.97095537042326
Tlr7 11.1537008662761 5.32990643616395 4.77328000180199
Csf1r 14.0292728577336 9.22838350035243 6.8153611291603
Hpgd 11.9738918982247 6.20045674837712 4.21254141445901
Slc11a1 11.3948658681908 6.84486742232107 5.60256848513471
Ccl2 9.3887194295731 5.38076988226236 5.10989807998264
Cd86 11.6527693006629 5.60763936587905 4.78496689717974
Gpr84 11.5263505075912 6.27635106725732 5.31158009260946
Trim12a 8.39694276788024 4.49372470973109 3.96650731895618
Zfhx3 11.2191522315493 5.77702753624149 4.32636134864122
Slc15a3 11.3995649353571 5.37581821882186 5.14482225971731
Sla 12.4329217789332 7.72452671639487 5.6909169495346
Tgfbr1 13.5090583473981 7.8488569558309 5.70358403766302
Lgals9 9.69958847858634 5.84093357214374 5.18882334586478
Trem2 11.303795824757 6.86293136171939 6.18595294667372
Gna15 8.99367862824198 5.60604143432473 4.94386765775972
Birc3 10.6915102166933 6.77996226588029 5.73382908255085
Igsf6 8.83394697282607 4.3273266893174 4.09856727439245
Samsn1 8.81738530496463 4.74223203200636 4.47534870387823
Il1a 10.5376640185961 4.64439298354229 4.29400400647657
Hpgds 9.22775583355141 5.65262306383073 4.86705892098415
Naip5 11.0978070538461 4.94244504424785 4.11721207668913
Ccl4 12.6588721873418 7.68150160091443 5.89847803341972
Stat6 10.468465477124 6.38373917848813 4.89708169128155
Clec4a2 10.1399334143348 5.25832635410918 4.852275362651
Fli1 10.1221580891138 4.15834039816498 3.72886370991294
Ets1 9.52298260959165 5.13295095547092 4.12370338594052
Ptprc 12.4924457080349 4.70567594304927 4.23474973888318
Ccr5 11.6775104276773 4.70067343939799 4.35554905244884
Il6ra 12.6762370901779 5.95296834737579 5.5176677244784
Pla2g15 12.3402771280608 8.09180870389373 6.50741065703323
Ifi30 11.3741036101554 7.30486396747774 5.96165424702945
H2-DMa 11.302506340632 7.49322056192091 6.11680923732384
Gpr34 12.0465417111213 4.22870349668169 3.96509951370183
Rrad 10.0218987777276 6.1178787035511 5.09990968098645
Rnase4 13.0645450224258 6.22245058399521 5.19187577275468
Hk2 12.2311857728962 7.51593430491791 6.02248387925158
Hfe 11.261965590755 6.83781039705067 5.88166175407672
Pik3cg 10.1391450667911 5.97093817739297 4.99519674630448
Cd84 9.79853579725004 4.69960587729223 4.36489123371041
Ly86 13.8484382572477 6.95836301329708 5.32900211888484
Vav1 10.4988780096262 4.0912366247081 3.94055478472808
Cfh 10.9189995251726 3.85977836956188 3.48570296780513
Tnfrsf13b 9.55249902249023 5.38462240796096 4.30070984675694
Hhex 10.0129558927535 6.05392614531855 5.1939849599211
Entpd1 9.36332417160173 5.53306965594171 4.16927472436855
Ptgs1 12.1460566579667 8.2378617313306 4.86628532571951
Adrb1 10.6329930698674 7.22713744301132 4.76856875146031
Lyz2 12.6255399097117 7.30453578938605 5.93216975195296
Ctc1 11.7381009275171 8.09984264801717 7.24484743516308
Unc93b1 11.2638153754962 7.34738082945849 6.40553815446024
Cmtm6 12.3249537931389 8.71285800347408 4.62635709790099
Hvcn1 10.3744362140918 5.70601715617941 5.32775896168291
Edem1 10.5468048765477 6.88186174512219 4.58090798218096
Icam1 12.0835121128031 6.38301477461085 4.77789880624994
Ptbp3 11.2821230739434 7.93784666990998 6.04956989913157
Rcsd1 12.3327371826167 7.74372715045345 6.40058859175205
Tmem140 8.37653073680301 4.71219773537896 4.39395558145888
Cd177 8.34962699286364 4.55255159023883 4.13049671150205
Casp8 9.75678338176791 5.28775258267795 4.84719652251732
F11r 12.1396861374846 6.68374104277726 5.6678038481305
Ifi35 9.14048261664104 5.65916235014239 5.32006975081178
Lpxn 10.7275528959061 5.19948704434633 4.39464804917839
Siglec5 8.28941632201165 4.34389267838942 3.80047224459786
Fcrl1 9.22764356004362 5.71776968541498 5.30248675598269
P2ry6 11.5574667748729 4.75858924354822 4.2783367578884
H2-K1 12.7949568117272 8.11223781881536 7.28441150517807
Tgfbr2 12.4393744689228 7.72732184841212 4.91938174876294
Ceacam1 8.80282175058088 4.79707776397443 4.52716203099752
Mlph 9.57489838859243 5.97729283078601 5.15248207454333
Ncf1 8.88584686160739 5.54439106860825 5.22950821020907
Il13ra1 9.84239214017086 5.9173410952909 4.25606046526379
Adap2 10.5722797031115 5.24616540079507 5.0202515818693
Capn3 10.3369957490321 5.09133299910897 4.50461158576947
Arrb2 11.4983554070217 7.13560488232976 6.31404784061067
Pros1 11.4603712254362 7.51108118467235 4.61818893014368
Arhgap17 10.9767981793134 7.47659240585895 4.9412450510454
Trim47 10.0791566495733 6.57963562655283 5.25042194181665
Sash3 11.249005723635 7.0504000306282 5.22852786794284
Themis2 9.99513496121799 5.31359047513207 4.89617386396937
Mpeg1 13.5931395335038 7.24825432389092 5.67082582014634
Cd48 9.95999221182058 4.85497622520868 4.29088130731779
Akna 10.7072692564892 6.62715790705715 4.68468565224084
Fes 10.5551239260507 6.96732303807414 5.89573097675847
Cep152 9.74520694836984 6.09700580402894 5.65297708648819
Egr2 11.2484829324693 6.69421784995001 4.3471420227469
Ccrl2 11.3826980615646 6.48336892479939 5.7955234039274
Lcn2 12.0118513639671 4.51509219093936 4.22049443720846
Hbb-b2 7.88283645776123 4.19284529956468 3.88634154773489
AF251705 11.9378287827213 7.66848621514614 6.25985769279751
Hmha1 10.4292840746509 6.05539163098179 5.43697346527017
Ebf3 8.03327435115078 4.59671103353724 4.12313895785531
Gmip 10.0312950363764 6.61996089301424 5.72539126355102
Nckap1l 11.1514517971807 6.28256548445518 4.78400743566589
Abcc3 9.68880748830503 5.65119706927271 4.97904050496774
Rhoh 10.6886747062572 5.67311355563939 4.78794013842877
1700017B05Rik 11.7630363477309 7.39005125658411 5.6551918919456
Lair1 10.6341607739461 5.87582330977321 4.85745477608122
P2ry12 12.3417720061336 5.75268926553098 4.68739965012512
Rnf19b 9.59453701735849 5.73225067245139 4.55322745547807
Pld4 12.0162068213804 6.00126279596322 5.2508583247579
Lrrfip1 10.7165591037594 7.1562989167078 4.6920996921415
AU020206 9.7250304187546 5.6254985314323 5.00015775351498
Fermt3 11.255187597153 4.58488338380687 3.82447034939189
Ankrd44 11.6555430067368 7.95949043561235 5.13704953557827
H2-Aa 10.95884712019 5.80974384393498 4.63149298599335
Fam105a 11.8141138102905 8.35949812644057 5.87608127008804
Herpud1 12.561534184029 9.17787235753808 7.6288130810475
Cd300a 9.78331319123392 5.63818891735356 4.82259360302433
Lyz1 12.291433368859 6.30226612984705 4.27781498626214
Clcf1 8.66818372368241 4.02083357429262 3.69410642619901
Adrb2 8.06163788196254 4.40047876712662 4.25685822200474
Lrrk1 9.00233842375518 5.280980410434 4.58347514178944
Il10ra 11.9204835825207 5.46288744932474 4.75997558951664
Hexb 13.9682695694516 9.16071703356246 7.22496262921761
Rab20 9.47961105235741 4.94175098913685 3.85808013689413
Grn 13.5694893497197 10.2118452987812 6.98790998362006
Ifitm6 9.52062006754197 6.06726814692567 5.60459204296092
D9Ertd306e 8.17933645172779 4.72062399983874 4.18176187162543
Fam46c 12.3008656779841 6.0974643879628 4.66734691934431
Pald1 10.8157904216058 6.86021753820251 6.08104052651373
Ifngr1 12.0120817823602 8.3450908793183 7.14470133343989
Anxa1 10.0891907764378 5.53919570775483 4.5029101136301
Lrmp 8.72621364395205 4.66716830773858 4.33479985034984
Olfml3 13.5589885962411 7.00049609030601 6.10994520588146
Ncf2 10.9678841319022 6.3820592821432 5.53422737926668
Ctss 14.0972400899769 7.8338950017644 4.84137403476783
Cd53 12.647448770815 5.39350830034255 5.09487598446385
Fcgr3 13.39521832835 6.23445696494718 5.28481563871003
S100a9 12.5433488948648 5.34942310096296 4.69944501155856
Hp 9.14524736055938 5.71149926136182 5.32089550517805
Klf2 13.0114488593516 8.86705362190387 5.48397677402165
Fcrls 13.5094801235154 6.41537185448811 5.59805338972312
Tlr1 9.47210882993985 4.51589196043565 4.14165265581508
Selplg 13.4608296010201 7.89069297529175 6.07786328413167
Cd68 12.242490069775 5.84356488183954 4.88250298837011
Gpr65 7.84688309866013 4.05182947246585 3.80069062792966
Casp1 8.7453943640576 4.6683543332191 4.29577620786781
Csf2rb2 9.41716750216967 4.98806267353971 4.57507954250501
Atf3 13.3007390383143 8.48492970336031 5.19480168837867
C1qc 13.5863871767458 6.09840936130809 5.0345433139868
Hck 11.677853867497 5.54858439157514 4.65016759179793
Gcnt1 8.17673933531389 4.45023505852488 4.20213923735713
Casp4 9.24666718666705 4.95304692492815 4.07238206888672
Ehd4 10.2095137657382 6.78070013664784 5.34948729056141
Ly96 9.04291773410898 5.48068268309246 4.47508056288756
Lag3 9.95212609690159 6.23465049241362 5.28211778607222
Cxcl2 11.1862547067567 5.08774388927117 4.19601290636698
Ltf 12.2109361391241 7.73392118037709 5.94193510553769
Cx3cr1 12.8661645891936 6.40996584033121 5.12986982726401
H2-D1 12.6018887958776 7.9710028859782 7.1230091630312
Stab1 10.8319181809469 5.19345692048338 5.0865434147493
Il6 8.39447282799593 4.43494075574329 3.78985429080181
Pdgfb 10.784427213788 7.30560549818963 5.75369385532995
Mrc1 8.63837955832117 4.52930798653471 4.1549180158524
Itgb2 11.8272052895604 5.29594936767639 4.5147296282456
Psmb9 9.34845122497028 5.96149288279998 5.322558517732
Ang 8.39410428367088 4.20696343912145 3.93124657650025
Sh2b2 9.22244603896785 5.46726470583814 4.57114125555753
Tyrobp 12.8882077765556 6.75402194776184 5.49223469140893
Emr1 12.7324162108168 7.40567077927302 5.4635515465977
Nrros 12.2035612900789 8.85678430987708 5.64052229976024
Tmem119 13.7062504747088 6.99162438738789 5.67612219060248
Parp14 9.29651035265735 5.74762602342057 5.18243406805367
Ttr 13.2596253146871 6.7949455128526 3.93940872690151
Havcr2 10.6395343238155 4.47889194516964 4.21821519654418
Alas2 10.1192139258561 5.31602777529155 4.82953065291305
Cmtm7 10.2158890607314 5.82354269014746 4.84741855605798
Blnk 11.7867853033936 6.97277401684816 5.05352838785839
Alox5ap 12.5576931349978 6.83885897516468 5.88416500246674
Fyb 11.7070682335866 6.13416879839321 5.92724314408029
Ctla2b 9.98817720392032 4.77013369767714 4.07894204877734
Zfp36 13.4710413836478 9.86526870874233 6.94874533661106
Abhd15 10.2572440975652 5.6196811327341 4.93410023297985
Cyba 11.7795222099381 7.08802099303639 5.04436126170367
Spata13 11.8423721764084 8.25320087316501 5.11570129704561
Ptpn6 11.5568573976642 7.64974428407229 6.43038378611102
Cd52 8.87459768254704 4.94529363887863 4.5022222167696
Irf5 10.4986359523617 6.67418914236372 5.51731308677421
Naip2 10.6906973938164 4.74520793808571 4.19448377789798
Anxa3 12.8939144704404 6.1784800331318 5.0144478158771
