Gsn 11.9930060612491 7.85098902459487 4.77007554371145
Cldn11 11.0900337133803 5.37021794019452 4.08246213341909
Trim59 11.1483083195705 6.18287642017166 5.3310873299007
Apod 11.7262920885183 8.29719662712684 6.40081829473245
Lpar1 10.8173290499351 7.30562659467068 5.85179565910027
Mal 13.7349626522912 7.30033704879599 5.06299860263302
Ppp1r14a 11.6364140832667 5.00924282548723 4.03757821795156
Ugt8a 12.4519971106063 6.25987816390437 4.23442880885491
Mbp 14.157599599605 8.87409140136687 5.28139178339829
Ndrg1 12.5863264169937 8.2230932461624 5.10529213951376
Mobp 12.7230477260944 6.42848806787839 4.64343017676507
Ptgds 11.4093641109035 7.01751171481126 5.30457563205169
Pdlim2 11.9780728425084 8.11773858156122 5.45225832171037
Lims2 10.9587784442642 7.48133288371624 6.7780441470529
Tspan2 12.5859366750083 7.63693059246602 4.84390924016187
Slain1 10.6072546971904 6.96777877103783 3.83785991001748
Plp1 13.4184672933909 9.45200955855721 4.42293474419256
Ddc 10.5712982326979 6.12876397934363 5.02914470690265
Nkx6-2 9.31149519440258 5.16657879680591 4.94916657055286
Anln 10.255079081242 6.04646755537515 4.8384219940895
Erbb3 9.62421530577485 5.77664900381048 5.34505332846869
Plekhh1 8.40720244695345 4.93317828410093 4.47791009807017
Mog 11.2862078900689 4.35394980370088 4.05632999264306
Josd2 11.1204896695541 7.33454940471187 5.90872785054819
S1pr5 10.5908566253096 6.12429074962611 4.38008013221703
Adamts4 9.64470379026014 6.1661624221093 5.29133783767279
Mag 11.3330371450903 7.46301176076945 6.1656399768596
