Gsn 12.0227222700344 8.28108073473025 4.79790737046963
Cldn11 11.0055926618731 5.33365181697183 4.1562466470618
Trim59 11.3298462691935 6.29651604079339 5.71767021593846
Olig2 10.4794996947016 7.10488215165191 4.36339826962912
Apod 11.717817340959 8.28641981393487 6.4283301418959
Lpar1 10.8242588292162 7.45631523230995 5.83074664620607
Mal 13.7136468197563 6.98369275516245 5.11207553175196
Grb14 11.7261835453309 8.01319253303125 5.33656842545177
Ppp1r14a 11.6010584922666 4.81025681763737 4.17491016017292
Ugt8a 12.4817311403255 6.61575838716423 4.28785470811497
Mbp 14.1670296769924 8.75178125889413 5.6556005635287
Ndrg1 12.6046574548512 8.29190409945397 5.0841187143365
Mobp 12.7650751481506 6.31932602574401 4.77584970486148
Gamt 10.8519966240758 7.42291099315304 5.83714682056254
Ptgds 11.4698874691145 6.99291401422518 5.39855035457404
Pdlim2 12.0266070723945 8.38180192585391 5.56609690950272
Lims2 10.9023157615553 7.43590971670038 6.74430117744349
Tspan2 12.6063878183851 7.65430163195779 4.99449552560038
Slain1 10.6829489507879 6.81340226342094 4.15928583129612
Sox10 12.3087911696974 8.69573271615513 6.7338831804819
Plp1 13.4374188920705 9.11264763710545 4.51837492820215
Ddc 10.5472236411345 6.10406154211914 4.98697940848984
Fa2h 11.6791159999504 8.09162771460099 6.21642644420839
Nkx6-2 9.31271218110764 5.25260098806109 5.06014207639383
Anln 10.2931691780264 6.20732197750863 4.79907315531162
Erbb3 9.60811145435725 5.77571567032439 5.37459113007798
Plekhh1 8.36722247749656 4.84885069217621 4.53868235539802
Mog 11.3366689979897 4.45650374621628 4.08591004602581
Josd2 11.13422663514 7.20214819287517 6.26692207734611
S1pr5 10.6108546674859 5.19306359705587 4.30243231281347
Adamts4 9.80079952865712 6.24530094219495 5.67222931888319
Mag 11.2363272489725 7.4597126464161 5.97551042234804
