Tppp3 10.6095644520264 7.00927346227974 5.79248073556221
Hspb8 10.3111796656594 6.24632982068956 6.09613847110761
Shd 9.75196020814051 6.30427341181497 6.12160738173769
Trpc3 11.1760872362626 6.36648356422725 5.34332045358383
Sncg 10.2579472200085 5.15453368297129 4.61680022375018
Ufsp1 9.9597300812035 6.54688616730142 6.01608890072979
Resp18 11.4708452209006 6.6639120140989 4.55352009499914
Unc119 11.3341725939914 7.08781067131154 6.88460381881483
Cxcl14 10.8989313612432 5.99293791118601 4.82945128218739
Pcbd1 11.9518375526459 7.24176817949168 6.52603974348575
Hebp2 9.83731119316302 6.29909605892467 5.88841655812983
Mt3 12.0880395435769 8.4655972551907 7.14971860682565
Sln 8.87798342214744 4.8379831048261 4.73425466749271
Ngfr 9.61547782245055 6.28185883036151 5.94193128500036
Elavl2 11.8290469985585 8.00521769231661 4.22689290394845
Slc18a3 11.499183432934 5.24922020952698 4.77808730408303
Ecel1 11.6263184424628 6.94372129659829 6.14126984151929
Ache 11.6408769206902 6.77704410755225 6.47566392434564
Cartpt 9.41909584519271 5.95859674141891 4.81764630100796
Stmn2 11.2677446272363 7.55793870286804 4.13928575952131
Zic3 8.92379468926038 5.18803785281191 4.6595554703729
Zic1 11.8115318782944 6.59697960975919 4.63425184484831
Dner 11.7600006233233 8.39040098396486 4.14491773620805
Tspan17 10.2673558464305 6.30640341402856 5.20398643433386
Wif1 7.76378806086366 3.91972581714631 3.86222993900785
Lhx8 12.0766196879855 6.29724774136668 4.08125589196919
Cda 9.14361203192943 5.76626471942389 5.75899434893739
Hopx 10.6367189101918 6.43150666989736 5.98462964873685
Mela 9.92797255491494 4.58010849990658 4.44716391968425
Tacr3 9.23011299918996 5.20866218361842 4.35095826452118
F2r 10.4234859728975 7.01396448816223 6.16675892327456
Arhgdig 12.0727804194228 8.70295261458715 5.67244233935743
Gpx3 10.7499082120009 6.65452469654503 6.47307528690737
Fkbp1b 11.9223058174224 7.65707623518995 6.54385843169366
Hcn3 9.96926855682133 6.52064327121296 6.38739459346755
Crabp2 10.3274019625677 5.89414938437617 5.27735669767374
Adcy2 11.7540194128276 8.24729245073745 6.5631682889206
