Satb1 11.5619161689621 7.57093571301455 6.83587863009071
Pvalb 11.686934339121 7.79289753147678 6.29666491283261
Sst 14.2064566787267 8.0263945380412 5.95426948421766
Timp3 10.1926310060006 6.14991600477288 5.70209629845332
Npy 13.3454508642041 7.5474767739609 5.63293485350555
Lgals1 12.2721601262823 7.60948756052155 4.56342709410163
Dlx1as 8.90259504179084 5.24319797998539 3.90455238502903
Slc8a1 10.1950343963781 6.79997605111811 4.6348564957568
Arx 10.4072598695743 6.13813920661816 4.05916679170347
Col19a1 10.7576780703524 5.03936526407129 4.12124601725318
Gad2 10.1894812521186 6.59803617135614 5.71945796349655
Igfbp4 11.8971065152113 8.23482853972127 6.05817385410835
Lhx6 10.9293485821738 5.65461018702893 5.29297818884062
Rab3b 11.4455737716884 6.87027904441548 5.67494933285804
Ache 10.4180193965632 6.23133633212406 5.08741555230172
Slc32a1 12.6253178651895 7.47447480526785 4.76283037759845
Socs5 12.2654551442923 8.55601148189477 6.95763246768159
Cdh13 11.7798765224806 7.90744757918764 5.70002368079842
Pnoc 10.8248174031488 5.70500040817893 5.54165414825103
Olfm3 11.8039589714852 8.00533601951838 4.91636098278418
Kcnmb2 10.2238167462415 6.49649376599669 5.42421086920436
Grik1 9.15476661666847 4.84612273116443 3.76037483496453
Abat 11.2798242379061 7.91155361442945 5.19587497658044
Fhod3 9.57646488405029 5.81018546632273 4.63772729744548
Rpp25 9.7856099246939 5.04011269059455 4.53650745506043
Reln 13.5398897525198 7.66154851050073 5.68410479400474
Cort 11.9208752264714 8.07386088152852 7.21083101638477
Grpr 10.0510154067124 5.86450192340341 4.82468201887458
Klf5 9.66698150148354 5.94827773505311 5.30567897435972
Slc6a1 12.0712282316546 8.60774994662527 4.34650977939058
Rgs8 11.6832234331956 7.98232563176942 4.93903025036398
Nxph1 8.99316321790731 5.53456395092237 5.3454373712418
