Ddr1 11.3806252809032 7.55810552120781 5.39637047514934
Gja1 11.2121089105517 6.73585579481843 4.59854662708306
Ehd1 11.9164344513689 8.1373273172477 7.45317972678747
Dmd 9.30343272820544 5.96390966696029 3.9822905221974
Npy2r 8.58807490474929 5.08780875520445 3.7389344972618
Grb14 9.72529966821467 5.88272388296158 5.33656842545177
Cdhr1 9.61656154218477 6.11640890742725 5.26654809481378
Apcdd1 11.0213329543662 5.90970315155504 5.22757141432555
Tdo2 8.2728508428465 4.20148217639765 4.0608892421294
Mbp 12.3526092986937 6.60423845187692 4.21935838372507
Ogn 9.25841425150619 4.27371845579841 4.12593425285176
Mobp 8.20946510668395 4.88082971395997 4.77286098842946
Cyp7b1 9.92410784687969 5.96264875258538 4.29029118758351
Zbtb20 12.606016745962 9.20131297632355 7.34581549747793
Sema5a 9.87963404222364 4.52084398864991 4.44280585169297
Igfbp5 11.1573189049267 6.02821772600863 5.20373898827755
Timp4 8.26002442126943 4.90364605582959 4.45970973441686
Cald1 11.034660569559 6.39862282707231 5.17846959192789
Trib2 9.86637131024554 5.63884783738227 5.05366184399016
Epha7 12.4006567256755 8.32850971925409 4.35527727763632
B3galnt2 9.7328609962439 6.01654281657579 4.32121521854336
Dsp 12.8559494830127 5.22128342097991 4.27925617829072
Lct 10.7752795088143 5.89209717076004 4.83714972613105
Rerg 8.2276799813502 4.82173743987394 4.55382926700432
Rai2 7.92720552349606 4.08380037656398 3.67143791777532
Fam131b 9.00972362565845 5.45525367189036 4.44451459106336
Pcp4 13.5374141561269 9.62202751226143 6.79009358593069
