Ceacam10 8.75773323360703 4.62502419335418 4.31710469333269
Ccdc109b 9.01793009301692 5.31988280191123 4.69577975116823
Gdnf 8.42459814167844 5.06592942479274 4.64208312932873
Sgcg 9.5636115283199 4.84275030148078 3.6355053524911
Klk1b27 7.96256134403938 4.4805141034759 4.15678648128682
Hapln1 7.87696962921835 4.47621578082094 3.85524498467993
Elavl2 11.8275439539154 8.29439971835182 4.10090376611033
Serpinb1b 11.4352421067733 5.61252377592983 4.80394537103753
Mal2 8.40608602355201 5.02464661645838 3.79103952755541
Lrrtm1 10.8486849120079 6.91677676871146 4.58567471302218
