Golm1 13.1792932323564 6.62695393180433 6.55500863867678
Dusp6 12.1118170992931 5.93463084004111 5.40984717292094
Tgfbi 10.214108505107 5.5821805279521 5.5424849025622
Sgpl1 9.58944930363067 5.51356347116107 4.70217563942192
Junb 11.5499826198348 6.17457832759015 5.68326778329059
Mpo 8.64472480371545 4.67086732313182 4.58695191992185
Vcam1 8.36494692944489 4.85154971144611 4.75827656519087
Txnip 13.6926905825169 6.30113629634528 6.16833601944171
Klf10 10.2647564636486 6.75824421436592 5.48528277759816
Cd9 11.7908634776503 7.20849774254865 7.01530000660622
Cd34 10.4821943254353 4.89874991560229 4.56193746196467
Sipa1 11.028832104782 6.69894919769486 6.36543130071142
Coro1a 12.5292545103329 8.73482013272081 8.64250814057157
Btg2 11.3906424677534 5.86594479176929 5.46180432679324
Ets2 10.9993775742686 7.57553713228632 7.50263056627514
Tnfaip2 9.07410944533167 4.27765866166728 4.23499337881242
Litaf 12.5687309938788 8.01107168536267 6.83105101702378
Cyfip1 12.6115291742802 7.70123749589679 7.50566268510502
Lamp2 11.5544716379291 7.89916768536927 7.50294580114196
Snx18 11.8255448234537 8.4294740205294 7.67594084726531
Ctsc 12.6108642775907 5.11672618480191 4.99365181311188
Ier2 13.4029366730924 7.30463953064021 6.7491876354616
Nr4a1 12.1194322490947 7.30342009540268 6.45999992734887
Nfe2l2 11.356253934114 5.47276276595633 5.44486306766406
Socs3 12.8477426387797 5.83814323419674 3.97488239695901
Sparc 11.7443656880018 7.19493425387818 6.72757327269847
Scamp2 12.1490850674193 6.78570587172475 6.60952106170499
Acss1 9.50387495272519 5.27952488057458 5.2770119088616
4632428N05Rik 12.9633024758073 5.09072465032576 4.95173398798068
Spint1 10.3283172527647 5.46805544915351 5.33614406933543
Slc2a5 10.6169587052025 6.80257127315804 6.4784750576894
Afp 8.35050803873215 3.98590187855466 3.91903940021745
Plxnb2 11.1496648391028 6.43777554202865 5.72183852869357
Irf8 12.5462653592052 5.46671668367055 5.37763160826822
Slc39a8 8.14296708004609 4.07465439109717 3.80356287480195
Parvg 10.4281853264487 5.97467971909098 5.20124710587886
Mcl1 12.2077605709068 7.39196044045732 6.96471177699874
Numb 12.2045539483535 8.83858311834334 8.56496481493795
Rps6ka1 12.3511118887686 7.76545981134165 7.0026964451835
Parp9 9.69879112347596 5.23812545646801 5.17389618869457
Tnfaip8 10.106166018297 5.45643022278268 5.19044036573458
Sirpa 12.4881260050488 8.55629015825447 8.25576553901531
Mfng 10.2459357618163 6.81514668424643 5.90764022844176
Slc40a1 11.6873175794834 5.84109318794398 5.74771857862827
C1qb 13.3809165744448 4.9544211246104 4.28078296322454
Egr1 14.0292728577336 9.2606810407348 8.41771074376753
Cyp4v3 11.0156233140278 7.08951146532165 5.78090107449651
Syngr2 11.5324666076936 5.98665432146186 5.78045829582971
Igtp 10.573481340332 6.89381651556727 6.56744265319845
Usp2 11.740363352364 7.26050617768075 6.17529345687099
Ccl6 10.4831140019336 4.49657186678096 4.20362237889185
Cd14 13.3794861542207 5.81237559338127 5.60755581270893
Plekha2 10.262903961652 6.53578234370936 6.47941490679675
Tob2 11.2863217891244 7.6485491172776 6.81536458547121
Pycard 11.7530559991681 6.59977367024725 5.57173237059015
C1qa 13.1874316054276 6.11166697955768 5.89784695377695
Il16 10.5676116874908 5.62442110426338 5.55078995792104
Slc7a7 10.9326702827516 5.12961316467374 4.86285110800583
Klf4 12.8356975471887 5.17977833127529 4.97717833796353
Sertad1 10.6760235504756 7.32628622110569 6.71238909504598
Jun 13.1513958362792 8.5960455657701 6.76415624382569
Srgn 13.2795222117037 7.39064193911756 6.3544561172753
Myh9 12.5447914497017 8.00133473247199 7.8608746075995
Nfkbiz 12.6921044506167 5.10660516151786 5.00382498983108
Tgm2 11.6702792723547 6.91691871482012 6.21360226870599
Plek 13.0385446953369 7.53413918681714 7.08665636886529
Itgb5 13.3122301859398 9.04151427846568 5.31153306009077
Elf1 9.08464008124719 4.65213592789317 4.33267218145214
Rgs1 11.3590498478886 4.76713171037749 4.25451456175089
Tmem37 9.84921340109981 6.4879320259474 6.4109539210628
Ier5 13.0447369736646 6.84232156175131 6.63967754111835
Rac2 9.85175366603671 6.41662329471311 5.89919736060335
Nfatc1 10.0088645121847 6.51112075017004 6.0482579827108
Cd79b 8.10777669835161 4.6722855346488 4.65141516804747
Snx5 12.5419589726741 8.86931028970735 8.51269016643978
Elk3 10.4319956263106 6.38542826911907 6.07480005326648
Naglu 9.2020102640205 5.59467991715346 5.54426564081836
Laptm5 13.25292607905 7.16325607165464 5.80100576954134
Tjp1 12.026873644078 8.13023396927425 7.38671785067687
Slc25a37 10.7377469263125 6.91523322927624 6.73861503681943
Dok1 8.96017610558315 5.63575600536548 5.61849119756175
Serinc3 10.7887820532689 6.67818850315946 6.32069192469956
Ctsz 12.9968566741552 9.25124861709975 9.02750418278903
Fcgr1 12.2955371160684 4.8992142415221 4.58002307715704
Slc16a6 11.5647594820405 7.63661699752501 5.86456588112715
Pdlim4 9.51167808110339 5.37199538122807 4.88927404943171
Ccl9 11.4677327663853 4.94474005160343 4.5634961556123
Trim30a 9.81298833801394 5.33596910680322 5.13320164398498
B4galt1 11.1336165305587 6.23262910359793 5.90350375319646
Tnfrsf1b 11.7452188608572 6.10000529169881 6.0360449385543
Inpp5d 12.4577394438636 6.44272060680746 6.19728705986112
Aff1 10.7788620635381 7.34068345275537 6.66416950960704
Tlr4 9.57555684780965 4.47612886996073 4.39761144917182
Pmaip1 7.97566326054479 4.26654173582062 3.99442360946552
Aif1 11.8214348072249 6.11790994057383 5.27238336573051
Syk 11.3160084368777 6.24692632674482 5.76791892942107
Klf6 12.2250639567383 6.46598880920181 6.34329331587674
Crybb1 12.2648088011919 6.81072684379216 6.68444230675597
Fcer1g 12.6718396223893 5.94991686359854 5.62354794032918
Ctsh 12.87251521366 5.8696320100307 5.60927182921131
Gpsm3 9.55595780536678 5.89039095048309 5.36090413193814
Ncf4 10.7292352869563 5.3309925147691 5.06611522442381
Nrip1 11.8222365777829 8.10130802906494 6.77172718777623
Ggta1 10.3002208247185 5.26814772950295 4.77909861154971
Calcrl 7.78386106503694 4.07142460177632 3.87504822943301
Ptpre 10.8054724634459 7.23436747234017 6.92050299173295
Sf3b1 11.1886276250162 7.77693050712963 7.60320839635183
Lcp2 10.4089431447829 5.08499053761248 4.71918189147402
Ngp 12.7574775005176 5.5766298330813 5.06995927982614
Spi1 10.4190424481911 6.15216045951948 6.0068178084584
Atp7a 10.2141459779396 5.95152821036828 5.51280669049432
Csf3r 10.4683520496493 5.33485372204955 5.13119017198898
Ms4a6b 11.2554621340409 4.88519943486235 4.77646803918208
Hcls1 8.70906636115833 4.91920300202301 4.76596365639962
Pabpc1 11.1781404360411 4.22173130596204 4.09153113235786
Plxdc2 12.0745716973584 7.07595496916426 6.79281789527198
Cxcl10 9.72683118350032 5.38683573418712 5.35995351820661
Cysltr1 9.25437959121948 4.2542416045702 3.97070946459673
Cebpa 9.84230025530157 5.48138048677652 5.22835553061529
Cttnbp2nl 11.6991350325633 6.04590654633892 5.94909234671835
Lyl1 9.96552235514374 5.18659140787616 5.13154208961031
Ptpn18 10.3344380846283 6.47729001042149 6.0898220579542
Tlr2 11.9276981137555 5.72000785951619 5.29749618452929
Cd163 7.96377468160987 4.61860533840242 4.32013830669132
Serpine1 9.65311808101758 5.03631312480609 4.81402335567362
Sox4 9.86978784622112 6.44296680514083 5.41224190980232
Mlxipl 10.5385226388773 4.87524908179705 4.609035053706
Cd37 10.9003612304416 5.53538163440216 5.49805032883379
Map3k8 10.2772018482877 4.89431906056445 4.82360959627746
Myd88 10.6605178444686 6.13553505919202 5.85750559928531
Ccl12 10.6391731596107 4.70058762214387 4.65508810475518
Arhgap4 9.32893709991249 5.31906839120905 5.21625774361592
H2-Oa 8.62773488286702 5.01001192406197 4.81396113052763
Pon3 9.25424963832735 4.66612691787762 4.22350334069156
Slamf9 11.1460693903532 6.66251950541189 6.29097787297247
S100a8 13.1710031765985 5.44828789643553 4.57564722388281
C3ar1 11.7048817822179 5.28647222573661 5.17226429285279
Ripk1 10.2351943744533 5.68033401771368 5.33528326241312
Fgd2 12.0963667807367 5.95044766851686 5.84873126024301
Rela 11.8418378886618 7.5433802154079 6.65532131553377
Ccl3 13.5359936909524 4.51213630643138 4.46578135019015
Ms4a6d 11.4841310922632 4.83386329757179 4.62355068528755
Tnf 9.93397669508449 6.58690541151416 6.05823977132185
Was 8.02197322990764 4.37982544557753 4.32180351136646
Ier3 13.5124048716238 9.62083931789732 8.03579821490133
Camp 12.4507582747533 5.64065655637959 5.49330371444161
Klk8 10.1827990465209 5.73295022558393 5.54258326514076
Chil3 11.4871946767607 4.20207274064547 3.92584729176653
Arap3 9.99309938625579 4.39222588813888 4.19022444354088
Tlr7 11.1537008662761 4.93218452804936 4.89457861813598
Csf1r 14.0292728577336 7.67404522858468 7.24843327510859
Hpgd 11.9738918982247 5.2772104523636 4.8189109676016
Rab3il1 10.3829864041852 6.58501646411838 6.33206765770722
Mcm3 9.01275163949269 5.32621099955123 4.8167283495186
Gdap10 8.59879464478789 4.460305121809 4.0055163635145
Slc11a1 11.3948658681908 5.56443847891133 5.28384223943574
Hnrnpa2b1 10.1857595588016 6.84037067016022 6.58745710889702
Ccl2 9.3887194295731 5.19594696991683 5.02822066452905
Cd86 11.6527693006629 4.88778420757242 4.71105149249163
Prkd3 9.77821211859841 6.25785177100352 5.43308625427226
Gpr84 11.5263505075912 5.62847258310739 5.4413284797118
Vamp8 11.7850542682879 6.76829972551242 6.51834918266939
Tcirg1 11.2860007996333 7.16748571630897 6.99379959832159
Sqrdl 11.1213981292751 7.28643165297765 7.08846170025847
Trim12a 8.39694276788024 4.33101920973239 4.26035716096962
Zfhx3 11.2191522315493 7.814425607013 6.91818174893796
Slc15a3 11.3995649353571 5.39590082882258 5.30375301539832
Clec7a 9.25038759656192 5.13563686756466 4.61386452844047
Rel 9.43208070521036 5.10731123549168 4.99040141668643
Sla 12.4329217789332 5.92554103453677 5.83296383055018
Itga9 7.44944104381667 3.92328359320675 3.68320430042341
Tgfbr1 13.5090583473981 7.38673573814888 6.52681076174848
Snap23 8.48388126836494 4.3733602568434 4.11340086268044
Adcy7 11.9949098164077 8.19066068182659 7.46789914861914
Rbm39 10.2573002722239 5.89573655678507 5.29673889461482
Rsad2 9.7910425144954 6.05376537420084 5.85728916059722
Mef2c 11.6348296409646 8.12143657888112 7.33658443557474
Vamp3 10.8864314514484 7.37100374959721 6.68802700290479
Bmp2k 11.294755197974 7.81037699057519 7.16325401601719
Itgav 11.4469634886707 7.92725625479302 7.63792114322212
Lgals9 9.69958847858634 5.61207617952951 5.56400801492841
Bco2 8.889124080815 5.35629425565801 5.10839633104175
Trem2 11.303795824757 6.51330293451995 6.47261880044463
Gna15 8.99367862824198 5.38286526075618 5.16679307589428
Bach2 8.74505539894091 5.32549690621088 5.28038684852621
Myo7a 9.50521719944788 5.71008896716021 5.61248269719849
Birc3 10.6915102166933 6.71056433420743 6.36921353799144
Igsf6 8.83394697282607 4.59254528287897 4.20432681199864
Samsn1 8.81738530496463 4.76740504354501 4.65069343449407
Il1a 10.5376640185961 4.15335539227649 3.93428801575557
Hpgds 9.22775583355141 5.0389238488751 4.95836668715213
Naip5 11.0978070538461 4.4618623786546 4.16800921052043
Ccl4 12.6588721873418 5.84096613377892 5.55942192381584
Klf3 8.5494364974985 4.97013835707703 4.47261031019392
Itpr2 10.8475742428576 6.06346270903409 5.89869665264217
Stat6 10.468465477124 6.29207015551883 5.17351426792897
Phxr1 9.60693645820777 5.75600210375788 5.7156530643743
Abca1 12.0542577742267 7.07945075341319 6.00743646164653
Adam17 10.5495689245511 5.73781890557165 5.33952476585896
Dapp1 10.6129812986097 5.15182885219031 4.69902765684484
Clec4a2 10.1399334143348 5.20320714723349 5.02020061309013
Fli1 10.1221580891138 4.16211750437254 3.94701509412986
Ets1 9.52298260959165 4.11537869167175 4.0734092412638
Ptprc 12.4924457080349 4.44235096474408 4.20436006948565
Fosb 12.0153263432166 4.89767326621206 4.80268566230972
Ccr5 11.6775104276773 4.55749944942569 4.33504822124439
Il6ra 12.6762370901779 5.79481203484255 5.63453526477188
Phxr4 8.85549062606335 5.38397535144392 5.28118256229143
Tgif1 8.32241012578398 4.35015193791767 4.06908168428307
Pla2g15 12.3402771280608 7.19434679753938 6.2941043732151
Itga6 11.5191682655928 7.56654621498023 7.27594085548509
Ifi30 11.3741036101554 7.56660678081504 6.75333682901891
Zfp36l1 12.768092682973 6.29059988174635 5.39640668865002
Gpr34 12.0465417111213 3.95758199885374 3.90979543511672
Ndel1 9.33926152391583 4.83777045024587 4.11541127184106
Rhog 11.1977184303104 7.63737790608375 7.58704210636038
Rnase4 13.0645450224258 5.85101623070616 5.6981658594188
Hk2 12.2311857728962 7.29208317722277 6.0741468578455
Fam111a 8.38937991141375 4.98296260654642 4.53708599238479
Hfe 11.261965590755 7.6445650328459 6.95982343359838
Naalad2 9.57573482021452 5.89629276246205 5.53168069182711
Pik3cg 10.1391450667911 4.85596595461177 4.75886886190107
Zeb2 11.448770010793 6.9303816813628 6.04949404654167
Btk 9.59129305907372 5.73821854744578 5.5436014784594
Tlr3 9.57440918362698 5.92709020807903 5.27373065519736
Dock2 8.82632728691093 5.32333169950503 5.04231691493552
Prkcd 11.3269526908875 7.21917124525181 7.1115401016635
Mertk 13.1492058693859 5.89126792992204 5.70072208662942
Cd84 9.79853579725004 4.69587305184597 4.69006460916913
Ly86 13.8484382572477 6.33479479715789 5.85794750373922
Vav1 10.4988780096262 4.31089112846885 4.13002858761693
Pag1 12.681394781079 7.74341995258803 7.71023596081552
Fos 13.9214281458166 10.4866059880019 9.82326592769562
Cfh 10.9189995251726 3.88645041862565 3.86533217301116
Tnfrsf13b 9.55249902249023 4.64461424600971 4.25909738756217
Cebpd 10.5727375378467 6.94684075910863 5.03855347090166
Luc7l2 10.5406316174713 5.75791869567243 4.84158533928187
Hhex 10.0129558927535 5.214466738708 4.88049093399864
Entpd1 9.36332417160173 4.62121195048847 4.42612694057661
Ptgs1 12.1460566579667 6.1231322717275 5.34760504846628
Adrb1 10.6329930698674 4.91441495668859 4.58069145721325
Phip 10.156072318602 6.6015032472028 6.22592943587814
Rock1 9.71866098593074 6.2242026869111 5.76386145565369
Stk17b 9.82516171443988 5.98192180926035 5.2559926365359
Frrs1 10.5118954880326 5.1930912665689 4.99038307604707
Lyz2 12.6255399097117 6.5111691919814 6.2801046153638
Ssfa2 10.3963514628908 6.72956491052233 6.44237282988295
Ccnl1 12.9467381083197 7.28586977159095 6.95121926242398
Galnt4 9.17182977737832 5.16240189863682 5.12978658630068
Ctc1 11.7381009275171 6.85406505057441 6.64143668806902
Unc93b1 11.2638153754962 6.55173138628791 6.10100487975983
Mob1a 11.6524237224905 7.85441439545368 7.81552581519724
Cmtm6 12.3249537931389 6.72109680174229 5.90838155177885
Sfpq 11.5941111598284 6.45525104997878 4.99639886377576
Tmem63a 11.3673624046704 7.78655233347875 6.94122188416384
Tspan14 11.1135085123949 6.77339714591138 6.01413522710218
Lpcat3 11.4010483293012 6.99002984309491 6.78913835309661
Pxn 11.7931446549569 7.19370669284583 6.42434498503683
Hvcn1 10.3744362140918 5.53340915804928 5.48524563080295
Edem1 10.5468048765477 5.31441416619675 5.06759915971348
Icam1 12.0835121128031 4.79174868421074 4.6077529747708
Ptbp3 11.2821230739434 6.73495433774916 5.89720408407832
Oaf 8.33140333267153 4.94981508985039 4.8354321039559
Epb4.1 9.22094138282395 5.74394991489619 5.67691664268941
Prkab1 10.8294129270605 7.43525170916312 6.52688804124042
Rbl1 8.60653858129746 4.91838348497935 4.68966549802444
Rcsd1 12.3327371826167 6.80159200940158 6.56416473036152
Npl 9.96550349349474 5.81377039475901 5.54301202858001
Tmem140 8.37653073680301 4.90077790766568 4.64896618670351
0610040J01Rik 10.8216796982396 6.22978356529238 5.75239115543082
Cklf 11.4118605648373 7.48442591662192 6.39069761867425
Cd177 8.34962699286364 4.33310889313266 4.18365604672686
Casp8 9.75678338176791 4.72811542991976 4.40755000054046
Tmed5 10.5709139699701 6.63116616390831 6.54924127469102
F11r 12.1396861374846 5.80224920260734 5.65066580061895
Eva1a 8.74419904985229 5.06866437148049 4.99773824693711
Mfap3 11.424323136373 7.67188882388186 7.14874631458836
Reep3 10.8117416298317 6.55031240964144 5.81770621676706
Tor4a 10.2205590701386 5.61161580673115 5.4872276449647
Ptbp1 9.15244960297567 5.20355143549675 4.92284735605952
Lpxn 10.7275528959061 4.70328898627491 4.41547112882727
Siglec5 8.28941632201165 4.53259593799177 4.27089155834937
Mylip 12.3911493278824 8.0050945964789 7.89056046431507
Fcrl1 9.22764356004362 5.19584072868519 5.12573849667197
Sppl2a 11.216310941421 7.37796336900663 6.88704324804698
P2ry6 11.5574667748729 4.62406972527334 4.50613037810776
Wsb1 12.1255060427543 6.90474368442994 6.40522898440462
H2-K1 12.7949568117272 8.99474056464629 8.4182624515889
Tgfbr2 12.4393744689228 7.36992459038405 6.08457162055184
H2-Ab1 8.19904913228906 4.79644480336585 4.76966024882103
Ceacam1 8.80282175058088 4.5312572620031 4.45341260368837
Mlph 9.57489838859243 5.27344312146744 5.13748526202274
Ptprj 8.29280934547327 4.95640856908989 4.92443793995729
Ncf1 8.88584686160739 5.52978292743318 5.1213250019847
Il13ra1 9.84239214017086 5.27387422343229 4.98198778142645
Adap2 10.5722797031115 5.57874089246272 5.47061071516893
Akr1b10 8.12473567494519 4.52970945621392 4.52914789750766
Lrba 12.2631508876539 7.72232248930889 7.44615275890917
Pld1 10.8239587790307 6.18262237975142 5.93280841258443
Ggnbp2 8.92116224716715 5.12293837615035 4.87562652818514
Capn3 10.3369957490321 4.721250470972 4.60280387063765
Casp7 8.39895339652514 5.06100538695603 4.7507843633869
Rrbp1 12.1135184174842 7.19490400649189 6.96465455172036
Clk1 11.9522343163908 8.27492855928104 7.52443577286443
Glul 11.9280143428985 7.89163321480662 7.37318693554237
Arrb2 11.4983554070217 8.05545332894586 7.47352983560845
Pros1 11.4603712254362 5.8826829853297 5.44227635302647
Ifih1 8.92117937270675 5.46949338121328 5.45814437970614
Rin2 10.1168098461982 5.75380892027509 5.49356444363545
Arhgdib 10.7973257228637 6.57632970990158 5.94825184420781
Tifa 10.8074268423842 6.94561754041769 6.25519004561217
Arhgap17 10.9767981793134 5.52412514207486 4.98789300318395
Phgdh 11.0749094502032 7.55944543059299 7.10190969575098
Parp12 9.49139397984138 4.88644994001266 4.63283882524668
Trim47 10.0791566495733 5.29779250759136 4.88798487637438
Lgals3 9.11302237976578 5.45104155953397 4.67422782774782
Ddx26b 12.2044872770196 7.46516584564032 6.80269672409245
Slc25a45 10.8173200145939 6.64790521049249 6.30498537891742
Jmjd1c 12.718371512436 8.06100821085011 7.93826674069487
Mlxip 11.0084570885722 7.65480172499356 7.06358439774213
Sash3 11.249005723635 5.53224985660829 5.33263480273575
Themis2 9.99513496121799 5.28926451142974 5.27916982022847
Stard8 8.86754170680289 5.04255411315387 4.60395029515037
Mpeg1 13.5931395335038 6.52547168638096 5.88542440064495
Hspa1b 12.7002530870076 8.61550498658832 8.57179220601413
Xist 12.7596727744674 4.2780158516037 4.21387671200415
Cd48 9.95999221182058 4.55950832873004 4.41732237835338
Akna 10.7072692564892 4.92180412480329 4.80582542275481
2810474O19Rik 10.3199763689726 5.82664439185687 5.78766933058393
Sult1a1 9.98708391284936 5.40522516782485 5.19750445905139
Fes 10.5551239260507 6.33456734497372 5.80826807666765
Myo1b 8.57502259469562 4.7506636583374 4.72706078143364
Cep152 9.74520694836984 5.53544362623374 5.24197375614104
Diap2 10.171367858732 5.70792439252837 5.33606436724605
Egr2 11.2484829324693 5.03008356269328 4.3387844383797
Ccrl2 11.3826980615646 5.60469416501455 5.52432993698744
Lcn2 12.0118513639671 7.18074074023628 4.19355366278901
Hbb-b2 7.88283645776123 4.33643912336221 4.15364184301453
Myo1g 9.24155609377298 4.78402987420586 4.62275271370092
Tmem173 11.0989726590541 6.44260241398404 6.07382716301504
BC028528 8.76172624772281 5.05398682637299 4.83104582862621
AF251705 11.9378287827213 6.87680684123204 6.55819926373155
Arap1 8.92681515212257 5.44220493082201 5.32931414217522
Hmha1 10.4292840746509 5.85934447448209 5.78718071319707
Rreb1 9.67685838321431 5.5481786492206 4.92939131951742
Gmip 10.0312950363764 6.19365230401276 5.75051145548752
Nckap1l 11.1514517971807 5.30833929638518 5.21433739588029
Abcc3 9.68880748830503 6.34865743304269 4.94744800253799
Rhoh 10.6886747062572 4.97931267590675 4.95741569873469
1700017B05Rik 11.7630363477309 6.08709251630795 5.65304962441263
2810043O03Rik 8.26904649519335 4.12417353148874 3.73310128598771
Gusb 11.4166507135997 6.57039617083833 5.79719894036024
Lair1 10.6341607739461 4.83097530322996 4.82626920939608
P2ry12 12.3417720061336 4.58056573394949 4.3720735570862
Epb4.1l2 12.5141878325852 6.73988019469425 5.95400661335597
Pld4 12.0162068213804 5.56579154083889 5.10954244022496
D15Ertd621e 10.2021769651159 6.73405455952498 6.22939826165825
Lrrfip1 10.7165591037594 6.63321545104646 5.00239665923768
AU020206 9.7250304187546 5.57889181742156 5.21615255788731
Fermt3 11.255187597153 4.75815590088642 4.65766809380069
AW112010 8.13341050571967 4.8089003930629 4.26449941792356
AI503316 7.24215355940406 3.89569690690076 3.82039896556374
Tgif2 9.91494649369466 6.28405923915961 6.02950324656182
Dennd4c 8.68012767661169 5.16156287016321 4.68800790825574
Ankrd44 11.6555430067368 6.45804878353198 5.1732223659258
Kctd12 12.2024123826132 7.02525290054768 6.20354610411539
H2-Aa 10.95884712019 5.33373723557546 4.86550336706341
Fam105a 11.8141138102905 7.21893896813953 6.89954134391824
Herpud1 12.561534184029 8.54503782161682 8.08049647032728
2610528A11Rik 7.90612876986473 4.42385530181305 4.27864585101196
Cd300a 9.78331319123392 5.30579738577046 4.73137566399301
Tmem71 7.74769305584135 4.38556501130504 4.20544426039767
Lyz1 12.291433368859 6.34422888487158 6.23028696837688
Clcf1 8.66818372368241 3.90529121394544 3.85236355956429
Hmgb2 9.11494801820282 5.39878575328492 4.9296186495215
Zfp36l2 12.4844215051541 6.46032187129871 6.1277760248229
Il10ra 11.9204835825207 5.07837201945903 4.74863123296938
Hexb 13.9682695694516 10.0524428272525 9.50429661182427
D530037H12Rik 10.2863068988974 4.2370845626862 4.00328706332668
Rbm5 8.29032168172587 4.91574649117463 4.29818245294588
Rab20 9.47961105235741 4.64761962149988 4.02116208642251
Slc9a3r1 10.4708123572034 6.97872927696097 6.6900924453506
Grn 13.5694893497197 8.46943849855966 7.75938415993035
Bach1 11.8359025049111 8.13528307341213 8.01767510595413
Ifitm6 9.52062006754197 6.00265153913679 5.68999999542797
D9Ertd306e 8.17933645172779 4.04772781015389 3.92373620017805
C79242 8.37764848139916 4.4137815657075 4.33241403563576
Usp24 8.62350684235725 5.01171275421751 4.99013737187499
Fam46c 12.3008656779841 6.25214251934611 5.32150825015821
Pald1 10.8157904216058 6.23511241194779 5.89094833366664
Ifngr1 12.0120817823602 7.81366096102362 7.68102315495342
Tcn2 12.1131223131962 6.66511369928564 6.55497022191785
Anxa1 10.0891907764378 4.87373547352907 4.84524095113872
Cmtm3 9.80544069396922 6.05751064698942 5.76190051366862
Ppp1r15a 12.6842681011032 8.05741326208282 7.70662559318205
Slc15a4 11.4134041549916 7.99669885167576 7.88291296771166
Dhrs3 10.8664384075394 7.52008991340402 6.52253840326691
Lrmp 8.72621364395205 4.48851222905984 4.43025758944636
Olfml3 13.5589885962411 6.40501626104174 6.32012349545634
Pla2g4a 9.54677550171969 5.34311241640977 5.07880244445098
Ncf2 10.9678841319022 5.77909901633532 5.61234400258277
Il7r 9.09542824054331 5.02650886610297 4.60284788808559
Ctss 14.0972400899769 8.47220670724221 7.81941823692759
Cd53 12.647448770815 5.50239249611614 5.46247957581362
Fcgr3 13.39521832835 6.09318016697289 5.98225774970746
Hps4 12.4456398299555 8.88552398473118 8.86138330180545
Lrp1 10.9828380606906 7.373798120041 7.14030295346295
S100a9 12.5433488948648 5.10629776144146 4.82171338301467
Dusp1 14.1600590685473 10.1523247922667 9.31766798575217
Traf5 8.9887948057126 5.48006873352261 5.41489770242319
Hp 9.14524736055938 5.56979434835207 5.18365452209373
Klf2 13.0114488593516 6.0232075916069 5.5546281578858
Fcrls 13.5094801235154 5.72650542230781 5.51075121122222
Trip6 9.25539301100816 5.42859827597963 5.35987463829381
Tlr1 9.47210882993985 4.15587619353179 3.89858322706903
Rhob 13.3955639920773 10.040387527904 9.96248842545083
Selplg 13.4608296010201 6.6164966012346 6.47890593562535
Cd68 12.242490069775 4.99369779887918 4.95088051960595
Gpr65 7.84688309866013 3.95934440366926 3.82570700989785
Csf2rb2 9.41716750216967 4.91977764374212 4.52521506502161
Atf3 13.3007390383143 5.57412200972356 4.73198070268884
C1qc 13.5863871767458 5.34750639364307 5.33374371705563
Chst7 10.9028652320415 7.2653452412538 6.34257742881914
Hck 11.677853867497 5.26748425031503 5.08822162522095
Gcnt1 8.17673933531389 4.41652121201327 4.28522070939234
Casp4 9.24666718666705 4.06757902633801 4.03630713652505
Per1 12.0919859862754 8.07204714812464 7.49194752778404
Ly96 9.04291773410898 5.22049523148439 4.44549066164947
Lag3 9.95212609690159 5.58287392113202 5.38669574611304
Cxcl2 11.1862547067567 4.21243785984126 4.0715914139998
Ltf 12.2109361391241 6.90053122367526 6.4009755775921
Cx3cr1 12.8661645891936 5.79170348141226 5.6753212737037
H2-D1 12.6018887958776 9.11035090522357 8.18015400591021
Stab1 10.8319181809469 5.46677951448556 5.40207237906013
Ms4a6c 8.7493937712943 5.24586193404725 5.02478048521317
Evi2a 12.5292457386737 6.8327615263619 6.49691507142977
Il6 8.39447282799593 3.94157508863074 3.85277987032398
Pdgfb 10.784427213788 6.41789601961215 6.21832789583523
Mrc1 8.63837955832117 4.38189670096874 4.34596558916773
Cd33 8.8986929970054 5.33737143745544 4.97050413241285
Itgb2 11.8272052895604 4.6444575813719 4.50848683910261
Adamts1 11.3594540869076 6.56617141006266 5.2885976540503
Ang 8.39410428367088 4.13164981395149 4.01120963666717
Sh2b2 9.22244603896785 4.71868397777228 4.70244446790851
Tyrobp 12.8882077765556 6.0934763406847 5.37361360959891
Slc29a3 11.671269772336 7.37392878359455 6.61803492121507
Pbxip1 10.4089275516797 7.07144908914607 6.18791286240306
Emr1 12.7324162108168 6.70278030168927 6.0771975783929
Nrros 12.2035612900789 5.73040464097619 5.18783337028659
Fus 10.7406600410549 7.16213085808206 7.14963400540154
Tmem119 13.7062504747088 6.09725230139991 5.65844981803501
Pnpla7 10.5567704595249 5.37370563241259 5.33927352651593
1810011O10Rik 8.23549028637786 4.84649714056101 4.84218657765022
Slc46a3 9.78161930361504 6.39464824704859 5.955191282113
Parp14 9.29651035265735 5.09279508190532 5.0825266502027
Havcr2 10.6395343238155 4.39402547040201 4.21323191890169
Alas2 10.1192139258561 4.95229339471766 4.49614408160977
Cmtm7 10.2158890607314 5.57728197597678 5.15438100089297
Mafb 10.9468667556878 6.4101563007989 5.88188763806724
Apobec1 9.55069814656581 5.67531497714132 5.183244147374
Blnk 11.7867853033936 5.90089381372885 5.85246709925485
Tmcc3 9.49652683269657 5.26282475029502 5.20213544175222
Notch2 11.0904077018543 6.03790205053595 5.97247543446301
Vrk2 8.70364139558783 5.01954693669074 4.74286689764356
Alox5ap 12.5576931349978 7.72841349902066 7.61690292467359
Fyb 11.7070682335866 6.18032717579617 6.09498966558929
Ctla2b 9.98817720392032 5.83567796712374 4.31604349357777
Hspa1a 11.8296568285311 7.07838244672472 6.9464295527641
Slc37a2 8.63564598464605 5.29856909871354 5.20762587372868
Zfp36 13.4710413836478 6.07525539751586 5.96348884164116
Abhd15 10.2572440975652 4.68164981777094 4.68113298640264
Lmo2 12.1333491829634 8.65124773183134 7.98354274769981
Cyba 11.7795222099381 5.37884281916888 5.37586842117497
Spata13 11.8423721764084 7.50386802183117 6.88894421714913
Wasf2 12.354976901621 7.29301716565742 6.67514200006524
Ptpn6 11.5568573976642 6.637845606677 6.31835339869699
4833441D16Rik 9.111877090883 4.69021293444009 4.58741511031335
Tec 10.1464631671626 6.16651071282859 5.49636144065481
Cd52 8.87459768254704 4.78450070842295 4.57833113247037
Irf5 10.4986359523617 5.87585653935651 5.7498649952889
Wdr81 11.497830880817 7.86754851186343 7.44647276268812
Naip2 10.6906973938164 4.61626340133622 4.49400937905135
Anxa3 12.8939144704404 5.7452998652324 5.40053727781939
