Golm1 13.1792932323564 7.77390382411843 6.55500863867678
Dusp6 12.1118170992931 5.40984717292094 5.09666663625459
Tgfbi 10.214108505107 5.5821805279521 5.3522132726667
Sgpl1 9.58944930363067 4.99213824534526 4.70217563942192
Junb 11.5499826198348 5.68326778329059 4.73824143309147
Lcp1 11.9186828085383 4.74946477988088 4.38352883039109
Txnip 13.6926905825169 7.27031650770208 6.30113629634528
Klf10 10.2647564636486 5.48528277759816 4.66981482180294
Cd9 11.7908634776503 7.01530000660622 5.51575547343033
Ifrd1 11.3900169042777 8.01307599010547 5.26340553994054
Cd34 10.4821943254353 5.55132267587962 4.56193746196467
Zfand5 13.0442100287799 9.67982918486339 8.09709132117398
Tpst2 11.1108919206009 7.55654787244061 6.66565155671957
Cd83 13.2161047162533 9.34171464945699 7.68050666372187
Sipa1 11.028832104782 6.36543130071142 6.02187599451908
Coro1a 12.5292545103329 8.64250814057157 5.60511456720926
Btg2 11.3906424677534 5.86594479176929 5.58912101108262
Ets2 10.9993775742686 7.57553713228632 6.84344991335897
Tnfaip2 9.07410944533167 4.28750772384997 4.23499337881242
Litaf 12.5687309938788 9.19230826605984 8.01107168536267
Cyfip1 12.6115291742802 8.44927127779531 7.50566268510502
Lamp2 11.5544716379291 7.52750423558717 7.50294580114196
Snx18 11.8255448234537 8.4294740205294 7.92936402118226
Ctsc 12.6108642775907 5.12708516805239 5.11672618480191
Rcbtb2 9.59652852277831 5.67608434017099 5.07728185572407
Tubb6 9.94746027053954 6.25472550909518 6.00293140033541
Ier2 13.4029366730924 6.7491876354616 5.840179939005
Rab32 7.51642002223175 4.03030194279009 3.84374928095191
Nfe2l2 11.356253934114 5.44486306766406 5.38234935884107
Socs3 12.8477426387797 4.35559275534646 3.97488239695901
Scamp2 12.1490850674193 8.40222456578516 6.60952106170499
4632428N05Rik 12.9633024758073 5.8005001317482 5.09072465032576
Spint1 10.3283172527647 6.76521827510636 5.33614406933543
Afp 8.35050803873215 4.10904464281561 3.98590187855466
Clic1 11.3122330580261 7.6290619545259 5.93715873532222
Plxnb2 11.1496648391028 6.87580845460505 6.43777554202865
Irf8 12.5462653592052 5.51861196303413 5.46671668367055
Dnajb1 11.2409766690475 7.89165757776188 6.20675179344107
Mical1 8.77305668351709 5.36374981338975 4.85870092045855
Fkbp7 9.39487954845409 6.04267768477331 5.32511478302765
Slc39a8 8.14296708004609 4.29777522667693 3.80356287480195
Parvg 10.4281853264487 6.77433949478123 5.97467971909098
Mcl1 12.2077605709068 7.39196044045732 6.43035113289489
Rps6ka1 12.3511118887686 8.87714472401864 7.0026964451835
Tnfaip8 10.106166018297 5.19044036573458 4.68073832225781
Sirpa 12.4881260050488 8.75504207037103 8.55629015825447
Mfng 10.2459357618163 6.81514668424643 6.70013089866197
Slc40a1 11.6873175794834 7.02041189622335 5.84109318794398
C1qb 13.3809165744448 4.9544211246104 4.73713840275121
Egr1 14.0292728577336 10.643399787542 9.2606810407348
Syngr2 11.5324666076936 5.78045829582971 4.86611471294646
Man1a 10.4589772827202 6.38101390063941 5.1203183129641
Plekho1 10.5257553521498 6.93437053045245 5.63986632539474
Pmp22 12.2434056339285 8.17921706165323 8.08739370087142
Usp2 11.740363352364 7.04705563374416 6.17529345687099
Ccl6 10.4831140019336 4.70213473193229 4.49657186678096
Cd14 13.3794861542207 7.00173703824813 5.81237559338127
Tob2 11.2863217891244 7.6485491172776 5.72884867454811
Pycard 11.7530559991681 6.59977367024725 5.65634179960904
C1qa 13.1874316054276 6.32019489533051 5.89784695377695
Il16 10.5676116874908 5.98322370864721 5.62442110426338
Slc7a7 10.9326702827516 5.38023066246687 4.86285110800583
Klf4 12.8356975471887 5.17977833127529 4.80970558584338
Sertad1 10.6760235504756 6.71238909504598 6.00396271817426
Jun 13.1513958362792 6.77536556530027 6.76415624382569
Srgn 13.2795222117037 7.39064193911756 6.12952352239197
Myh9 12.5447914497017 8.00133473247199 6.73690910949179
Nfkbiz 12.6921044506167 5.00382498983108 4.83565028496607
Tgm2 11.6702792723547 7.35125738554961 6.21360226870599
Plek 13.0385446953369 7.53413918681714 5.95165432823342
Itgb5 13.3122301859398 5.31153306009077 4.23637736296628
Elf1 9.08464008124719 4.65213592789317 4.31124617831684
Rgs1 11.3590498478886 4.92162954525994 4.76713171037749
Ier5 13.0447369736646 6.84232156175131 5.62936285820099
Snx5 12.5419589726741 8.86931028970735 5.09131195572979
Elk3 10.4319956263106 6.38542826911907 4.68027080393327
Naglu 9.2020102640205 5.59467991715346 5.44237462580784
Laptm5 13.25292607905 7.92274920436867 7.16325607165464
Ptgr1 9.95096043750722 5.70119782740985 5.53374585688823
Serinc3 10.7887820532689 6.6751829027171 6.32069192469956
Ctsz 12.9968566741552 9.25124861709975 5.11841972562191
Fcgr1 12.2955371160684 4.58727878028373 4.58002307715704
Slc16a6 11.5647594820405 6.78705107850585 5.86456588112715
Pdlim4 9.51167808110339 5.02050991672422 4.88927404943171
Ccl9 11.4677327663853 5.32495371045842 4.94474005160343
Tnfrsf1b 11.7452188608572 7.33447736954152 6.0360449385543
Inpp5d 12.4577394438636 7.01275140613376 6.44272060680746
Aff1 10.7788620635381 6.75345300564215 6.66416950960704
Tlr4 9.57555684780965 4.77689902632412 4.47612886996073
Pmaip1 7.97566326054479 4.02100386355772 3.99442360946552
Aif1 11.8214348072249 6.11790994057383 4.85087309310281
Lims1 11.3701224038562 7.71893246692577 7.32571940118241
Syk 11.3160084368777 6.59015119164404 6.24692632674482
Klf6 12.2250639567383 6.52809603147298 6.46598880920181
Mknk2 10.9613013466955 7.52249256330338 6.79037628573749
Crybb1 12.2648088011919 6.95532655171787 6.68444230675597
Fcer1g 12.6718396223893 7.16530718329585 5.94991686359854
Ctsh 12.87251521366 5.9846554971572 5.60927182921131
Gbp3 8.52766426384374 5.02277775915445 4.82929651236537
Gpsm3 9.55595780536678 5.36090413193814 5.2646924489393
Ncf4 10.7292352869563 5.50940047933127 5.3309925147691
Nrip1 11.8222365777829 6.77172718777623 6.62976713355417
Ggta1 10.3002208247185 4.77909861154971 4.60684157181191
Calcrl 7.78386106503694 4.16699059938723 4.07142460177632
Lcp2 10.4089431447829 5.08499053761248 4.73168074276731
Ngp 12.7574775005176 6.50031620044525 5.5766298330813
Spi1 10.4190424481911 6.16020149960939 6.15216045951948
Atp7a 10.2141459779396 6.86873893215218 5.51280669049432
Csf3r 10.4683520496493 6.57797660137918 5.33485372204955
Ms4a6b 11.2554621340409 5.20650453138714 4.77646803918208
Hcls1 8.70906636115833 4.91920300202301 4.74108276736126
Pabpc1 11.1781404360411 5.45084382120199 4.22173130596204
Skap2 12.056136723105 8.05819848139737 8.01936727371687
Cebpb 11.5932508063623 7.75308045260049 6.09123824352583
Plxdc2 12.0745716973584 6.79281789527198 5.65234628097524
Cxcl10 9.72683118350032 5.81959700052546 5.38683573418712
Cysltr1 9.25437959121948 4.53885236510625 3.97070946459673
Cebpa 9.84230025530157 6.05116027893833 5.22835553061529
Cttnbp2nl 11.6991350325633 5.94909234671835 5.36092631356335
Lyl1 9.96552235514374 5.57000898280557 5.13154208961031
Ptpn18 10.3344380846283 6.68409356142339 6.47729001042149
Tlr2 11.9276981137555 6.58021673310578 5.72000785951619
Cd163 7.96377468160987 4.3860384737993 4.32013830669132
Serpine1 9.65311808101758 6.05576953108208 5.03631312480609
Sox4 9.86978784622112 6.44296680514083 5.64792099502425
Cd37 10.9003612304416 6.84361309630639 5.49805032883379
Map3k8 10.2772018482877 4.82360959627746 4.73119298049405
Myd88 10.6605178444686 6.61365729875158 6.13553505919202
Ccl12 10.6391731596107 4.65508810475518 4.44357728036719
Arhgap4 9.32893709991249 5.63573366470504 5.31906839120905
H2-Oa 8.62773488286702 5.19231004552345 5.01001192406197
Pon3 9.25424963832735 4.67326399503259 4.22350334069156
S100a8 13.1710031765985 4.86239426094038 4.57564722388281
Il10rb 10.5493104181091 7.06363442545691 6.97734579943377
C3ar1 11.7048817822179 6.63213064977655 5.28647222573661
Fgd2 12.0963667807367 6.26579463207855 5.95044766851686
Rela 11.8418378886618 8.08358551685923 6.65532131553377
Ccl3 13.5359936909524 5.67223575573713 4.46578135019015
Ms4a6d 11.4841310922632 4.83386329757179 4.67339769523944
Ier3 13.5124048716238 9.47727578166409 8.03579821490133
Nupr1 9.91190169343546 6.41680902138036 5.24855665971789
Camp 12.4507582747533 6.13466518075445 5.64065655637959
Klk8 10.1827990465209 5.54258326514076 5.47270937600297
Actb 12.4943016661647 9.14518456592369 7.88846903995866
Abcd2 8.77308831436475 5.24060998247523 4.82316383868757
Chil3 11.4871946767607 5.11880929812935 3.92584729176653
Arap3 9.99309938625579 4.39222588813888 4.00317198727345
Tlr7 11.1537008662761 5.49260116315126 4.89457861813598
Hpgd 11.9738918982247 5.09809305798935 4.8189109676016
Mcm3 9.01275163949269 5.36406119029594 5.32621099955123
Slc11a1 11.3948658681908 7.72839922264642 5.28384223943574
Ccl2 9.3887194295731 5.36825122979348 5.19594696991683
Cd86 11.6527693006629 5.09076497236267 4.71105149249163
Prkd3 9.77821211859841 6.25785177100352 5.98478053083148
Gpr84 11.5263505075912 5.7561447012401 5.62847258310739
Vamp8 11.7850542682879 6.76829972551242 6.48402876032191
Tcirg1 11.2860007996333 7.82174549456958 6.99379959832159
Trim12a 8.39694276788024 4.33101920973239 4.29320222068635
Slc15a3 11.3995649353571 5.30375301539832 5.26320253350109
Rel 9.43208070521036 5.38651399254295 5.10731123549168
Tsc22d3 11.5894187043498 7.35148347765647 5.86489625311793
Sla 12.4329217789332 5.92554103453677 5.7334821701611
Tgfbr1 13.5090583473981 6.91434309868916 6.52681076174848
Snap23 8.48388126836494 4.3733602568434 4.0596752654468
Asph 11.0774007157198 6.38425466819652 5.00099305131865
Ivns1abp 12.6904399495339 8.56283111000062 7.90938982223942
Rbm39 10.2573002722239 5.29673889461482 4.81443167683879
Mef2c 11.6348296409646 8.12143657888112 7.1256920050959
Vamp3 10.8864314514484 7.37100374959721 7.1565086267511
Bmp2k 11.294755197974 7.16325401601719 5.93024142789914
Lgals9 9.69958847858634 5.80669294434431 5.61207617952951
Trem2 11.303795824757 7.45238564456303 6.47261880044463
Gna15 8.99367862824198 5.38286526075618 5.37194820390362
Birc3 10.6915102166933 6.71056433420743 6.5574251139869
Igsf6 8.83394697282607 4.39773241063653 4.20432681199864
Samsn1 8.81738530496463 4.65069343449407 4.46803440028197
Il1a 10.5376640185961 4.58481318605148 4.15335539227649
Naip5 11.0978070538461 4.98790678875376 4.4618623786546
Ccl4 12.6588721873418 7.27609248627688 5.84096613377892
Klf3 8.5494364974985 4.76729106751409 4.47261031019392
Itpr2 10.8475742428576 6.57171372168147 6.06346270903409
Stat6 10.468465477124 6.6346153405377 5.17351426792897
Msn 10.8303816272 6.83146536215076 6.18305370599614
Abca1 12.0542577742267 7.61205761858257 6.00743646164653
Adam17 10.5495689245511 6.24391734878526 5.33952476585896
Dapp1 10.6129812986097 5.39289017228439 5.15182885219031
Clec4a2 10.1399334143348 5.20320714723349 5.13789841166598
Fli1 10.1221580891138 4.16211750437254 4.15279592629738
Ets1 9.52298260959165 4.12633779071049 4.0734092412638
Ptprc 12.4924457080349 4.59732871760596 4.44235096474408
Fosb 12.0153263432166 5.90556009574263 4.80268566230972
Ccr5 11.6775104276773 4.70414334474639 4.55749944942569
Il6ra 12.6762370901779 5.65486840730924 5.63453526477188
Tgif1 8.32241012578398 4.82658815726785 4.35015193791767
Pla2g15 12.3402771280608 7.81467988192789 7.19434679753938
Itga6 11.5191682655928 7.27594085548509 7.19151545162433
Ifi30 11.3741036101554 7.56660678081504 5.64377032017054
Cables1 10.7296553966912 7.18455126175335 6.64395562491004
H2-DMa 11.302506340632 7.39224297718042 6.17916238027889
Zfp36l1 12.768092682973 6.29059988174635 6.1797707904657
Gpr34 12.0465417111213 4.2144672721936 3.90979543511672
Cr1l 11.6700570684498 8.3117703839726 7.73496065959314
Rnase4 13.0645450224258 6.14260803339879 5.85101623070616
Hk2 12.2311857728962 7.29208317722277 6.92738812741173
Fam111a 8.38937991141375 4.83670736318402 4.53708599238479
Hfe 11.261965590755 7.6445650328459 7.17541136578743
Pik3cg 10.1391450667911 6.5545310765168 4.75886886190107
Zeb2 11.448770010793 6.9303816813628 6.51316103081682
Tlr3 9.57440918362698 5.83045517413777 5.27373065519736
Prkcd 11.3269526908875 7.1115401016635 6.68888686364144
Mertk 13.1492058693859 6.31752899050517 5.89126792992204
Cd84 9.79853579725004 4.69587305184597 4.60240483412965
Ly86 13.8484382572477 7.70105567472748 6.33479479715789
Vav1 10.4988780096262 4.13188154836571 4.13002858761693
Pag1 12.681394781079 8.20958635745931 7.74341995258803
Fos 13.9214281458166 10.4866059880019 9.45355326724084
Cfh 10.9189995251726 4.04398594832892 3.86533217301116
Tnfrsf13b 9.55249902249023 4.79144618118938 4.25909738756217
Cebpd 10.5727375378467 5.03855347090166 4.28930994586323
Hhex 10.0129558927535 6.46621347567347 5.214466738708
Entpd1 9.36332417160173 4.62121195048847 4.29848509682411
Ptgs1 12.1460566579667 6.1231322717275 5.27245738910487
Adrb1 10.6329930698674 5.7568216923195 4.58069145721325
Stk17b 9.82516171443988 5.98192180926035 5.55388464194805
Frrs1 10.5118954880326 6.72572025368543 5.1930912665689
Lyz2 12.6255399097117 6.96392120279295 6.2801046153638
Ssfa2 10.3963514628908 6.44237282988295 6.31416590885534
Galnt4 9.17182977737832 5.16240189863682 4.92558301486616
Ctc1 11.7381009275171 7.68415453312284 6.85406505057441
Unc93b1 11.2638153754962 6.82786237404729 6.55173138628791
Mob1a 11.6524237224905 7.85441439545368 6.86066612791535
Cmtm6 12.3249537931389 7.01809259830625 6.72109680174229
Sfpq 11.5941111598284 8.14851620756937 6.45525104997878
Tspan14 11.1135085123949 6.77339714591138 6.01503018793446
Lpcat3 11.4010483293012 7.00234559355411 6.99002984309491
Hvcn1 10.3744362140918 5.53340915804928 5.21272938943156
Edem1 10.5468048765477 5.06759915971348 4.81297362464988
Icam1 12.0835121128031 5.75928943581017 4.79174868421074
Prkab1 10.8294129270605 7.4723419363643 6.52688804124042
Rbl1 8.60653858129746 5.07286614761959 4.91838348497935
Rcsd1 12.3327371826167 7.90320313518579 6.80159200940158
Npl 9.96550349349474 5.81377039475901 5.26806299866039
Tmem140 8.37653073680301 4.66236205105187 4.64896618670351
0610040J01Rik 10.8216796982396 6.1850891830015 5.75239115543082
Tm6sf1 11.2414066824985 7.64956375549523 4.25985468299174
Cklf 11.4118605648373 7.09412683636536 6.39069761867425
Cd177 8.34962699286364 4.57057298273043 4.33310889313266
Casp8 9.75678338176791 5.63207481787642 4.72811542991976
Tmed5 10.5709139699701 6.63116616390831 5.78436142074746
F11r 12.1396861374846 5.91555749041258 5.80224920260734
Eva1a 8.74419904985229 4.99773824693711 4.22004615341293
Zbtb1 9.43873268438121 6.05268204324601 5.68358185372551
Tor4a 10.2205590701386 6.48243471694088 5.4872276449647
Ptbp1 9.15244960297567 5.4079626053361 5.20355143549675
Glipr1 8.77583583215041 5.37398525334816 5.36259841178816
Lpxn 10.7275528959061 5.3489540897852 4.41547112882727
Siglec5 8.28941632201165 4.27089155834937 4.08890412265173
Fcrl1 9.22764356004362 5.61978449077739 5.12573849667197
Sppl2a 11.216310941421 7.37796336900663 6.89327429180849
P2ry6 11.5574667748729 4.89903163402809 4.50613037810776
H2-K1 12.7949568117272 8.4182624515889 8.05670496491606
Tgfbr2 12.4393744689228 6.34038796541498 6.08457162055184
H2-Ab1 8.19904913228906 4.76966024882103 4.6357084027362
Ceacam1 8.80282175058088 5.20633387226818 4.5312572620031
Ncf1 8.88584686160739 5.52978292743318 5.03147712504895
Il13ra1 9.84239214017086 6.17083133032412 5.27387422343229
Adap2 10.5722797031115 5.57874089246272 5.49935136692814
Pld1 10.8239587790307 6.90283067547836 5.93280841258443
Pon2 9.33868555313833 4.79401074818702 4.72912976025981
Capn3 10.3369957490321 4.81593426863262 4.60280387063765
Casp7 8.39895339652514 4.7507843633869 4.7272767504456
Gem 8.28519304309807 4.05910261428733 4.01105235169576
Glul 11.9280143428985 7.37318693554237 6.15083364336631
Arrb2 11.4983554070217 7.47352983560845 6.48270079059979
Pros1 11.4603712254362 5.8826829853297 5.47357330826786
Rin2 10.1168098461982 5.75380892027509 5.17690302857563
Tifa 10.8074268423842 6.92308826829698 6.25519004561217
Arhgap17 10.9767981793134 5.06968540507436 4.98789300318395
Phgdh 11.0749094502032 7.55944543059299 7.16731258597607
Parp12 9.49139397984138 5.52259459186791 4.88644994001266
Trim47 10.0791566495733 5.4626426027799 5.29779250759136
Lgals3 9.11302237976578 4.97166178473713 4.67422782774782
Jmjd1c 12.718371512436 8.76336950315119 7.93826674069487
Mlxip 11.0084570885722 7.2878733336032 7.06358439774213
Arsg 8.01567969333444 4.65556775285743 4.26652686049623
Sash3 11.249005723635 7.56916026474427 5.53224985660829
Themis2 9.99513496121799 5.29152916246115 5.27916982022847
Mpeg1 13.5931395335038 7.00375309856754 6.52547168638096
Hspa1b 12.7002530870076 8.57179220601413 7.72344722457459
Xist 12.7596727744674 4.8914173216993 4.21387671200415
Cd48 9.95999221182058 4.80067166514331 4.55950832873004
Akna 10.7072692564892 4.92180412480329 4.81810729615586
Fes 10.5551239260507 6.91114455404969 6.33456734497372
Myo1b 8.57502259469562 4.95965873427703 4.7506636583374
Cep152 9.74520694836984 5.81954138422358 5.53544362623374
Diap2 10.171367858732 5.58578676703956 5.33606436724605
Egr2 11.2484829324693 5.03008356269328 4.45478198299874
Ccrl2 11.3826980615646 6.16542650347274 5.60469416501455
Lcn2 12.0118513639671 4.3235736173572 4.19355366278901
Hbb-b2 7.88283645776123 4.15364184301453 4.08682856081664
Myo1g 9.24155609377298 5.85621587584583 4.78402987420586
Tmem173 11.0989726590541 6.94697004813881 6.44260241398404
AF251705 11.9378287827213 7.90343951117944 6.87680684123204
Hmha1 10.4292840746509 6.27554749130615 5.78718071319707
Gmip 10.0312950363764 6.33851089697692 6.19365230401276
Nckap1l 11.1514517971807 7.17520058703896 5.21433739588029
Abcc3 9.68880748830503 6.13687798294764 4.94744800253799
Rhoh 10.6886747062572 5.01958388641601 4.95741569873469
1700017B05Rik 11.7630363477309 5.67193633648315 5.65304962441263
Srgap2 11.7876768649285 8.40813901561905 7.55255745865493
Gusb 11.4166507135997 5.79719894036024 5.22172331303148
Lair1 10.6341607739461 5.20643461263522 4.82626920939608
P2ry12 12.3417720061336 5.1939084393736 4.3720735570862
Rnf19b 9.59453701735849 5.7298833668025 5.07269331032803
Epb4.1l2 12.5141878325852 6.73988019469425 6.58184752270033
Pld4 12.0162068213804 6.41005812900857 5.56579154083889
D15Ertd621e 10.2021769651159 6.22939826165825 3.83296901391276
Lrrfip1 10.7165591037594 5.11291811410581 5.00239665923768
Fermt3 11.255187597153 4.65766809380069 4.16202054601501
Ankrd44 11.6555430067368 6.45804878353198 5.48281077746482
Kctd12 12.2024123826132 6.20354610411539 4.83171914443408
H2-Aa 10.95884712019 5.87894307972768 5.33373723557546
Fam105a 11.8141138102905 6.89954134391824 6.6003998615192
Herpud1 12.561534184029 8.54503782161682 7.00198772017982
Cd300a 9.78331319123392 6.03912896796234 5.30579738577046
Lyz1 12.291433368859 6.23028696837688 4.66501686334442
Zfp110 10.6328144276245 6.4310035544113 5.38235652916299
Clcf1 8.66818372368241 3.95810972302608 3.85236355956429
Hmgb2 9.11494801820282 5.39878575328492 4.25243714338257
Zfp36l2 12.4844215051541 7.1879861626954 6.46032187129871
Il10ra 11.9204835825207 4.90136382920496 4.74863123296938
Hexb 13.9682695694516 10.0524428272525 8.97163698241414
Rab20 9.47961105235741 4.02116208642251 3.97351948922489
Grn 13.5694893497197 8.46943849855966 7.08666510122705
Bach1 11.8359025049111 8.13528307341213 7.71643498309677
Ifitm6 9.52062006754197 6.19004167910359 6.00265153913679
Usp24 8.62350684235725 5.01171275421751 4.76779988503366
Fam46c 12.3008656779841 6.25214251934611 5.36773218196202
Ctsa 12.9368651417016 8.74430853117594 7.56111527562219
Ifngr1 12.0120817823602 8.12735790731185 7.68102315495342
Tcn2 12.1131223131962 7.54828133290719 6.66511369928564
Cmtm3 9.80544069396922 6.05751064698942 5.93541078731472
Ppp1r15a 12.6842681011032 7.96223509961973 7.70662559318205
Slc15a4 11.4134041549916 7.88291296771166 7.09089996815722
Dhrs3 10.8664384075394 7.04078469056758 6.52253840326691
Lrmp 8.72621364395205 4.69731019398424 4.48851222905984
Olfml3 13.5589885962411 6.69994800743467 6.40501626104174
Pla2g4a 9.54677550171969 5.36933007371723 5.34311241640977
Ncf2 10.9678841319022 5.96280633556496 5.77909901633532
Ctss 14.0972400899769 9.29571777531548 8.47220670724221
Cd53 12.647448770815 5.65909437161292 5.46247957581362
Fcgr3 13.39521832835 6.10513240619555 6.09318016697289
Hps4 12.4456398299555 8.91714276699741 8.86138330180545
S100a9 12.5433488948648 5.03293673093247 4.82171338301467
Dusp1 14.1600590685473 9.31766798575217 8.31400170604737
Hp 9.14524736055938 5.76768683840022 5.18365452209373
Lgmn 13.3423749152836 9.07876133137598 6.88837094075345
Klf2 13.0114488593516 5.67760069544689 5.5546281578858
Fcrls 13.5094801235154 7.87738996139765 5.51075121122222
Tlr1 9.47210882993985 4.08996191869525 3.89858322706903
Rhob 13.3955639920773 10.040387527904 9.08893248266606
Selplg 13.4608296010201 9.0756316967583 6.6164966012346
Cd68 12.242490069775 4.99369779887918 4.95231864744462
Gpr65 7.84688309866013 3.95934440366926 3.68926757204617
Atf3 13.3007390383143 5.41114907970075 4.73198070268884
C1qc 13.5863871767458 6.04071357151667 5.33374371705563
Chst7 10.9028652320415 6.9464436971307 6.34257742881914
Hck 11.677853867497 5.70427467499007 5.26748425031503
Gcnt1 8.17673933531389 4.41652121201327 4.28598524359724
Casp4 9.24666718666705 4.80932204487754 4.03630713652505
Ly96 9.04291773410898 4.44549066164947 4.30025814673541
Lag3 9.95212609690159 6.47249779711036 5.58287392113202
Cxcl2 11.1862547067567 4.64526972043413 4.21243785984126
Ltf 12.2109361391241 8.29539552243047 6.90053122367526
Cx3cr1 12.8661645891936 7.15036422679709 5.79170348141226
H2-D1 12.6018887958776 8.39761377986908 8.18015400591021
Stab1 10.8319181809469 5.46677951448556 5.31070127094289
Evi2a 12.5292457386737 6.57861183905564 6.49691507142977
Il6 8.39447282799593 4.11763086406967 3.94157508863074
Pdgfb 10.784427213788 6.45580369459225 6.21832789583523
Mrc1 8.63837955832117 4.38841138282069 4.38189670096874
Itgb2 11.8272052895604 5.26359052033558 4.50848683910261
Psmb9 9.34845122497028 5.92048579220037 5.64025153927239
Selenbp1 8.65146815885816 4.99260382712603 4.89773128361835
Adamts1 11.3594540869076 6.01860501938375 5.2885976540503
Ang 8.39410428367088 4.16732895143589 4.13164981395149
Sh2b2 9.22244603896785 4.71093472202838 4.70244446790851
Tyrobp 12.8882077765556 6.14244442129693 6.0934763406847
Slc29a3 11.671269772336 7.02618941437706 6.61803492121507
Vasp 10.4663497281355 7.01149867134876 6.98272114778297
Emr1 12.7324162108168 6.38314404374174 6.0771975783929
Nrros 12.2035612900789 6.47114330400417 5.73040464097619
Tmem119 13.7062504747088 7.20723322786767 6.09725230139991
Pnpla7 10.5567704595249 6.68269819017685 5.33927352651593
1810011O10Rik 8.23549028637786 4.84218657765022 4.61249430277988
Havcr2 10.6395343238155 4.39402547040201 4.11593514858618
Alas2 10.1192139258561 5.7290587515633 4.95229339471766
Cmtm7 10.2158890607314 5.36159019247741 5.15438100089297
Mafb 10.9468667556878 5.88188763806724 5.64192151272947
Blnk 11.7867853033936 5.85246709925485 5.78161831423088
Tmcc3 9.49652683269657 5.56094530339763 5.20213544175222
Notch2 11.0904077018543 6.03790205053595 5.75865623014966
Vrk2 8.70364139558783 4.74286689764356 4.55362679318131
Alox5ap 12.5576931349978 7.61690292467359 6.83176368503088
Fyb 11.7070682335866 6.18032717579617 6.0955220704689
Ctla2b 9.98817720392032 5.83567796712374 4.24470975179751
Hspa1a 11.8296568285311 6.95561440262523 6.9464295527641
Zfp36 13.4710413836478 7.91352214910659 6.07525539751586
Abhd15 10.2572440975652 6.25307587348236 4.68113298640264
Lmo2 12.1333491829634 7.98354274769981 7.78877884149783
Cyba 11.7795222099381 5.67540865551187 5.37884281916888
Spata13 11.8423721764084 6.88894421714913 6.3685023267587
Wasf2 12.354976901621 8.95981550805088 7.29301716565742
4833441D16Rik 9.111877090883 5.45146559598083 4.69021293444009
Cd52 8.87459768254704 5.18617575737334 4.57833113247037
Irf5 10.4986359523617 6.65248128831934 5.87585653935651
Naip2 10.6906973938164 4.69544029467139 4.49400937905135
Anxa3 12.8939144704404 5.70476738526412 5.40053727781939
