Golm1 13.1792932323564 6.82083407333461 6.43663869911007
Sgpl1 9.58944930363067 6.06727616009273 5.36223551793877
Junb 11.5499826198348 6.92712284154002 5.55896323559451
Marcksl1 12.1668078078091 8.80709186734165 8.4948019671066
Mpo 8.64472480371545 5.08195276129319 4.79816640404549
Lcp1 11.9186828085383 6.23554627987506 4.49694508685732
Txnip 13.6926905825169 6.35532122400904 6.05796722614255
Cd9 11.7908634776503 6.21675630987403 6.12265290408859
Cd34 10.4821943254353 7.15145195570775 5.09396786079997
Cd83 13.2161047162533 8.26293172966363 6.06335029009358
Mmp2 8.7280447113755 5.17931118419218 5.1751043604093
Sipa1 11.028832104782 6.68880620157327 6.59541226222545
Coro1a 12.5292545103329 9.04594513270746 8.32570008968562
Btg2 11.3906424677534 6.09160813806815 5.8776717456707
Tnfaip2 9.07410944533167 4.35930575174188 4.15978215360225
Litaf 12.5687309938788 7.12883775155421 6.78249122222256
Cyfip1 12.6115291742802 8.68298088109828 7.08200904718223
Lamp2 11.5544716379291 7.63592796120228 6.61349138815425
Snx18 11.8255448234537 8.3209843362611 7.85660521310227
Ctsc 12.6108642775907 4.7024387193598 4.50034870996282
Cd82 9.23153634995101 5.71396547326566 5.69205897637996
Tubb6 9.94746027053954 5.76623535069204 5.5330446797863
Ier2 13.4029366730924 7.35348384456859 5.91665635453379
Pnp 12.8799287012372 8.70277519789855 8.1252105044782
Nfe2l2 11.356253934114 5.98179616730237 5.80812127772086
Socs3 12.8477426387797 4.24063909402908 4.0259763907386
Sparc 11.7443656880018 6.11063411004828 5.01524479763849
Scamp2 12.1490850674193 6.87056482724647 6.57306095813625
4632428N05Rik 12.9633024758073 5.42496445501107 4.86801568709293
Slc2a5 10.6169587052025 6.51375740209566 6.4991838139948
Afp 8.35050803873215 4.59991158063889 3.88829262635544
Clic1 11.3122330580261 6.44512826405692 5.51358991831916
Plxnb2 11.1496648391028 6.98957875171276 5.86475202805494
Irf8 12.5462653592052 6.46157964375556 5.42940518739141
Mical1 8.77305668351709 5.05096924020712 4.9923575356777
Tbxas1 9.68864876043037 6.12049776310112 5.9431887778681
Slc39a8 8.14296708004609 4.17055184311788 3.89950410443047
Parvg 10.4281853264487 5.88209279316432 5.7889778749568
Mcl1 12.2077605709068 7.47477398453361 7.01371687013673
Rps6ka1 12.3511118887686 7.33000520283056 6.85788964493318
Parp9 9.69879112347596 5.41341606085061 5.28184781961896
Tnfaip8 10.106166018297 5.52771236744181 5.11062342293064
Mfng 10.2459357618163 5.71368731958517 5.64124469916611
Slc40a1 11.6873175794834 5.71113141482918 4.9917524783643
C1qb 13.3809165744448 4.09539130835721 3.99416195193989
Cyp4v3 11.0156233140278 5.81553273722174 5.4225585104151
Qk 12.4657276661435 8.67060490037283 8.65939865869136
Syngr2 11.5324666076936 5.18126778911455 4.9041975245165
Pmp22 12.2434056339285 7.769833659766 6.53396929176778
Igtp 10.573481340332 7.21252215207357 6.32590365370785
Ccl6 10.4831140019336 4.57975115488038 4.44569222325103
Cd14 13.3794861542207 6.15061962351291 6.01764438254384
Tnfrsf1a 11.349722903685 7.29767442961146 6.91909029222457
Tob2 11.2863217891244 7.62515348788414 6.88819665664692
Pycard 11.7530559991681 5.91826230299194 5.4919728447572
C1qa 13.1874316054276 6.45481869634257 5.81884859619592
Il16 10.5676116874908 5.56030277966798 5.35744187211974
Slc7a7 10.9326702827516 5.29904520466139 5.04970752691459
Klf4 12.8356975471887 5.12381136646505 5.0534452547527
Jun 13.1513958362792 6.96267217535146 5.86734685249994
Srgn 13.2795222117037 6.07138474405814 5.17029664663444
Myh9 12.5447914497017 7.3510388617022 6.77926388834916
Nfkbiz 12.6921044506167 4.89815278952993 4.50506095834337
Tgm2 11.6702792723547 6.30646337614471 5.72499711947153
Plek 13.0385446953369 7.88951086898572 7.62629220008746
Itgb5 13.3122301859398 5.0002839730334 4.73804203667149
Elf1 9.08464008124719 5.01778526520168 4.57771265502788
Cln3 9.83088294827292 6.29303260827163 6.20894122120758
Rgs1 11.3590498478886 4.49089170426174 4.36652174422205
Tmem37 9.84921340109981 6.33349947682941 6.1879504620485
Rac2 9.85175366603671 6.1056285589984 6.09223583868422
Nfatc1 10.0088645121847 6.43998457136666 6.12315893119988
Snx5 12.5419589726741 9.03669435915899 7.9980144621447
Elk3 10.4319956263106 4.76835056025643 4.69307691314765
Soat1 9.01103606914302 5.39064122668657 5.11319896783896
Laptm5 13.25292607905 5.68228860473728 5.16160474308495
Ptgr1 9.95096043750722 5.60610920307884 5.15863444439515
Serinc3 10.7887820532689 7.0166301820172 6.40264879058808
Ctsz 12.9968566741552 8.69442438115541 8.47659156935612
Fcgr1 12.2955371160684 5.09494635977747 4.68445493447182
Slc16a6 11.5647594820405 7.24528917523216 7.2424539911934
Pdlim4 9.51167808110339 4.74515468598279 4.51290001698082
Ccl9 11.4677327663853 4.94454924547413 4.94362552139615
Trim30a 9.81298833801394 5.39852426187104 5.28850387743567
B4galt1 11.1336165305587 6.16620370812023 6.119780992691
Nrp1 10.6812295061732 6.83893408281142 5.30428957231388
Tnfrsf1b 11.7452188608572 6.07922283109746 5.76157495184425
Inpp5d 12.4577394438636 7.18079976654826 6.30679456872715
Tlr4 9.57555684780965 4.52177188459572 4.22764639895195
Pmaip1 7.97566326054479 4.34924415505959 4.06778689814207
Aif1 11.8214348072249 6.6567272109699 5.70487484772421
Il15 7.64022998784039 4.30747780666388 4.05714003992732
Lims1 11.3701224038562 7.5622270248707 7.02414574956335
Syk 11.3160084368777 6.01788422579535 5.84496415640638
Klf6 12.2250639567383 8.07505876299209 5.93471720657855
Crybb1 12.2648088011919 6.52686833947357 6.37659732857802
Fcer1g 12.6718396223893 5.95043807346755 5.79289678585894
Ctsh 12.87251521366 5.41295437535013 5.25986316073181
Gpsm3 9.55595780536678 5.29859815822573 5.2822982547014
Ncf4 10.7292352869563 5.07273849558655 5.0606679332998
Ggta1 10.3002208247185 4.11751831201355 4.11479975753538
Calcrl 7.78386106503694 4.41780215463655 3.7733158566328
Lcp2 10.4089431447829 4.98723902891213 4.83844181762639
Ngp 12.7574775005176 5.5878983911237 5.22324548610411
Spi1 10.4190424481911 6.04903768260041 5.84431253025753
Atp7a 10.2141459779396 5.92680553932112 5.89687864602796
Csf3r 10.4683520496493 5.44727164803366 5.19896145931345
Ms4a6b 11.2554621340409 4.84867442987921 4.8003647060657
Hcls1 8.70906636115833 4.94839140158258 4.6925443229767
Abcb1b 7.92972663366054 4.51540055090119 4.4995590511814
Pabpc1 11.1781404360411 4.2716005314452 4.07785064060786
Cebpb 11.5932508063623 7.53570887659698 7.29736991759079
Plxdc2 12.0745716973584 6.34817674533716 6.27724146734015
Cxcl10 9.72683118350032 5.29107478168936 5.2158204453677
Maff 10.2074887860116 6.29894289239861 5.92174485334464
Cysltr1 9.25437959121948 4.04826801031671 3.88283432807245
Cebpa 9.84230025530157 6.21748041426527 5.42973587015132
Cttnbp2nl 11.6991350325633 6.11219312460807 5.60590752432817
Lyl1 9.96552235514374 4.97926709769891 4.9521860436178
Ptpn18 10.3344380846283 6.32546803542576 5.96934795780719
Tlr2 11.9276981137555 5.53884240505779 5.38137424711549
Serpine1 9.65311808101758 5.10988344751762 4.83952045605029
Mlxipl 10.5385226388773 5.15885681697828 4.83395286185297
Cd37 10.9003612304416 5.67269200954142 5.41079307822716
Map3k8 10.2772018482877 4.81569803353382 4.80813238300608
Myd88 10.6605178444686 5.97375832232533 5.66155197175432
Ccl12 10.6391731596107 4.77371039015854 4.51918279476093
Jam2 8.93482451958042 5.22877299036248 5.15796234145403
Arhgap4 9.32893709991249 5.3170976374276 5.17636385836442
H2-Oa 8.62773488286702 5.13232337754935 4.81213744381273
Pon3 9.25424963832735 4.26791358525283 4.18878237058478
Slamf9 11.1460693903532 6.42418661870958 6.2629301582611
S100a8 13.1710031765985 5.0020256462907 4.85653828766583
Il10rb 10.5493104181091 6.77565667566108 5.38650269491429
C3ar1 11.7048817822179 5.45664222730615 5.41455471588268
Ripk1 10.2351943744533 5.56476789394551 5.45857513032787
Fgd2 12.0963667807367 5.89104763679684 5.83880285022577
Rela 11.8418378886618 7.48154548919296 7.0910667745971
Ccl3 13.5359936909524 4.68243746657705 4.61354800104508
Ttc28 8.96750239347399 5.56474762338791 5.19506861109718
Ms4a6d 11.4841310922632 4.79558287648281 4.52480635813549
Tnf 9.93397669508449 6.38626487098673 6.29520689699605
Was 8.02197322990764 4.60851687775035 4.28299573724971
Ier3 13.5124048716238 9.94367814777843 7.67078323231644
Nupr1 9.91190169343546 5.84104136515577 5.42100844884181
Camp 12.4507582747533 5.46798927214326 5.44132127120042
Ltc4s 9.72815138352943 6.22960701195399 6.03955049539788
Klk8 10.1827990465209 5.76766975740357 5.58052358418422
Chil3 11.4871946767607 4.01200129245495 3.95537319304912
Arap3 9.99309938625579 4.83943860126388 4.27210311627873
Tlr7 11.1537008662761 4.94539952760937 4.84571557461715
Csf1r 14.0292728577336 7.27324440221425 7.04093007528054
Hpgd 11.9738918982247 6.76979488263324 5.23114855502142
Rab3il1 10.3829864041852 6.89611306808428 6.39657810069631
Mcm3 9.01275163949269 4.88386554063682 4.82459957950675
Gdap10 8.59879464478789 4.35100561638134 4.31975773967268
Slc11a1 11.3948658681908 5.48350014920753 5.26506378883682
Hnrnpa2b1 10.1857595588016 6.47432290183076 5.76311933582948
Ccl2 9.3887194295731 5.28825979633751 5.06704043775693
Cd86 11.6527693006629 5.26527999733531 4.97943761171627
Prkd3 9.77821211859841 6.20377318725985 5.14686016727592
Gpr84 11.5263505075912 5.55578236218394 5.53104771589673
Vamp8 11.7850542682879 6.5441648880784 6.15045884617814
Tcirg1 11.2860007996333 6.8721797416179 6.55964727203914
Sqrdl 11.1213981292751 7.30606649982643 6.11036887607219
Trim12a 8.39694276788024 4.23207686209394 4.11452310964018
Slc15a3 11.3995649353571 5.43745350388217 5.3323207685692
Clec7a 9.25038759656192 5.00223470633854 4.86629788149315
Rel 9.43208070521036 5.0213045532459 4.94074526861301
Tsc22d3 11.5894187043498 7.54232441942005 6.24817687749306
Sla 12.4329217789332 6.29704714509517 5.21826896651867
Tgfbr1 13.5090583473981 6.87317702369105 6.40246356488025
Snap23 8.48388126836494 4.32805260236864 4.15056662430923
St6gal1 11.5442181234637 7.62987125199498 7.54114114014035
Asph 11.0774007157198 7.04133393555932 6.35506157117494
Adcy7 11.9949098164077 7.02109213543566 5.39344366338128
Rbm39 10.2573002722239 5.67714116877462 5.38462465586207
Rsad2 9.7910425144954 6.18729210176562 6.0188376620341
Vamp3 10.8864314514484 7.4906816765924 7.37921214554527
Gpr56 11.1033359990947 7.12446997326047 7.10217037065691
Lgals9 9.69958847858634 5.40403208465729 5.22815955437246
Bco2 8.889124080815 5.41692766782495 5.28424285549063
Trem2 11.303795824757 6.47124118867746 6.38788334877171
Gna15 8.99367862824198 5.36639252558397 5.36077765039264
Myo7a 9.50521719944788 5.87008000833377 5.65534021984435
Birc3 10.6915102166933 6.49990587512765 6.12834386785299
Igsf6 8.83394697282607 4.38606419572464 4.27785070279002
Samsn1 8.81738530496463 5.19660868302048 4.60682567907413
Il1a 10.5376640185961 4.17844018470204 4.0443799879094
Hpgds 9.22775583355141 5.29938851059888 5.25381080331959
Naip5 11.0978070538461 4.46016190615928 4.30016341981429
Ccl4 12.6588721873418 6.24945135726793 5.81298704341891
Itpr2 10.8475742428576 5.70526023364975 5.53262415408807
Stat6 10.468465477124 6.28577645015724 5.93281873767225
Phxr1 9.60693645820777 5.90383047684474 5.6753234192658
Tapbp 11.4198825404039 8.0936437713538 7.12350891123522
Msn 10.8303816272 6.00782053755825 5.90513458251694
Abca1 12.0542577742267 6.73365099514428 6.0492696081666
Adam17 10.5495689245511 5.96187298018487 5.68441109282993
Dapp1 10.6129812986097 5.28493042804612 4.99686771215499
Clec4a2 10.1399334143348 4.9877112349685 4.63555796384319
Fli1 10.1221580891138 4.0325881963892 3.91231598396123
Ets1 9.52298260959165 4.38926979286716 4.25382718035344
Ptprc 12.4924457080349 4.68987291135017 4.43538867909641
Fosb 12.0153263432166 6.42891747900312 4.62894776574224
Ccr5 11.6775104276773 4.67767601049803 4.66191186746572
Il6ra 12.6762370901779 5.77934190661566 5.75108196546634
Tgif1 8.32241012578398 4.63749053939151 4.2907424025391
Pla2g15 12.3402771280608 7.99840807375199 7.36414805393284
Itga6 11.5191682655928 6.15139143365182 5.98976132723678
Ifi30 11.3741036101554 7.04703493674902 5.4624425368167
Zfp36l1 12.768092682973 6.14497978847281 5.66313796229518
Gpr34 12.0465417111213 3.94656563623087 3.68344199384434
Rrad 10.0218987777276 5.62046062465762 5.10844342592658
Cr1l 11.6700570684498 7.8909679165262 7.82489101529493
Ndel1 9.33926152391583 4.34800702005936 4.25219504157185
Rhog 11.1977184303104 7.06222274843386 7.00238773205133
Rnase4 13.0645450224258 5.80870468173254 5.27641049075997
Hk2 12.2311857728962 6.09372556001924 6.03496230248095
Fam111a 8.38937991141375 4.83656745314012 4.55212874875345
Hfe 11.261965590755 6.808951282324 5.03842827579081
Naalad2 9.57573482021452 5.56816029236009 5.36253236788104
Pik3cg 10.1391450667911 5.31664779856246 5.12881031203441
Zeb2 11.448770010793 5.98441258676935 5.35050804539504
Btk 9.59129305907372 5.60543790231143 5.53741110839357
Tlr3 9.57440918362698 5.59312404772452 5.0158084160153
Dock2 8.82632728691093 5.33019505211768 5.29087624431477
Prkcd 11.3269526908875 7.90697959190541 6.63821674945293
Mertk 13.1492058693859 5.67371847811039 5.52844521422269
Cd84 9.79853579725004 4.80679485846617 4.7585549680584
Ly86 13.8484382572477 5.99362203510426 5.53422647775849
Vav1 10.4988780096262 4.31892872123407 4.25263489588555
Pag1 12.681394781079 8.2723621605335 7.67110699348544
Fos 13.9214281458166 8.51696757625784 8.49180615504333
Cfh 10.9189995251726 4.1615082335914 3.60457339451712
Tnfrsf13b 9.55249902249023 4.53650250388008 4.40230787339025
Cebpd 10.5727375378467 5.36843176835272 4.4798004136936
Luc7l2 10.5406316174713 5.49708980926443 5.26363778361607
Smim3 9.36289130684882 5.8895344546899 5.5922723720872
Hhex 10.0129558927535 5.35886905460334 4.9976809428877
Entpd1 9.36332417160173 5.12584196920124 4.48025805657973
Ptgs1 12.1460566579667 5.27269232082199 5.2348318724357
Rock1 9.71866098593074 6.31750277186549 5.8414259413158
Stk17b 9.82516171443988 5.55923787349568 5.47832922145204
Frrs1 10.5118954880326 4.96210300229909 4.88055174839173
Lyz2 12.6255399097117 6.26525096367724 5.9612678121667
Ssfa2 10.3963514628908 6.76882995966525 6.21391720907133
Ccnl1 12.9467381083197 7.66393798974062 7.27090515700385
Galnt4 9.17182977737832 4.86322665510778 4.66425855122441
Ctc1 11.7381009275171 7.57165946147782 7.43766068978747
Unc93b1 11.2638153754962 6.52252816488312 6.26935637366512
Mob1a 11.6524237224905 7.61767927039256 7.50019457063781
Cmtm6 12.3249537931389 6.93684669260713 6.55692862843191
Sfpq 11.5941111598284 5.25176651918758 5.24664058310787
Tmem63a 11.3673624046704 6.98311274582415 6.8346006675453
Tspan14 11.1135085123949 7.16590633317253 6.92014731298488
Lpcat3 11.4010483293012 7.16511643173208 7.02470645332112
Pxn 11.7931446549569 6.88334766121135 6.19292914487071
Hvcn1 10.3744362140918 6.37850343276717 5.33911720633044
Srsf7 12.2454124184616 8.74209394985321 8.15485451889011
Edem1 10.5468048765477 6.27719797754765 4.56587434719693
Icam1 12.0835121128031 4.72633295729645 4.68243479268694
Ptbp3 11.2821230739434 7.78965265578993 6.50944380098425
Prkab1 10.8294129270605 7.15203800017155 6.99078565310577
Rbl1 8.60653858129746 4.6395558194977 4.48389764412
Rcsd1 12.3327371826167 7.11802353233082 6.52914983716104
Tmem140 8.37653073680301 4.66345400742956 4.34825167437799
0610040J01Rik 10.8216796982396 5.64746942059851 5.48555783734517
Cklf 11.4118605648373 6.19146552530761 5.43218146336824
Cd177 8.34962699286364 4.24674060066096 4.12649818730949
Casp8 9.75678338176791 4.82785922972907 4.72528430573655
Tmed5 10.5709139699701 7.09709796690024 6.16650430348024
F11r 12.1396861374846 6.33824178863187 5.87426411852433
Eva1a 8.74419904985229 4.68224749837352 4.46297867606504
Mfap3 11.424323136373 8.06014722900279 7.42000681042716
Reep3 10.8117416298317 6.6782060392509 5.46594980112777
Tor4a 10.2205590701386 5.74619756214179 5.32264965261447
Ptbp1 9.15244960297567 5.52925638528289 5.02515120549667
Lpxn 10.7275528959061 4.53891723871325 4.43540414103606
Siglec5 8.28941632201165 3.88043659136841 3.83152724786712
Mylip 12.3911493278824 8.03484982451486 7.28412855500398
Fcrl1 9.22764356004362 5.34096841692903 5.21526650802151
Lifr 10.8658507374762 7.36188658696398 7.34497626266871
Csf1 9.86949876759856 6.17550135081556 6.12045947271334
P2ry6 11.5574667748729 4.39406512060989 4.38985181267384
Wsb1 12.1255060427543 7.67050711176581 6.33199145670756
H2-K1 12.7949568117272 8.94429480960807 6.79692267509725
Slc3a2 12.5974908597412 9.26802233870504 8.28085763662268
Tgfbr2 12.4393744689228 6.17928167712419 5.27225550507932
Prpf4b 10.0168384764663 6.47557714589684 6.18530333573053
Ceacam1 8.80282175058088 4.32814372271209 4.15014331796174
Mlph 9.57489838859243 5.24776267534193 5.19743310223236
Ncf1 8.88584686160739 5.38663347665794 5.2308156514518
Il13ra1 9.84239214017086 5.7591394114112 5.07704764995876
Adap2 10.5722797031115 5.32426359692121 5.22513299937073
Akr1b10 8.12473567494519 4.50701628414221 4.42715003423418
Pld1 10.8239587790307 5.90651911212991 5.51317899791189
Pon2 9.33868555313833 5.25327203533769 4.47030718510735
Capn3 10.3369957490321 4.72176103621678 4.55971220095716
Gem 8.28519304309807 4.67109077303656 4.06925118388621
ND5 11.9277080301183 7.83435314323411 7.22295243209546
Rrbp1 12.1135184174842 8.01803649954095 6.57403234063166
Clk1 11.9522343163908 7.6671141701476 7.57577913292393
Vwa5a 10.3106484906387 6.6959364509727 5.1367668270126
Glul 11.9280143428985 7.08502574788688 6.86401871769097
Arrb2 11.4983554070217 7.87939719439341 7.02672947256568
Pros1 11.4603712254362 5.46098707919811 5.09735127282033
Ifih1 8.92117937270675 5.29363822116338 5.01777554132894
Rin2 10.1168098461982 5.86677375496345 5.7819579022738
Tifa 10.8074268423842 6.15472494378525 6.05582498263255
Arhgap17 10.9767981793134 5.28773564051647 5.17521936826869
Phgdh 11.0749094502032 7.4099428312292 6.91846250396862
Parp12 9.49139397984138 5.0092298641644 4.71460067424173
Trim47 10.0791566495733 5.30731616972501 5.05954732368299
Lgals3 9.11302237976578 4.67595772971599 4.6516598582353
Ddx26b 12.2044872770196 7.91891247155769 7.76784105363835
Slc25a45 10.8173200145939 6.53552069911754 6.34775104949066
Plcg2 11.1549584884923 7.03681127446271 7.01431330691323
Ccdc93 11.5481832070344 8.22194773046375 8.06199644050023
Mlxip 11.0084570885722 7.24943300016322 6.72445466840849
Sash3 11.249005723635 5.97463444498639 5.48587828810015
Themis2 9.99513496121799 5.27669134787257 5.13326752645007
Smo 8.93859914159649 5.55785392316631 5.07057388365886
Mpeg1 13.5931395335038 6.04069195414998 5.90020092450693
Hspa1b 12.7002530870076 7.41608516192279 7.41368940273927
Xist 12.7596727744674 4.24509132250103 4.15724556138799
Cd48 9.95999221182058 4.73389849731809 4.64039776841259
Akna 10.7072692564892 4.98115487110721 4.86270472657077
Sult1a1 9.98708391284936 5.12137947066782 4.93028539311761
Fes 10.5551239260507 6.1491909146011 6.08425320398813
Cep152 9.74520694836984 5.55492456605565 5.49954198643069
B2m 13.1894322739796 9.67246839800683 7.22399514300514
Ccrl2 11.3826980615646 5.71859123918318 5.39167253054581
Lcn2 12.0118513639671 4.3904008798363 4.34283703599972
Hbb-b2 7.88283645776123 4.13536231862981 4.01948314647627
Gimap6 8.28531118681062 4.65429642230336 4.46503401422767
Myo1g 9.24155609377298 5.03969051957547 4.9869222466009
Tmem173 11.0989726590541 6.32599055408403 6.0449788977491
BC028528 8.76172624772281 5.05667654641968 4.75719486474101
AF251705 11.9378287827213 6.77672181930464 6.70811512269493
Hmha1 10.4292840746509 5.64080160962133 5.60139204681535
Rreb1 9.67685838321431 5.49258199050664 5.28091340113044
Gmip 10.0312950363764 5.99216590718845 5.78005493140698
Nckap1l 11.1514517971807 6.6496506816057 5.50194701649096
Abcc3 9.68880748830503 5.09603922692001 4.89803013888926
Rnf130 12.3746152428166 9.03435565773071 7.85999034492632
Rhoh 10.6886747062572 5.05355924209925 5.00568128373705
1700017B05Rik 11.7630363477309 5.84067583728518 5.61426894107006
Srgap2 11.7876768649285 8.40636675985558 8.2232131285178
2810043O03Rik 8.26904649519335 4.25686169845392 4.16884683931191
Gusb 11.4166507135997 6.53504504991854 4.95932499468465
Lair1 10.6341607739461 4.88537927507481 4.7832657850548
P2ry12 12.3417720061336 4.78007139140142 4.58514386665284
Apoe 11.813606877339 8.01193353045857 7.83661978512787
Epb4.1l2 12.5141878325852 7.28939769646112 6.6787525558197
Pld4 12.0162068213804 5.57264919166389 5.3089146035299
Lrrfip1 10.7165591037594 5.63964139716647 5.57889824223478
AU020206 9.7250304187546 5.80721629111539 5.21793321171401
Fermt3 11.255187597153 4.80832796607887 4.62854949885877
AW112010 8.13341050571967 4.79108437761891 4.72440301228287
Tgif2 9.91494649369466 6.31075930917708 6.04863628446915
H2-Aa 10.95884712019 4.75519541828672 4.61343091319789
Cpne3 9.53740558386254 6.17894919301134 5.88704023976631
Herpud1 12.561534184029 8.52900936356808 7.9331857756691
2610528A11Rik 7.90612876986473 4.47131470360006 4.42290618689996
Cd300a 9.78331319123392 5.14469009886031 4.85931537020132
Tmem71 7.74769305584135 4.23370953249312 4.20500424314502
Lyz1 12.291433368859 4.55525656472556 4.26265035366499
Zfp110 10.6328144276245 7.07746940134408 6.81685068330322
Clcf1 8.66818372368241 4.31965351038885 3.80649044681201
Adrb2 8.06163788196254 4.22110494245405 4.21155296203815
Hmgb2 9.11494801820282 5.55998073117831 5.48609940599923
Lrrk1 9.00233842375518 4.90300146092739 4.80767711781913
Zfp36l2 12.4844215051541 6.93461404530215 5.91147975701143
Il10ra 11.9204835825207 5.36148911395232 4.64703060419274
Hexb 13.9682695694516 10.5121441130211 7.51010222911351
D530037H12Rik 10.2863068988974 4.07846933067753 4.03653082788802
Rbm5 8.29032168172587 4.08095170389102 4.00056004969065
Rab20 9.47961105235741 4.14630364073405 4.05790772168231
Slc9a3r1 10.4708123572034 7.03307662865156 6.50948369075494
Vim 8.23795736569226 4.23741118514585 3.84074293264756
Grn 13.5694893497197 8.75491724295059 7.32980947923247
Mavs 9.31586109517846 5.49994611597857 4.28138315443424
Bach1 11.8359025049111 8.08550242222953 7.15540823504794
Ifitm6 9.52062006754197 6.16781368898372 5.50974740989142
D9Ertd306e 8.17933645172779 4.01079225317342 4.00564511408413
C79242 8.37764848139916 4.53105173802438 4.51823514081311
Fam46c 12.3008656779841 6.91851489964408 4.6594805999452
Ctsa 12.9368651417016 9.27338467581028 8.7365942530084
Pald1 10.8157904216058 6.1140648556483 5.80080640672362
Ifngr1 12.0120817823602 7.53607561376804 7.28391958742153
Ucp2 10.9174179061083 7.05936799751856 6.81301746830391
Tcn2 12.1131223131962 6.57184352658983 6.28447882432717
Anxa1 10.0891907764378 4.70238118403968 4.68449678614976
Cmtm3 9.80544069396922 5.67955276794142 5.63814054138618
Ppp1r15a 12.6842681011032 8.04336262767916 7.37555353160728
Slc15a4 11.4134041549916 7.86469621927823 7.76097339629826
Dhrs3 10.8664384075394 7.12406825932537 5.88524253103598
Lrmp 8.72621364395205 4.60094377964269 4.58911674594613
Olfml3 13.5589885962411 6.32087826676721 6.17830626783315
Pla2g4a 9.54677550171969 5.04989655254514 4.80490799624179
Ncf2 10.9678841319022 5.67311590830062 5.58232504632285
Il7r 9.09542824054331 5.10135483266652 5.06136252237007
Ctss 14.0972400899769 7.57003793068213 7.56551808470001
Cd53 12.647448770815 5.254646771953 5.2278081304917
Fcgr3 13.39521832835 5.87274042520147 5.87206282985415
Hps4 12.4456398299555 7.96285838155898 7.85126372246182
S100a9 12.5433488948648 4.79214834733615 4.75455230307547
Dusp1 14.1600590685473 9.99578784940145 9.25852477619498
Traf5 8.9887948057126 5.50755077909316 5.42285729230172
Hp 9.14524736055938 5.63694688727579 5.43223736108897
Lgmn 13.3423749152836 9.72919108605881 7.16349114422002
Klf2 13.0114488593516 5.34152187325282 5.05219898505761
Fcrls 13.5094801235154 5.72973244074837 5.64921505106723
Trip6 9.25539301100816 5.58350064125109 4.92977371483726
Tlr1 9.47210882993985 4.15469669436714 4.13863918448427
St3gal6 9.53416252798134 6.05761732032986 5.83863168714266
Selplg 13.4608296010201 6.7192258234179 6.67850956767766
Cd68 12.242490069775 7.05642512369942 4.74146647139708
Gpr65 7.84688309866013 3.98534217801466 3.88954009942901
Ebi3 9.21311913542791 5.8239494219938 5.58719522779026
Csf2rb2 9.41716750216967 4.50921265575281 4.30604958889205
Atf3 13.3007390383143 5.08077463725956 4.95243522987152
C1qc 13.5863871767458 5.62586472989656 5.23261856936495
Chst7 10.9028652320415 5.99197380453422 5.84106479712934
Hck 11.677853867497 5.52900498788213 4.8523220409036
Gcnt1 8.17673933531389 4.33464579237075 4.18386491916659
Casp4 9.24666718666705 4.19594275494123 4.10533709528174
Ly96 9.04291773410898 5.07926575674101 4.17834594065683
Lag3 9.95212609690159 5.65105735610348 5.58716133934558
Cxcl2 11.1862547067567 4.2026780965071 4.18337107583374
Ltf 12.2109361391241 7.5685042296524 6.34316786800435
Cx3cr1 12.8661645891936 5.6311100205797 5.44645269324591
H2-D1 12.6018887958776 8.92758258823207 6.73015936658924
Stab1 10.8319181809469 5.29149280708567 5.23780609426121
Evi2a 12.5292457386737 6.31558426656369 6.06362624437157
Il6 8.39447282799593 3.99307062923541 3.82099149524053
Pdgfb 10.784427213788 6.4567319688637 6.38756306303933
Mrc1 8.63837955832117 4.34090579617919 4.17417116864271
Cd33 8.8986929970054 5.34869585602065 5.25921680736703
Itgb2 11.8272052895604 4.73993190466992 4.62672800264636
Rgl2 11.1123727065015 7.36483847280117 7.30941918645747
Psmb9 9.34845122497028 5.91691038294812 5.72796475066208
Adamts1 11.3594540869076 5.46875016743147 5.44684735705507
Ang 8.39410428367088 4.04839213902791 4.00779946131336
Sh2b2 9.22244603896785 4.56422893729338 4.53854964925951
Tyrobp 12.8882077765556 5.75656448815178 5.46045925102219
Ptplad2 9.53045279911964 5.49181192266983 5.3272034962172
Slc29a3 11.671269772336 5.8916273870331 5.73894367809164
Pbxip1 10.4089275516797 6.44360552000746 6.32939370300395
Emr1 12.7324162108168 5.70145799864201 5.57938594932611
Nrros 12.2035612900789 6.23309905538353 5.66653503720104
Tmem119 13.7062504747088 6.14601624035419 5.98162402782734
Pnpla7 10.5567704595249 5.98587887771075 5.48819992180022
1810011O10Rik 8.23549028637786 4.43427885385985 4.39509016805538
Slc46a3 9.78161930361504 6.18775608054083 6.18554670342377
Parp14 9.29651035265735 5.3237848177542 5.11223614797327
Havcr2 10.6395343238155 4.43077587833467 4.20522459244613
Alas2 10.1192139258561 4.97395894997954 4.70688881122907
Cmtm7 10.2158890607314 5.31740029229501 5.03796512695335
Mafb 10.9468667556878 5.7318950368416 5.00433267127677
Apobec1 9.55069814656581 5.62545112305665 5.59559720830264
Blnk 11.7867853033936 6.02855153030724 5.74083076612383
Tmcc3 9.49652683269657 5.18549567069276 4.82983585076174
Notch2 11.0904077018543 6.27943431769552 5.8775359552139
Alox5ap 12.5576931349978 7.68014064756897 6.33497274303895
Fyb 11.7070682335866 6.11858969468739 6.06196414734019
Sepp1 13.7057662789234 8.76413263538153 8.20492333536068
Ctla2b 9.98817720392032 4.1436573886395 4.11843434530638
Hspa1a 11.8296568285311 6.34992986514302 5.86823954547983
Slc37a2 8.63564598464605 5.2758062692717 5.22072604722972
Zfp36 13.4710413836478 6.11657778934215 5.88073625530197
Abhd15 10.2572440975652 4.97080145980773 4.89898457142467
Cyba 11.7795222099381 5.70262682536163 5.19883167690272
Wasf2 12.354976901621 7.4735657878933 6.67911357235717
Ptpn6 11.5568573976642 6.67994635448639 6.55571393134217
4833441D16Rik 9.111877090883 4.74399855045035 4.73406459977262
Tec 10.1464631671626 5.77844549701892 5.29573497374214
Cd52 8.87459768254704 5.27256465396993 4.71578853407639
Irf5 10.4986359523617 5.95832899768838 5.79197371644877
Wdr81 11.497830880817 8.04216754319681 7.87138023117034
Naip2 10.6906973938164 4.54285914538515 4.49701954869508
Anxa3 12.8939144704404 5.48709722909894 5.43184326428479
