Crym 10.4549957488804 6.83388231526759 5.11482528899417
Tac1 13.0540274924418 9.53897879040593 6.42974268742763
Meis2 11.990085627544 7.37853539673072 4.90336072283527
Itpr1 10.3270642716009 6.47560603808934 6.26048513293171
Icam5 11.2405789062072 7.60304575375373 6.55645227246657
Arpp21 11.1192600107697 7.33037343385543 4.66603585648562
Pou3f1 10.8134924058464 6.31376167684266 4.46245402583878
Gpr88 10.9583667963934 6.90211393621828 3.86391299062708
Tiam2 9.74256700055002 6.27042805745423 5.11683673768423
Camkv 11.94154597966 7.91012385238978 6.39016323771618
Lamp5 10.8554225701991 6.95769472554172 5.3324863435299
Itpka 11.4095286673224 6.85581253237266 4.99018545515739
Rin1 8.57532967330931 4.93318202205286 4.36913107885166
Ccsap 11.1443886806225 7.33077685897108 6.26520705653244
Baiap2 10.3556082246997 6.69470819994497 5.78829403287813
Rab40b 11.8333325682371 8.14610331627293 4.10321249933843
Hpca 11.0523251107295 7.58644795799889 5.25536051995384
Ppp3ca 12.6654555403184 8.85314623843573 8.78015278274471
Plk2 12.1031751531676 7.67600247300884 7.12194515247949
Kalrn 12.0617590933308 8.20869309988687 4.33931881962303
Kcnab1 12.6921169868239 8.60680450762066 5.8362349034482
Ngef 12.7172026009652 8.48352463769199 5.90468195967958
Bcl11b 11.29890745186 7.8093109364871 5.15338268713215
Rerg 9.2617402296318 5.20479602696057 4.49913855227783
Ppp1r1b 12.3925097259709 8.08829023067424 6.75428946843146
Rarb 10.6854093342664 6.55565717184869 4.69857391851575
Lmo7 10.2591181449978 6.59240216616918 4.90460987995188
