Tppp3 10.8220654510155 6.91014677812549 6.08051980038777
Hspb8 10.6245892800067 6.18811617054316 6.0208250481719
Shd 9.69600579109934 6.27660922284108 6.16256374489766
Trpc3 11.1871623402161 6.33650686117539 5.56322095844606
Sncg 10.4082123084923 5.15755624328629 4.57738507879294
Ufsp1 9.89591461587391 6.495102837781 6.43582966008428
Resp18 11.4781239695593 6.7330240172155 4.67646062265379
Nrip3 11.8161104228755 8.36760914517991 5.72566633851985
Unc119 11.2873996986037 7.02409074208359 6.61144362054135
Cxcl14 11.0490041748792 5.96007937705714 4.52680114628922
Pcbd1 11.9790609288352 7.27709262242515 6.60780225297392
Hebp2 9.8229333557138 6.46988049076432 5.9417275411476
Mt3 12.0437011250815 8.31527997229158 7.21445085508407
Sln 9.13225109330097 4.92783534941212 4.75153786298515
Ngfr 9.84400802150276 6.25217791479528 5.82337650571833
Slc5a7 8.37888813372411 4.96274841814508 4.67358194012153
Elavl2 11.5573740854948 7.99050931685341 4.10090376611033
Slc18a3 11.7116029495767 5.28750157675868 4.76913686055883
Ecel1 11.4559039842035 6.92177288055772 6.14396771046237
Ache 11.722689743721 6.78253465117425 6.23133633212406
Cartpt 9.27192849667458 5.91753148419868 5.01627617479518
Stmn2 11.2315985884398 7.63187169160458 4.5170715092632
Zic1 11.5183525515501 6.54750698125638 4.78259312991831
Dner 11.8150171929717 8.43500839645068 4.60274384232764
Tspan17 10.3788242341518 6.39098746189387 5.14050439860481
Uqcr10 10.3312514552298 6.70533123792012 6.02461097298676
Olfm1 11.5204163524481 8.12356611665678 5.25933869345437
Lhx8 11.9183169054492 6.26562407734628 4.17942884592345
Hopx 10.5418564598955 6.55737837110877 5.98858558883814
Mela 9.8949873858105 4.63496081220718 4.43724692178199
Tacr3 9.33286031052289 5.09449779235669 4.44180621849592
Arhgdig 12.1844740877458 8.70637567961608 5.62409610379546
Gpx3 10.7691080780923 6.52733719416105 6.47624714733592
Fkbp1b 11.8832806147728 7.66469260214022 6.22266460656391
Hcn3 9.97747659752377 6.49709917862605 6.41196340807401
Crabp2 10.3743010319329 5.79644225813644 5.10097789925837
Adcy2 11.6780399512791 8.2811876853827 6.4522230616304
