Smpx 10.1525487365645 6.08803054727395 4.22829447089255
Krt25 9.51745941093307 5.28438743694326 4.14153879455054
Slc1a6 12.1138933959156 8.78385129094028 5.25303639452146
Bcl11a 11.3013652310955 7.36726842409236 5.35856944420382
Cck 10.9794468760255 7.46819351112577 5.9784977189334
Casq2 10.3777790682101 6.89101034802246 5.71135898272408
Itpka 11.7798610291773 7.89594723905679 5.05525537373935
Ptprr 11.331050567879 7.61782361938472 4.99725322864299
Ppp1r17 12.7173135662484 8.84380533616448 4.34500738352769
Car7 9.55929992293578 6.05705597295838 5.26604731538943
