Ppp1r14a 11.573738021238 7.42916710209161 4.26211794505515
Mobp 12.7230303295907 8.97097262771053 5.00560385847125
Pdlim2 12.0018372713661 8.38313546985625 5.64686702970827
Lims2 10.8847031896234 7.47585674846633 6.81712472704641
Tspan2 12.5545543642145 8.21416700250461 4.98636577100943
Ddc 10.4721462900438 6.23853273051212 5.12671306575493
Nkx6-2 9.38452921465449 5.49438272100893 4.95526510138348
Mog 11.3124650818172 6.39188032606407 4.14715119642922
Pllp 10.9355652520028 7.45216837325198 6.59549525089967
Josd2 11.0866365563874 7.59690380363836 6.65838358393116
S1pr5 10.6806326424001 6.7450541636312 4.18161982504653
