Gsn 12.1474637643762 8.20133606830832 4.79790737046963
Cldn11 10.9954116451795 5.31039898163269 4.1562466470618
Trim59 11.1488752264835 6.20345681088925 5.58356021508024
Apod 11.8167216624242 8.37811245924382 6.52921096082449
Lpar1 10.9787644773314 7.37697392780134 5.8735891097759
Mal 13.7009876216624 7.07251695911528 5.11207553175196
Grb14 11.6553966763312 8.01319253303125 5.35603632630792
Ppp1r14a 11.6164526739745 4.83549318705074 4.22809030211353
Ugt8a 12.4656921691287 6.43501063367567 4.28212134295299
Mbp 14.2089128465051 8.90199487103224 5.6556005635287
Ndrg1 12.5904789225729 8.44391558799164 5.11659205027706
Mobp 12.6847331505372 6.30490847549305 4.91178885804795
Gamt 10.9025426399432 7.42216610059653 5.8117367785381
Ptgds 11.2422643167765 6.96959211214086 5.39855035457404
Pdlim2 11.9698440541219 8.38313546985625 5.63997459822959
Lims2 10.9700446972588 7.43165493635891 6.79586193965953
Tspan2 12.4702760255124 7.65430163195779 4.98636577100943
Slain1 10.561862401749 6.57738068509612 3.86114617590751
Sox10 12.3690523646488 8.6116235460949 6.79154814410186
Plp1 13.4302862716772 9.0288709467337 4.51837492820215
Ddc 10.6091028927766 6.17401646507736 5.08006859808222
Fa2h 11.6486983305787 8.09162771460099 6.06144965488036
Nkx6-2 9.43031937905958 5.23458331236368 4.95526510138348
Anln 10.3765048020575 6.24677938287057 4.65919978138414
Erbb3 9.7146857544873 5.83370096247101 5.34090144122811
Plekhh1 8.44576123682798 4.91591991079646 4.53868235539802
Mog 11.2098993359571 4.36569057429557 4.08591004602581
Josd2 11.0698567746248 7.15805881791587 6.26692207734611
S1pr5 10.6624285664847 5.19306359705587 4.18161982504653
Adamts4 9.77405218456943 6.30562766272249 5.36068414234117
Mag 11.2839136972533 7.61598841716767 5.99714753330129
