Tppp3 10.8220654510155 6.9759268893225 5.79248073556221
Hspb8 10.6245892800067 6.26906577841638 6.09613847110761
Tmsb10 10.1029416625745 5.80356325624447 4.69755289384676
Trpc3 11.1871623402161 6.59934239443509 5.34332045358383
Sncg 10.4082123084923 5.00653055959925 4.61680022375018
Ufsp1 9.89591461587391 6.33065549532916 6.01608890072979
Resp18 11.4781239695593 6.93232967621655 4.55352009499914
Unc119 11.2873996986037 7.29680210792139 6.88460381881483
Cxcl14 11.0490041748792 5.79012365964953 4.82945128218739
Pcbd1 11.9790609288352 7.88150040606639 6.52603974348575
Hebp2 9.8229333557138 6.45318962698346 6.29909605892467
Mt3 12.0437011250815 8.33001841485783 7.14971860682565
Sln 9.13225109330097 4.87005852731257 4.8379831048261
Ngfr 9.84400802150276 6.41107105977743 5.94193128500036
Slc5a7 8.37888813372411 4.73820649674287 4.65799212225525
Slc18a3 11.7116029495767 5.28488078369624 4.77808730408303
Ecel1 11.4559039842035 6.97987276664053 6.14126984151929
Ache 11.722689743721 6.88137547535162 6.47566392434564
Stmn2 11.2315985884398 7.40038730666986 4.13928575952131
Zic1 11.5183525515501 6.92986021480082 4.63425184484831
Tspan17 10.3788242341518 6.8623772741409 5.20398643433386
Uqcr10 10.3312514552298 6.36425153932126 6.22106847251024
Wif1 7.21180100287524 3.87743771409772 3.86222993900785
Lhx8 11.9183169054492 6.62103069791733 4.08125589196919
Hopx 10.5418564598955 6.43150666989736 6.3013331949655
Mela 9.8949873858105 4.44716391968425 4.21376712259217
Tacr3 9.33286031052289 5.27449157552924 4.35095826452118
Gpx3 10.7691080780923 6.78339362439331 6.65452469654503
Fkbp1b 11.8832806147728 8.03913213350288 6.54385843169366
Crabp2 10.3743010319329 5.6437973506188 5.27735669767374
