Golm1 13.1792932323564 7.10613381872863 6.4666013122013
Sgpl1 9.58944930363067 5.86262817767666 5.25540806319699
Junb 11.5499826198348 6.70135721841435 5.5333616911587
Marcksl1 12.1668078078091 8.63651207321569 8.61998011678678
Creg1 11.4042519959731 8.03065391105497 7.49190027840664
Mpo 8.64472480371545 5.14289586383391 4.86711243868263
Lcp1 11.9186828085383 5.95649625444264 4.51952313819185
Txnip 13.6926905825169 6.41307018114394 6.31003369838993
Cd9 11.7908634776503 6.45703788115297 6.1471968421357
Cd34 10.4821943254353 7.09110381916947 5.07692248967638
Tpst2 11.1108919206009 7.78819169872216 7.66936655753243
Cd83 13.2161047162533 8.65697776894191 6.02196883885252
Mmp2 8.7280447113755 5.20479020670694 4.64162155890348
Sipa1 11.028832104782 6.78894609337688 6.49597049253881
Coro1a 12.5292545103329 9.1617660188547 8.40606186641582
Btg2 11.3906424677534 6.12384208192491 5.85432144577624
Tnfaip2 9.07410944533167 4.43829491325933 4.20258123990764
Litaf 12.5687309938788 7.13507724431233 7.04449851659198
Cyfip1 12.6115291742802 8.74487414140325 7.15429855928162
Lamp2 11.5544716379291 7.49382036731873 6.58129554236593
Snx18 11.8255448234537 8.40990744007022 7.94450338703249
Ctsc 12.6108642775907 4.83796293672838 4.70477201822859
Cd82 9.23153634995101 5.85632633585526 5.77054956294676
Tubb6 9.94746027053954 5.72303134260195 5.52197004054123
Ier2 13.4029366730924 7.39642646287056 5.86645194262858
Pnp 12.8799287012372 8.73833333842009 8.15479300085801
Nfe2l2 11.356253934114 5.90432502630436 5.88378729268961
Socs3 12.8477426387797 4.3184919893072 4.19962322054011
Sparc 11.7443656880018 6.37823657828772 5.07614284766232
Scamp2 12.1490850674193 6.8291840149571 6.20388172401226
4632428N05Rik 12.9633024758073 5.44545370563051 5.07466549563616
Spint1 10.3283172527647 6.99939085980028 5.17869966251498
Slc2a5 10.6169587052025 6.53968347698174 6.34770916931462
Clic1 11.3122330580261 6.54499807938742 5.48266402063334
Plxnb2 11.1496648391028 6.98509146768795 6.19309709622986
Irf8 12.5462653592052 6.48625498106993 5.53429034821917
Mical1 8.77305668351709 5.14418623479259 4.6731767222678
Tbxas1 9.68864876043037 6.20530589515296 5.91513732216827
Slc39a8 8.14296708004609 4.17905878949016 3.91182786271407
Parvg 10.4281853264487 5.80265405930718 5.60231833240459
Mcl1 12.2077605709068 7.40182986258599 6.85971386444078
Rps6ka1 12.3511118887686 7.55263416373873 6.90023889612538
Parp9 9.69879112347596 5.344851878783 5.17315274432685
Tnfaip8 10.106166018297 5.22356995952904 5.03781228067185
Mfng 10.2459357618163 5.82330185249667 5.64834167523452
Slc40a1 11.6873175794834 5.7461705739883 4.78926388250285
C1qb 13.3809165744448 4.35978509888893 4.09331645009695
Cyp4v3 11.0156233140278 5.71410951030057 5.50402600151704
Qk 12.4657276661435 8.98053850590482 8.78490690643554
Syngr2 11.5324666076936 5.17782123415796 4.88856511535622
Pmp22 12.2434056339285 7.98849862724027 6.55593123218469
Igtp 10.573481340332 6.88725156975836 6.23403490811852
Ccl6 10.4831140019336 4.46999366779777 4.27055403784127
Cd14 13.3794861542207 6.25524551082045 6.12671145441454
Tnfrsf1a 11.349722903685 7.35420806636639 7.03059419886976
Tob2 11.2863217891244 7.70780193539191 7.09830564635003
Pycard 11.7530559991681 6.00975913708872 5.47925406664899
C1qa 13.1874316054276 6.56831797908196 5.88596238687355
Il16 10.5676116874908 5.67991372484136 5.62564595060955
Slc7a7 10.9326702827516 5.10231218864951 4.88267085561171
Klf4 12.8356975471887 5.100021546445 4.96935179821266
Jun 13.1513958362792 6.89958156200066 6.20634835226686
Srgn 13.2795222117037 6.15296763643325 5.19539098608713
Myh9 12.5447914497017 7.59773176566762 6.94577160786943
Nfkbiz 12.6921044506167 4.8832666361182 4.17948694841247
Tgm2 11.6702792723547 6.23547543712499 5.86189292406255
Plek 13.0385446953369 7.60546234300143 7.60345747568757
Itgb5 13.3122301859398 5.11772581434824 4.7184560094237
Elf1 9.08464008124719 4.79961142480547 4.5497780196914
Cln3 9.83088294827292 6.34869784135284 6.31249193354188
Rgs1 11.3590498478886 4.4616301808529 4.4439492679164
Tmem37 9.84921340109981 6.46324372432065 6.13597232902287
Rac2 9.85175366603671 6.14538883090677 6.1163640767608
Nfatc1 10.0088645121847 6.38662942444943 6.16414461775527
Snx5 12.5419589726741 8.95798434094179 8.03222452624736
Elk3 10.4319956263106 4.87061653255011 4.6760979536642
Soat1 9.01103606914302 5.12943729154123 4.9902284711661
Laptm5 13.25292607905 6.18195155542921 5.31111967708577
Ptgr1 9.95096043750722 5.57470801208132 5.30010815329272
Serinc3 10.7887820532689 6.98291130961749 6.43158945360702
Ctsz 12.9968566741552 8.78024689196179 8.32951395776071
Fcgr1 12.2955371160684 5.55860161784767 4.67984070905004
Slc16a6 11.5647594820405 7.32239759286564 7.31030182543362
Pdlim4 9.51167808110339 4.84419737717418 4.74747338587087
Ccl9 11.4677327663853 5.25909075687331 4.9472084816957
Trim30a 9.81298833801394 5.47008431682009 5.07470121054515
B4galt1 11.1336165305587 6.16486929527392 5.89618065799977
Nrp1 10.6812295061732 6.88173364837826 5.44566996283572
Tnfrsf1b 11.7452188608572 6.04678901554864 5.88092034943105
Inpp5d 12.4577394438636 7.24476187127232 6.434772896668
Tlr4 9.57555684780965 4.58605310913152 4.27124155579149
Pmaip1 7.97566326054479 4.24698211146567 4.05833957492016
Aif1 11.8214348072249 7.11754425255632 5.6495655435954
Il15 7.64022998784039 4.16345335585427 4.03957956890943
Lims1 11.3701224038562 7.47733199337218 7.06347186164681
Syk 11.3160084368777 6.04250681316923 5.91923281436612
Klf6 12.2250639567383 7.83030205325309 6.00278440118989
Crybb1 12.2648088011919 6.53445665002354 6.43229935968991
Fcer1g 12.6718396223893 5.96925782639356 5.90210192625582
Ctsh 12.87251521366 5.38167790474326 5.32538252717235
Gpsm3 9.55595780536678 5.47720352621822 5.27836741517495
Ncf4 10.7292352869563 5.06810528947431 4.92075676506679
Ggta1 10.3002208247185 4.18936695408371 4.13365368145404
Calcrl 7.78386106503694 4.36243110454506 3.81429328471681
Lcp2 10.4089431447829 4.94700326419491 4.94278978091108
Ngp 12.7574775005176 5.66101739133777 5.24404695091347
Spi1 10.4190424481911 6.00882925036734 5.83008618461786
Atp7a 10.2141459779396 6.02184257316474 5.5603571673275
Csf3r 10.4683520496493 5.44761791329918 4.9183408815315
Ms4a6b 11.2554621340409 4.81717885766219 4.75373748043519
Hcls1 8.70906636115833 4.84232086717413 4.65734296195067
Abcb1b 7.92972663366054 4.58108534287025 4.5288028555319
Pabpc1 11.1781404360411 4.26289414969681 4.06200779241287
Cebpb 11.5932508063623 7.6536154982603 7.2873632297021
Plxdc2 12.0745716973584 6.28505674104133 6.24545161934024
Cxcl10 9.72683118350032 5.27296580820617 5.17986175091049
Maff 10.2074887860116 6.67795954701452 5.8663376370532
Cysltr1 9.25437959121948 4.12807639647169 3.79213611963154
Cebpa 9.84230025530157 6.1877136868885 5.57963727334987
Cttnbp2nl 11.6991350325633 6.06690934943466 5.51129949968947
Lyl1 9.96552235514374 5.0208454639656 4.76619408525991
Ptpn18 10.3344380846283 6.09232297953062 5.91975614049203
Tlr2 11.9276981137555 5.57018062119877 5.3248182494082
Serpine1 9.65311808101758 5.06714993135109 4.76679190205066
Mlxipl 10.5385226388773 5.12997896546216 4.59188327735865
Cd37 10.9003612304416 5.67036630129233 5.43016939157629
Map3k8 10.2772018482877 4.79516213563486 4.42820789177136
Myd88 10.6605178444686 5.94834791232095 5.63305197153765
Ccl12 10.6391731596107 4.83336243876346 4.5624980112783
Jam2 8.93482451958042 5.31936266880404 5.25416577656968
Arhgap4 9.32893709991249 5.49732277451672 5.36717694907214
H2-Oa 8.62773488286702 5.1988410267321 4.75484363071621
Pon3 9.25424963832735 4.29377954114946 4.22845267515869
Slamf9 11.1460693903532 6.63365721869694 6.41094679663858
S100a8 13.1710031765985 4.93119537463962 4.92221709675919
Il10rb 10.5493104181091 6.71702823241668 5.43886816618641
C3ar1 11.7048817822179 5.76079674538268 5.47524554442279
Ripk1 10.2351943744533 5.84491919213557 5.55901748346214
Fgd2 12.0963667807367 5.91683106131366 5.81152851655954
Rela 11.8418378886618 7.50574606711567 7.1538530959298
Ccl3 13.5359936909524 4.6832374058421 4.57834467441812
Ms4a6d 11.4841310922632 4.84203528540661 4.2680135407059
Tnf 9.93397669508449 6.35280367760775 6.28003843173384
Was 8.02197322990764 4.61231971283656 4.48925804392931
Ier3 13.5124048716238 9.78158133395045 7.66276688703207
Nupr1 9.91190169343546 5.65189705062713 5.37563344053633
Camp 12.4507582747533 5.5749420997373 5.42198507884682
Ltc4s 9.72815138352943 6.22812211864085 5.91738215514466
Klk8 10.1827990465209 5.59321751602315 5.47142808955413
Chil3 11.4871946767607 4.03642138802529 3.98838791126271
Arap3 9.99309938625579 4.73811209381577 4.65811673862238
Tlr7 11.1537008662761 4.98702922034755 4.8406005242914
Csf1r 14.0292728577336 7.3943663112611 7.33884197931552
Hpgd 11.9738918982247 6.86088346723202 5.34164388760152
Rab3il1 10.3829864041852 6.80971078540632 6.41206530386452
Mcm3 9.01275163949269 4.98408845823296 4.90382873218967
Gdap10 8.59879464478789 4.41417702964792 4.3721291127882
Slc11a1 11.3948658681908 5.48649144123883 5.35504699167805
Hnrnpa2b1 10.1857595588016 6.48800690670389 6.05440569349913
Ccl2 9.3887194295731 5.41025803711575 5.29171666233283
Cd86 11.6527693006629 4.95631397100172 4.95292083357236
Prkd3 9.77821211859841 6.34704745104884 5.43916548862237
Gpr84 11.5263505075912 5.61633140293964 5.53812149088253
Vamp8 11.7850542682879 6.60194539231203 6.14476989668244
Tcirg1 11.2860007996333 6.87318195998986 6.58012702944696
Sqrdl 11.1213981292751 7.55395609750441 6.12234499169526
Trim12a 8.39694276788024 4.12623030892888 4.10866708016069
Slc15a3 11.3995649353571 5.52521828502009 5.18606956337888
Clec7a 9.25038759656192 4.92756311244853 4.79711624986859
Rel 9.43208070521036 5.06709913198341 4.65173616010463
Tsc22d3 11.5894187043498 7.62974719159473 6.14553566396622
Sla 12.4329217789332 6.3153702439097 5.57144217092939
Tgfbr1 13.5090583473981 6.83831592836794 6.41481804783098
Snap23 8.48388126836494 4.33544470982384 4.1478044245907
St6gal1 11.5442181234637 7.82401811719384 7.65099202986353
Asph 11.0774007157198 7.03613356462151 6.26418762122888
Adcy7 11.9949098164077 6.46111954833699 5.31164202358938
Rbm39 10.2573002722239 6.20356231033499 5.34519672695761
Rsad2 9.7910425144954 6.09568641940511 5.9967375590424
Vamp3 10.8864314514484 7.38950821516176 7.11919318362165
Gpr56 11.1033359990947 7.29941767761089 7.08450971879171
Lgals9 9.69958847858634 5.30149830206686 5.26806866674541
Bco2 8.889124080815 5.4004431180316 5.20684173763943
Trem2 11.303795824757 6.50432171647708 6.43770295922003
Gna15 8.99367862824198 5.38861617181495 5.37670905592497
Clec5a 8.06555640971743 4.72452452221781 4.61551849963832
Myo7a 9.50521719944788 6.02238398727008 5.90615456369231
Birc3 10.6915102166933 6.56441208366787 6.10880571544575
Igsf6 8.83394697282607 4.28550241001959 4.25185956475493
Samsn1 8.81738530496463 4.96331772487129 4.53633789343782
Il1a 10.5376640185961 4.20020713658013 4.06651214886252
Hpgds 9.22775583355141 5.46880018554891 5.16124511057421
Naip5 11.0978070538461 4.36274052466241 4.28332041132574
Ccl4 12.6588721873418 6.29171852491019 5.83667593179976
Itpr2 10.8475742428576 5.76205550885501 5.32156503643389
Stat6 10.468465477124 6.28420962096207 5.79211715018699
Phxr1 9.60693645820777 6.01060321595108 5.71094801869206
Tapbp 11.4198825404039 8.00165617467371 7.14033020441872
Msn 10.8303816272 6.14793078795596 6.0719874239448
Abca1 12.0542577742267 6.83097754310945 6.29453282571492
Adam17 10.5495689245511 5.97356903636226 5.34292694747477
Dapp1 10.6129812986097 5.36753498135755 5.16072957115048
Clec4a2 10.1399334143348 5.05599886766962 4.95271543962858
Fli1 10.1221580891138 4.31532807241324 3.89765468060695
Ets1 9.52298260959165 4.27779956695108 4.00960432689453
Ptprc 12.4924457080349 4.67859071010749 4.48069316795153
Fosb 12.0153263432166 6.33472454805948 4.89298157611328
Ccr5 11.6775104276773 4.65935996947462 4.47694023521423
Il6ra 12.6762370901779 5.74833450567897 5.53429700937103
Tgif1 8.32241012578398 4.64496591096287 4.29374383897557
Pla2g15 12.3402771280608 7.90257871381053 7.3579572705222
Itga6 11.5191682655928 6.15186324958722 5.62878991462358
Ifi30 11.3741036101554 7.34063137263952 5.54897651982205
Zfp36l1 12.768092682973 6.16944070421368 5.52833868924723
Gpr34 12.0465417111213 4.19879775178541 3.96282423693187
Rrad 10.0218987777276 5.44543314808896 5.15836436909208
Cr1l 11.6700570684498 7.85637132792418 7.66871980156156
Ndel1 9.33926152391583 4.41440779125715 4.32966984654782
Rhog 11.1977184303104 7.16381823145938 7.09926613579914
Rnase4 13.0645450224258 5.40660338555592 5.35215868295527
Hk2 12.2311857728962 6.15179485545725 6.0483122921774
Fam111a 8.38937991141375 4.95187056651744 4.56977814526186
Hfe 11.261965590755 6.91630195263907 5.17644670358565
Naalad2 9.57573482021452 5.61021277372242 5.43365102717568
Pik3cg 10.1391450667911 5.37567042636838 5.20217996071182
Zeb2 11.448770010793 6.21008285859664 5.73602621857984
Btk 9.59129305907372 5.70154743065807 5.53882171482754
Tlr3 9.57440918362698 5.47124108342318 5.01115526221812
Dock2 8.82632728691093 5.30928438816429 5.29501063177548
Prkcd 11.3269526908875 7.92147821079484 6.57792697007167
Mertk 13.1492058693859 5.69604141294529 5.57447477649306
Cd84 9.79853579725004 5.04185648753049 4.74825425823213
Ly86 13.8484382572477 5.91282443264873 5.67054208783187
Vav1 10.4988780096262 4.60746711273579 4.20582211692327
Pag1 12.681394781079 8.41191083138554 7.39560304430638
Fos 13.9214281458166 8.84747179158335 8.3732359198024
Cfh 10.9189995251726 4.37278574359003 3.59903506995518
Tnfrsf13b 9.55249902249023 4.50072487687735 4.354788983484
Cebpd 10.5727375378467 5.55455578505901 4.48353344171018
Luc7l2 10.5406316174713 5.59255339686187 5.48736416788353
Smim3 9.36289130684882 5.91724331880878 5.83698644902579
Hhex 10.0129558927535 5.36639015370218 5.08482230512191
Entpd1 9.36332417160173 5.06334577849137 4.3507415642842
Ptgs1 12.1460566579667 5.52339409195818 5.2470177293269
Stk17b 9.82516171443988 5.59008058372292 5.4708030706531
Frrs1 10.5118954880326 4.98802664240724 4.68868119703136
Lyz2 12.6255399097117 6.38420948159142 6.29248320387825
Ssfa2 10.3963514628908 6.51127434312395 6.16348419587228
Ccnl1 12.9467381083197 7.70795638532182 7.29911695428656
Galnt4 9.17182977737832 4.93835573086202 4.88849573902126
Ctc1 11.7381009275171 7.54235448283963 7.51974988500421
Unc93b1 11.2638153754962 6.5409171330359 6.07168656801242
Mob1a 11.6524237224905 7.81628618970283 7.50714349093183
Cmtm6 12.3249537931389 7.01217335918121 6.66755658199469
Sfpq 11.5941111598284 5.60576477979211 5.29646736720959
Tmem63a 11.3673624046704 7.02400883416522 7.00640272766247
Tspan14 11.1135085123949 7.32688463401181 7.170798305299
Lpcat3 11.4010483293012 7.17991730930265 7.14506436229941
Pxn 11.7931446549569 6.97377059957184 6.3206763171738
Hvcn1 10.3744362140918 6.35384941198913 5.51285934401634
Srsf7 12.2454124184616 8.74524098487167 8.08142622627882
Edem1 10.5468048765477 6.03628603739045 4.52431665170877
Icam1 12.0835121128031 4.73126713942164 4.68098216139364
Ptbp3 11.2821230739434 7.7512122549934 6.60878977853061
Prkab1 10.8294129270605 7.16173117034635 6.96454834391398
Rbl1 8.60653858129746 4.80334422026325 4.61231457680676
Rcsd1 12.3327371826167 7.14763515408046 6.57830221710632
Tmem140 8.37653073680301 4.61526678879514 4.36600045729413
0610040J01Rik 10.8216796982396 5.91803274432161 5.54777914090186
Cklf 11.4118605648373 6.45555443473044 5.50321222429609
Cd177 8.34962699286364 4.28328938339988 4.13124310015175
Casp8 9.75678338176791 4.82051315440963 4.45430437818185
Tmed5 10.5709139699701 7.02645593684684 6.16963130384034
F11r 12.1396861374846 6.5055215841932 5.92594494134215
Eva1a 8.74419904985229 4.770511540392 4.49219311201665
Mfap3 11.424323136373 8.08940980925925 7.60001803283179
Reep3 10.8117416298317 6.78688058796971 5.31354555696177
Tor4a 10.2205590701386 5.68661270680382 5.1706583089886
Ptbp1 9.15244960297567 5.48067417534843 5.07296508769156
Lpxn 10.7275528959061 4.82859689974967 4.44092732372634
Siglec5 8.28941632201165 3.87168554866685 3.84443841037087
Mylip 12.3911493278824 8.0722419765382 7.22262351672432
Fcrl1 9.22764356004362 5.29729103495553 5.17135145054316
Lifr 10.8658507374762 7.48728841664227 7.47763133919491
Csf1 9.86949876759856 6.21118944352962 5.85104779599824
P2ry6 11.5574667748729 4.4169756777887 4.27924517704145
Wsb1 12.1255060427543 7.7216599373774 6.61545213102342
H2-K1 12.7949568117272 8.77232937773806 6.74637368688229
Slc3a2 12.5974908597412 9.14502088704551 8.25417147239064
Tgfbr2 12.4393744689228 6.17599033733783 5.88826805778935
Prpf4b 10.0168384764663 6.58515015329303 5.9548678544577
Ceacam1 8.80282175058088 4.36165781051093 4.23677128298486
Mlph 9.57489838859243 5.30889335693209 4.98255534694809
Ncf1 8.88584686160739 5.29622511343237 5.28879341210443
Il13ra1 9.84239214017086 5.88072580625978 4.97875408054926
Adap2 10.5722797031115 5.31315762692874 5.29008170438464
Akr1b10 8.12473567494519 4.60963641699142 4.50371178891749
Pld1 10.8239587790307 5.91787194694155 5.68075515164859
Pon2 9.33868555313833 5.54123395006285 4.44860623149836
Capn3 10.3369957490321 4.97429178472873 4.70471697647838
Gem 8.28519304309807 4.35370203500407 3.99912103236384
ND5 11.9277080301183 8.44209444654741 7.36498856861844
Rrbp1 12.1135184174842 8.09956127880634 6.60518260275822
Clk1 11.9522343163908 7.62157021907811 7.54101608160042
Vwa5a 10.3106484906387 6.60699653030125 5.11861725197639
Glul 11.9280143428985 7.09759987107735 7.05548183390068
Arrb2 11.4983554070217 8.07074215900206 6.9367010220469
Pros1 11.4603712254362 5.17928993328148 5.11474019654988
Ifih1 8.92117937270675 5.39810277003752 4.75074622844939
Rin2 10.1168098461982 6.10152166931531 5.85921977007962
Tifa 10.8074268423842 6.1990731680623 5.88927259674649
Arhgap17 10.9767981793134 5.29938946817082 5.26298770784472
Phgdh 11.0749094502032 7.62468126419823 6.93668716825617
Parp12 9.49139397984138 4.8685662264874 4.71077727992095
Trim47 10.0791566495733 5.17189973705744 5.05991812858421
Lgals3 9.11302237976578 4.79076475568059 4.66125479449653
Ddx26b 12.2044872770196 7.97513635673326 7.66373344634895
Slc25a45 10.8173200145939 6.5779477394732 6.15494112057501
Plcg2 11.1549584884923 7.08835293762927 7.04065769621793
Mlxip 11.0084570885722 7.22735990102112 6.80433760329407
Sash3 11.249005723635 5.90219235731348 5.60388907056543
Themis2 9.99513496121799 5.21608506540285 5.10244071334712
Mpeg1 13.5931395335038 6.2468272049101 6.0801676710152
Hspa1b 12.7002530870076 7.71355080380494 7.40720768825765
Xist 12.7596727744674 4.40482813019372 4.24354076512242
Cd48 9.95999221182058 5.17652226301172 4.63915278239037
Akna 10.7072692564892 4.89709752443173 4.81514992062082
Sult1a1 9.98708391284936 5.10829253506769 4.8610152004125
Fes 10.5551239260507 6.1200787328371 5.96485892760851
Cep152 9.74520694836984 5.5720221723716 5.19215670398014
B2m 13.1894322739796 9.47311643573335 7.23192007140359
Ccrl2 11.3826980615646 5.7452795150091 5.4154016345009
Lcn2 12.0118513639671 4.61194719265171 4.39779068525904
Hbb-b2 7.88283645776123 4.16251252287788 4.01035494252757
Gimap6 8.28531118681062 4.64481183350275 4.57800828715989
Myo1g 9.24155609377298 5.04003002817741 4.94741344904013
Tmem173 11.0989726590541 6.41603447807289 6.20537941907
BC028528 8.76172624772281 5.04237656973091 4.9947261341581
AF251705 11.9378287827213 6.78102246482787 6.72598402677708
Hmha1 10.4292840746509 5.67055938423121 5.60544926160363
Rreb1 9.67685838321431 5.54543877244341 5.07923475671254
Gmip 10.0312950363764 6.23845962495123 5.78332926994669
Nckap1l 11.1514517971807 6.7636526435538 5.27352289451486
Abcc3 9.68880748830503 5.30159338226048 4.99032927353406
Rhoh 10.6886747062572 5.06621362287107 4.82800571769643
1700017B05Rik 11.7630363477309 5.74698412645523 5.55397304405007
Srgap2 11.7876768649285 8.30830491269418 8.25845967987659
2810043O03Rik 8.26904649519335 4.14276832263258 4.06031692435651
Gusb 11.4166507135997 6.4640928651905 4.87747176814676
Lair1 10.6341607739461 4.76921055358582 4.67594041724215
P2ry12 12.3417720061336 4.81972760880354 4.60452957949453
Apoe 11.813606877339 8.10797935939921 7.85700760338193
Epb4.1l2 12.5141878325852 7.38227382798184 6.26443910196871
Pld4 12.0162068213804 5.31908715388952 5.31040769149089
Lrrfip1 10.7165591037594 5.70203317302152 5.44749447558064
AU020206 9.7250304187546 5.6068451944357 5.28041860633704
Fermt3 11.255187597153 4.61004335838504 4.57432233068111
Tgif2 9.91494649369466 6.22629125179234 5.92370483050951
Ankrd44 11.6555430067368 8.2281315732028 5.63858798290916
H2-Aa 10.95884712019 4.69025320867924 4.63840071715785
Fam105a 11.8141138102905 8.46632874390598 7.5227794011251
Cpne3 9.53740558386254 5.98445189241184 5.86989581233757
Herpud1 12.561534184029 8.49718878290943 7.85225060320312
2610528A11Rik 7.90612876986473 4.43437781964895 4.35527629786593
Cd300a 9.78331319123392 4.94747345651551 4.87455417637112
Tmem71 7.74769305584135 4.3165019500389 4.18603672841565
Lyz1 12.291433368859 4.92543651114493 4.36036663170678
Zfp110 10.6328144276245 7.21357632331204 7.0133253978011
Clcf1 8.66818372368241 4.0629973272331 3.77311153605747
Adrb2 8.06163788196254 4.36009905123235 4.20951273519775
Hmgb2 9.11494801820282 5.57254925348293 5.56425042946346
Lrrk1 9.00233842375518 4.80957299799419 4.64663509097824
Zfp36l2 12.4844215051541 6.92968958283272 6.39844289758476
Il10ra 11.9204835825207 5.25081752423142 5.05113786066152
D530037H12Rik 10.2863068988974 4.07842849564616 3.93304652546954
Rbm5 8.29032168172587 4.36096096608683 4.02429797712397
Rab20 9.47961105235741 4.08044596591186 3.99634269439208
Slc9a3r1 10.4708123572034 7.09138917794051 6.62225433722358
Vim 8.23795736569226 4.27921342150835 3.89157383170059
Grn 13.5694893497197 8.80105462185825 7.2976468753562
Mavs 9.31586109517846 5.50227090496176 4.32275185208333
Bach1 11.8359025049111 8.14338740787537 7.168980161311
D9Ertd306e 8.17933645172779 4.11256755060657 3.98021937129989
C79242 8.37764848139916 4.58485392349868 4.49654061026482
Fam46c 12.3008656779841 6.95311697172751 4.69060823214331
Ctsa 12.9368651417016 9.31425805952449 8.62706421971375
Pald1 10.8157904216058 6.14361647422424 6.07289874192926
Ifngr1 12.0120817823602 7.52506215070883 7.44646747600892
Ucp2 10.9174179061083 7.07518508657197 6.92707067614623
Tcn2 12.1131223131962 6.73785821991309 6.29749662452909
Anxa1 10.0891907764378 4.74145057469589 4.17132002209727
Cmtm3 9.80544069396922 5.67804675930796 5.67416273459828
Ppp1r15a 12.6842681011032 8.15206580599965 7.36798299525017
Slc15a4 11.4134041549916 7.77550926921524 7.56777797676151
Dhrs3 10.8664384075394 7.09026296335156 6.37230255664362
Lrmp 8.72621364395205 4.59870942693142 4.37365377335814
Olfml3 13.5589885962411 6.39062445847514 6.20358856781323
Pla2g4a 9.54677550171969 5.2733446211056 5.04523867592401
Ncf2 10.9678841319022 5.6325881837374 5.62864207975162
Il7r 9.09542824054331 5.1076827481823 5.01863510813424
Ctss 14.0972400899769 7.66910387412364 7.62368916302958
Cd53 12.647448770815 5.35911330338704 5.30829508683469
Fcgr3 13.39521832835 6.21418817456446 5.79347595236965
Hps4 12.4456398299555 7.96194160931408 7.83397446646611
S100a9 12.5433488948648 4.82827865056954 4.6620665966236
Dusp1 14.1600590685473 9.84959298780573 9.20634814636501
Traf5 8.9887948057126 5.51038314444654 5.49347453329887
Hp 9.14524736055938 5.46630435393259 5.42808768957121
Lgmn 13.3423749152836 9.84140315460244 7.23377975627226
Klf2 13.0114488593516 5.33100619247821 5.0661348236034
Fcrls 13.5094801235154 5.87674578547735 5.68670817807961
Trip6 9.25539301100816 5.56927681811764 5.34419379886472
Tlr1 9.47210882993985 4.16302541053668 4.09767964854289
Selplg 13.4608296010201 6.76804305549107 6.73951672522676
Cd68 12.242490069775 7.01704683297366 5.03019989216659
Gpr65 7.84688309866013 4.2226236460722 3.90574781624045
Ebi3 9.21311913542791 5.87676123809196 5.58644823722085
Csf2rb2 9.41716750216967 4.56781536411044 4.34955915896484
Atf3 13.3007390383143 5.02817688519388 4.78383149046562
Il1b 8.73108304695802 5.31141426405605 5.26124320630075
C1qc 13.5863871767458 6.05087122080544 5.33051455617928
Chst7 10.9028652320415 6.17542337889662 5.78629151081927
Hck 11.677853867497 5.60163067607922 4.8310451055729
Gcnt1 8.17673933531389 4.35794987504556 4.19851791138361
Casp4 9.24666718666705 4.19410806250217 4.09595411612832
Lag3 9.95212609690159 5.6607742314757 5.60854509826682
Cxcl2 11.1862547067567 4.25505980380061 4.17897295331183
Ltf 12.2109361391241 7.52627884863529 6.36692858477179
Cx3cr1 12.8661645891936 5.73633048907046 5.60679388985924
H2-D1 12.6018887958776 8.90839238256519 6.67190953140389
Stab1 10.8319181809469 5.64410422802314 5.22286402090893
Evi2a 12.5292457386737 6.5594916574067 6.40216906677627
Il6 8.39447282799593 3.91843381979311 3.84120362300894
Pdgfb 10.784427213788 6.35261979365311 6.3094188784502
Mrc1 8.63837955832117 4.21435236046321 4.10474366128258
Cd33 8.8986929970054 5.37221164098391 4.91341398229877
Itgb2 11.8272052895604 4.8277097297417 4.75415420741851
Rgl2 11.1123727065015 7.39068910788882 7.33644670568432
Psmb9 9.34845122497028 5.93931120039728 5.7000159873605
Adamts1 11.3594540869076 5.48438169592821 5.39656696841517
Ang 8.39410428367088 4.14175725931129 3.97571285700691
Sh2b2 9.22244603896785 4.66039551385462 4.57123996703732
Tyrobp 12.8882077765556 5.87894014338992 5.87287383801564
Ptplad2 9.53045279911964 5.47996610713217 5.33253641905325
Slc29a3 11.671269772336 5.76703364840182 5.67632055443024
Pbxip1 10.4089275516797 6.35671893739825 6.32820428302673
Emr1 12.7324162108168 5.76773009141465 5.57597583034498
Nrros 12.2035612900789 6.20039084649174 5.50280916508752
Tmem119 13.7062504747088 6.22112164996861 6.09665383080002
Pnpla7 10.5567704595249 5.86677236526525 5.47026457334176
1810011O10Rik 8.23549028637786 4.3078833180104 4.30457819784213
Parp14 9.29651035265735 5.15455393532628 5.15073509521494
Havcr2 10.6395343238155 4.40991258999489 4.38246205764303
Alas2 10.1192139258561 5.01742451725242 5.01172788744299
Cmtm7 10.2158890607314 5.30648299292672 5.11754094805258
Mafb 10.9468667556878 5.72862718700504 4.992263409774
Apobec1 9.55069814656581 5.62358603920643 5.33382978543849
Blnk 11.7867853033936 5.789351745684 5.65734488378914
Tmcc3 9.49652683269657 5.21592569542635 4.90780034388425
Notch2 11.0904077018543 6.38115726790513 5.87169738722543
Daglb 9.96152605211251 6.60679453776227 6.5920306832359
Alox5ap 12.5576931349978 7.62863099689419 6.34000859718648
Fyb 11.7070682335866 6.14166520663507 6.04873985945374
Sepp1 13.7057662789234 9.058259663794 8.30301307874131
Ctla2b 9.98817720392032 4.48485223551046 4.14759592963442
Hspa1a 11.8296568285311 6.05116161370001 5.74103872487833
Zfp36 13.4710413836478 6.15207233452072 5.70493904129854
Abhd15 10.2572440975652 4.92346471648093 4.83350385947504
Cyba 11.7795222099381 5.34775544880762 5.14068601987235
Wasf2 12.354976901621 7.55547547500665 6.61512950588974
Ptpn6 11.5568573976642 6.70491850408562 6.64079654294238
4833441D16Rik 9.111877090883 5.07456672963114 4.73061372362131
Tec 10.1464631671626 5.75551521840312 5.0248127834072
Cd52 8.87459768254704 5.21682140984132 4.72843677979002
Irf5 10.4986359523617 6.17941770644529 5.92639034696954
Wdr81 11.497830880817 8.09773258855913 7.90399413272221
Naip2 10.6906973938164 4.52166344101006 4.48428645678822
Anxa3 12.8939144704404 5.5342594933614 5.47217766824842
