Junb 11.5780026398467 8.04975226835845 4.74172852290964
Sipa1 11.1257432146877 7.47811072172616 5.96855648242675
C1qb 13.3846079047961 9.82684017939656 3.80475735007392
Slc7a7 11.052383619296 6.51618735552467 4.72924054896229
Srgn 13.2509970787582 9.72518086984642 5.12335995845664
Tgm2 11.7718766956168 8.42176966550378 5.39190927836722
Snx5 12.5628056055199 9.19084521067828 5.03626161786868
Fcgr1 12.3056772228307 8.41948728377507 4.36040202665976
Ccl9 11.5606702750711 7.62210304833934 4.66851924307622
Aif1 11.8782125697407 7.11808276193394 4.67673670652545
Crybb1 12.3010895138039 7.88511263218251 6.24661359256742
Fcer1g 12.6409109862305 7.70874442584053 5.64934568225157
Ctsh 12.8519091129382 7.93948074349541 5.11280104117951
Ncf4 10.7081144474155 6.95444874680259 4.96326486603239
Lcp2 10.3889718130272 6.67124485227208 4.59791554463876
Ms4a6b 11.1222234312687 6.31628119304595 4.57674524752164
Cxcl10 9.83264446685726 5.83000917206323 5.0855798640727
Cttnbp2nl 11.7204560544011 8.23066166667294 5.3845591069011
Tlr2 11.9268402473875 7.50107318726611 5.30886546921858
Cd37 10.9048574016166 6.90742929252807 5.5348638850425
Map3k8 10.2849700718244 5.31340352976542 4.56583512050309
Myd88 10.7278217724093 6.91048288310208 5.51187558626957
Ccl12 10.5112043294489 5.63390949619235 4.30114167800955
S100a8 13.0395448654869 9.48434744715832 4.53966581902866
C3ar1 11.7072754362155 7.16430904709488 5.10538941090478
Ccl3 13.4953964323281 9.79637270717056 4.35898614505466
Ms4a6d 11.3799791784438 6.69468001479522 4.49513077673791
Camp 12.113738407204 7.54685779038609 5.31405613605429
Arap3 9.86775374576886 6.44014709446293 3.99758503400719
Tlr7 11.2112407400947 6.40580862501261 4.70296827523834
Slc11a1 11.4154854568916 7.5508260704977 5.29439196088666
Ccl2 9.49866288250659 5.81098430290273 5.09228301768685
Cd86 11.6419705628058 7.12784707105203 4.84264565178798
Gpr84 11.5935377294956 7.18571837043467 5.37176426271536
Trim12a 8.5835260320544 4.56299359250001 3.93748888242819
Lgals9 9.80576100376818 6.20791407777098 5.20049589159722
Trem2 11.528689695107 8.17360963449951 6.24728689207048
Igsf6 8.68495551282954 4.59884420070876 4.02522598179701
Naip5 11.1347547074536 6.57203558617211 4.17661800626334
Ccl4 12.7516225784521 9.41884563846622 5.66480610466957
Fli1 10.0832277034328 6.03620819844267 3.73964082700457
Il6ra 12.6405285425734 8.27214586096156 5.2938611280529
Cd84 9.96224237530016 5.76332987288284 4.36501040466521
Cfh 10.8438396260437 5.4242810857933 3.47929584892715
Tnfrsf13b 9.66545251361214 6.24102114833877 4.26560507136761
Entpd1 9.58873000960094 6.24774441632334 4.18949654000309
Ptgs1 12.1626150793908 8.79671819691338 4.55358349166049
Unc93b1 11.3066168079527 7.89226914931018 6.05314414358196
Edem1 10.5644676490564 6.93007732153501 4.53197762970124
Tmem140 8.46080936763924 5.0589635011762 4.19961333499094
F11r 12.1638127271072 8.2606470947784 5.57564422988453
Siglec5 8.337886172674 4.22949193041279 3.79493105272848
Fcrl1 9.27554865404005 5.86974258486679 5.15961578999134
P2ry6 11.5909433501351 6.38347738901593 4.25043147765259
Arrb2 11.5161791808491 7.84183190976568 5.83958009367562
Pros1 11.4244912078995 7.46011673559665 4.59267440220279
Trim47 10.122871565472 6.74714041601005 4.93415229055291
Sash3 11.2528818012755 7.51214765381952 5.31884152328809
Cd48 9.99176185857167 5.78745781343913 4.36455057867912
Lcn2 11.7182561949748 7.72293400851163 4.10994617503537
Tmem173 11.1696407087511 7.7165822004313 5.83612019152283
Rhoh 10.7637079698635 6.22339317843939 4.66069115440101
1700017B05Rik 11.7522974287947 6.88365491024111 5.44439359864657
Lair1 10.6612900224916 6.70651507882054 4.57198453344223
Pld4 12.1700437011819 8.07566530651332 5.2709558105238
Fermt3 11.4207362066657 6.51111776816614 3.73138871401849
H2-Aa 11.2644036954394 6.39318605054812 4.30873672827083
Cd300a 10.0530239896872 6.69734555300981 4.75964609091385
Clcf1 8.68466038510135 4.91977550816482 3.65631127842947
Il10ra 11.9867649941734 8.04857145901766 4.74768182739732
Rab20 9.64744268247702 5.72268449866913 3.82200920841575
Olfml3 13.5644607358692 9.78724568307741 6.05570739449609
Ncf2 11.109264808914 7.18399478874221 5.2575735280323
Fcrls 13.5200887013828 9.54965424145219 5.29076326394513
Tlr1 9.55990391864875 5.68460262506168 4.08398829599497
Cd68 12.2825968841945 7.78225941579537 4.54676395509571
Hck 11.7192724128215 8.21473747034521 4.80165238636516
Lag3 9.94342037341401 6.47879117181625 5.31345412498744
Ltf 11.9771261319803 8.33552497357431 6.19582721942068
Stab1 10.7835801182221 6.83536063924988 5.1083877873852
Il6 8.3523884587654 4.78197144107108 3.7288788929998
Itgb2 11.8281947861841 8.17697505613979 4.61731913952778
Ang 8.67340897437916 4.38159840456855 4.01327247016868
Emr1 12.777781853873 7.61162411448246 5.50292323716051
Nrros 12.3519497751025 8.62184591957144 5.31105251419238
Fyb 11.7159427823204 7.42856391337901 5.9004415860443
Ctla2b 9.94438247489242 6.18023738911793 4.05327121111569
Abhd15 9.92497435981129 6.52865125879171 4.79221373081619
Irf5 10.4417221455899 7.07125053368884 5.52096242937117
Naip2 10.8151812852359 5.5222353270713 4.3118531910947
Anxa3 12.9131833282778 8.03042668726479 4.82299370040985
